#MEDIUM_PROPERTIES_DISTRIBUTED
$MSH_TYPE
	 GROUNDWATER_FLOW	
$MMP_TYPE
	 PERMEABILITY	
$DIS_TYPE
	 NEAREST_VALUE	
;hj
$CONVERSION_FACTOR
	 1.0	
$DATA
0.0 0.0 0 5.195235591875968e-07
0.0 0.01 0 4.932165587693837e-07
0.0 0.02 0 2.8279184559015546e-07
0.0 0.03 0 4.025489195984215e-07
0.0 0.04 0 2.0198665563641477e-06
0.0 0.05 0 7.572079304603415e-07
0.0 0.06 0 1.2804600900293308e-06
0.0 0.07 0 2.4526203229927813e-06
0.0 0.08 0 3.0490768717084887e-06
0.0 0.09 0 1.956650851618591e-06
0.0 0.1 0 2.6036796039465678e-06
0.0 0.11 0 1.327711871703137e-05
0.0 0.12 0 4.341899929989986e-06
0.0 0.13 0 5.49982774522165e-07
0.0 0.14 0 5.595401735317066e-06
0.0 0.15 0 5.77496936075527e-06
0.0 0.16 0 4.098859935892542e-05
0.0 0.17 0 0.00011208722115049454
0.0 0.18 0 9.738509959421389e-05
0.0 0.19 0 0.00013769160441519216
0.0 0.2 0 2.1400028615537103e-05
0.0 0.21 0 1.9573974734499922e-05
0.0 0.22 0 0.0005342385840459971
0.0 0.23 0 0.00023606712678066416
0.0 0.24 0 3.43593894881537e-05
0.0 0.25 0 3.409460358897756e-05
0.0 0.26 0 6.4553741046386435e-06
0.0 0.27 0 2.0871709820169965e-05
0.0 0.28 0 2.5887865626230754e-05
0.0 0.29 0 0.00010046930529157262
0.0 0.3 0 0.00041350526901389676
0.0 0.31 0 0.0020766121177110495
0.0 0.32 0 0.01135754800240595
0.0 0.33 0 0.020754712494599824
0.0 0.34 0 0.020802041993689378
0.0 0.35000000000000003 0 0.02006646974387761
0.0 0.36 0 0.000991444743998594
0.0 0.37 0 0.00024866470272269297
0.0 0.38 0 4.874879437979683e-05
0.0 0.39 0 0.00019032770842652974
0.0 0.4 0 3.630906094228937e-05
0.0 0.41000000000000003 0 0.0005623409796597114
0.0 0.42 0 0.011301674329209331
0.0 0.43 0 0.007204820679235048
0.0 0.44 0 0.003946645475409134
0.0 0.45 0 0.0043759066213287946
0.0 0.46 0 0.0010223972814384634
0.0 0.47000000000000003 0 0.0016615809021243316
0.0 0.48 0 0.00012236480975071518
0.0 0.49 0 4.3960453037596e-05
0.0 0.5 0 0.00011383902581543732
0.01 0.0 0 7.404502397636105e-08
0.01 0.01 0 2.7003972079498574e-08
0.01 0.02 0 1.084291125325013e-07
0.01 0.03 0 3.0271827669595317e-08
0.01 0.04 0 4.5329227205733586e-07
0.01 0.05 0 4.363531888887936e-06
0.01 0.06 0 2.8452913361453255e-06
0.01 0.07 0 8.264807630062612e-06
0.01 0.08 0 6.722280828384931e-06
0.01 0.09 0 7.46957081254395e-05
0.01 0.1 0 3.9277169730921745e-05
0.01 0.11 0 1.5666404130441546e-05
0.01 0.12 0 4.485007127277023e-06
0.01 0.13 0 1.0472869000029964e-05
0.01 0.14 0 2.0281617729476066e-05
0.01 0.15 0 8.882386810959112e-05
0.01 0.16 0 0.0002144713142865345
0.01 0.17 0 0.002439084489234057
0.01 0.18 0 0.00010705537090263819
0.01 0.19 0 8.102673344198188e-05
0.01 0.2 0 5.0521203245561524e-06
0.01 0.21 0 1.8988801569109128e-05
0.01 0.22 0 6.897261054090015e-06
0.01 0.23 0 1.06304687828137e-05
0.01 0.24 0 3.081852204396235e-05
0.01 0.25 0 1.8400630105261252e-05
0.01 0.26 0 1.7805125407912297e-06
0.01 0.27 0 1.711452076129577e-05
0.01 0.28 0 2.50118481811355e-05
0.01 0.29 0 3.627872571139801e-05
0.01 0.3 0 0.0010954376594331757
0.01 0.31 0 0.0018419001647509323
0.01 0.32 0 0.0003509075672216
0.01 0.33 0 0.0007431992950728753
0.01 0.34 0 0.0010828456297588033
0.01 0.35000000000000003 0 8.354335580689004e-05
0.01 0.36 0 7.669172645370939e-05
0.01 0.37 0 0.0001151505669820101
0.01 0.38 0 0.0004271146297967756
0.01 0.39 0 0.00025690610843083814
0.01 0.4 0 0.0006665213038849479
0.01 0.41000000000000003 0 0.0006438122069759801
0.01 0.42 0 0.0035351401066791677
0.01 0.43 0 0.0004062993426179311
0.01 0.44 0 0.0006821002148564758
0.01 0.45 0 0.005058393143054751
0.01 0.46 0 0.0024693907402227036
0.01 0.47000000000000003 0 4.488216762189223e-05
0.01 0.48 0 4.8415277720222636e-05
0.01 0.49 0 1.5703699455813766e-05
0.01 0.5 0 0.0001920265289358053
0.02 0.0 0 9.057260750799551e-07
0.02 0.01 0 1.291012106096153e-07
0.02 0.02 0 1.701738814092395e-07
0.02 0.03 0 1.706132013371663e-07
0.02 0.04 0 4.607827516854588e-06
0.02 0.05 0 5.690243391340773e-06
0.02 0.06 0 1.4863798358240899e-06
0.02 0.07 0 2.2759407953075267e-06
0.02 0.08 0 4.160038777927325e-06
0.02 0.09 0 9.329486443077145e-06
0.02 0.1 0 2.0522273709082205e-05
0.02 0.11 0 3.647408815000132e-06
0.02 0.12 0 3.2743842829731543e-06
0.02 0.13 0 4.29793961769945e-06
0.02 0.14 0 2.9618036777482545e-05
0.02 0.15 0 0.00010572371417997852
0.02 0.16 0 0.0009204309208731322
0.02 0.17 0 0.00017549060296971644
0.02 0.18 0 0.00019069482107508768
0.02 0.19 0 4.711115552345997e-05
0.02 0.2 0 7.539671433617589e-06
0.02 0.21 0 2.884663085753192e-07
0.02 0.22 0 1.1954519618894415e-05
0.02 0.23 0 1.1410035856303704e-05
0.02 0.24 0 1.5754885579938535e-05
0.02 0.25 0 1.3981360050570571e-05
0.02 0.26 0 1.700716560574049e-05
0.02 0.27 0 6.011813468330379e-06
0.02 0.28 0 0.000228023186952733
0.02 0.29 0 6.570936197177672e-05
0.02 0.3 0 0.00043996473424083446
0.02 0.31 0 0.000905791030225506
0.02 0.32 0 0.00023515220130498535
0.02 0.33 0 0.0001873607375881706
0.02 0.34 0 0.0009528921533505803
0.02 0.35000000000000003 0 0.0003167536828600294
0.02 0.36 0 0.000721727324390395
0.02 0.37 0 0.0007886770381506662
0.02 0.38 0 0.0007001672382598317
0.02 0.39 0 0.0018977825144855423
0.02 0.4 0 0.0015404996659781128
0.02 0.41000000000000003 0 0.0005382792114055467
0.02 0.42 0 0.001048005547240866
0.02 0.43 0 0.0008815357399882219
0.02 0.44 0 0.00014654022087212242
0.02 0.45 0 0.00018796130758111127
0.02 0.46 0 0.0007560883807476106
0.02 0.47000000000000003 0 9.2783249037797e-05
0.02 0.48 0 3.8952129431510984e-06
0.02 0.49 0 3.8840915994036835e-06
0.02 0.5 0 9.736803166903791e-06
0.03 0.0 0 1.4425328173871545e-06
0.03 0.01 0 9.106218225776468e-07
0.03 0.02 0 1.970374615279817e-06
0.03 0.03 0 3.5524771409647743e-06
0.03 0.04 0 2.3863074206922963e-06
0.03 0.05 0 3.051792626273811e-05
0.03 0.06 0 2.864854752509223e-06
0.03 0.07 0 1.4269599213480387e-05
0.03 0.08 0 1.2284384741128008e-05
0.03 0.09 0 2.2846985738455614e-06
0.03 0.1 0 7.444664318534897e-07
0.03 0.11 0 2.190669203271054e-06
0.03 0.12 0 2.3922096691907717e-06
0.03 0.13 0 1.3046475754325806e-06
0.03 0.14 0 3.648271392941641e-06
0.03 0.15 0 1.0975599905418477e-05
0.03 0.16 0 0.0003460167856610995
0.03 0.17 0 0.0004867193810347047
0.03 0.18 0 0.00010411158962463742
0.03 0.19 0 0.00024017561315508283
0.03 0.2 0 7.591546847217454e-05
0.03 0.21 0 2.75614596953478e-05
0.03 0.22 0 5.533990750446992e-05
0.03 0.23 0 9.79719574582729e-06
0.03 0.24 0 4.389269360093464e-06
0.03 0.25 0 1.604917221336639e-05
0.03 0.26 0 7.420630901778334e-05
0.03 0.27 0 6.617187886601288e-05
0.03 0.28 0 6.528882333403679e-05
0.03 0.29 0 0.00013362196599321454
0.03 0.3 0 0.0001108192538681561
0.03 0.31 0 0.00011189617674959809
0.03 0.32 0 3.942724763200241e-05
0.03 0.33 0 0.0001688600608096464
0.03 0.34 0 0.00020458283949450966
0.03 0.35000000000000003 0 0.0004042565522716624
0.03 0.36 0 0.00040964279500047034
0.03 0.37 0 0.00012309772010126067
0.03 0.38 0 8.431263345958282e-05
0.03 0.39 0 2.1763197829929987e-05
0.03 0.4 0 3.826222195111844e-05
0.03 0.41000000000000003 0 0.00019036127799689474
0.03 0.42 0 4.86023630520845e-05
0.03 0.43 0 3.181292116618918e-05
0.03 0.44 0 9.662058624007112e-05
0.03 0.45 0 2.44168421211827e-05
0.03 0.46 0 0.00022019179558545478
0.03 0.47000000000000003 0 0.00016238259728118225
0.03 0.48 0 1.7802898282826933e-05
0.03 0.49 0 9.705303509385162e-06
0.03 0.5 0 1.4664989351707835e-05
0.04 0.0 0 1.4831668902243714e-06
0.04 0.01 0 6.049516153544443e-07
0.04 0.02 0 5.124308402031882e-05
0.04 0.03 0 2.6157854495757993e-05
0.04 0.04 0 1.8807880444440107e-05
0.04 0.05 0 5.336970499842511e-05
0.04 0.06 0 4.930881683794973e-05
0.04 0.07 0 1.3545526620111464e-05
0.04 0.08 0 3.942608315796391e-06
0.04 0.09 0 2.105410459495519e-07
0.04 0.1 0 1.9546348185854753e-06
0.04 0.11 0 1.933886619387051e-06
0.04 0.12 0 1.7988162728347562e-05
0.04 0.13 0 8.835422933378968e-06
0.04 0.14 0 2.875819032156198e-06
0.04 0.15 0 1.997917150610491e-05
0.04 0.16 0 9.04071293185728e-05
0.04 0.17 0 0.00010397452968214696
0.04 0.18 0 2.7933150890473024e-05
0.04 0.19 0 2.9995836442171887e-05
0.04 0.2 0 1.4647836075015071e-06
0.04 0.21 0 1.176263044892609e-06
0.04 0.22 0 4.3552133824953236e-06
0.04 0.23 0 9.554063911818051e-06
0.04 0.24 0 5.408470340673098e-06
0.04 0.25 0 2.126396439682175e-05
0.04 0.26 0 7.35577339244538e-05
0.04 0.27 0 5.828739257584411e-05
0.04 0.28 0 1.3789938763812872e-05
0.04 0.29 0 6.226773421762258e-05
0.04 0.3 0 2.9946317128955835e-05
0.04 0.31 0 5.684403884794766e-06
0.04 0.32 0 1.6828242825864118e-07
0.04 0.33 0 5.544189944380457e-07
0.04 0.34 0 1.1549432126502754e-05
0.04 0.35000000000000003 0 1.7466392604031857e-05
0.04 0.36 0 4.9290785799799075e-05
0.04 0.37 0 1.319731069363862e-05
0.04 0.38 0 7.20465753760003e-05
0.04 0.39 0 1.5158647958806083e-05
0.04 0.4 0 1.0014023346856544e-06
0.04 0.41000000000000003 0 7.39331310538996e-06
0.04 0.42 0 1.9266674061693586e-05
0.04 0.43 0 5.254813168950878e-05
0.04 0.44 0 1.2100226648711724e-05
0.04 0.45 0 1.8050181149928867e-05
0.04 0.46 0 4.400042152990709e-05
0.04 0.47000000000000003 0 9.508068318536972e-05
0.04 0.48 0 9.59855916200274e-05
0.04 0.49 0 0.0001770423567749693
0.04 0.5 0 3.2580338097539484e-05
0.05 0.0 0 1.153888861456198e-05
0.05 0.01 0 3.474007237315621e-05
0.05 0.02 0 1.090394946376129e-05
0.05 0.03 0 1.8715955266384152e-05
0.05 0.04 0 8.451475743334153e-06
0.05 0.05 0 5.222468186839203e-06
0.05 0.06 0 1.0582918593491265e-06
0.05 0.07 0 1.222632202549344e-06
0.05 0.08 0 9.262062633100273e-07
0.05 0.09 0 9.741252409214797e-09
0.05 0.1 0 7.577829635605512e-09
0.05 0.11 0 3.949889927310637e-08
0.05 0.12 0 2.1400074230647495e-07
0.05 0.13 0 4.040002262294291e-06
0.05 0.14 0 1.8371936074322947e-06
0.05 0.15 0 2.090391492449524e-06
0.05 0.16 0 2.494380629208277e-06
0.05 0.17 0 5.875603154110178e-06
0.05 0.18 0 9.384534612079189e-06
0.05 0.19 0 1.8446440511719146e-06
0.05 0.2 0 1.0639627518318539e-06
0.05 0.21 0 5.979942161351945e-08
0.05 0.22 0 1.3858176855619947e-06
0.05 0.23 0 5.3667166052802804e-06
0.05 0.24 0 3.0453835605359474e-05
0.05 0.25 0 6.654771192239396e-05
0.05 0.26 0 1.2071997277987546e-05
0.05 0.27 0 9.236411906173853e-07
0.05 0.28 0 2.4819249557088797e-06
0.05 0.29 0 2.7083055054837498e-06
0.05 0.3 0 6.150192554235718e-06
0.05 0.31 0 2.0640337839495247e-06
0.05 0.32 0 3.203807734820274e-06
0.05 0.33 0 9.23505213584285e-08
0.05 0.34 0 5.858456004399834e-07
0.05 0.35000000000000003 0 2.3725503847157928e-06
0.05 0.36 0 2.4823055162868464e-05
0.05 0.37 0 2.137204336111868e-05
0.05 0.38 0 3.637298426631642e-06
0.05 0.39 0 7.880628693269625e-07
0.05 0.4 0 4.262326787138702e-08
0.05 0.41000000000000003 0 1.0108828630266925e-06
0.05 0.42 0 2.067195051219831e-06
0.05 0.43 0 7.53705264272037e-07
0.05 0.44 0 1.2356192749678069e-05
0.05 0.45 0 3.295835509281787e-06
0.05 0.46 0 2.309724024468505e-05
0.05 0.47000000000000003 0 5.090493423447905e-05
0.05 0.48 0 6.969297553923187e-05
0.05 0.49 0 0.00019843679119093378
0.05 0.5 0 1.7984578754461276e-05
0.06 0.0 0 1.6673737967453288e-06
0.06 0.01 0 6.467409315943063e-07
0.06 0.02 0 5.021953876396102e-06
0.06 0.03 0 1.2168244508286306e-06
0.06 0.04 0 9.29511409568698e-07
0.06 0.05 0 3.607294019786846e-07
0.06 0.06 0 1.1331612332062261e-07
0.06 0.07 0 1.3829834512044077e-07
0.06 0.08 0 1.3804340112021302e-07
0.06 0.09 0 4.659349323218965e-09
0.06 0.1 0 2.1971743168187423e-09
0.06 0.11 0 3.7004208374433704e-09
0.06 0.12 0 9.908345711708223e-10
0.06 0.13 0 4.633822507366923e-09
0.06 0.14 0 2.635951965039824e-07
0.06 0.15 0 2.4697801837003213e-07
0.06 0.16 0 1.8247161349075754e-06
0.06 0.17 0 3.008498869743254e-06
0.06 0.18 0 3.544073479591854e-05
0.06 0.19 0 3.0378709552372525e-05
0.06 0.2 0 3.69725875110414e-06
0.06 0.21 0 1.1362750985163163e-06
0.06 0.22 0 4.6356045524624916e-06
0.06 0.23 0 0.0002442751745883952
0.06 0.24 0 0.00026063473817976074
0.06 0.25 0 7.291283427963441e-06
0.06 0.26 0 2.0844087414229445e-05
0.06 0.27 0 1.0538385336042019e-05
0.06 0.28 0 1.3264521178103328e-07
0.06 0.29 0 1.1381257631287432e-06
0.06 0.3 0 8.798575380892221e-06
0.06 0.31 0 9.402942439545574e-06
0.06 0.32 0 1.0819205956006273e-06
0.06 0.33 0 1.0139493135255492e-06
0.06 0.34 0 4.221272284608466e-07
0.06 0.35000000000000003 0 3.5983964547958046e-06
0.06 0.36 0 3.772260421242811e-07
0.06 0.37 0 4.4102158748915525e-06
0.06 0.38 0 8.788670811186247e-07
0.06 0.39 0 7.519771141980436e-08
0.06 0.4 0 1.3610120434597815e-08
0.06 0.41000000000000003 0 1.955830139662704e-07
0.06 0.42 0 1.6394430112438576e-07
0.06 0.43 0 1.6130331990022587e-07
0.06 0.44 0 4.4500358900524983e-07
0.06 0.45 0 2.9681892499746424e-06
0.06 0.46 0 3.2709843953677344e-05
0.06 0.47000000000000003 0 0.00015987988594602933
0.06 0.48 0 1.0748383107324813e-05
0.06 0.49 0 0.00024268359586371326
0.06 0.5 0 0.0006960801209722051
0.07 0.0 0 2.038551033723069e-07
0.07 0.01 0 3.9833593174362067e-07
0.07 0.02 0 3.850786680081999e-07
0.07 0.03 0 2.8299390823044337e-07
0.07 0.04 0 1.2678926593401864e-07
0.07 0.05 0 3.5447872075748833e-07
0.07 0.06 0 2.86723525072283e-07
0.07 0.07 0 1.4046217738711336e-07
0.07 0.08 0 5.841779281947874e-08
0.07 0.09 0 2.0650897742005424e-07
0.07 0.1 0 1.7880750021431396e-08
0.07 0.11 0 6.248523986368203e-09
0.07 0.12 0 1.5629286021388547e-08
0.07 0.13 0 4.392033375527154e-08
0.07 0.14 0 7.177518268996325e-08
0.07 0.15 0 1.3385679437313573e-06
0.07 0.16 0 1.41440328374724e-06
0.07 0.17 0 3.0133734754370418e-05
0.07 0.18 0 1.2183097684547137e-05
0.07 0.19 0 8.562031974663169e-06
0.07 0.2 0 1.6028098484270595e-06
0.07 0.21 0 1.087734578371494e-06
0.07 0.22 0 2.526397508807326e-07
0.07 0.23 0 1.6550418977961946e-05
0.07 0.24 0 0.00021177529680240553
0.07 0.25 0 7.760152132754723e-05
0.07 0.26 0 1.654645355563808e-05
0.07 0.27 0 6.526092848768585e-05
0.07 0.28 0 8.702673013225204e-07
0.07 0.29 0 8.490212583443375e-06
0.07 0.3 0 1.6248780538129e-05
0.07 0.31 0 1.2564146504556107e-06
0.07 0.32 0 6.252184057430527e-07
0.07 0.33 0 1.999194460853445e-07
0.07 0.34 0 3.6414713242048093e-07
0.07 0.35000000000000003 0 7.183180324928236e-07
0.07 0.36 0 1.2107917442418294e-06
0.07 0.37 0 1.6503489056131675e-06
0.07 0.38 0 9.19875773765925e-07
0.07 0.39 0 9.084370486631895e-08
0.07 0.4 0 1.952100733714364e-07
0.07 0.41000000000000003 0 1.584130817781323e-06
0.07 0.42 0 4.677722433696751e-06
0.07 0.43 0 4.923359155195876e-07
0.07 0.44 0 2.8122669477089274e-06
0.07 0.45 0 3.5725212376100784e-06
0.07 0.46 0 6.99914701186036e-06
0.07 0.47000000000000003 0 9.061798090970325e-05
0.07 0.48 0 0.00018087498079654023
0.07 0.49 0 0.0005609437077256337
0.07 0.5 0 0.00013007157679409775
0.08 0.0 0 5.9390571294635287e-08
0.08 0.01 0 4.952773175464357e-09
0.08 0.02 0 3.7631665731744965e-08
0.08 0.03 0 1.6760633656158922e-07
0.08 0.04 0 3.536131434137765e-08
0.08 0.05 0 4.0822039004915614e-09
0.08 0.06 0 8.675660485205149e-08
0.08 0.07 0 4.845750138693587e-07
0.08 0.08 0 6.368210984458309e-08
0.08 0.09 0 1.221689891621945e-07
0.08 0.1 0 2.173490803654938e-07
0.08 0.11 0 1.5868154626236325e-07
0.08 0.12 0 7.953554569028569e-07
0.08 0.13 0 3.4576661083668606e-07
0.08 0.14 0 5.080958776424238e-07
0.08 0.15 0 3.050182099028504e-06
0.08 0.16 0 5.358030329716594e-06
0.08 0.17 0 5.038725451248901e-06
0.08 0.18 0 2.200507695216411e-05
0.08 0.19 0 9.048227100106163e-06
0.08 0.2 0 8.81738756603622e-07
0.08 0.21 0 1.2574294003809534e-06
0.08 0.22 0 1.1651435433999002e-05
0.08 0.23 0 1.3362491960366442e-05
0.08 0.24 0 1.8582384323524878e-05
0.08 0.25 0 4.282542626423471e-05
0.08 0.26 0 9.392570681991085e-05
0.08 0.27 0 0.0002236778183593046
0.08 0.28 0 4.902510461075636e-06
0.08 0.29 0 4.160372275280599e-07
0.08 0.3 0 1.3859983054369428e-06
0.08 0.31 0 8.374573527085158e-08
0.08 0.32 0 1.6927979540642212e-07
0.08 0.33 0 5.732203203229514e-07
0.08 0.34 0 2.85561000535529e-07
0.08 0.35000000000000003 0 7.823055407680087e-07
0.08 0.36 0 2.2672134368548482e-07
0.08 0.37 0 5.470496862680725e-07
0.08 0.38 0 6.26289663392344e-07
0.08 0.39 0 1.5894374220092286e-06
0.08 0.4 0 9.148461599363141e-07
0.08 0.41000000000000003 0 3.4323655902020037e-06
0.08 0.42 0 7.726396531456728e-06
0.08 0.43 0 4.400836263844954e-06
0.08 0.44 0 4.034071355813792e-06
0.08 0.45 0 1.1661894757176907e-05
0.08 0.46 0 1.1974962536783e-05
0.08 0.47000000000000003 0 9.556259814225762e-05
0.08 0.48 0 7.19512338913495e-05
0.08 0.49 0 0.00032213075283029746
0.08 0.5 0 4.4875040557534876e-05
0.09 0.0 0 4.927817596838915e-09
0.09 0.01 0 1.0298841719486884e-08
0.09 0.02 0 1.7266772080305197e-08
0.09 0.03 0 8.392827547151344e-09
0.09 0.04 0 7.784692740526539e-09
0.09 0.05 0 3.445541571874113e-08
0.09 0.06 0 3.195122037797536e-08
0.09 0.07 0 1.492851114628318e-06
0.09 0.08 0 3.2055643617329007e-07
0.09 0.09 0 1.0754915172711889e-07
0.09 0.1 0 2.5338069642277865e-07
0.09 0.11 0 2.581051358423988e-07
0.09 0.12 0 5.283911680952485e-07
0.09 0.13 0 2.566095078229061e-07
0.09 0.14 0 5.133694390496605e-07
0.09 0.15 0 2.5098422408554313e-06
0.09 0.16 0 7.986503970513285e-07
0.09 0.17 0 7.690595026964206e-07
0.09 0.18 0 1.1450664606388917e-05
0.09 0.19 0 1.1549142577520568e-05
0.09 0.2 0 8.515563429083054e-07
0.09 0.21 0 5.852886997490442e-07
0.09 0.22 0 6.091686336117636e-07
0.09 0.23 0 1.318832733462319e-06
0.09 0.24 0 5.536358364597343e-06
0.09 0.25 0 3.5416788961956612e-06
0.09 0.26 0 3.2139354174270625e-05
0.09 0.27 0 1.8877638461665996e-06
0.09 0.28 0 4.909795259710342e-07
0.09 0.29 0 2.7911063220946974e-07
0.09 0.3 0 1.355440536449794e-07
0.09 0.31 0 4.5830826986038756e-08
0.09 0.32 0 2.2949299329579456e-08
0.09 0.33 0 1.0386507111445321e-07
0.09 0.34 0 3.0550389452127675e-07
0.09 0.35000000000000003 0 3.3877717606623617e-07
0.09 0.36 0 5.041549046456461e-07
0.09 0.37 0 1.6012141982639726e-06
0.09 0.38 0 1.1979595956503825e-05
0.09 0.39 0 2.6294324359710947e-06
0.09 0.4 0 3.346528311954521e-05
0.09 0.41000000000000003 0 6.277588912180173e-05
0.09 0.42 0 0.0001284433744114949
0.09 0.43 0 6.097482997420202e-05
0.09 0.44 0 1.0180431059797898e-05
0.09 0.45 0 6.689465168955619e-06
0.09 0.46 0 4.0339610236596765e-06
0.09 0.47000000000000003 0 1.9096648208253718e-06
0.09 0.48 0 0.00027361676120529256
0.09 0.49 0 0.0007346965722273286
0.09 0.5 0 0.00017119775893947197
0.1 0.0 0 2.606747900833083e-08
0.1 0.01 0 1.3480743731037168e-08
0.1 0.02 0 5.068210712908478e-09
0.1 0.03 0 4.069872487489179e-08
0.1 0.04 0 8.434237555479058e-09
0.1 0.05 0 1.7019595058352973e-08
0.1 0.06 0 1.424795991753134e-07
0.1 0.07 0 2.631481760791411e-07
0.1 0.08 0 2.695818808778225e-07
0.1 0.09 0 5.608514433401369e-07
0.1 0.1 0 1.7617729701731022e-06
0.1 0.11 0 2.9917631906250023e-07
0.1 0.12 0 1.803812628639339e-07
0.1 0.13 0 4.3027893439948314e-07
0.1 0.14 0 2.451559819144842e-07
0.1 0.15 0 2.8884502212474443e-06
0.1 0.16 0 3.692609453318839e-08
0.1 0.17 0 2.7314545251658877e-07
0.1 0.18 0 1.8188578696102856e-06
0.1 0.19 0 1.2518296275188986e-06
0.1 0.2 0 6.650405029298167e-07
0.1 0.21 0 5.060371471869429e-07
0.1 0.22 0 1.793157308422961e-07
0.1 0.23 0 6.504960743250753e-07
0.1 0.24 0 4.090165132646159e-06
0.1 0.25 0 6.280746861493628e-06
0.1 0.26 0 1.706006680708303e-06
0.1 0.27 0 8.979012250739805e-06
0.1 0.28 0 5.665512059272777e-07
0.1 0.29 0 7.35233724302279e-07
0.1 0.3 0 9.026554574252883e-08
0.1 0.31 0 1.4115191534756864e-07
0.1 0.32 0 1.6648110351264374e-07
0.1 0.33 0 1.0811350438274714e-07
0.1 0.34 0 4.229128845264267e-07
0.1 0.35000000000000003 0 2.0130802418713367e-07
0.1 0.36 0 2.8977252917359426e-07
0.1 0.37 0 4.179721920744475e-06
0.1 0.38 0 3.609872389797931e-05
0.1 0.39 0 0.00010641373508147544
0.1 0.4 0 1.968510375553934e-05
0.1 0.41000000000000003 0 0.00034552369711459584
0.1 0.42 0 0.0005613706127001568
0.1 0.43 0 0.00028773811983837534
0.1 0.44 0 0.0011022793503545289
0.1 0.45 0 0.00032129605587378877
0.1 0.46 0 0.00024302094621281872
0.1 0.47000000000000003 0 0.00023472082136011927
0.1 0.48 0 0.00023550663910241454
0.1 0.49 0 0.0006506675676245183
0.1 0.5 0 0.0005922595875302162
0.11 0.0 0 3.631584412340722e-08
0.11 0.01 0 1.3038115254247625e-07
0.11 0.02 0 2.046382068885242e-08
0.11 0.03 0 1.3087566465312973e-07
0.11 0.04 0 7.58470614979949e-08
0.11 0.05 0 2.1695450671717295e-08
0.11 0.06 0 1.367328601198125e-07
0.11 0.07 0 1.1597038319207059e-06
0.11 0.08 0 1.2434551416647388e-06
0.11 0.09 0 1.7039357101993452e-06
0.11 0.1 0 1.1181309652193062e-05
0.11 0.11 0 7.2820930726702245e-06
0.11 0.12 0 1.931533134623312e-06
0.11 0.13 0 2.7278054278671685e-06
0.11 0.14 0 1.0289311234379465e-06
0.11 0.15 0 2.026456548324582e-07
0.11 0.16 0 2.0732110917216821e-07
0.11 0.17 0 3.7601710499246104e-08
0.11 0.18 0 2.176072351674605e-06
0.11 0.19 0 1.0171304413164898e-06
0.11 0.2 0 6.4188062323102e-07
0.11 0.21 0 6.743414811763136e-07
0.11 0.22 0 9.221782124488393e-07
0.11 0.23 0 4.0552891529366875e-07
0.11 0.24 0 4.118088960167334e-06
0.11 0.25 0 4.676741853241595e-06
0.11 0.26 0 1.2451810549125165e-06
0.11 0.27 0 4.90022434478861e-07
0.11 0.28 0 6.952194264434727e-07
0.11 0.29 0 3.625506057615161e-07
0.11 0.3 0 1.8220367884066304e-05
0.11 0.31 0 1.9703309794018323e-05
0.11 0.32 0 1.7994152537910367e-05
0.11 0.33 0 1.1893320619937032e-06
0.11 0.34 0 9.947745766566522e-07
0.11 0.35000000000000003 0 2.233187442137792e-06
0.11 0.36 0 3.3471056799391056e-05
0.11 0.37 0 9.654055606492445e-05
0.11 0.38 0 0.00017158022336907335
0.11 0.39 0 0.00018550042473002403
0.11 0.4 0 0.0005395312698933792
0.11 0.41000000000000003 0 5.496592152986677e-05
0.11 0.42 0 0.0006364258624623315
0.11 0.43 0 0.0007797952622855986
0.11 0.44 0 0.004865043572613779
0.11 0.45 0 0.003562700746652523
0.11 0.46 0 0.0010941473601418135
0.11 0.47000000000000003 0 0.0003504986191118834
0.11 0.48 0 0.00035074702585833034
0.11 0.49 0 0.00017334128470069589
0.11 0.5 0 0.00042481994085183383
0.12 0.0 0 9.217323718679296e-09
0.12 0.01 0 2.369497145135459e-08
0.12 0.02 0 8.552285164862933e-08
0.12 0.03 0 2.0488101592884195e-07
0.12 0.04 0 2.867472012308451e-07
0.12 0.05 0 9.341461427889807e-08
0.12 0.06 0 2.0036709751938453e-07
0.12 0.07 0 1.7038505321319412e-07
0.12 0.08 0 6.299084047614485e-07
0.12 0.09 0 1.5476562863819128e-06
0.12 0.1 0 3.936171063438394e-05
0.12 0.11 0 6.885398328057313e-06
0.12 0.12 0 2.3236104402902357e-06
0.12 0.13 0 1.505233637835516e-06
0.12 0.14 0 6.588126161179884e-07
0.12 0.15 0 2.542224400196689e-07
0.12 0.16 0 4.925039424602858e-07
0.12 0.17 0 8.10897709352754e-07
0.12 0.18 0 1.1828277085340808e-06
0.12 0.19 0 7.222984832239603e-07
0.12 0.2 0 1.4767434509800144e-06
0.12 0.21 0 2.333082777969327e-06
0.12 0.22 0 2.1797894463731654e-05
0.12 0.23 0 1.4813513670320187e-05
0.12 0.24 0 9.938418532063275e-07
0.12 0.25 0 8.227654023966903e-07
0.12 0.26 0 1.0163024554650027e-06
0.12 0.27 0 2.878432316931404e-07
0.12 0.28 0 5.830119323795989e-07
0.12 0.29 0 1.361769911303319e-06
0.12 0.3 0 1.2491044127236314e-05
0.12 0.31 0 3.415189839388621e-05
0.12 0.32 0 1.3101462881016542e-05
0.12 0.33 0 4.918623311403553e-06
0.12 0.34 0 8.225644082334215e-06
0.12 0.35000000000000003 0 1.7102815310089669e-06
0.12 0.36 0 6.016124080241297e-06
0.12 0.37 0 9.258138429860307e-05
0.12 0.38 0 3.319231795630793e-05
0.12 0.39 0 8.807848504389998e-05
0.12 0.4 0 0.0004226184576272273
0.12 0.41000000000000003 0 0.00010776939065912078
0.12 0.42 0 0.0001470202258202333
0.12 0.43 0 0.00048716724275448545
0.12 0.44 0 0.0005138617867068699
0.12 0.45 0 0.0023840023151579636
0.12 0.46 0 0.0010206576264502206
0.12 0.47000000000000003 0 0.0008034016778448541
0.12 0.48 0 0.0013015444389102902
0.12 0.49 0 0.0013087063083506946
0.12 0.5 0 0.000398871203477357
0.13 0.0 0 9.041011826611069e-08
0.13 0.01 0 4.4426866330988614e-08
0.13 0.02 0 1.2398224575667628e-07
0.13 0.03 0 3.316190405059862e-07
0.13 0.04 0 8.289961880331866e-08
0.13 0.05 0 3.526702801653437e-08
0.13 0.06 0 6.00218277529262e-08
0.13 0.07 0 6.798078524843464e-09
0.13 0.08 0 6.016989041582283e-08
0.13 0.09 0 1.5303338409281312e-06
0.13 0.1 0 1.531700945763722e-06
0.13 0.11 0 6.627415134394686e-06
0.13 0.12 0 9.583371833913413e-06
0.13 0.13 0 1.0072361424871163e-05
0.13 0.14 0 2.163799528450165e-06
0.13 0.15 0 1.0279279190757153e-06
0.13 0.16 0 9.642664520511427e-07
0.13 0.17 0 7.023291997162444e-07
0.13 0.18 0 6.697661406430027e-07
0.13 0.19 0 2.523984346223551e-06
0.13 0.2 0 2.5568992308098406e-06
0.13 0.21 0 5.401699037542724e-07
0.13 0.22 0 7.512136914844241e-06
0.13 0.23 0 1.8923533996284387e-05
0.13 0.24 0 8.643884074442754e-06
0.13 0.25 0 1.4192346765536405e-05
0.13 0.26 0 7.75815023379761e-06
0.13 0.27 0 4.3279542155332466e-06
0.13 0.28 0 1.2103580588344017e-05
0.13 0.29 0 3.4212274239719458e-06
0.13 0.3 0 3.6491820782075944e-06
0.13 0.31 0 5.799027097534563e-06
0.13 0.32 0 2.5816621517121282e-05
0.13 0.33 0 5.463671710743836e-06
0.13 0.34 0 9.586013730396658e-06
0.13 0.35000000000000003 0 5.306637702842636e-06
0.13 0.36 0 6.333529478279092e-07
0.13 0.37 0 2.451990627862595e-06
0.13 0.38 0 8.028948141380516e-06
0.13 0.39 0 3.128745576396668e-05
0.13 0.4 0 2.234964212653476e-05
0.13 0.41000000000000003 0 6.269974967783936e-05
0.13 0.42 0 0.0019571718626826087
0.13 0.43 0 0.002500188803701134
0.13 0.44 0 0.0014608814025724869
0.13 0.45 0 0.0003412577156215858
0.13 0.46 0 0.0002650947034339198
0.13 0.47000000000000003 0 0.0014021611768152366
0.13 0.48 0 0.0014540082281774968
0.13 0.49 0 0.008607381361565615
0.13 0.5 0 0.0015995147533916189
0.14 0.0 0 5.402757467840123e-08
0.14 0.01 0 1.8844502992370627e-08
0.14 0.02 0 2.7432802324180497e-08
0.14 0.03 0 2.0742766558430102e-08
0.14 0.04 0 1.8697012432002026e-07
0.14 0.05 0 3.090335727686921e-08
0.14 0.06 0 7.279433950303846e-09
0.14 0.07 0 1.4637098567613952e-08
0.14 0.08 0 5.573125124350049e-08
0.14 0.09 0 9.292125828302285e-07
0.14 0.1 0 1.6484633507587626e-05
0.14 0.11 0 8.162964439452517e-05
0.14 0.12 0 9.921658917188717e-06
0.14 0.13 0 1.5436988878640918e-06
0.14 0.14 0 1.1713115480665814e-05
0.14 0.15 0 1.5740663447081498e-05
0.14 0.16 0 5.2145214238274354e-05
0.14 0.17 0 6.677540054493701e-06
0.14 0.18 0 2.512017766082268e-06
0.14 0.19 0 1.0857359274300698e-05
0.14 0.2 0 1.1613523812177084e-05
0.14 0.21 0 1.5936247259611753e-05
0.14 0.22 0 9.77708218121183e-06
0.14 0.23 0 5.656863432238121e-06
0.14 0.24 0 1.4011623742048692e-06
0.14 0.25 0 9.059235747913833e-06
0.14 0.26 0 2.384837100698975e-05
0.14 0.27 0 7.722352204577369e-05
0.14 0.28 0 4.5024560224227124e-05
0.14 0.29 0 3.791911126725546e-05
0.14 0.3 0 8.009820293314523e-06
0.14 0.31 0 6.7681843733947544e-06
0.14 0.32 0 1.291278417656997e-05
0.14 0.33 0 0.000363744205104101
0.14 0.34 0 0.00013017438073957622
0.14 0.35000000000000003 0 0.00038140588895378463
0.14 0.36 0 2.4551563396593867e-06
0.14 0.37 0 1.1386206857700543e-06
0.14 0.38 0 1.1812898618466653e-06
0.14 0.39 0 5.090141422522336e-06
0.14 0.4 0 8.051556775473234e-05
0.14 0.41000000000000003 0 0.00011396473743570973
0.14 0.42 0 0.0012875238509520754
0.14 0.43 0 0.0009691888158200158
0.14 0.44 0 0.00018828305525849922
0.14 0.45 0 0.000585827046843886
0.14 0.46 0 1.8469056433219482e-05
0.14 0.47000000000000003 0 0.00016349121232805847
0.14 0.48 0 0.0003270744089857292
0.14 0.49 0 0.000644818711354103
0.14 0.5 0 0.005093554877225349
0.15 0.0 0 3.05810867447926e-08
0.15 0.01 0 9.802621091896102e-09
0.15 0.02 0 9.475029424294922e-09
0.15 0.03 0 6.643552823712165e-09
0.15 0.04 0 4.1057991691815804e-08
0.15 0.05 0 1.8860953027309185e-07
0.15 0.06 0 1.342740508669932e-08
0.15 0.07 0 1.0236401918452572e-08
0.15 0.08 0 4.7033584076411275e-08
0.15 0.09 0 2.1130878844017404e-07
0.15 0.1 0 3.7746177494239986e-06
0.15 0.11 0 1.9655745117180678e-06
0.15 0.12 0 2.690046361484229e-06
0.15 0.13 0 1.307815617840829e-06
0.15 0.14 0 2.2561957805554175e-05
0.15 0.15 0 5.638815723026816e-05
0.15 0.16 0 8.68346006866339e-05
0.15 0.17 0 0.0001846238905987199
0.15 0.18 0 6.224926341567056e-05
0.15 0.19 0 0.0003527641506243814
0.15 0.2 0 0.0010363986241158354
0.15 0.21 0 5.6451647336770266e-05
0.15 0.22 0 0.0004989563769002798
0.15 0.23 0 9.199482990794007e-05
0.15 0.24 0 3.055643034940206e-05
0.15 0.25 0 5.6437161017652054e-05
0.15 0.26 0 0.0001827816594175955
0.15 0.27 0 0.0002731675826814171
0.15 0.28 0 0.00025747258353735935
0.15 0.29 0 3.215457327683171e-05
0.15 0.3 0 0.00010018752248258211
0.15 0.31 0 5.21859781511604e-05
0.15 0.32 0 9.864298673859286e-05
0.15 0.33 0 0.0004193092538298709
0.15 0.34 0 0.0011830595442624044
0.15 0.35000000000000003 0 9.769158653995308e-05
0.15 0.36 0 0.00010016157203761021
0.15 0.37 0 2.8756604623781736e-05
0.15 0.38 0 2.8795335701068877e-05
0.15 0.39 0 1.2400733660071381e-05
0.15 0.4 0 3.091224478405461e-05
0.15 0.41000000000000003 0 3.259538747003514e-05
0.15 0.42 0 8.864170956723806e-05
0.15 0.43 0 0.00019422740009595785
0.15 0.44 0 5.562375459057731e-05
0.15 0.45 0 0.0002252936504502154
0.15 0.46 0 7.423776120867721e-05
0.15 0.47000000000000003 0 5.206310512927913e-05
0.15 0.48 0 7.591869657378638e-05
0.15 0.49 0 0.0002461050203525905
0.15 0.5 0 0.003212572959291094
0.16 0.0 0 2.9801100432562424e-08
0.16 0.01 0 8.280831517467119e-09
0.16 0.02 0 2.731109806631356e-08
0.16 0.03 0 2.7200174126435246e-08
0.16 0.04 0 4.3197433273933e-09
0.16 0.05 0 2.4235331668901023e-08
0.16 0.06 0 4.520392684245645e-09
0.16 0.07 0 3.400635921313042e-09
0.16 0.08 0 6.650312466053289e-08
0.16 0.09 0 7.008246276099465e-08
0.16 0.1 0 6.903337800341774e-08
0.16 0.11 0 5.879120287154352e-07
0.16 0.12 0 3.032794977487471e-07
0.16 0.13 0 6.202108256917172e-06
0.16 0.14 0 1.4665191921006656e-05
0.16 0.15 0 4.872895223965942e-05
0.16 0.16 0 7.253017594727106e-05
0.16 0.17 0 0.0004325023239617287
0.16 0.18 0 2.80467979993571e-05
0.16 0.19 0 8.04523220570324e-05
0.16 0.2 0 0.00024467011105295893
0.16 0.21 0 0.00031534844330194476
0.16 0.22 0 0.00014620482968175102
0.16 0.23 0 0.0011288553007747265
0.16 0.24 0 0.0001850629916374363
0.16 0.25 0 0.0003758244048829111
0.16 0.26 0 0.00010948099618756911
0.16 0.27 0 0.0003650541850133332
0.16 0.28 0 0.00018428381244926163
0.16 0.29 0 9.075201381379883e-05
0.16 0.3 0 0.00010519480286357846
0.16 0.31 0 0.0018936767830000146
0.16 0.32 0 0.0005965444256919078
0.16 0.33 0 0.0003034557005145007
0.16 0.34 0 2.143832142102597e-05
0.16 0.35000000000000003 0 3.1104662189335096e-05
0.16 0.36 0 3.901749429561402e-06
0.16 0.37 0 2.306380771720668e-05
0.16 0.38 0 2.5061943104166962e-05
0.16 0.39 0 3.096918023562188e-06
0.16 0.4 0 1.286724446439718e-06
0.16 0.41000000000000003 0 2.856689952163649e-05
0.16 0.42 0 5.897519076434207e-06
0.16 0.43 0 0.00013345114207587055
0.16 0.44 0 0.00020746802057460968
0.16 0.45 0 0.00039853467396371836
0.16 0.46 0 0.0001616688548107929
0.16 0.47000000000000003 0 2.8611697767287168e-05
0.16 0.48 0 4.767110083404717e-06
0.16 0.49 0 1.2271582459261656e-05
0.16 0.5 0 6.97159775950443e-05
0.17 0.0 0 1.7004959020664144e-09
0.17 0.01 0 3.4740581953716736e-10
0.17 0.02 0 1.061115671707505e-09
0.17 0.03 0 8.252398529631859e-09
0.17 0.04 0 4.228721074314354e-10
0.17 0.05 0 2.343161638445828e-10
0.17 0.06 0 4.152682468440943e-09
0.17 0.07 0 1.9620555781157267e-08
0.17 0.08 0 6.754157719730646e-08
0.17 0.09 0 3.950314373319808e-08
0.17 0.1 0 3.137320577121635e-07
0.17 0.11 0 7.553237357128393e-07
0.17 0.12 0 4.087565592270242e-07
0.17 0.13 0 2.005929280741221e-06
0.17 0.14 0 3.959043524783922e-06
0.17 0.15 0 3.188700479510258e-05
0.17 0.16 0 1.6446111302897967e-05
0.17 0.17 0 8.76003962046861e-06
0.17 0.18 0 3.4645348080173e-05
0.17 0.19 0 1.8986335898811845e-05
0.17 0.2 0 4.120212662288904e-05
0.17 0.21 0 3.3055589166645756e-05
0.17 0.22 0 1.0509967527162e-05
0.17 0.23 0 7.370658031323214e-05
0.17 0.24 0 3.9084537643637625e-05
0.17 0.25 0 2.0973799730115813e-05
0.17 0.26 0 6.279950987927821e-05
0.17 0.27 0 2.6916987561304652e-05
0.17 0.28 0 1.611250188341617e-06
0.17 0.29 0 2.9418208151823748e-05
0.17 0.3 0 0.0001270362644928612
0.17 0.31 0 1.5805599298843104e-05
0.17 0.32 0 1.3908022711362145e-05
0.17 0.33 0 3.4333512213570615e-05
0.17 0.34 0 8.322777349317365e-06
0.17 0.35000000000000003 0 3.1572099082249e-06
0.17 0.36 0 2.4454674626599593e-07
0.17 0.37 0 1.6161326555867857e-07
0.17 0.38 0 1.972307797213514e-06
0.17 0.39 0 2.820798848381876e-06
0.17 0.4 0 1.40840481387339e-06
0.17 0.41000000000000003 0 4.56487041906006e-06
0.17 0.42 0 4.976407901307399e-05
0.17 0.43 0 0.00017984411692621488
0.17 0.44 0 0.000790685434451582
0.17 0.45 0 0.0001547373304214443
0.17 0.46 0 9.002997681359564e-05
0.17 0.47000000000000003 0 2.5140546619928462e-05
0.17 0.48 0 1.9120973458006962e-05
0.17 0.49 0 2.0961797467976594e-05
0.17 0.5 0 0.00017265593770626622
0.18 0.0 0 3.362805560518019e-10
0.18 0.01 0 6.086938326730655e-10
0.18 0.02 0 7.078705337745998e-10
0.18 0.03 0 4.96382929408555e-09
0.18 0.04 0 1.7877993056103612e-08
0.18 0.05 0 5.403547507878716e-08
0.18 0.06 0 3.296048818850139e-08
0.18 0.07 0 3.077988159319287e-08
0.18 0.08 0 2.334429669491696e-08
0.18 0.09 0 2.7695127348686382e-08
0.18 0.1 0 8.457137061029984e-09
0.18 0.11 0 2.0728950063309284e-07
0.18 0.12 0 3.687156332332592e-07
0.18 0.13 0 5.319103870652912e-07
0.18 0.14 0 4.063490999878614e-08
0.18 0.15 0 1.989867259089049e-07
0.18 0.16 0 9.031737594776995e-07
0.18 0.17 0 4.955648181314188e-07
0.18 0.18 0 1.8433405767252855e-06
0.18 0.19 0 5.287063319981311e-06
0.18 0.2 0 3.4017576382623414e-06
0.18 0.21 0 1.347194202651016e-06
0.18 0.22 0 1.4899460322177076e-07
0.18 0.23 0 2.4101514482540146e-07
0.18 0.24 0 4.318660965682776e-06
0.18 0.25 0 8.314922133158774e-06
0.18 0.26 0 3.1075361596374337e-06
0.18 0.27 0 3.1640519613946416e-06
0.18 0.28 0 1.1611117510691077e-06
0.18 0.29 0 5.127755518124684e-07
0.18 0.3 0 1.066249905101824e-05
0.18 0.31 0 2.414314244775199e-06
0.18 0.32 0 9.259698133375872e-07
0.18 0.33 0 2.4222881399875425e-06
0.18 0.34 0 9.723640135776761e-06
0.18 0.35000000000000003 0 5.6943864168655085e-05
0.18 0.36 0 5.7169573840735185e-05
0.18 0.37 0 1.2491788002064682e-05
0.18 0.38 0 5.245841994298126e-05
0.18 0.39 0 1.4838190070228727e-05
0.18 0.4 0 4.793158505910601e-05
0.18 0.41000000000000003 0 0.0005496187832672824
0.18 0.42 0 0.0027743223437593206
0.18 0.43 0 0.001964381608370537
0.18 0.44 0 0.0007545564173988893
0.18 0.45 0 0.00016319043043439216
0.18 0.46 0 2.1701893550408518e-05
0.18 0.47000000000000003 0 2.238547621848503e-06
0.18 0.48 0 5.181168183593344e-05
0.18 0.49 0 0.0002895793333653104
0.18 0.5 0 9.161253811922442e-05
0.19 0.0 0 9.079048630339552e-10
0.19 0.01 0 1.8796720593800426e-10
0.19 0.02 0 2.9246974546304984e-10
0.19 0.03 0 2.37310584165649e-09
0.19 0.04 0 7.983102979072429e-09
0.19 0.05 0 1.864371885765118e-08
0.19 0.06 0 3.014356902272624e-08
0.19 0.07 0 1.1494485500323705e-08
0.19 0.08 0 2.2684443979600467e-09
0.19 0.09 0 1.329712715229391e-09
0.19 0.1 0 2.359218841484058e-08
0.19 0.11 0 2.7615373642875987e-07
0.19 0.12 0 6.580294276052152e-07
0.19 0.13 0 4.086619330297053e-07
0.19 0.14 0 1.1850342046902624e-07
0.19 0.15 0 3.010785083287781e-08
0.19 0.16 0 1.1208891963850989e-07
0.19 0.17 0 4.915272123916397e-08
0.19 0.18 0 9.7222420840093e-07
0.19 0.19 0 7.125992458615145e-07
0.19 0.2 0 2.1418484006530978e-06
0.19 0.21 0 4.814135240212686e-06
0.19 0.22 0 2.658875899716963e-06
0.19 0.23 0 6.394066194760827e-06
0.19 0.24 0 3.290708455409745e-06
0.19 0.25 0 6.406399889935414e-07
0.19 0.26 0 4.467371209060595e-06
0.19 0.27 0 7.494842912454698e-06
0.19 0.28 0 2.617482435500268e-06
0.19 0.29 0 3.3894850770557933e-07
0.19 0.3 0 3.5368426205262956e-06
0.19 0.31 0 1.5012459745257913e-06
0.19 0.32 0 7.262875281966988e-07
0.19 0.33 0 1.7624791503480374e-06
0.19 0.34 0 1.2982559714287492e-05
0.19 0.35000000000000003 0 0.00013095205276015455
0.19 0.36 0 4.059301226924257e-05
0.19 0.37 0 2.657779225648681e-05
0.19 0.38 0 0.00012100479728741648
0.19 0.39 0 4.457691833481048e-06
0.19 0.4 0 9.23476922315374e-05
0.19 0.41000000000000003 0 0.0072900027444968716
0.19 0.42 0 0.013202449849650263
0.19 0.43 0 0.00586693908861461
0.19 0.44 0 0.0006454838173123562
0.19 0.45 0 0.0010142373020537877
0.19 0.46 0 0.003961376435222565
0.19 0.47000000000000003 0 0.000171618086148577
0.19 0.48 0 3.4839403760836515e-05
0.19 0.49 0 9.456805189935327e-05
0.19 0.5 0 0.00017669848512985746
0.2 0.0 0 5.116204064502208e-08
0.2 0.01 0 1.147822740984276e-08
0.2 0.02 0 6.74583546298924e-10
0.2 0.03 0 1.814255217332259e-09
0.2 0.04 0 7.135618445590114e-08
0.2 0.05 0 1.0797512438000866e-07
0.2 0.06 0 9.644252451734084e-07
0.2 0.07 0 1.3861419508459027e-06
0.2 0.08 0 8.406036107424518e-08
0.2 0.09 0 9.84266025053103e-08
0.2 0.1 0 2.4545811371403947e-07
0.2 0.11 0 4.904987727953586e-07
0.2 0.12 0 1.9431502473765632e-06
0.2 0.13 0 4.443146632601106e-07
0.2 0.14 0 6.518513749216785e-08
0.2 0.15 0 1.9493475757965316e-07
0.2 0.16 0 6.778269588231131e-09
0.2 0.17 0 6.699412622823881e-09
0.2 0.18 0 1.1213529530816128e-07
0.2 0.19 0 2.1777981764863505e-07
0.2 0.2 0 9.202027810807782e-08
0.2 0.21 0 1.4178871717385034e-06
0.2 0.22 0 2.1599148263530485e-07
0.2 0.23 0 1.453083701976482e-06
0.2 0.24 0 7.884362915829988e-07
0.2 0.25 0 3.9494896068269676e-07
0.2 0.26 0 4.356072344794219e-07
0.2 0.27 0 5.234093265965156e-07
0.2 0.28 0 1.0349819278540957e-06
0.2 0.29 0 1.6327994353311402e-05
0.2 0.3 0 1.3232288205423263e-05
0.2 0.31 0 9.477166670454325e-06
0.2 0.32 0 1.2669134429444283e-05
0.2 0.33 0 1.107425592082371e-05
0.2 0.34 0 1.1939854630689665e-06
0.2 0.35000000000000003 0 2.851826715881959e-06
0.2 0.36 0 1.8162992253689837e-05
0.2 0.37 0 2.8106966282674682e-05
0.2 0.38 0 5.16180022947557e-05
0.2 0.39 0 2.696010124671291e-05
0.2 0.4 0 0.000133466831166055
0.2 0.41000000000000003 0 0.0017503004412516214
0.2 0.42 0 0.007941231884326081
0.2 0.43 0 0.002184410271758358
0.2 0.44 0 0.0027172609482790165
0.2 0.45 0 0.0021865666852677055
0.2 0.46 0 0.001888214474442144
0.2 0.47000000000000003 0 0.00016904274824764166
0.2 0.48 0 0.00034508515509606595
0.2 0.49 0 0.0007424049481642176
0.2 0.5 0 0.0007369423352824674
0.21 0.0 0 4.7848378611787976e-08
0.21 0.01 0 6.958091271982986e-08
0.21 0.02 0 7.242327933150615e-08
0.21 0.03 0 9.564213479414692e-08
0.21 0.04 0 1.3112026640202877e-06
0.21 0.05 0 4.1416091932163926e-07
0.21 0.06 0 5.484012383135184e-06
0.21 0.07 0 2.163186488206342e-05
0.21 0.08 0 5.391894404500587e-07
0.21 0.09 0 1.9566955746090672e-07
0.21 0.1 0 1.6539130214496298e-07
0.21 0.11 0 8.777915362486112e-08
0.21 0.12 0 2.5044182853866036e-07
0.21 0.13 0 4.757630432904831e-08
0.21 0.14 0 7.008053614111897e-08
0.21 0.15 0 8.711682768539379e-08
0.21 0.16 0 1.5982547530167504e-07
0.21 0.17 0 3.8351072110414166e-08
0.21 0.18 0 1.4756480014164817e-06
0.21 0.19 0 1.8902208888026238e-07
0.21 0.2 0 2.8014827911088637e-08
0.21 0.21 0 1.0922279351380905e-07
0.21 0.22 0 1.061377682984885e-06
0.21 0.23 0 1.0596586796151447e-07
0.21 0.24 0 8.433986017877965e-07
0.21 0.25 0 2.4908320475573292e-08
0.21 0.26 0 5.719988840592096e-07
0.21 0.27 0 3.460980533242431e-07
0.21 0.28 0 1.479541311575739e-06
0.21 0.29 0 6.073749154275773e-07
0.21 0.3 0 1.037214567839774e-05
0.21 0.31 0 2.3538426052593565e-06
0.21 0.32 0 9.786854069755575e-07
0.21 0.33 0 1.8790402908245239e-06
0.21 0.34 0 1.121888110564469e-05
0.21 0.35000000000000003 0 2.0774161308481083e-06
0.21 0.36 0 2.0589057465172904e-06
0.21 0.37 0 1.0751872494928732e-05
0.21 0.38 0 0.00024191520479847418
0.21 0.39 0 1.2099200491152213e-05
0.21 0.4 0 6.183578682812641e-05
0.21 0.41000000000000003 0 0.00015962697128280145
0.21 0.42 0 3.521382419554714e-05
0.21 0.43 0 2.2887899285970678e-05
0.21 0.44 0 1.71338502762546e-05
0.21 0.45 0 0.00043458284834575913
0.21 0.46 0 0.0002612280818789949
0.21 0.47000000000000003 0 6.278959493776413e-05
0.21 0.48 0 0.00012982900295426854
0.21 0.49 0 0.00035516110454753355
0.21 0.5 0 0.0014490469720126584
0.22 0.0 0 8.479832788017724e-08
0.22 0.01 0 1.21970345501858e-06
0.22 0.02 0 1.1697725779581524e-06
0.22 0.03 0 4.248880375697495e-06
0.22 0.04 0 4.05507914273754e-06
0.22 0.05 0 5.542596723325742e-07
0.22 0.06 0 6.85173898124293e-07
0.22 0.07 0 5.781044268606128e-06
0.22 0.08 0 2.2562774886669713e-07
0.22 0.09 0 3.615980507820557e-08
0.22 0.1 0 3.5106458389528156e-07
0.22 0.11 0 9.480864831373826e-08
0.22 0.12 0 7.072730158978296e-07
0.22 0.13 0 4.6079497760747434e-07
0.22 0.14 0 7.822036694047828e-08
0.22 0.15 0 1.6370680193188735e-07
0.22 0.16 0 2.2821673937640095e-07
0.22 0.17 0 1.756719926977272e-07
0.22 0.18 0 6.563532109802016e-07
0.22 0.19 0 1.0853033439681086e-06
0.22 0.2 0 1.054322117819879e-06
0.22 0.21 0 2.2346854669246563e-07
0.22 0.22 0 2.67330798664275e-07
0.22 0.23 0 2.6266199771344165e-07
0.22 0.24 0 1.4266184627633606e-06
0.22 0.25 0 1.6151777584595693e-05
0.22 0.26 0 1.239939377908855e-05
0.22 0.27 0 4.449910928109284e-06
0.22 0.28 0 1.2789600848711497e-06
0.22 0.29 0 2.9316729037095344e-06
0.22 0.3 0 3.932805738829005e-07
0.22 0.31 0 8.351328840021252e-07
0.22 0.32 0 6.840089878087921e-07
0.22 0.33 0 3.4185600467778415e-07
0.22 0.34 0 9.691106221317716e-07
0.22 0.35000000000000003 0 1.6471073793467965e-06
0.22 0.36 0 1.0483878732453553e-06
0.22 0.37 0 1.447555934216962e-06
0.22 0.38 0 3.2260818450801946e-06
0.22 0.39 0 5.1367664748314245e-06
0.22 0.4 0 2.973740340347308e-06
0.22 0.41000000000000003 0 1.5320586697788652e-06
0.22 0.42 0 5.12283314582728e-07
0.22 0.43 0 5.3688508032970705e-06
0.22 0.44 0 2.271622149142161e-05
0.22 0.45 0 0.00011346900233844573
0.22 0.46 0 0.0002819396054372134
0.22 0.47000000000000003 0 4.786599438908016e-05
0.22 0.48 0 0.00033439867895617315
0.22 0.49 0 0.0004526147248239729
0.22 0.5 0 0.0008696653896880823
0.23 0.0 0 5.359065385652864e-07
0.23 0.01 0 1.64271456902565e-06
0.23 0.02 0 6.7470999175366985e-06
0.23 0.03 0 2.092258509788074e-05
0.23 0.04 0 0.0002454113810263854
0.23 0.05 0 4.025550541115034e-05
0.23 0.06 0 0.00015712194864034182
0.23 0.07 0 2.2882740032197356e-06
0.23 0.08 0 1.105901118793532e-07
0.23 0.09 0 4.094389149539244e-08
0.23 0.1 0 1.8417190406616821e-06
0.23 0.11 0 3.848116013901511e-06
0.23 0.12 0 5.04302252333768e-07
0.23 0.13 0 3.961582735135966e-08
0.23 0.14 0 5.3604315166383985e-08
0.23 0.15 0 2.5745853169815032e-08
0.23 0.16 0 1.5357590366517012e-08
0.23 0.17 0 1.6129384035065003e-07
0.23 0.18 0 6.296953565387445e-07
0.23 0.19 0 1.5516421735922042e-07
0.23 0.2 0 9.953275367636487e-08
0.23 0.21 0 8.155469675313336e-08
0.23 0.22 0 4.387291609330023e-08
0.23 0.23 0 7.511381637919079e-07
0.23 0.24 0 2.8831420863419436e-07
0.23 0.25 0 7.581446993949374e-06
0.23 0.26 0 1.877586547484456e-05
0.23 0.27 0 3.3380990803389075e-06
0.23 0.28 0 5.767992462168145e-06
0.23 0.29 0 3.253814325281629e-05
0.23 0.3 0 5.1988511700324185e-06
0.23 0.31 0 3.333462376925054e-06
0.23 0.32 0 5.505712335162671e-07
0.23 0.33 0 9.606155760533272e-07
0.23 0.34 0 6.264465072356731e-07
0.23 0.35000000000000003 0 2.289796854573051e-07
0.23 0.36 0 2.0847552543897908e-07
0.23 0.37 0 4.2705858935328826e-07
0.23 0.38 0 6.55891111107389e-07
0.23 0.39 0 8.042288437119409e-07
0.23 0.4 0 1.4813590018248274e-07
0.23 0.41000000000000003 0 1.1406901600286069e-06
0.23 0.42 0 1.5694573438267606e-06
0.23 0.43 0 3.993204295806381e-06
0.23 0.44 0 5.05090833483654e-06
0.23 0.45 0 3.0480202261416355e-05
0.23 0.46 0 0.00010799730414371412
0.23 0.47000000000000003 0 0.0002945691525890149
0.23 0.48 0 0.0003491811292117612
0.23 0.49 0 0.00037583453153361196
0.23 0.5 0 7.936902811600683e-05
0.24 0.0 0 1.8987363368631815e-07
0.24 0.01 0 1.8477226962604434e-06
0.24 0.02 0 3.1034108135585195e-06
0.24 0.03 0 1.9569249225872238e-05
0.24 0.04 0 2.5690683337229185e-05
0.24 0.05 0 6.225647346654105e-05
0.24 0.06 0 0.00010474102640717392
0.24 0.07 0 9.088035441420025e-06
0.24 0.08 0 7.089341895068553e-07
0.24 0.09 0 7.857426143705192e-07
0.24 0.1 0 1.0005716656063684e-07
0.24 0.11 0 1.43162757238326e-06
0.24 0.12 0 1.5805788548148958e-06
0.24 0.13 0 3.496885271291347e-06
0.24 0.14 0 2.8331700633064505e-07
0.24 0.15 0 3.703981813125319e-07
0.24 0.16 0 4.2721391586173123e-07
0.24 0.17 0 1.5892625877313667e-07
0.24 0.18 0 1.0968654947489199e-07
0.24 0.19 0 1.2487495961152298e-07
0.24 0.2 0 9.992138407564326e-08
0.24 0.21 0 1.196475837238624e-07
0.24 0.22 0 2.302501122764493e-08
0.24 0.23 0 1.248073393434987e-07
0.24 0.24 0 4.6456594943796596e-07
0.24 0.25 0 5.827144741705441e-07
0.24 0.26 0 7.327722315860781e-06
0.24 0.27 0 8.64708119064044e-07
0.24 0.28 0 1.684440366466351e-07
0.24 0.29 0 1.3070813866764297e-07
0.24 0.3 0 9.431576272099871e-07
0.24 0.31 0 4.638920494962367e-06
0.24 0.32 0 2.1520830222154112e-06
0.24 0.33 0 9.525565883396134e-07
0.24 0.34 0 1.5059997752461987e-07
0.24 0.35000000000000003 0 3.0300641353430886e-08
0.24 0.36 0 5.49218157484682e-07
0.24 0.37 0 2.7346701358372256e-06
0.24 0.38 0 5.104827151177271e-07
0.24 0.39 0 5.660625803060227e-07
0.24 0.4 0 1.6419963064926757e-07
0.24 0.41000000000000003 0 4.938548434051208e-08
0.24 0.42 0 2.952317119569339e-08
0.24 0.43 0 2.884143150675068e-07
0.24 0.44 0 3.2454910479200536e-07
0.24 0.45 0 1.246765459109256e-06
0.24 0.46 0 4.831424103951307e-06
0.24 0.47000000000000003 0 1.2724972344786809e-05
0.24 0.48 0 0.0002576461136781527
0.24 0.49 0 0.0010637397944322877
0.24 0.5 0 0.0003161400642674487
0.25 0.0 0 1.3729858169329325e-06
0.25 0.01 0 5.3879534334269595e-06
0.25 0.02 0 4.618029293030391e-05
0.25 0.03 0 7.952192373253159e-05
0.25 0.04 0 8.140009740029215e-05
0.25 0.05 0 3.425625005499979e-05
0.25 0.06 0 0.00014098866727933895
0.25 0.07 0 3.9559640135969906e-05
0.25 0.08 0 1.4714663483216256e-05
0.25 0.09 0 1.3572387033891128e-05
0.25 0.1 0 1.2602666141204213e-05
0.25 0.11 0 5.892112867501323e-06
0.25 0.12 0 5.254131884545847e-06
0.25 0.13 0 8.80334806618209e-06
0.25 0.14 0 1.3798003279773487e-05
0.25 0.15 0 8.394106112900556e-07
0.25 0.16 0 1.3006091007191207e-06
0.25 0.17 0 3.27937727863252e-07
0.25 0.18 0 5.861077618584905e-08
0.25 0.19 0 8.30219022385697e-09
0.25 0.2 0 5.482115475646588e-09
0.25 0.21 0 2.9307426613904985e-08
0.25 0.22 0 1.1565784454260454e-06
0.25 0.23 0 6.061311051548077e-07
0.25 0.24 0 6.454456166761944e-08
0.25 0.25 0 3.2834490928602403e-07
0.25 0.26 0 7.182508153180853e-07
0.25 0.27 0 9.805274485300553e-08
0.25 0.28 0 4.391302226703469e-08
0.25 0.29 0 3.3780172942452635e-08
0.25 0.3 0 5.0302065802980584e-08
0.25 0.31 0 2.8781554004018615e-06
0.25 0.32 0 5.309732695751188e-07
0.25 0.33 0 1.0423853426679026e-07
0.25 0.34 0 7.962923895191083e-08
0.25 0.35000000000000003 0 4.6170099245456924e-08
0.25 0.36 0 3.838901865180908e-08
0.25 0.37 0 3.427529288804984e-07
0.25 0.38 0 1.8305023823926572e-07
0.25 0.39 0 4.677349392818861e-07
0.25 0.4 0 5.94992344245356e-08
0.25 0.41000000000000003 0 8.75945047419469e-08
0.25 0.42 0 1.3517528856105607e-07
0.25 0.43 0 1.983728235564168e-07
0.25 0.44 0 2.7906231834533957e-07
0.25 0.45 0 4.528557431483495e-06
0.25 0.46 0 3.101975479762355e-05
0.25 0.47000000000000003 0 2.4524983942629636e-06
0.25 0.48 0 6.494857139360133e-06
0.25 0.49 0 0.0005971685735243992
0.25 0.5 0 0.00016262299052564218
0.26 0.0 0 1.0334010027822612e-05
0.26 0.01 0 4.87466522716003e-06
0.26 0.02 0 6.888131182625296e-06
0.26 0.03 0 2.720461308400945e-05
0.26 0.04 0 1.3176891907460196e-05
0.26 0.05 0 1.6008859313638614e-05
0.26 0.06 0 3.188386092840537e-06
0.26 0.07 0 1.4861374255654275e-05
0.26 0.08 0 0.00025603221500240044
0.26 0.09 0 0.0005519249301507677
0.26 0.1 0 2.7233842898989227e-06
0.26 0.11 0 1.2302677935315e-05
0.26 0.12 0 1.723607079314418e-06
0.26 0.13 0 1.1574767168334918e-05
0.26 0.14 0 0.0001717541511814416
0.26 0.15 0 1.2136849713489282e-05
0.26 0.16 0 7.667621596769925e-07
0.26 0.17 0 1.479290528246587e-06
0.26 0.18 0 8.680966913783296e-08
0.26 0.19 0 5.654292709653213e-07
0.26 0.2 0 1.3912608675710197e-07
0.26 0.21 0 6.659461773696312e-07
0.26 0.22 0 7.084347277971971e-07
0.26 0.23 0 2.575963316246047e-05
0.26 0.24 0 5.093995840671252e-07
0.26 0.25 0 7.037982542518794e-07
0.26 0.26 0 4.050888733713419e-07
0.26 0.27 0 2.1095440135014372e-07
0.26 0.28 0 1.5823669007739407e-07
0.26 0.29 0 1.3019923079437746e-07
0.26 0.3 0 2.5177274258044996e-08
0.26 0.31 0 3.1997802983031737e-07
0.26 0.32 0 2.1337573773659276e-08
0.26 0.33 0 2.8246163321196474e-08
0.26 0.34 0 3.6877368470689154e-09
0.26 0.35000000000000003 0 4.413137150191931e-09
0.26 0.36 0 4.7247141972713586e-08
0.26 0.37 0 4.038606179939128e-07
0.26 0.38 0 3.972816801981145e-06
0.26 0.39 0 6.452120070985137e-07
0.26 0.4 0 7.399397546953627e-07
0.26 0.41000000000000003 0 6.863946700733989e-07
0.26 0.42 0 4.390946950137476e-07
0.26 0.43 0 1.6291417419756127e-06
0.26 0.44 0 1.953448538839181e-05
0.26 0.45 0 4.871552022781777e-06
0.26 0.46 0 7.273016503550228e-06
0.26 0.47000000000000003 0 8.192481464540288e-06
0.26 0.48 0 1.0307765206357708e-05
0.26 0.49 0 2.079041459081913e-05
0.26 0.5 0 0.0001344278117082678
0.27 0.0 0 3.05307021665858e-06
0.27 0.01 0 2.4914595492092255e-06
0.27 0.02 0 9.529176929226898e-06
0.27 0.03 0 2.543952011639152e-05
0.27 0.04 0 1.7350068352122602e-05
0.27 0.05 0 0.000796961187563331
0.27 0.06 0 0.0016718937790720812
0.27 0.07 0 0.0010564446018840382
0.27 0.08 0 0.0006982607017363971
0.27 0.09 0 0.0004455887652415282
0.27 0.1 0 0.0001554530119138906
0.27 0.11 0 4.690684413713822e-05
0.27 0.12 0 1.4310819956555567e-05
0.27 0.13 0 1.1972324693461686e-05
0.27 0.14 0 0.00012424353201323938
0.27 0.15 0 8.905988626405397e-05
0.27 0.16 0 1.3343908136114147e-05
0.27 0.17 0 4.513996057757919e-06
0.27 0.18 0 4.865237929746987e-07
0.27 0.19 0 5.621346218980711e-07
0.27 0.2 0 1.108496984307761e-06
0.27 0.21 0 1.516239984718361e-06
0.27 0.22 0 1.1813334383242304e-06
0.27 0.23 0 7.616916380725514e-07
0.27 0.24 0 2.7073038291655917e-06
0.27 0.25 0 2.587439782676043e-07
0.27 0.26 0 9.91850291458901e-07
0.27 0.27 0 2.5741370813626063e-07
0.27 0.28 0 1.042159756069776e-07
0.27 0.29 0 1.6453238282581092e-07
0.27 0.3 0 9.359369367307969e-08
0.27 0.31 0 5.6790382947893115e-08
0.27 0.32 0 1.0839728408381317e-08
0.27 0.33 0 3.594306371323008e-09
0.27 0.34 0 1.3099157023208315e-07
0.27 0.35000000000000003 0 6.273751261426991e-08
0.27 0.36 0 1.3812686492878537e-06
0.27 0.37 0 2.3723598326685594e-05
0.27 0.38 0 0.0001804629679226597
0.27 0.39 0 0.00017608426656943088
0.27 0.4 0 4.6074947937599745e-06
0.27 0.41000000000000003 0 3.6735174018323894e-06
0.27 0.42 0 1.4139697434943132e-06
0.27 0.43 0 1.1195749327287774e-06
0.27 0.44 0 3.307680524327604e-06
0.27 0.45 0 1.2191251031084555e-05
0.27 0.46 0 1.922035072969709e-05
0.27 0.47000000000000003 0 2.3988712835192327e-05
0.27 0.48 0 1.0330286479963957e-05
0.27 0.49 0 1.30253161190604e-05
0.27 0.5 0 1.9628730077124728e-05
0.28 0.0 0 6.858642716002219e-06
0.28 0.01 0 6.264591631735795e-06
0.28 0.02 0 1.107949511231629e-05
0.28 0.03 0 5.510738068256227e-05
0.28 0.04 0 3.5721313106288854e-05
0.28 0.05 0 0.0002459138227712905
0.28 0.06 0 0.003936730326167571
0.28 0.07 0 0.0025470812809817735
0.28 0.08 0 0.0002552635458190872
0.28 0.09 0 0.0002801400038761094
0.28 0.1 0 0.00024813292638390023
0.28 0.11 0 0.00014914788017006143
0.28 0.12 0 3.795534986903085e-05
0.28 0.13 0 6.427906613039678e-05
0.28 0.14 0 0.00034465979468831877
0.28 0.15 0 0.00012854051369191354
0.28 0.16 0 0.00022425156751469978
0.28 0.17 0 0.0001621676668758376
0.28 0.18 0 3.3013719025590746e-06
0.28 0.19 0 2.763738595224065e-06
0.28 0.2 0 4.897324708020955e-06
0.28 0.21 0 1.120401441166136e-06
0.28 0.22 0 9.600255643169512e-07
0.28 0.23 0 3.662057103680538e-07
0.28 0.24 0 2.9796771217506287e-06
0.28 0.25 0 3.592390390316636e-07
0.28 0.26 0 6.533350656990577e-07
0.28 0.27 0 5.221020098707177e-07
0.28 0.28 0 1.6693799322747682e-07
0.28 0.29 0 8.365474360972297e-08
0.28 0.3 0 5.1183858433254115e-08
0.28 0.31 0 1.538794706055909e-08
0.28 0.32 0 2.250375165032241e-08
0.28 0.33 0 7.838144914047976e-09
0.28 0.34 0 3.2590042886056164e-07
0.28 0.35000000000000003 0 3.0915907650645665e-07
0.28 0.36 0 1.5097606468364039e-06
0.28 0.37 0 1.706678138479789e-05
0.28 0.38 0 0.00016331709371357437
0.28 0.39 0 0.00013158164605413442
0.28 0.4 0 3.65736079893131e-05
0.28 0.41000000000000003 0 1.4600122962037514e-05
0.28 0.42 0 0.00014585785325002608
0.28 0.43 0 5.0635675725120714e-05
0.28 0.44 0 4.991938496861262e-05
0.28 0.45 0 6.58803074528084e-06
0.28 0.46 0 5.181196780429575e-05
0.28 0.47000000000000003 0 5.866918590576864e-05
0.28 0.48 0 7.86049430795326e-05
0.28 0.49 0 2.2749953533184465e-06
0.28 0.5 0 9.395336591377185e-07
0.29 0.0 0 1.1450748867595793e-05
0.29 0.01 0 1.3124181719153323e-06
0.29 0.02 0 8.017193598998374e-06
0.29 0.03 0 8.347080018037784e-06
0.29 0.04 0 1.5605865789569463e-05
0.29 0.05 0 3.8778463719301944e-05
0.29 0.06 0 8.278017338383212e-05
0.29 0.07 0 3.680562289251044e-05
0.29 0.08 0 5.947163485018414e-05
0.29 0.09 0 1.3219921532914576e-05
0.29 0.1 0 1.0501303058657693e-05
0.29 0.11 0 5.627749874311894e-05
0.29 0.12 0 0.00020329137380326802
0.29 0.13 0 0.00025459706103828344
0.29 0.14 0 0.001500054684381677
0.29 0.15 0 0.0005542025545483991
0.29 0.16 0 0.0003785281983964678
0.29 0.17 0 0.0006712679535961067
0.29 0.18 0 0.000226967519427874
0.29 0.19 0 1.6982742199744915e-05
0.29 0.2 0 1.337798160531891e-06
0.29 0.21 0 4.1965437054228664e-07
0.29 0.22 0 1.0536021238071901e-06
0.29 0.23 0 3.6676661266886755e-07
0.29 0.24 0 7.334043893284982e-07
0.29 0.25 0 2.544102833177356e-06
0.29 0.26 0 8.129747865138574e-06
0.29 0.27 0 4.763149573119619e-05
0.29 0.28 0 6.329858696371848e-07
0.29 0.29 0 3.940318732461002e-07
0.29 0.3 0 1.2820625138581876e-07
0.29 0.31 0 2.1297625367252313e-08
0.29 0.32 0 6.805233147374818e-08
0.29 0.33 0 1.539828511472815e-07
0.29 0.34 0 9.610734299589569e-08
0.29 0.35000000000000003 0 2.4243915531554666e-07
0.29 0.36 0 5.591192010076661e-07
0.29 0.37 0 4.3457072951096286e-06
0.29 0.38 0 1.970768160099252e-05
0.29 0.39 0 6.756311058233966e-05
0.29 0.4 0 0.00016000178547873859
0.29 0.41000000000000003 0 0.0001391408307147266
0.29 0.42 0 0.0002382842144728219
0.29 0.43 0 0.00010194290732689986
0.29 0.44 0 1.4402287577143148e-05
0.29 0.45 0 3.2449008726976594e-06
0.29 0.46 0 2.062501163007978e-05
0.29 0.47000000000000003 0 2.085568195717671e-06
0.29 0.48 0 4.490658104360504e-07
0.29 0.49 0 9.593523428533772e-07
0.29 0.5 0 2.9753955255406576e-07
0.3 0.0 0 1.9164445621147442e-06
0.3 0.01 0 3.9839733526853956e-07
0.3 0.02 0 2.4989649364818127e-06
0.3 0.03 0 2.9280367177510325e-05
0.3 0.04 0 2.6886912270324925e-05
0.3 0.05 0 1.9060422843449396e-05
0.3 0.06 0 8.504132080398268e-06
0.3 0.07 0 1.548144532001541e-05
0.3 0.08 0 1.2672839529960761e-05
0.3 0.09 0 5.005325692612593e-05
0.3 0.1 0 1.656927510699023e-05
0.3 0.11 0 1.4790767161593538e-05
0.3 0.12 0 0.0002901844606555766
0.3 0.13 0 0.0002291722240275157
0.3 0.14 0 0.0001567536407799696
0.3 0.15 0 0.00033442590815162607
0.3 0.16 0 6.223036643728417e-05
0.3 0.17 0 9.079640674831264e-06
0.3 0.18 0 1.5779903844058435e-05
0.3 0.19 0 2.526909141551362e-06
0.3 0.2 0 1.3710324916624851e-06
0.3 0.21 0 1.15080356771192e-06
0.3 0.22 0 2.397334497443027e-06
0.3 0.23 0 2.3461540012827315e-06
0.3 0.24 0 8.391001849016267e-06
0.3 0.25 0 3.1558849779646542e-06
0.3 0.26 0 1.0668095117343826e-05
0.3 0.27 0 2.3217626774934062e-05
0.3 0.28 0 5.6697832457234e-06
0.3 0.29 0 2.755716078550349e-07
0.3 0.3 0 3.436068880979334e-07
0.3 0.31 0 1.1650248973694247e-07
0.3 0.32 0 1.1414632136105897e-07
0.3 0.33 0 1.914991549151927e-08
0.3 0.34 0 3.2101053252033596e-06
0.3 0.35000000000000003 0 4.23798602323646e-06
0.3 0.36 0 1.5551439489097847e-06
0.3 0.37 0 1.4881228557239474e-06
0.3 0.38 0 3.3987132573068305e-05
0.3 0.39 0 0.00011127407364104498
0.3 0.4 0 6.48977487203716e-05
0.3 0.41000000000000003 0 8.139685729062913e-05
0.3 0.42 0 6.659184909018643e-05
0.3 0.43 0 2.279360391445854e-06
0.3 0.44 0 3.903338143464234e-06
0.3 0.45 0 4.636891675387751e-06
0.3 0.46 0 7.006558854378853e-06
0.3 0.47000000000000003 0 6.691130976197722e-07
0.3 0.48 0 2.0155430115099507e-07
0.3 0.49 0 2.415351534015074e-06
0.3 0.5 0 2.7285937543828553e-07
#STOP
