#MEDIUM_PROPERTIES_DISTRIBUTED
$MSH_TYPE
	 GROUNDWATER_FLOW	
$MMP_TYPE
	 PERMEABILITY	
$DIS_TYPE
	 NEAREST_VALUE	
;hj
$CONVERSION_FACTOR
	 1.0	
$DATA
0.0 0.0 0 2.737954426264292e-07
0.0 0.01 0 6.086847738390606e-07
0.0 0.02 0 1.4103496518496018e-07
0.0 0.03 0 2.7053194913859884e-07
0.0 0.04 0 6.146871720189592e-07
0.0 0.05 0 1.6294370110893685e-06
0.0 0.06 0 9.110895513169375e-07
0.0 0.07 0 1.1877444174590986e-06
0.0 0.08 0 1.324863612323332e-06
0.0 0.09 0 1.1645874576522128e-06
0.0 0.1 0 2.534719795180068e-06
0.0 0.11 0 7.52712560818164e-06
0.0 0.12 0 4.532513087778086e-06
0.0 0.13 0 3.6652369801522618e-06
0.0 0.14 0 7.835477422512304e-06
0.0 0.15 0 4.322500169551338e-06
0.0 0.16 0 4.091577582918925e-06
0.0 0.17 0 4.450488211700678e-06
0.0 0.18 0 4.266702973825076e-06
0.0 0.19 0 2.2791242481847012e-06
0.0 0.2 0 3.253134912994654e-06
0.0 0.21 0 4.903958796765737e-06
0.0 0.22 0 3.0359311036391963e-06
0.0 0.23 0 1.2730305609575079e-06
0.0 0.24 0 1.3137103174292863e-06
0.0 0.25 0 3.8523162562185144e-07
0.0 0.26 0 5.298322962073288e-07
0.0 0.27 0 5.964709610219946e-07
0.0 0.28 0 8.841163447608913e-07
0.0 0.29 0 5.092643972746164e-07
0.0 0.3 0 5.073349901960974e-07
0.0 0.31 0 5.342713009732618e-07
0.0 0.32 0 1.4415903777483754e-06
0.0 0.33 0 1.5019770544586609e-06
0.0 0.34 0 1.474107141031837e-06
0.0 0.35000000000000003 0 1.8829941872017734e-06
0.0 0.36 0 5.554974545375684e-06
0.0 0.37 0 6.840184386439249e-06
0.0 0.38 0 3.0306365509210764e-06
0.0 0.39 0 4.985441393793997e-06
0.0 0.4 0 6.289104406497343e-06
0.0 0.41000000000000003 0 4.5789748896682925e-06
0.0 0.42 0 7.55990234657442e-06
0.0 0.43 0 1.5376451018748363e-05
0.0 0.44 0 2.4074020819556196e-05
0.0 0.45 0 2.000890046501805e-05
0.0 0.46 0 2.0263155621481365e-05
0.0 0.47000000000000003 0 1.9820588301492306e-05
0.0 0.48 0 1.9619957650783837e-05
0.0 0.49 0 3.3539627030385424e-05
0.0 0.5 0 7.93181726054651e-05
0.01 0.0 0 1.8835303179928573e-07
0.01 0.01 0 8.262503930039717e-08
0.01 0.02 0 4.4421526259785037e-07
0.01 0.03 0 4.790280988830563e-07
0.01 0.04 0 2.5697477076076306e-07
0.01 0.05 0 2.71829322425528e-07
0.01 0.06 0 5.166558374839182e-07
0.01 0.07 0 2.951402394941844e-07
0.01 0.08 0 1.0065292411095892e-06
0.01 0.09 0 1.70349578380595e-06
0.01 0.1 0 6.087355114767021e-06
0.01 0.11 0 6.391626136892379e-06
0.01 0.12 0 6.316756049592699e-06
0.01 0.13 0 7.509747068082366e-06
0.01 0.14 0 6.998564401231304e-06
0.01 0.15 0 1.4111094624494086e-05
0.01 0.16 0 1.2249999816764647e-05
0.01 0.17 0 2.6114603156342435e-05
0.01 0.18 0 5.049630597790544e-05
0.01 0.19 0 1.868421680958283e-05
0.01 0.2 0 2.4225753668485285e-06
0.01 0.21 0 2.2739253612432805e-06
0.01 0.22 0 1.355400145466757e-06
0.01 0.23 0 2.40644362939106e-06
0.01 0.24 0 1.3758806034808279e-06
0.01 0.25 0 1.2301487717212133e-06
0.01 0.26 0 8.213942113840339e-07
0.01 0.27 0 1.3982784305913242e-06
0.01 0.28 0 1.9291230088141858e-06
0.01 0.29 0 2.3539894318217597e-06
0.01 0.3 0 1.3118502286984375e-06
0.01 0.31 0 3.005380683123252e-06
0.01 0.32 0 1.5588552420928205e-06
0.01 0.33 0 8.313553571663799e-06
0.01 0.34 0 1.9515496731594295e-05
0.01 0.35000000000000003 0 1.819165393397244e-05
0.01 0.36 0 1.0240190866801671e-05
0.01 0.37 0 1.1546610596831672e-05
0.01 0.38 0 1.2351384347977514e-05
0.01 0.39 0 2.1179244370394883e-05
0.01 0.4 0 4.941991982687835e-05
0.01 0.41000000000000003 0 0.00010015344017624151
0.01 0.42 0 8.692585853978749e-05
0.01 0.43 0 9.47696427254337e-05
0.01 0.44 0 0.00020511240378977573
0.01 0.45 0 0.00010050303990626901
0.01 0.46 0 0.00017597659987169244
0.01 0.47000000000000003 0 0.0001597841672347937
0.01 0.48 0 0.00012834356366338726
0.01 0.49 0 0.00023438762944999803
0.01 0.5 0 0.00036214371022160624
0.02 0.0 0 7.619662552759515e-07
0.02 0.01 0 1.6179569981765328e-06
0.02 0.02 0 9.567992203916058e-07
0.02 0.03 0 4.656440714201782e-07
0.02 0.04 0 6.027903309592735e-07
0.02 0.05 0 1.3752063811250809e-06
0.02 0.06 0 1.3367523028724044e-06
0.02 0.07 0 2.7921142678382675e-06
0.02 0.08 0 2.5811758389786896e-06
0.02 0.09 0 3.895152754047442e-06
0.02 0.1 0 3.4902343651832993e-06
0.02 0.11 0 3.941785675497604e-06
0.02 0.12 0 1.0309801011718762e-05
0.02 0.13 0 1.8715778655268674e-05
0.02 0.14 0 1.1880757132647905e-05
0.02 0.15 0 2.5514162348224155e-05
0.02 0.16 0 4.383483263166091e-05
0.02 0.17 0 7.437597274711412e-05
0.02 0.18 0 0.00010724340185626309
0.02 0.19 0 6.732812789856408e-05
0.02 0.2 0 5.392553330855077e-05
0.02 0.21 0 8.741644831719384e-06
0.02 0.22 0 9.538991316566794e-06
0.02 0.23 0 6.278450068249003e-06
0.02 0.24 0 4.843769139987902e-06
0.02 0.25 0 2.654838209841361e-06
0.02 0.26 0 2.293224100359399e-06
0.02 0.27 0 1.7788159034627182e-06
0.02 0.28 0 5.102528969410031e-06
0.02 0.29 0 3.090724997054745e-06
0.02 0.3 0 7.373449473303048e-06
0.02 0.31 0 9.767111683187488e-06
0.02 0.32 0 1.080830474690621e-05
0.02 0.33 0 5.728323444229404e-06
0.02 0.34 0 1.31019982583583e-05
0.02 0.35000000000000003 0 4.9873627340973266e-05
0.02 0.36 0 0.00010306290606045995
0.02 0.37 0 5.776596898035765e-05
0.02 0.38 0 0.00020177806881823595
0.02 0.39 0 0.000121028782583201
0.02 0.4 0 0.00013117308183199493
0.02 0.41000000000000003 0 0.00017739202981647105
0.02 0.42 0 9.875037836057673e-05
0.02 0.43 0 4.3363817705838945e-05
0.02 0.44 0 1.5539424309837298e-05
0.02 0.45 0 1.9912127191637443e-05
0.02 0.46 0 3.055580683976147e-05
0.02 0.47000000000000003 0 7.816187557707455e-05
0.02 0.48 0 6.750935160103681e-05
0.02 0.49 0 2.836286449322234e-05
0.02 0.5 0 1.3733664095524119e-05
0.03 0.0 0 1.1803698791524776e-06
0.03 0.01 0 1.240644260496489e-06
0.03 0.02 0 9.71674169960565e-07
0.03 0.03 0 6.422760718622047e-07
0.03 0.04 0 1.262325265299511e-06
0.03 0.05 0 1.4542627088421793e-06
0.03 0.06 0 1.3795605895666733e-06
0.03 0.07 0 1.6597227307811196e-06
0.03 0.08 0 1.4171692090435372e-06
0.03 0.09 0 1.6884907318229935e-06
0.03 0.1 0 1.1893145126727164e-06
0.03 0.11 0 1.2405185586259586e-06
0.03 0.12 0 1.5082733538921578e-06
0.03 0.13 0 3.209038482291867e-06
0.03 0.14 0 1.1204098081629352e-05
0.03 0.15 0 8.652882268744053e-06
0.03 0.16 0 5.982884722790828e-06
0.03 0.17 0 1.095997572633616e-05
0.03 0.18 0 1.5862101080386033e-05
0.03 0.19 0 1.674929984638247e-05
0.03 0.2 0 1.2864105626960885e-05
0.03 0.21 0 9.80964767822922e-06
0.03 0.22 0 1.0554802652367403e-05
0.03 0.23 0 1.183014329653551e-05
0.03 0.24 0 9.675114986377722e-06
0.03 0.25 0 1.1136835348569068e-05
0.03 0.26 0 3.821891954446819e-06
0.03 0.27 0 2.745310010897981e-06
0.03 0.28 0 1.2843378335409991e-06
0.03 0.29 0 7.152798123672997e-06
0.03 0.3 0 2.0899044803156666e-05
0.03 0.31 0 1.644163176813906e-05
0.03 0.32 0 9.118293836823083e-06
0.03 0.33 0 6.5813871768163715e-06
0.03 0.34 0 2.3997806504854462e-06
0.03 0.35000000000000003 0 4.4548716135535485e-06
0.03 0.36 0 1.830661893522681e-05
0.03 0.37 0 9.731528861669352e-05
0.03 0.38 0 9.303223571013288e-05
0.03 0.39 0 7.729951630749069e-05
0.03 0.4 0 5.093824456454261e-05
0.03 0.41000000000000003 0 2.400107242476264e-05
0.03 0.42 0 2.0971442625065736e-05
0.03 0.43 0 2.751161724800379e-05
0.03 0.44 0 1.3028428209816087e-05
0.03 0.45 0 1.9434436637694118e-05
0.03 0.46 0 3.0139063489677014e-05
0.03 0.47000000000000003 0 2.793395888275596e-05
0.03 0.48 0 4.090929472861447e-05
0.03 0.49 0 2.4979489082783447e-05
0.03 0.5 0 2.626901952012471e-05
0.04 0.0 0 1.3832685241328483e-06
0.04 0.01 0 8.260461037251498e-07
0.04 0.02 0 1.4761326563098394e-06
0.04 0.03 0 1.626223832599929e-06
0.04 0.04 0 1.9778237772854197e-06
0.04 0.05 0 2.43170006750303e-06
0.04 0.06 0 2.5266817842464848e-06
0.04 0.07 0 1.1830958511380404e-06
0.04 0.08 0 1.3548675947731938e-06
0.04 0.09 0 1.0520878304028908e-06
0.04 0.1 0 1.0017993399953864e-06
0.04 0.11 0 1.0542710321554504e-06
0.04 0.12 0 1.6177073862145427e-06
0.04 0.13 0 8.487084872500125e-07
0.04 0.14 0 8.102273812724816e-07
0.04 0.15 0 5.260870084523336e-07
0.04 0.16 0 5.766005809073778e-07
0.04 0.17 0 9.621404226725865e-07
0.04 0.18 0 4.201003855334762e-06
0.04 0.19 0 8.006136302002667e-06
0.04 0.2 0 1.3125071009964716e-05
0.04 0.21 0 3.80040698585762e-05
0.04 0.22 0 2.852947801038379e-05
0.04 0.23 0 1.1848051758784305e-05
0.04 0.24 0 8.067936128843152e-06
0.04 0.25 0 6.58561482298421e-06
0.04 0.26 0 5.3343060578546725e-06
0.04 0.27 0 8.454131203085913e-06
0.04 0.28 0 7.948209037621825e-06
0.04 0.29 0 2.269745904312067e-06
0.04 0.3 0 1.541679123500131e-06
0.04 0.31 0 2.309700522436869e-06
0.04 0.32 0 2.402821866284575e-06
0.04 0.33 0 1.748372482705805e-06
0.04 0.34 0 3.271273306746966e-06
0.04 0.35000000000000003 0 1.9011769416437042e-06
0.04 0.36 0 1.4287011374986298e-06
0.04 0.37 0 4.302176249784082e-06
0.04 0.38 0 5.6221673133999915e-06
0.04 0.39 0 2.2506950634201646e-06
0.04 0.4 0 1.5810867457024138e-06
0.04 0.41000000000000003 0 4.4980308501504244e-06
0.04 0.42 0 1.2055718285855715e-05
0.04 0.43 0 2.8489342712154097e-05
0.04 0.44 0 5.131504977604798e-05
0.04 0.45 0 2.7592976232632584e-05
0.04 0.46 0 1.4232336255469709e-05
0.04 0.47000000000000003 0 1.658866374400997e-05
0.04 0.48 0 1.2540670157555404e-05
0.04 0.49 0 1.2197653257234589e-05
0.04 0.5 0 2.954512183671576e-05
0.05 0.0 0 4.606770840214476e-07
0.05 0.01 0 5.229421476515022e-07
0.05 0.02 0 2.317498422207531e-07
0.05 0.03 0 3.347946173561679e-07
0.05 0.04 0 2.503886159531828e-07
0.05 0.05 0 3.370636755136888e-07
0.05 0.06 0 1.6823762565707301e-07
0.05 0.07 0 2.3320963541739736e-07
0.05 0.08 0 2.5594851734278034e-07
0.05 0.09 0 1.5504443094433573e-06
0.05 0.1 0 2.1329536491942344e-06
0.05 0.11 0 3.3078463689189054e-06
0.05 0.12 0 7.025600764353118e-06
0.05 0.13 0 7.802019362814038e-06
0.05 0.14 0 1.7565261691990074e-06
0.05 0.15 0 1.6370551997863045e-06
0.05 0.16 0 1.391048620412926e-06
0.05 0.17 0 1.646762841251333e-06
0.05 0.18 0 1.28790012831518e-06
0.05 0.19 0 2.7238085003079155e-06
0.05 0.2 0 1.3021502734347523e-06
0.05 0.21 0 5.655501114435271e-07
0.05 0.22 0 6.610973592057789e-07
0.05 0.23 0 5.556412218595632e-07
0.05 0.24 0 3.955656037506318e-07
0.05 0.25 0 5.571017429468912e-07
0.05 0.26 0 5.376310871162202e-07
0.05 0.27 0 1.8750729229499967e-07
0.05 0.28 0 2.543708556100044e-07
0.05 0.29 0 1.6893104028365834e-07
0.05 0.3 0 8.258555026637851e-08
0.05 0.31 0 4.178003739024303e-08
0.05 0.32 0 1.664402621284638e-07
0.05 0.33 0 2.899026699855979e-07
0.05 0.34 0 4.374106069062428e-07
0.05 0.35000000000000003 0 1.138538459072346e-06
0.05 0.36 0 1.7733379828672092e-06
0.05 0.37 0 1.3931882556707806e-06
0.05 0.38 0 2.8105416199676474e-06
0.05 0.39 0 3.903121650018523e-06
0.05 0.4 0 4.566043136299525e-06
0.05 0.41000000000000003 0 3.834089949331338e-06
0.05 0.42 0 4.244493530025095e-06
0.05 0.43 0 3.230598325008588e-06
0.05 0.44 0 5.817325941171791e-06
0.05 0.45 0 9.691822118323047e-06
0.05 0.46 0 9.010336703104676e-06
0.05 0.47000000000000003 0 2.9524372823177515e-06
0.05 0.48 0 1.6190710626980281e-06
0.05 0.49 0 1.2134118772348004e-06
0.05 0.5 0 3.7222072288727854e-06
0.06 0.0 0 5.2792593442567126e-08
0.06 0.01 0 6.761146023613379e-08
0.06 0.02 0 8.958091698706802e-08
0.06 0.03 0 1.1992317640336359e-07
0.06 0.04 0 2.6779035300220806e-07
0.06 0.05 0 7.89745576634064e-08
0.06 0.06 0 1.3243922021792299e-07
0.06 0.07 0 9.558425645766738e-08
0.06 0.08 0 1.720484621749975e-07
0.06 0.09 0 1.3925054491530766e-07
0.06 0.1 0 3.363889609684495e-07
0.06 0.11 0 3.9797870684480195e-07
0.06 0.12 0 6.835332186493812e-07
0.06 0.13 0 7.289094837105861e-07
0.06 0.14 0 1.161540224472903e-06
0.06 0.15 0 1.8016821187385356e-07
0.06 0.16 0 1.6343216207599403e-07
0.06 0.17 0 2.5045470541873835e-07
0.06 0.18 0 1.9219064525095547e-07
0.06 0.19 0 1.3003920991310258e-07
0.06 0.2 0 1.8447257319629224e-07
0.06 0.21 0 2.3026735342952352e-07
0.06 0.22 0 4.420853978600123e-07
0.06 0.23 0 9.213930874450372e-07
0.06 0.24 0 3.2315558526264796e-06
0.06 0.25 0 2.178019547894002e-06
0.06 0.26 0 1.7784887579428919e-06
0.06 0.27 0 4.168598383806521e-06
0.06 0.28 0 3.692090811437023e-06
0.06 0.29 0 7.831904590460064e-06
0.06 0.3 0 7.067856661680383e-06
0.06 0.31 0 1.0007951002349697e-05
0.06 0.32 0 1.0102036997133971e-05
0.06 0.33 0 1.720498405148812e-05
0.06 0.34 0 8.607017298162745e-06
0.06 0.35000000000000003 0 7.897021856269857e-06
0.06 0.36 0 2.395278241217547e-06
0.06 0.37 0 2.6260075463579286e-06
0.06 0.38 0 8.892091314215766e-07
0.06 0.39 0 1.1711725291929584e-06
0.06 0.4 0 1.5435065693088159e-06
0.06 0.41000000000000003 0 2.753788892297495e-06
0.06 0.42 0 3.5373024684476155e-06
0.06 0.43 0 1.6686198375201249e-06
0.06 0.44 0 6.362892257902951e-07
0.06 0.45 0 1.975115918088402e-06
0.06 0.46 0 3.176719476331665e-06
0.06 0.47000000000000003 0 5.329554481944998e-06
0.06 0.48 0 4.6262419060867235e-06
0.06 0.49 0 4.524126605464944e-06
0.06 0.5 0 2.4732721395280966e-06
0.07 0.0 0 4.6525723152097565e-07
0.07 0.01 0 1.4519866606366525e-07
0.07 0.02 0 6.126527045419564e-08
0.07 0.03 0 1.0306499008963662e-07
0.07 0.04 0 1.4400385556966237e-07
0.07 0.05 0 3.4048001775812053e-07
0.07 0.06 0 2.586039875204614e-07
0.07 0.07 0 1.325053242459246e-07
0.07 0.08 0 1.658106669464406e-07
0.07 0.09 0 1.5361508598422519e-07
0.07 0.1 0 4.4767127647099215e-08
0.07 0.11 0 1.2785036049190052e-07
0.07 0.12 0 1.365195575687525e-07
0.07 0.13 0 3.0102549831438323e-07
0.07 0.14 0 4.3213662345269563e-07
0.07 0.15 0 2.668889984186788e-06
0.07 0.16 0 1.9075787259265752e-06
0.07 0.17 0 3.116024261050348e-07
0.07 0.18 0 1.9440067167480187e-07
0.07 0.19 0 3.885503384879228e-07
0.07 0.2 0 3.585838442219205e-07
0.07 0.21 0 1.1019864052211005e-06
0.07 0.22 0 2.1669406991796814e-06
0.07 0.23 0 2.4355291354483415e-06
0.07 0.24 0 1.8170353498921636e-06
0.07 0.25 0 1.147876381051789e-06
0.07 0.26 0 1.876976407977376e-06
0.07 0.27 0 2.373357765653555e-06
0.07 0.28 0 4.169457022677869e-06
0.07 0.29 0 9.283634862199851e-06
0.07 0.3 0 1.7025769286896897e-05
0.07 0.31 0 3.247954168317883e-05
0.07 0.32 0 3.0328694875208035e-05
0.07 0.33 0 1.0994694889007789e-05
0.07 0.34 0 2.194347085322538e-05
0.07 0.35000000000000003 0 1.1944162797193225e-05
0.07 0.36 0 4.1763300620604886e-05
0.07 0.37 0 5.219198698090895e-05
0.07 0.38 0 7.105287925960712e-05
0.07 0.39 0 3.823685211159492e-05
0.07 0.4 0 6.21335622159305e-05
0.07 0.41000000000000003 0 4.092990267981401e-05
0.07 0.42 0 2.5398516145409842e-05
0.07 0.43 0 3.944015370259115e-06
0.07 0.44 0 5.280887784546635e-06
0.07 0.45 0 5.469620888887537e-06
0.07 0.46 0 1.2774502441895564e-05
0.07 0.47000000000000003 0 1.9472460860569622e-05
0.07 0.48 0 7.67794700470834e-06
0.07 0.49 0 2.9297189962945485e-06
0.07 0.5 0 1.2694132187021117e-06
0.08 0.0 0 2.2172657032617152e-07
0.08 0.01 0 6.615418459811965e-08
0.08 0.02 0 6.406952182368071e-08
0.08 0.03 0 1.2959270315825301e-07
0.08 0.04 0 1.1963338848616076e-07
0.08 0.05 0 8.24504028934199e-08
0.08 0.06 0 5.562640484043695e-08
0.08 0.07 0 2.8440016308207586e-08
0.08 0.08 0 8.647474285857126e-09
0.08 0.09 0 1.482203879914994e-08
0.08 0.1 0 1.1290567371359726e-07
0.08 0.11 0 2.1657814565620857e-07
0.08 0.12 0 3.732712371816857e-07
0.08 0.13 0 7.257220577969158e-07
0.08 0.14 0 3.806768003470393e-07
0.08 0.15 0 2.3492243051318242e-07
0.08 0.16 0 6.465202346995158e-07
0.08 0.17 0 1.3378771218205272e-06
0.08 0.18 0 2.7608880740622233e-06
0.08 0.19 0 1.7321444164661e-06
0.08 0.2 0 2.182050811682819e-06
0.08 0.21 0 2.185260744827234e-06
0.08 0.22 0 2.527061457971351e-06
0.08 0.23 0 2.696127821356674e-06
0.08 0.24 0 1.0957143169713285e-06
0.08 0.25 0 1.2659775972429633e-06
0.08 0.26 0 1.935730558394347e-06
0.08 0.27 0 4.357324486429888e-06
0.08 0.28 0 2.3729336765798854e-05
0.08 0.29 0 3.6787009494823986e-05
0.08 0.3 0 8.861118682560677e-06
0.08 0.31 0 6.699106184220899e-06
0.08 0.32 0 9.734453516273474e-06
0.08 0.33 0 1.54713976226019e-05
0.08 0.34 0 1.0183729183992537e-05
0.08 0.35000000000000003 0 2.4573247266598696e-05
0.08 0.36 0 7.028172764483496e-05
0.08 0.37 0 8.334100252570756e-05
0.08 0.38 0 7.251262380725593e-05
0.08 0.39 0 9.43643131983578e-05
0.08 0.4 0 2.9298374691221507e-05
0.08 0.41000000000000003 0 3.9449447770799295e-05
0.08 0.42 0 1.5720414385588603e-05
0.08 0.43 0 3.309899946763547e-05
0.08 0.44 0 3.840987945281387e-05
0.08 0.45 0 2.8174361537375417e-05
0.08 0.46 0 8.924431315715026e-06
0.08 0.47000000000000003 0 7.857259235052185e-06
0.08 0.48 0 5.794638195580351e-06
0.08 0.49 0 2.7710261149566724e-06
0.08 0.5 0 1.0806886599328043e-06
0.09 0.0 0 1.7079385855637e-07
0.09 0.01 0 4.414054357831633e-07
0.09 0.02 0 4.562892260123883e-07
0.09 0.03 0 2.826324230120898e-07
0.09 0.04 0 2.2566296037687528e-07
0.09 0.05 0 2.0057240202111686e-07
0.09 0.06 0 1.4966334486470122e-07
0.09 0.07 0 1.7215502796426563e-07
0.09 0.08 0 1.5382801211590959e-07
0.09 0.09 0 1.567336480605767e-07
0.09 0.1 0 4.856214345773662e-07
0.09 0.11 0 7.68014084793579e-07
0.09 0.12 0 8.687976533457186e-07
0.09 0.13 0 3.719888678419178e-07
0.09 0.14 0 3.9912210379539125e-07
0.09 0.15 0 2.7594742890043697e-07
0.09 0.16 0 5.813816132434644e-07
0.09 0.17 0 1.6082528364232515e-06
0.09 0.18 0 3.6105860818088894e-06
0.09 0.19 0 4.960679044032889e-06
0.09 0.2 0 6.281302159024187e-06
0.09 0.21 0 3.435449785526872e-06
0.09 0.22 0 3.901377872282747e-06
0.09 0.23 0 7.839048875366105e-06
0.09 0.24 0 6.457861490802927e-06
0.09 0.25 0 4.631893417447039e-06
0.09 0.26 0 1.0634480741161288e-05
0.09 0.27 0 3.395627256723072e-05
0.09 0.28 0 4.7688006447387845e-05
0.09 0.29 0 3.41435182858475e-05
0.09 0.3 0 3.9049454167355455e-05
0.09 0.31 0 1.4563746548701182e-05
0.09 0.32 0 1.0694736403578639e-05
0.09 0.33 0 1.318341583081542e-05
0.09 0.34 0 2.436136354017762e-05
0.09 0.35000000000000003 0 6.149058251399592e-05
0.09 0.36 0 7.170154442021355e-05
0.09 0.37 0 2.7907081827411047e-05
0.09 0.38 0 1.7170715899260662e-05
0.09 0.39 0 1.4453105707020462e-05
0.09 0.4 0 7.818699706085814e-06
0.09 0.41000000000000003 0 4.124376536493831e-06
0.09 0.42 0 4.96913868118087e-06
0.09 0.43 0 2.3558238915620944e-06
0.09 0.44 0 6.806742878785441e-07
0.09 0.45 0 9.074113864877649e-07
0.09 0.46 0 2.1140105247572327e-06
0.09 0.47000000000000003 0 5.134922247118767e-07
0.09 0.48 0 6.63203375655036e-07
0.09 0.49 0 1.8051662541486169e-06
0.09 0.5 0 3.2517550624827103e-06
0.1 0.0 0 4.653136294902508e-07
0.1 0.01 0 3.680010089852143e-07
0.1 0.02 0 3.00711522324605e-07
0.1 0.03 0 1.8489548831057655e-07
0.1 0.04 0 8.954121168114684e-08
0.1 0.05 0 7.794365240062583e-08
0.1 0.06 0 6.147309030753999e-08
0.1 0.07 0 8.574185056950479e-08
0.1 0.08 0 2.7992363040233125e-07
0.1 0.09 0 4.787283860797868e-07
0.1 0.1 0 2.500134735700464e-07
0.1 0.11 0 2.0430697721429296e-07
0.1 0.12 0 2.3247278475648015e-07
0.1 0.13 0 6.748093354384327e-07
0.1 0.14 0 7.905809576468162e-07
0.1 0.15 0 1.5443106577766513e-06
0.1 0.16 0 9.053234996393563e-07
0.1 0.17 0 1.5169357048221344e-06
0.1 0.18 0 1.782926344160324e-06
0.1 0.19 0 3.666004691871897e-06
0.1 0.2 0 1.817488846696491e-06
0.1 0.21 0 2.581676709576945e-06
0.1 0.22 0 2.189215978176332e-06
0.1 0.23 0 8.013858654388192e-06
0.1 0.24 0 1.7016479772457905e-05
0.1 0.25 0 2.1559196029875578e-05
0.1 0.26 0 1.8597318020414543e-05
0.1 0.27 0 1.9875919837050287e-05
0.1 0.28 0 1.3000588897578616e-05
0.1 0.29 0 7.382552750305999e-06
0.1 0.3 0 7.657292820590253e-06
0.1 0.31 0 1.0659272281906204e-05
0.1 0.32 0 7.277699526660204e-06
0.1 0.33 0 7.641060379851936e-06
0.1 0.34 0 6.87646817071381e-06
0.1 0.35000000000000003 0 2.7945045964866647e-06
0.1 0.36 0 1.907491723614723e-06
0.1 0.37 0 2.924164112012342e-06
0.1 0.38 0 3.569511743328212e-06
0.1 0.39 0 5.97064574762016e-06
0.1 0.4 0 2.0593910145204266e-05
0.1 0.41000000000000003 0 1.3903608475303577e-05
0.1 0.42 0 3.859216983520963e-06
0.1 0.43 0 1.52387191645764e-06
0.1 0.44 0 1.8182310361095188e-06
0.1 0.45 0 6.327396817558302e-07
0.1 0.46 0 7.285594171012468e-07
0.1 0.47000000000000003 0 1.2676793751956324e-06
0.1 0.48 0 7.895316542230276e-07
0.1 0.49 0 2.2928613624609105e-07
0.1 0.5 0 1.9171323708197408e-07
0.11 0.0 0 9.371856965886807e-07
0.11 0.01 0 3.516962302114811e-07
0.11 0.02 0 1.33614942798284e-07
0.11 0.03 0 1.2497274656810378e-07
0.11 0.04 0 1.193201448496674e-07
0.11 0.05 0 8.0430351737689e-08
0.11 0.06 0 6.124829959752603e-08
0.11 0.07 0 7.293870326209205e-08
0.11 0.08 0 7.574949809298657e-08
0.11 0.09 0 1.0628578588068234e-07
0.11 0.1 0 4.077895889119434e-07
0.11 0.11 0 2.565202341067281e-07
0.11 0.12 0 3.311589861143111e-07
0.11 0.13 0 5.436632613163626e-07
0.11 0.14 0 1.6579649245584692e-06
0.11 0.15 0 2.8127551221291086e-06
0.11 0.16 0 2.381029678426005e-06
0.11 0.17 0 9.442839435681822e-07
0.11 0.18 0 1.0368143860208218e-06
0.11 0.19 0 4.2568989760207133e-07
0.11 0.2 0 8.099587208567264e-07
0.11 0.21 0 8.198071851822427e-07
0.11 0.22 0 3.2341997947364386e-06
0.11 0.23 0 9.398274026389468e-07
0.11 0.24 0 3.1838743008387995e-07
0.11 0.25 0 3.1273410321807655e-07
0.11 0.26 0 8.074474119271657e-07
0.11 0.27 0 3.991051510356445e-07
0.11 0.28 0 6.9673428262482e-07
0.11 0.29 0 8.269367154512527e-07
0.11 0.3 0 1.3680869009682815e-06
0.11 0.31 0 3.3414966800954504e-06
0.11 0.32 0 1.1408603649349138e-05
0.11 0.33 0 2.0013145808933225e-05
0.11 0.34 0 8.380875828820846e-06
0.11 0.35000000000000003 0 1.0628708256807248e-05
0.11 0.36 0 1.0258688923981712e-05
0.11 0.37 0 7.12761954524354e-06
0.11 0.38 0 8.610453641691706e-06
0.11 0.39 0 6.6437122271440956e-06
0.11 0.4 0 2.839537524324759e-06
0.11 0.41000000000000003 0 4.9265565533612644e-06
0.11 0.42 0 5.046451775277562e-06
0.11 0.43 0 4.1666873597213e-06
0.11 0.44 0 1.2646470026395327e-06
0.11 0.45 0 1.6076901138961207e-06
0.11 0.46 0 1.1615404981771101e-06
0.11 0.47000000000000003 0 1.1202319833777036e-06
0.11 0.48 0 8.835346353809342e-07
0.11 0.49 0 1.3730474889766247e-06
0.11 0.5 0 6.758455333447709e-07
0.12 0.0 0 1.1992883408825908e-07
0.12 0.01 0 9.895051937066125e-08
0.12 0.02 0 1.0898824134679233e-07
0.12 0.03 0 7.291926090616709e-08
0.12 0.04 0 2.3240169368324421e-07
0.12 0.05 0 1.800051834452572e-07
0.12 0.06 0 1.3948335261386101e-07
0.12 0.07 0 1.6172305584749938e-07
0.12 0.08 0 1.4320032476562844e-07
0.12 0.09 0 3.9523534541726874e-07
0.12 0.1 0 5.347413701647551e-07
0.12 0.11 0 4.945408891256384e-07
0.12 0.12 0 3.142581768194938e-07
0.12 0.13 0 5.322588369631677e-07
0.12 0.14 0 7.049157045772355e-07
0.12 0.15 0 4.6670381417096257e-07
0.12 0.16 0 2.8616409550509575e-07
0.12 0.17 0 5.562060273177643e-07
0.12 0.18 0 8.350885186980076e-08
0.12 0.19 0 5.667025159871003e-08
0.12 0.2 0 1.624784147398292e-07
0.12 0.21 0 5.02046826111874e-07
0.12 0.22 0 9.879421800985184e-07
0.12 0.23 0 3.2773640949225817e-06
0.12 0.24 0 2.469528634487223e-06
0.12 0.25 0 1.6776972100360056e-06
0.12 0.26 0 1.2218706432311538e-06
0.12 0.27 0 9.190518035185925e-06
0.12 0.28 0 4.592874305095554e-06
0.12 0.29 0 3.101542539559589e-06
0.12 0.3 0 2.2582341794343456e-06
0.12 0.31 0 1.2638751187232438e-06
0.12 0.32 0 1.4031554409695015e-06
0.12 0.33 0 3.9584353789943086e-06
0.12 0.34 0 4.383820089048764e-06
0.12 0.35000000000000003 0 2.8414944209047526e-06
0.12 0.36 0 1.5350180495276927e-06
0.12 0.37 0 8.826481280018685e-07
0.12 0.38 0 1.1152901753298793e-06
0.12 0.39 0 1.2156276041345165e-06
0.12 0.4 0 2.7232218466746243e-06
0.12 0.41000000000000003 0 8.479103258390707e-07
0.12 0.42 0 1.4911332187093615e-06
0.12 0.43 0 3.064045441507302e-06
0.12 0.44 0 2.915162571382967e-06
0.12 0.45 0 2.4497538939279527e-06
0.12 0.46 0 2.6973837008737072e-06
0.12 0.47000000000000003 0 4.998362961168404e-07
0.12 0.48 0 2.351223424303523e-07
0.12 0.49 0 1.1296891219355954e-07
0.12 0.5 0 4.99429777103362e-07
0.13 0.0 0 1.2988870934019086e-07
0.13 0.01 0 2.650895465982026e-07
0.13 0.02 0 2.978831761225778e-07
0.13 0.03 0 2.0357179417413844e-07
0.13 0.04 0 2.879201396883491e-07
0.13 0.05 0 2.949268150879575e-07
0.13 0.06 0 1.1173671572595921e-07
0.13 0.07 0 3.086163700427368e-08
0.13 0.08 0 3.0660686502243976e-08
0.13 0.09 0 2.2550849970457932e-08
0.13 0.1 0 9.211156513435728e-09
0.13 0.11 0 4.0347123514704434e-08
0.13 0.12 0 1.4462797815040887e-07
0.13 0.13 0 9.141716070116403e-08
0.13 0.14 0 8.710238160952165e-08
0.13 0.15 0 6.833223477964943e-08
0.13 0.16 0 1.4435292934330558e-07
0.13 0.17 0 2.6022381622866825e-07
0.13 0.18 0 7.087955470533289e-07
0.13 0.19 0 4.864612685673835e-07
0.13 0.2 0 2.3072591616435426e-07
0.13 0.21 0 5.233650843516577e-07
0.13 0.22 0 1.6026399183090754e-06
0.13 0.23 0 1.6092676676269451e-06
0.13 0.24 0 3.969070126516138e-06
0.13 0.25 0 4.477759732982922e-06
0.13 0.26 0 6.079960619876156e-06
0.13 0.27 0 1.4986080532624826e-05
0.13 0.28 0 2.6732973905713034e-05
0.13 0.29 0 1.7463440617301124e-05
0.13 0.3 0 6.941367611272395e-06
0.13 0.31 0 2.7093567315091093e-06
0.13 0.32 0 3.052770007769179e-06
0.13 0.33 0 2.912093183231383e-06
0.13 0.34 0 9.680610533885921e-06
0.13 0.35000000000000003 0 6.437980504349468e-06
0.13 0.36 0 3.0205370739673123e-06
0.13 0.37 0 3.495162124565066e-06
0.13 0.38 0 1.5679361573219907e-06
0.13 0.39 0 1.5592967020825035e-06
0.13 0.4 0 2.662878327080053e-06
0.13 0.41000000000000003 0 5.633507236248038e-06
0.13 0.42 0 4.395390938058173e-06
0.13 0.43 0 3.6786566255595027e-06
0.13 0.44 0 2.1483655341892917e-06
0.13 0.45 0 2.519185463501808e-06
0.13 0.46 0 9.333813904403868e-07
0.13 0.47000000000000003 0 9.603857888616128e-07
0.13 0.48 0 2.486424373103974e-07
0.13 0.49 0 3.1568777875765496e-07
0.13 0.5 0 7.428024688797054e-07
0.14 0.0 0 7.177038734500965e-07
0.14 0.01 0 3.5999070654060915e-07
0.14 0.02 0 1.1706695833838179e-07
0.14 0.03 0 2.3218158913696748e-07
0.14 0.04 0 6.052279670903355e-08
0.14 0.05 0 3.2043776690180776e-08
0.14 0.06 0 3.192048133403973e-08
0.14 0.07 0 7.92037865418319e-08
0.14 0.08 0 8.620065720372842e-08
0.14 0.09 0 1.1210527898252303e-07
0.14 0.1 0 1.1247053265075905e-07
0.14 0.11 0 4.7232421488988495e-08
0.14 0.12 0 2.8505308100297017e-08
0.14 0.13 0 5.1876292172988336e-08
0.14 0.14 0 7.367611650654811e-08
0.14 0.15 0 7.867843663541784e-08
0.14 0.16 0 1.5047717500551003e-07
0.14 0.17 0 1.6309719537488695e-07
0.14 0.18 0 1.985118531195858e-07
0.14 0.19 0 1.805324749997327e-07
0.14 0.2 0 1.1014457547015668e-07
0.14 0.21 0 1.225575934766451e-07
0.14 0.22 0 3.4209235071608384e-07
0.14 0.23 0 2.2798418294225095e-06
0.14 0.24 0 1.0347866098963304e-05
0.14 0.25 0 2.322651972530548e-05
0.14 0.26 0 2.726184752328138e-05
0.14 0.27 0 6.623696553264349e-06
0.14 0.28 0 5.163809546574596e-06
0.14 0.29 0 7.907010135361579e-06
0.14 0.3 0 9.296604519899432e-06
0.14 0.31 0 5.254259708408417e-06
0.14 0.32 0 2.5133405540475186e-06
0.14 0.33 0 1.2738387384436419e-06
0.14 0.34 0 1.2896751496136545e-06
0.14 0.35000000000000003 0 1.4629713293537534e-06
0.14 0.36 0 2.145933754358428e-06
0.14 0.37 0 2.5770570676945006e-06
0.14 0.38 0 2.57218302096119e-06
0.14 0.39 0 4.232492726380052e-06
0.14 0.4 0 7.250909102510005e-06
0.14 0.41000000000000003 0 1.8282785713106324e-05
0.14 0.42 0 1.1776528814607575e-05
0.14 0.43 0 1.8167120647308751e-06
0.14 0.44 0 1.0690277392863988e-06
0.14 0.45 0 7.453986254992623e-07
0.14 0.46 0 1.3151480341555007e-06
0.14 0.47000000000000003 0 1.4486193195308104e-06
0.14 0.48 0 1.7796014514793043e-06
0.14 0.49 0 1.4901109780948469e-06
0.14 0.5 0 1.6569977762763409e-06
0.15 0.0 0 4.0729003109179994e-07
0.15 0.01 0 3.9566447065349804e-07
0.15 0.02 0 2.7249257580250935e-07
0.15 0.03 0 7.322529819203624e-08
0.15 0.04 0 1.743256237130813e-07
0.15 0.05 0 1.5737827740335595e-07
0.15 0.06 0 2.5530562130640773e-07
0.15 0.07 0 4.980703821285546e-07
0.15 0.08 0 1.9459038298865526e-06
0.15 0.09 0 6.308425037077712e-07
0.15 0.1 0 2.892291728499763e-07
0.15 0.11 0 1.905112052512578e-07
0.15 0.12 0 2.096215927799003e-07
0.15 0.13 0 1.4003243563458015e-07
0.15 0.14 0 1.513095905114885e-07
0.15 0.15 0 1.3413328277797942e-07
0.15 0.16 0 1.051061078544674e-07
0.15 0.17 0 1.8187151429544545e-07
0.15 0.18 0 1.1311493426555416e-07
0.15 0.19 0 1.2349105216127789e-07
0.15 0.2 0 1.3314816199105022e-07
0.15 0.21 0 1.6825362726981932e-07
0.15 0.22 0 9.806985556464691e-08
0.15 0.23 0 2.2791690102064783e-07
0.15 0.24 0 5.111403689000134e-07
0.15 0.25 0 8.71070407659398e-07
0.15 0.26 0 1.020038472597271e-06
0.15 0.27 0 2.8444742747863258e-06
0.15 0.28 0 2.3512730933536256e-06
0.15 0.29 0 2.158526361219417e-06
0.15 0.3 0 2.455274071256011e-06
0.15 0.31 0 6.886144641930139e-06
0.15 0.32 0 7.951941416240242e-06
0.15 0.33 0 8.547626063456822e-06
0.15 0.34 0 2.2285966100983756e-06
0.15 0.35000000000000003 0 1.7957991485280735e-06
0.15 0.36 0 1.867619955739278e-06
0.15 0.37 0 3.137609357598118e-06
0.15 0.38 0 2.4717774837173034e-06
0.15 0.39 0 2.3311092694519857e-06
0.15 0.4 0 2.0915528302462602e-06
0.15 0.41000000000000003 0 1.9987615584304985e-06
0.15 0.42 0 3.3825750709789787e-06
0.15 0.43 0 3.3557401199694024e-06
0.15 0.44 0 1.732197688974152e-06
0.15 0.45 0 9.70530458792345e-07
0.15 0.46 0 1.1458692206849835e-06
0.15 0.47000000000000003 0 1.03635173283526e-06
0.15 0.48 0 1.2144607160180604e-06
0.15 0.49 0 1.0702703364830152e-06
0.15 0.5 0 4.3959112880006857e-07
0.16 0.0 0 2.74406379457246e-07
0.16 0.01 0 1.4909193793375714e-07
0.16 0.02 0 6.892797754379934e-08
0.16 0.03 0 6.807191594862847e-08
0.16 0.04 0 2.2358787348376767e-08
0.16 0.05 0 6.073457678155201e-08
0.16 0.06 0 1.3967526957129014e-07
0.16 0.07 0 1.639522690484945e-07
0.16 0.08 0 2.4056564467691286e-07
0.16 0.09 0 7.10442888709223e-07
0.16 0.1 0 7.319829270974624e-07
0.16 0.11 0 1.9396386058613133e-06
0.16 0.12 0 1.7226916392532066e-06
0.16 0.13 0 2.4727030413596455e-06
0.16 0.14 0 2.219592442825492e-06
0.16 0.15 0 2.570889050422309e-06
0.16 0.16 0 2.056284701292003e-06
0.16 0.17 0 1.7954830787530926e-06
0.16 0.18 0 3.4430249619470795e-06
0.16 0.19 0 2.5728937720444203e-06
0.16 0.2 0 1.7963600827629509e-06
0.16 0.21 0 1.8959552407652e-06
0.16 0.22 0 1.919199878577953e-06
0.16 0.23 0 5.625191992109142e-07
0.16 0.24 0 1.1357932450538844e-06
0.16 0.25 0 7.689024021191725e-07
0.16 0.26 0 1.1432023434067745e-06
0.16 0.27 0 9.373780881787533e-07
0.16 0.28 0 2.592055642270044e-06
0.16 0.29 0 2.6449840759569897e-06
0.16 0.3 0 2.79728469842889e-06
0.16 0.31 0 2.1138834597203312e-06
0.16 0.32 0 2.1509259043921165e-06
0.16 0.33 0 9.909614072086007e-07
0.16 0.34 0 1.4178638419445322e-06
0.16 0.35000000000000003 0 8.424061199800356e-07
0.16 0.36 0 3.1472738048836982e-06
0.16 0.37 0 7.563181711948214e-06
0.16 0.38 0 6.165849000563334e-06
0.16 0.39 0 2.4377622438650135e-06
0.16 0.4 0 3.2927539689136076e-06
0.16 0.41000000000000003 0 1.758347488525045e-06
0.16 0.42 0 1.001841911178583e-06
0.16 0.43 0 1.43829534877949e-06
0.16 0.44 0 4.598578869044282e-06
0.16 0.45 0 4.106169598768272e-06
0.16 0.46 0 1.8420021078327603e-06
0.16 0.47000000000000003 0 1.734065691754131e-06
0.16 0.48 0 3.689702820907343e-07
0.16 0.49 0 4.4507995148859263e-07
0.16 0.5 0 8.537878844964965e-07
0.17 0.0 0 7.236528886259445e-07
0.17 0.01 0 4.4835892208153685e-07
0.17 0.02 0 8.671938156597848e-07
0.17 0.03 0 1.1962283207020979e-06
0.17 0.04 0 1.0010253818968187e-06
0.17 0.05 0 4.970721053009915e-07
0.17 0.06 0 5.440885568859127e-07
0.17 0.07 0 9.836141170746124e-07
0.17 0.08 0 2.343425525242453e-06
0.17 0.09 0 1.5308182205275953e-06
0.17 0.1 0 2.0412677442973024e-06
0.17 0.11 0 2.5384088716274284e-06
0.17 0.12 0 5.603109280026673e-06
0.17 0.13 0 7.804859308038984e-06
0.17 0.14 0 2.959486505898129e-06
0.17 0.15 0 2.0428568841441983e-06
0.17 0.16 0 1.7640773710365877e-06
0.17 0.17 0 8.881648010405001e-07
0.17 0.18 0 1.8198244899666121e-06
0.17 0.19 0 1.8319804583424527e-06
0.17 0.2 0 7.506140668954107e-07
0.17 0.21 0 2.7757925417705924e-07
0.17 0.22 0 2.529547322234951e-07
0.17 0.23 0 1.1032225295364105e-06
0.17 0.24 0 9.42714935990094e-07
0.17 0.25 0 1.4583137858846639e-06
0.17 0.26 0 1.4167433482566375e-06
0.17 0.27 0 2.6025412625038262e-06
0.17 0.28 0 2.681362987584326e-06
0.17 0.29 0 2.2037025857966736e-06
0.17 0.3 0 7.149276649259526e-07
0.17 0.31 0 2.8055277838609e-06
0.17 0.32 0 1.9602660605529632e-06
0.17 0.33 0 2.5178913512322523e-06
0.17 0.34 0 3.4596468128492516e-06
0.17 0.35000000000000003 0 7.811127427158227e-06
0.17 0.36 0 3.6134331668658174e-06
0.17 0.37 0 1.958354172791504e-06
0.17 0.38 0 3.438205203755428e-06
0.17 0.39 0 4.281466079662422e-06
0.17 0.4 0 1.3564322185359824e-06
0.17 0.41000000000000003 0 4.858386674990934e-06
0.17 0.42 0 5.22247974404563e-06
0.17 0.43 0 2.206017874004162e-06
0.17 0.44 0 1.3349874274040243e-06
0.17 0.45 0 1.109994513508525e-06
0.17 0.46 0 5.520974969255932e-07
0.17 0.47000000000000003 0 2.06779843294293e-07
0.17 0.48 0 2.6864527709410333e-07
0.17 0.49 0 3.733830203762262e-07
0.17 0.5 0 4.552088453396491e-07
0.18 0.0 0 4.637581741833904e-07
0.18 0.01 0 3.6693423251224166e-07
0.18 0.02 0 4.70624072788949e-07
0.18 0.03 0 2.0952391086503455e-07
0.18 0.04 0 2.4465462388965644e-07
0.18 0.05 0 5.701068666091391e-07
0.18 0.06 0 1.0669369770545151e-06
0.18 0.07 0 5.521134131517646e-06
0.18 0.08 0 1.3967442913003193e-05
0.18 0.09 0 3.060849320283664e-05
0.18 0.1 0 3.929055641110959e-05
0.18 0.11 0 2.0377312807330597e-05
0.18 0.12 0 2.357078252057746e-05
0.18 0.13 0 2.995213054859008e-05
0.18 0.14 0 4.159672679138876e-05
0.18 0.15 0 2.6554296566806608e-05
0.18 0.16 0 9.220680293649328e-06
0.18 0.17 0 5.5237935018297065e-06
0.18 0.18 0 3.104989985124721e-06
0.18 0.19 0 1.3116636041291742e-06
0.18 0.2 0 1.0151563224381909e-06
0.18 0.21 0 3.324962391286182e-07
0.18 0.22 0 2.3840111413922475e-07
0.18 0.23 0 3.5868169682810885e-07
0.18 0.24 0 4.063782796256126e-07
0.18 0.25 0 9.074330589512351e-07
0.18 0.26 0 1.2453952068330717e-06
0.18 0.27 0 5.956132834419705e-07
0.18 0.28 0 2.796645147464693e-07
0.18 0.29 0 1.5793060765580183e-07
0.18 0.3 0 6.099396372428167e-07
0.18 0.31 0 7.492170533220362e-07
0.18 0.32 0 3.345014864903388e-06
0.18 0.33 0 8.110966735475313e-06
0.18 0.34 0 5.238678071243241e-06
0.18 0.35000000000000003 0 3.2820633774938883e-06
0.18 0.36 0 8.21549862054383e-06
0.18 0.37 0 3.2609943973740744e-06
0.18 0.38 0 1.3504425955775075e-06
0.18 0.39 0 1.0727027727060414e-06
0.18 0.4 0 4.392387283814081e-06
0.18 0.41000000000000003 0 4.969666207786192e-06
0.18 0.42 0 2.194350558674738e-06
0.18 0.43 0 2.0981148450855667e-06
0.18 0.44 0 8.881216844995176e-07
0.18 0.45 0 3.4106415400441965e-07
0.18 0.46 0 2.7780622959808774e-07
0.18 0.47000000000000003 0 1.7426200916490356e-07
0.18 0.48 0 1.9837845175203955e-07
0.18 0.49 0 1.3013953095877932e-07
0.18 0.5 0 1.1490829369646232e-07
0.19 0.0 0 4.79422875327999e-07
0.19 0.01 0 4.244515284041907e-07
0.19 0.02 0 4.929071102254733e-07
0.19 0.03 0 1.3099277513499404e-06
0.19 0.04 0 1.4049829021390889e-06
0.19 0.05 0 2.4721926460351045e-06
0.19 0.06 0 2.87195050504299e-06
0.19 0.07 0 5.396002455002782e-06
0.19 0.08 0 6.33756710449796e-06
0.19 0.09 0 1.444560750674788e-05
0.19 0.1 0 9.313304262101134e-06
0.19 0.11 0 9.094628024898938e-06
0.19 0.12 0 6.346568012050707e-06
0.19 0.13 0 4.9362781138631115e-06
0.19 0.14 0 8.321288666761107e-06
0.19 0.15 0 9.12569575416675e-06
0.19 0.16 0 2.9143391565587495e-06
0.19 0.17 0 3.385126631751676e-06
0.19 0.18 0 3.7318784285846394e-06
0.19 0.19 0 3.126750722219038e-06
0.19 0.2 0 1.3359318074813956e-06
0.19 0.21 0 3.3604607495184647e-06
0.19 0.22 0 7.14090931046274e-06
0.19 0.23 0 5.219690547326513e-06
0.19 0.24 0 6.397296771847729e-06
0.19 0.25 0 6.218395632702764e-06
0.19 0.26 0 2.2997763570124426e-06
0.19 0.27 0 1.836533288678518e-06
0.19 0.28 0 1.792783008256411e-06
0.19 0.29 0 7.856362332798174e-07
0.19 0.3 0 7.750171894308691e-07
0.19 0.31 0 1.0029702094288225e-06
0.19 0.32 0 8.542860052592227e-07
0.19 0.33 0 2.7619690238367076e-07
0.19 0.34 0 2.2700115378304793e-07
0.19 0.35000000000000003 0 2.858159535780169e-07
0.19 0.36 0 1.2150477332326216e-07
0.19 0.37 0 2.1429929791792523e-07
0.19 0.38 0 3.39345955498643e-07
0.19 0.39 0 3.308369808987929e-07
0.19 0.4 0 3.274434110990661e-07
0.19 0.41000000000000003 0 2.714723121634088e-07
0.19 0.42 0 2.0672664382469962e-07
0.19 0.43 0 1.4940540615639992e-07
0.19 0.44 0 1.2150317619427598e-07
0.19 0.45 0 1.4465949707205156e-07
0.19 0.46 0 2.2033430607396656e-07
0.19 0.47000000000000003 0 3.1165458058346187e-07
0.19 0.48 0 2.603836192443223e-07
0.19 0.49 0 1.0630043762239625e-07
0.19 0.5 0 1.510087495728907e-07
0.2 0.0 0 6.720705840011821e-07
0.2 0.01 0 4.838076295086705e-07
0.2 0.02 0 4.7029885382091934e-07
0.2 0.03 0 4.248371725923149e-07
0.2 0.04 0 5.628170398210008e-07
0.2 0.05 0 6.823381589313444e-07
0.2 0.06 0 2.1840636421570276e-06
0.2 0.07 0 8.1442407174342e-07
0.2 0.08 0 8.099554344486412e-07
0.2 0.09 0 7.595155839618147e-07
0.2 0.1 0 1.9244755873039726e-06
0.2 0.11 0 1.5954829158204247e-06
0.2 0.12 0 1.1443982819837865e-05
0.2 0.13 0 2.096591865871079e-05
0.2 0.14 0 9.229737323704453e-06
0.2 0.15 0 3.079064617167259e-06
0.2 0.16 0 4.738350170480005e-06
0.2 0.17 0 1.840399933921544e-06
0.2 0.18 0 1.26457096199008e-06
0.2 0.19 0 2.19577253604303e-06
0.2 0.2 0 3.6768528700170904e-06
0.2 0.21 0 2.7801731707788052e-06
0.2 0.22 0 4.870975869299035e-06
0.2 0.23 0 3.210763057319403e-06
0.2 0.24 0 7.715846741067486e-07
0.2 0.25 0 2.8116734183277194e-07
0.2 0.26 0 3.895702281432847e-07
0.2 0.27 0 3.6520714083934684e-07
0.2 0.28 0 3.5079323289549917e-07
0.2 0.29 0 4.924455816859289e-07
0.2 0.3 0 2.813486192278304e-07
0.2 0.31 0 2.8241221621481787e-07
0.2 0.32 0 1.4643277210786072e-07
0.2 0.33 0 9.035950271750772e-08
0.2 0.34 0 7.170570091218135e-08
0.2 0.35000000000000003 0 3.878506503144355e-07
0.2 0.36 0 7.148881870682484e-07
0.2 0.37 0 1.1454072317484105e-06
0.2 0.38 0 1.1240196760990639e-06
0.2 0.39 0 9.631851225375821e-07
0.2 0.4 0 2.8440272489134406e-07
0.2 0.41000000000000003 0 2.873557681669477e-07
0.2 0.42 0 3.5969332723623517e-07
0.2 0.43 0 1.6814631145088532e-07
0.2 0.44 0 9.150810576236148e-08
0.2 0.45 0 1.1119440911061071e-07
0.2 0.46 0 9.781387823704295e-08
0.2 0.47000000000000003 0 1.117652526424366e-07
0.2 0.48 0 8.158709533678714e-08
0.2 0.49 0 5.3615786827511564e-08
0.2 0.5 0 3.196097395865788e-08
0.21 0.0 0 9.168938059994013e-07
0.21 0.01 0 2.069139648852035e-06
0.21 0.02 0 1.3864943242989392e-06
0.21 0.03 0 9.81437745693617e-07
0.21 0.04 0 2.0532350988870406e-06
0.21 0.05 0 2.043817707068484e-06
0.21 0.06 0 1.052006171066377e-06
0.21 0.07 0 2.850393004099507e-06
0.21 0.08 0 2.4298100157331142e-06
0.21 0.09 0 2.212136258696288e-06
0.21 0.1 0 8.519404927991558e-07
0.21 0.11 0 1.1349057074071685e-06
0.21 0.12 0 7.068956449245996e-07
0.21 0.13 0 1.6728555249601058e-06
0.21 0.14 0 1.432033808651586e-06
0.21 0.15 0 1.3322395752459572e-06
0.21 0.16 0 6.252825696701378e-07
0.21 0.17 0 3.748746939990293e-06
0.21 0.18 0 6.0996896108779865e-06
0.21 0.19 0 8.709129440221612e-06
0.21 0.2 0 5.738178876731752e-06
0.21 0.21 0 2.4820668670686576e-06
0.21 0.22 0 1.2434197534942082e-06
0.21 0.23 0 1.246726547553007e-06
0.21 0.24 0 1.3123175965125875e-06
0.21 0.25 0 1.2311882630215623e-06
0.21 0.26 0 7.049359674201013e-07
0.21 0.27 0 3.41496917135276e-07
0.21 0.28 0 1.5665102704780374e-07
0.21 0.29 0 2.1094424868134132e-07
0.21 0.3 0 5.730883115120674e-07
0.21 0.31 0 3.618029403856187e-07
0.21 0.32 0 4.1843689509079255e-07
0.21 0.33 0 6.031948305689119e-07
0.21 0.34 0 1.039737407938597e-06
0.21 0.35000000000000003 0 1.3029647764296881e-06
0.21 0.36 0 6.282476408762769e-06
0.21 0.37 0 8.849227004855844e-06
0.21 0.38 0 1.670069422512543e-05
0.21 0.39 0 7.04385083648616e-06
0.21 0.4 0 9.745788535937485e-06
0.21 0.41000000000000003 0 3.2434171618456307e-06
0.21 0.42 0 2.8667391190375385e-06
0.21 0.43 0 1.2745461721249226e-06
0.21 0.44 0 8.75441469952866e-07
0.21 0.45 0 6.352673911450168e-07
0.21 0.46 0 5.732846659373921e-07
0.21 0.47000000000000003 0 3.0381170220828577e-07
0.21 0.48 0 4.1867907349426497e-07
0.21 0.49 0 3.3946899737653984e-07
0.21 0.5 0 2.0667606152525892e-07
0.22 0.0 0 1.5917239582342146e-06
0.22 0.01 0 1.5101789515140994e-06
0.22 0.02 0 2.892140341230421e-06
0.22 0.03 0 3.6678915980271507e-06
0.22 0.04 0 1.913550932912792e-06
0.22 0.05 0 6.697612534840167e-07
0.22 0.06 0 1.2517104828268136e-06
0.22 0.07 0 1.1706709228724842e-06
0.22 0.08 0 1.5507660620391407e-06
0.22 0.09 0 1.933177025398886e-06
0.22 0.1 0 1.2268866896843458e-06
0.22 0.11 0 1.2946941443020788e-06
0.22 0.12 0 1.6708164403218175e-06
0.22 0.13 0 8.01539311014082e-07
0.22 0.14 0 9.132307554344139e-07
0.22 0.15 0 3.1099103371703604e-07
0.22 0.16 0 3.441450649155809e-07
0.22 0.17 0 3.252090657403926e-07
0.22 0.18 0 1.1677657572434464e-06
0.22 0.19 0 1.4393844910412485e-06
0.22 0.2 0 9.635791461101076e-07
0.22 0.21 0 6.075858563583556e-07
0.22 0.22 0 5.314786779804892e-07
0.22 0.23 0 1.2580242389063384e-07
0.22 0.24 0 1.79891222579718e-07
0.22 0.25 0 4.3429051565629523e-07
0.22 0.26 0 7.327151882691134e-07
0.22 0.27 0 1.0381963570973786e-06
0.22 0.28 0 6.363276618467837e-07
0.22 0.29 0 7.723798772214913e-07
0.22 0.3 0 5.886418633423313e-07
0.22 0.31 0 8.935072423442453e-07
0.22 0.32 0 1.490273767628972e-06
0.22 0.33 0 1.3796344876299043e-06
0.22 0.34 0 1.259325420778396e-06
0.22 0.35000000000000003 0 2.122416758131583e-06
0.22 0.36 0 2.759489234717733e-06
0.22 0.37 0 9.629810209271786e-06
0.22 0.38 0 4.3167219197416046e-06
0.22 0.39 0 3.6998854660453844e-06
0.22 0.4 0 2.1416417792295912e-06
0.22 0.41000000000000003 0 3.556494155887904e-06
0.22 0.42 0 4.166959478132845e-06
0.22 0.43 0 6.580887145699531e-06
0.22 0.44 0 1.3605028049643245e-06
0.22 0.45 0 1.066820265989976e-06
0.22 0.46 0 5.720755047125871e-07
0.22 0.47000000000000003 0 1.3067138001776412e-06
0.22 0.48 0 6.363977817766603e-07
0.22 0.49 0 8.020125059347289e-07
0.22 0.5 0 1.2728188337866113e-06
0.23 0.0 0 4.828228285264018e-07
0.23 0.01 0 6.581271765141602e-07
0.23 0.02 0 2.6770221124825696e-07
0.23 0.03 0 3.874605925130824e-07
0.23 0.04 0 2.6459033664576687e-07
0.23 0.05 0 2.2941989807515427e-07
0.23 0.06 0 2.1261637069067675e-07
0.23 0.07 0 2.6227126441558984e-07
0.23 0.08 0 5.821962599335906e-07
0.23 0.09 0 9.464409116171677e-07
0.23 0.1 0 5.255279725099322e-07
0.23 0.11 0 1.6226855078632402e-07
0.23 0.12 0 1.1731921353151949e-07
0.23 0.13 0 3.3290953087305144e-07
0.23 0.14 0 2.250025938992094e-07
0.23 0.15 0 1.1190782510155107e-07
0.23 0.16 0 2.423580328581306e-07
0.23 0.17 0 1.4439990957743868e-07
0.23 0.18 0 1.0341742957454307e-07
0.23 0.19 0 3.154012295423905e-07
0.23 0.2 0 7.704855449791674e-07
0.23 0.21 0 9.541882824240348e-07
0.23 0.22 0 2.816604315314368e-07
0.23 0.23 0 3.1141209318944265e-07
0.23 0.24 0 2.516231660743774e-07
0.23 0.25 0 1.4918697090586737e-07
0.23 0.26 0 1.3703374531788623e-07
0.23 0.27 0 8.662853334879751e-08
0.23 0.28 0 7.365377921716739e-08
0.23 0.29 0 6.994890535883424e-08
0.23 0.3 0 5.788574030254877e-08
0.23 0.31 0 1.361175970739399e-07
0.23 0.32 0 3.5070271754545496e-07
0.23 0.33 0 2.349968431831724e-07
0.23 0.34 0 4.398213728137225e-07
0.23 0.35000000000000003 0 5.448709935628142e-07
0.23 0.36 0 1.4255414308485156e-06
0.23 0.37 0 2.1071791178218272e-06
0.23 0.38 0 4.705025011726165e-06
0.23 0.39 0 6.010583134957755e-06
0.23 0.4 0 2.7097573674785096e-06
0.23 0.41000000000000003 0 1.6277611938967246e-06
0.23 0.42 0 1.3185118854185024e-06
0.23 0.43 0 2.7396490408149113e-07
0.23 0.44 0 5.840827294305554e-07
0.23 0.45 0 7.093803372265268e-07
0.23 0.46 0 1.0157183051900108e-06
0.23 0.47000000000000003 0 7.46303902811605e-07
0.23 0.48 0 9.69832224395978e-07
0.23 0.49 0 6.402438148965038e-07
0.23 0.5 0 6.974720744295804e-07
0.24 0.0 0 7.785952866844975e-08
0.24 0.01 0 5.198647213896911e-08
0.24 0.02 0 7.121961251542333e-08
0.24 0.03 0 1.172738951369329e-07
0.24 0.04 0 2.355081245862218e-07
0.24 0.05 0 2.8626668913702493e-07
0.24 0.06 0 1.484980945119785e-07
0.24 0.07 0 2.2305576550217622e-07
0.24 0.08 0 2.233134893999724e-07
0.24 0.09 0 8.566931918868755e-08
0.24 0.1 0 1.3207636783833662e-07
0.24 0.11 0 2.6576954879281334e-07
0.24 0.12 0 2.698306377751848e-07
0.24 0.13 0 2.834179765643059e-07
0.24 0.14 0 1.8380131616670373e-07
0.24 0.15 0 1.3682859165312584e-07
0.24 0.16 0 3.7248619305942966e-08
0.24 0.17 0 2.7915853788631835e-08
0.24 0.18 0 1.748709740571791e-08
0.24 0.19 0 1.5994573358875245e-08
0.24 0.2 0 2.261761903321658e-08
0.24 0.21 0 7.242929986599331e-08
0.24 0.22 0 1.248195810701828e-07
0.24 0.23 0 2.5026843247311164e-07
0.24 0.24 0 7.053229458634988e-08
0.24 0.25 0 4.412719762346774e-08
0.24 0.26 0 9.36962034344098e-08
0.24 0.27 0 1.2912583707289873e-07
0.24 0.28 0 1.8324946535061388e-07
0.24 0.29 0 2.7380389167339666e-07
0.24 0.3 0 3.671801469425066e-07
0.24 0.31 0 2.5463453279107575e-07
0.24 0.32 0 3.045912896751934e-07
0.24 0.33 0 1.2512649029146735e-06
0.24 0.34 0 8.513241501762052e-07
0.24 0.35000000000000003 0 8.841100533817275e-07
0.24 0.36 0 3.7661014120825678e-06
0.24 0.37 0 6.676459000523864e-06
0.24 0.38 0 3.6859451414841677e-06
0.24 0.39 0 2.8783508326051955e-06
0.24 0.4 0 1.4228496209313142e-06
0.24 0.41000000000000003 0 9.164474971153524e-07
0.24 0.42 0 5.015310969743436e-07
0.24 0.43 0 3.2985844025935055e-07
0.24 0.44 0 1.5857683818881188e-07
0.24 0.45 0 1.6451401360202997e-07
0.24 0.46 0 4.334323818227874e-07
0.24 0.47000000000000003 0 2.5071177702196175e-07
0.24 0.48 0 2.0482367181823907e-07
0.24 0.49 0 5.018430942509251e-07
0.24 0.5 0 2.1074814933429157e-07
0.25 0.0 0 1.4662649940070716e-07
0.25 0.01 0 1.8224438871997973e-07
0.25 0.02 0 1.8272515126824385e-07
0.25 0.03 0 4.5543150833700165e-07
0.25 0.04 0 6.38801826677953e-07
0.25 0.05 0 5.808428364581686e-07
0.25 0.06 0 3.6714540964536623e-07
0.25 0.07 0 2.1389061700759863e-07
0.25 0.08 0 1.7939878801121816e-07
0.25 0.09 0 1.2812013390308677e-07
0.25 0.1 0 1.3996724599564852e-07
0.25 0.11 0 1.2644891866543783e-07
0.25 0.12 0 1.2449438916610468e-07
0.25 0.13 0 4.491104820194834e-08
0.25 0.14 0 3.763752878952226e-08
0.25 0.15 0 2.7169778162535733e-08
0.25 0.16 0 2.7006086808998268e-08
0.25 0.17 0 2.2766800647406208e-08
0.25 0.18 0 2.7491245654630978e-08
0.25 0.19 0 1.656982522104967e-08
0.25 0.2 0 4.3064230588685405e-08
0.25 0.21 0 5.9079717420818246e-08
0.25 0.22 0 1.3662028131024705e-07
0.25 0.23 0 1.1677323625909591e-07
0.25 0.24 0 2.6923959575928955e-07
0.25 0.25 0 8.448725112402576e-08
0.25 0.26 0 5.117842349697002e-08
0.25 0.27 0 8.500234139397885e-08
0.25 0.28 0 2.303872577888009e-07
0.25 0.29 0 1.1835124561213483e-07
0.25 0.3 0 1.5680953690246056e-07
0.25 0.31 0 2.006437463308104e-07
0.25 0.32 0 1.0703838947685832e-07
0.25 0.33 0 7.664653864020904e-08
0.25 0.34 0 1.422603291846986e-07
0.25 0.35000000000000003 0 3.657443080001811e-07
0.25 0.36 0 3.8955972831668314e-07
0.25 0.37 0 3.7369295714169785e-07
0.25 0.38 0 1.7656781377807976e-07
0.25 0.39 0 9.030287104487781e-08
0.25 0.4 0 1.792220519636677e-07
0.25 0.41000000000000003 0 2.7977104215064814e-07
0.25 0.42 0 1.6865602059664452e-07
0.25 0.43 0 1.5690254616930024e-07
0.25 0.44 0 9.229092739722029e-08
0.25 0.45 0 5.0015007989426955e-08
0.25 0.46 0 3.5258365582286206e-08
0.25 0.47000000000000003 0 5.986268146436492e-08
0.25 0.48 0 5.5615514895132193e-08
0.25 0.49 0 1.0122222858108727e-07
0.25 0.5 0 2.722003733625629e-07
0.26 0.0 0 5.544174487369766e-07
0.26 0.01 0 4.417761347086529e-07
0.26 0.02 0 9.950507672205835e-07
0.26 0.03 0 9.193592165032154e-07
0.26 0.04 0 7.493440381310863e-07
0.26 0.05 0 4.3244386925913266e-07
0.26 0.06 0 4.6963518610411e-07
0.26 0.07 0 2.6201341314847015e-07
0.26 0.08 0 1.6934306384237424e-07
0.26 0.09 0 1.446246278184029e-07
0.26 0.1 0 1.7249459393789122e-07
0.26 0.11 0 2.577205683483008e-07
0.26 0.12 0 2.5788175216865615e-07
0.26 0.13 0 4.156146713326339e-07
0.26 0.14 0 1.1896092324054807e-07
0.26 0.15 0 1.0979649576441656e-07
0.26 0.16 0 1.256116528538863e-07
0.26 0.17 0 3.193116963174177e-07
0.26 0.18 0 5.5936186866148e-07
0.26 0.19 0 9.54413573362987e-07
0.26 0.2 0 3.282286940649615e-07
0.26 0.21 0 3.534464748387743e-07
0.26 0.22 0 5.338355724943182e-07
0.26 0.23 0 1.5082564340067595e-06
0.26 0.24 0 6.965894844609942e-07
0.26 0.25 0 8.861525366251753e-07
0.26 0.26 0 4.0832265031036587e-07
0.26 0.27 0 1.8179254415575626e-07
0.26 0.28 0 6.400927115692016e-08
0.26 0.29 0 8.941213669608825e-08
0.26 0.3 0 2.5019319004390502e-08
0.26 0.31 0 2.5728711029689708e-08
0.26 0.32 0 3.298844745864241e-08
0.26 0.33 0 4.908720388870036e-08
0.26 0.34 0 3.517770627966528e-08
0.26 0.35000000000000003 0 4.241006167499162e-08
0.26 0.36 0 7.625608072802425e-08
0.26 0.37 0 4.833456827859713e-08
0.26 0.38 0 4.9604595648887946e-08
0.26 0.39 0 5.6820486538016036e-08
0.26 0.4 0 1.2162653930098676e-07
0.26 0.41000000000000003 0 2.0230209076772826e-07
0.26 0.42 0 3.439701139566307e-07
0.26 0.43 0 1.919485972953779e-07
0.26 0.44 0 2.3827939278084818e-07
0.26 0.45 0 1.3307012917674526e-07
0.26 0.46 0 8.281162442664831e-08
0.26 0.47000000000000003 0 6.782469883598055e-08
0.26 0.48 0 2.3045582818569789e-07
0.26 0.49 0 2.834461273927186e-07
0.26 0.5 0 2.6379984876652935e-07
0.27 0.0 0 9.29064508666122e-07
0.27 0.01 0 1.0768221241411676e-06
0.27 0.02 0 1.4390069028055406e-06
0.27 0.03 0 1.4723702304543426e-06
0.27 0.04 0 2.8778815096207516e-06
0.27 0.05 0 4.366960338601492e-06
0.27 0.06 0 2.270376943744253e-06
0.27 0.07 0 4.28756487751887e-06
0.27 0.08 0 2.325094170995794e-06
0.27 0.09 0 1.2211791840534532e-06
0.27 0.1 0 1.7558958106315084e-06
0.27 0.11 0 1.774185174983321e-06
0.27 0.12 0 1.2181305948584584e-06
0.27 0.13 0 9.484065847615967e-07
0.27 0.14 0 1.3281324564565787e-06
0.27 0.15 0 8.350039282061396e-07
0.27 0.16 0 6.758592364192414e-07
0.27 0.17 0 9.116645233725213e-07
0.27 0.18 0 1.254135079323762e-06
0.27 0.19 0 4.88972577450705e-07
0.27 0.2 0 1.463379002799174e-06
0.27 0.21 0 8.158722388178799e-07
0.27 0.22 0 6.596920263992611e-07
0.27 0.23 0 6.675086224363666e-07
0.27 0.24 0 5.04763564500349e-07
0.27 0.25 0 1.3079207096814501e-07
0.27 0.26 0 9.888275613230361e-08
0.27 0.27 0 1.1413353161536874e-07
0.27 0.28 0 1.3771178896608103e-07
0.27 0.29 0 7.335349569977536e-08
0.27 0.3 0 3.2412181236635406e-07
0.27 0.31 0 2.788519785966176e-07
0.27 0.32 0 1.1800739337074651e-07
0.27 0.33 0 4.9618107283780276e-08
0.27 0.34 0 4.048762115670337e-08
0.27 0.35000000000000003 0 4.479615048304693e-08
0.27 0.36 0 9.619149866176382e-08
0.27 0.37 0 6.599706780883987e-08
0.27 0.38 0 5.650460906785308e-08
0.27 0.39 0 7.272060007897616e-08
0.27 0.4 0 8.07857475796531e-08
0.27 0.41000000000000003 0 9.201875537815006e-08
0.27 0.42 0 5.543993723010864e-08
0.27 0.43 0 1.2134463703060088e-07
0.27 0.44 0 4.085608339343829e-08
0.27 0.45 0 6.46017859932796e-08
0.27 0.46 0 1.466439561372566e-07
0.27 0.47000000000000003 0 1.684232153672805e-07
0.27 0.48 0 4.832561795687772e-08
0.27 0.49 0 5.03331344191974e-08
0.27 0.5 0 3.3249312502506533e-08
0.28 0.0 0 3.1874094175328184e-06
0.28 0.01 0 4.666698499222653e-06
0.28 0.02 0 7.201085862781803e-06
0.28 0.03 0 5.694449513738398e-06
0.28 0.04 0 5.096443886781079e-06
0.28 0.05 0 5.8458529566172204e-06
0.28 0.06 0 2.593624529050134e-06
0.28 0.07 0 1.7768837688468657e-06
0.28 0.08 0 1.949600114872662e-06
0.28 0.09 0 3.445625473634044e-06
0.28 0.1 0 1.1929643803947523e-06
0.28 0.11 0 1.085866884789336e-06
0.28 0.12 0 2.6677128767953796e-06
0.28 0.13 0 1.8345245516591352e-06
0.28 0.14 0 3.5594650566028552e-06
0.28 0.15 0 5.157672065137081e-06
0.28 0.16 0 2.6416576845364305e-06
0.28 0.17 0 2.3425070779640384e-06
0.28 0.18 0 1.8441684867996958e-06
0.28 0.19 0 1.221664047347436e-06
0.28 0.2 0 3.109104481676171e-07
0.28 0.21 0 2.2750138113097628e-07
0.28 0.22 0 2.369830468462417e-07
0.28 0.23 0 1.502665498556745e-07
0.28 0.24 0 1.2244653130751346e-07
0.28 0.25 0 1.6945870067617968e-07
0.28 0.26 0 6.982786751953397e-08
0.28 0.27 0 1.3503334876360013e-07
0.28 0.28 0 1.5508131154681808e-07
0.28 0.29 0 1.3617710882621898e-07
0.28 0.3 0 2.1973850345199717e-07
0.28 0.31 0 2.7285105379863366e-07
0.28 0.32 0 2.4025337155587124e-07
0.28 0.33 0 1.6890178766744829e-07
0.28 0.34 0 1.929620465243003e-07
0.28 0.35000000000000003 0 3.165299618597316e-07
0.28 0.36 0 1.8891613213829843e-07
0.28 0.37 0 4.363300830723679e-07
0.28 0.38 0 4.832969242046122e-07
0.28 0.39 0 2.3747623359320356e-07
0.28 0.4 0 2.4250674565468163e-07
0.28 0.41000000000000003 0 1.260230282982112e-07
0.28 0.42 0 5.209527274653277e-08
0.28 0.43 0 3.293679543371304e-08
0.28 0.44 0 3.3127613649160766e-08
0.28 0.45 0 3.146444292925548e-08
0.28 0.46 0 5.086364159171627e-08
0.28 0.47000000000000003 0 6.652953984630067e-08
0.28 0.48 0 1.8306948281482233e-07
0.28 0.49 0 5.921366496098515e-08
0.28 0.5 0 6.364057950204025e-08
0.29 0.0 0 6.686764701259006e-06
0.29 0.01 0 4.4145173282768875e-06
0.29 0.02 0 2.9810022873290573e-06
0.29 0.03 0 3.336487183864902e-06
0.29 0.04 0 4.432257688112607e-06
0.29 0.05 0 2.5669947007615317e-06
0.29 0.06 0 6.865935129556109e-06
0.29 0.07 0 3.394129137975961e-06
0.29 0.08 0 2.743946591414543e-06
0.29 0.09 0 2.4699462579511983e-06
0.29 0.1 0 3.695351355587146e-06
0.29 0.11 0 2.271058381842993e-06
0.29 0.12 0 1.6611372303131902e-06
0.29 0.13 0 1.4705420014591862e-06
0.29 0.14 0 1.474742936803722e-06
0.29 0.15 0 8.97140586715332e-07
0.29 0.16 0 1.5708396138139852e-06
0.29 0.17 0 2.2886463640988115e-06
0.29 0.18 0 1.7555478900723962e-06
0.29 0.19 0 2.2605799774958426e-06
0.29 0.2 0 9.504661532823119e-07
0.29 0.21 0 1.134816912738451e-06
0.29 0.22 0 1.0395685601754536e-06
0.29 0.23 0 3.9019322052491977e-07
0.29 0.24 0 1.5913286739796167e-07
0.29 0.25 0 1.6020940929644451e-07
0.29 0.26 0 3.473941070571067e-07
0.29 0.27 0 2.974123694510651e-07
0.29 0.28 0 1.187654667821953e-07
0.29 0.29 0 1.0565893265614176e-07
0.29 0.3 0 5.290008375643591e-08
0.29 0.31 0 4.793510403767189e-08
0.29 0.32 0 8.867119402974597e-08
0.29 0.33 0 1.214653866547276e-07
0.29 0.34 0 1.5826207466874159e-07
0.29 0.35000000000000003 0 2.2776272556129078e-07
0.29 0.36 0 2.2676566724418932e-07
0.29 0.37 0 3.6728571424711034e-07
0.29 0.38 0 1.3535091103269807e-07
0.29 0.39 0 5.728907597130377e-08
0.29 0.4 0 3.4057062828894086e-08
0.29 0.41000000000000003 0 3.6528968854483316e-08
0.29 0.42 0 6.295310840482546e-08
0.29 0.43 0 5.142230033010932e-08
0.29 0.44 0 6.461285581424004e-08
0.29 0.45 0 3.412126094223959e-08
0.29 0.46 0 8.125567758540482e-09
0.29 0.47000000000000003 0 9.261899050057677e-09
0.29 0.48 0 7.061213448889543e-09
0.29 0.49 0 6.75220737842008e-09
0.29 0.5 0 1.8274889014087942e-08
0.3 0.0 0 4.626440149578611e-06
0.3 0.01 0 6.21692240992792e-06
0.3 0.02 0 3.522603415514561e-06
0.3 0.03 0 5.476600862715304e-06
0.3 0.04 0 4.072331965445396e-06
0.3 0.05 0 3.488884665008859e-06
0.3 0.06 0 8.531123065749004e-07
0.3 0.07 0 1.4545654560961893e-06
0.3 0.08 0 2.994712711492203e-06
0.3 0.09 0 3.0153758033760025e-06
0.3 0.1 0 1.0887469227248218e-06
0.3 0.11 0 7.336825898452662e-07
0.3 0.12 0 1.8478988204907862e-07
0.3 0.13 0 1.735033960680757e-07
0.3 0.14 0 1.5776550855270935e-07
0.3 0.15 0 2.454650287407075e-07
0.3 0.16 0 3.3389009575055807e-07
0.3 0.17 0 1.0656542479792929e-06
0.3 0.18 0 2.2981978211531134e-06
0.3 0.19 0 1.4805187062198145e-06
0.3 0.2 0 1.4266929691334594e-06
0.3 0.21 0 1.208576692770143e-06
0.3 0.22 0 9.740734064138412e-07
0.3 0.23 0 6.067449530668769e-07
0.3 0.24 0 7.09514322742755e-07
0.3 0.25 0 1.945609761383062e-07
0.3 0.26 0 1.5366624191467781e-07
0.3 0.27 0 7.92846704781112e-08
0.3 0.28 0 9.163072617020653e-08
0.3 0.29 0 4.326179200231358e-08
0.3 0.3 0 4.098979098184154e-08
0.3 0.31 0 5.707480981070204e-08
0.3 0.32 0 1.4235524141220068e-07
0.3 0.33 0 2.879989266355436e-07
0.3 0.34 0 7.019152803847245e-07
0.3 0.35000000000000003 0 4.924264254340241e-07
0.3 0.36 0 3.108456073385473e-07
0.3 0.37 0 7.122220913928467e-08
0.3 0.38 0 7.91936324203508e-08
0.3 0.39 0 1.1321379236724214e-07
0.3 0.4 0 6.778487875476478e-08
0.3 0.41000000000000003 0 2.0979112176217834e-08
0.3 0.42 0 2.1801418678930774e-08
0.3 0.43 0 1.4522448774107991e-08
0.3 0.44 0 1.068569496694137e-08
0.3 0.45 0 1.4227297048600217e-08
0.3 0.46 0 2.434618200011077e-08
0.3 0.47000000000000003 0 1.1367759415570235e-08
0.3 0.48 0 3.940509694088898e-09
0.3 0.49 0 1.4433451192300164e-08
0.3 0.5 0 2.7514248423602213e-08
#STOP
