#MEDIUM_PROPERTIES_DISTRIBUTED
$MSH_TYPE
	 GROUNDWATER_FLOW	
$MMP_TYPE
	 PERMEABILITY	
$DIS_TYPE
	 NEAREST_VALUE	
;hj
$CONVERSION_FACTOR
	 1.0	
$DATA
0.0 0.0 0 2.1822607829087452e-05
0.0 0.01 0 2.1743811175535385e-05
0.0 0.02 0 1.859127745709684e-05
0.0 0.03 0 1.3552089867464053e-05
0.0 0.04 0 1.0966148667924564e-05
0.0 0.05 0 1.2203545001490135e-05
0.0 0.06 0 1.5366002044068966e-05
0.0 0.07 0 1.6073386570837725e-05
0.0 0.08 0 1.4203438346956233e-05
0.0 0.09 0 1.2530572607039421e-05
0.0 0.1 0 1.0998046392669051e-05
0.0 0.11 0 9.545231157166277e-06
0.0 0.12 0 9.493221442203579e-06
0.0 0.13 0 1.0854065854379565e-05
0.0 0.14 0 1.1006716647841786e-05
0.0 0.15 0 8.666495535507936e-06
0.0 0.16 0 6.263199777019385e-06
0.0 0.17 0 4.893155695792544e-06
0.0 0.18 0 4.329537879863938e-06
0.0 0.19 0 4.742174876333957e-06
0.0 0.2 0 6.299336187301035e-06
0.0 0.21 0 7.1552734064237225e-06
0.0 0.22 0 5.091866671359125e-06
0.0 0.23 0 2.7001812237890008e-06
0.0 0.24 0 1.524293697051923e-06
0.0 0.25 0 9.584211642872428e-07
0.0 0.26 0 6.126386624817845e-07
0.0 0.27 0 4.415419463260555e-07
0.0 0.28 0 3.8839208189075295e-07
0.0 0.29 0 3.5555834522263305e-07
0.0 0.3 0 3.0576590882914943e-07
0.0 0.31 0 2.740468459718625e-07
0.0 0.32 0 2.52948684452815e-07
0.0 0.33 0 2.0087318804066287e-07
0.0 0.34 0 1.406947468439722e-07
0.0 0.35000000000000003 0 1.0915396478091295e-07
0.0 0.36 0 1.0015636855414176e-07
0.0 0.37 0 1.0573450491059593e-07
0.0 0.38 0 1.5158451910987303e-07
0.0 0.39 0 3.1892082006708274e-07
0.0 0.4 0 6.678419740424366e-07
0.0 0.41000000000000003 0 8.793057858015109e-07
0.0 0.42 0 7.503267565855603e-07
0.0 0.43 0 5.623425493998591e-07
0.0 0.44 0 4.250201904583713e-07
0.0 0.45 0 3.578028466520562e-07
0.0 0.46 0 4.137875288080467e-07
0.0 0.47000000000000003 0 6.55501374541109e-07
0.0 0.48 0 1.0432168856401233e-06
0.0 0.49 0 1.3811073980037443e-06
0.0 0.5 0 1.602177214682309e-06
0.01 0.0 0 4.877236957679398e-06
0.01 0.01 0 3.4501147143701665e-06
0.01 0.02 0 2.506644220111684e-06
0.01 0.03 0 1.7125025594926756e-06
0.01 0.04 0 1.2501033372415385e-06
0.01 0.05 0 1.2215272923574381e-06
0.01 0.06 0 1.365793766863103e-06
0.01 0.07 0 1.2442269340892031e-06
0.01 0.08 0 9.922054245819595e-07
0.01 0.09 0 9.689931359809734e-07
0.01 0.1 0 1.194887980675862e-06
0.01 0.11 0 1.5298568427405733e-06
0.01 0.12 0 1.9606951945480666e-06
0.01 0.13 0 2.4523192440851634e-06
0.01 0.14 0 2.4241037469540234e-06
0.01 0.15 0 1.801946824107643e-06
0.01 0.16 0 1.3372348038278708e-06
0.01 0.17 0 1.169143465787761e-06
0.01 0.18 0 1.0472834281152904e-06
0.01 0.19 0 9.292645133721297e-07
0.01 0.2 0 9.383717329803577e-07
0.01 0.21 0 9.619606245640943e-07
0.01 0.22 0 7.519604181476642e-07
0.01 0.23 0 4.823128678044495e-07
0.01 0.24 0 3.548951264616581e-07
0.01 0.25 0 3.139236347777494e-07
0.01 0.26 0 2.8286865667862325e-07
0.01 0.27 0 2.767440135926206e-07
0.01 0.28 0 3.3657040323983344e-07
0.01 0.29 0 4.3196420145894437e-07
0.01 0.3 0 4.652799209552834e-07
0.01 0.31 0 4.3046615664003297e-07
0.01 0.32 0 3.5444782543504517e-07
0.01 0.33 0 2.3423051655698027e-07
0.01 0.34 0 1.3816517772758883e-07
0.01 0.35000000000000003 0 1.0197874086407635e-07
0.01 0.36 0 9.808487587202066e-08
0.01 0.37 0 8.973679540083358e-08
0.01 0.38 0 6.987507731831064e-08
0.01 0.39 0 5.556057097160571e-08
0.01 0.4 0 4.593984535714948e-08
0.01 0.41000000000000003 0 3.4656493794502324e-08
0.01 0.42 0 2.6990128726607835e-08
0.01 0.43 0 2.711971436766639e-08
0.01 0.44 0 3.130351347886109e-08
0.01 0.45 0 3.1551353800444745e-08
0.01 0.46 0 2.7160559142656213e-08
0.01 0.47000000000000003 0 2.165044255343572e-08
0.01 0.48 0 1.522832462991159e-08
0.01 0.49 0 1.0195285314357747e-08
0.01 0.5 0 8.722454544965073e-09
0.02 0.0 0 1.6666195028421518e-06
0.02 0.01 0 1.7312709170982326e-06
0.02 0.02 0 2.8060350745630485e-06
0.02 0.03 0 5.001840316508554e-06
0.02 0.04 0 7.289079871838131e-06
0.02 0.05 0 8.723658250701533e-06
0.02 0.06 0 8.503714902747676e-06
0.02 0.07 0 6.0674381761532665e-06
0.02 0.08 0 3.638306036255881e-06
0.02 0.09 0 2.632178785731879e-06
0.02 0.1 0 2.6399854732459854e-06
0.02 0.11 0 3.1649404034327874e-06
0.02 0.12 0 4.031694167094711e-06
0.02 0.13 0 5.092816287312523e-06
0.02 0.14 0 5.347208569529753e-06
0.02 0.15 0 4.230009086557651e-06
0.02 0.16 0 2.9606163287630505e-06
0.02 0.17 0 2.146910821073666e-06
0.02 0.18 0 1.5655538538360811e-06
0.02 0.19 0 1.2094095580061047e-06
0.02 0.2 0 1.239131302505218e-06
0.02 0.21 0 1.7061791662353389e-06
0.02 0.22 0 2.3147152008213993e-06
0.02 0.23 0 2.519435346847169e-06
0.02 0.24 0 2.41307941647992e-06
0.02 0.25 0 2.218328728226565e-06
0.02 0.26 0 1.863803417103816e-06
0.02 0.27 0 1.4458479458917528e-06
0.02 0.28 0 1.0949748931579087e-06
0.02 0.29 0 7.550089980808433e-07
0.02 0.3 0 4.46891529720851e-07
0.02 0.31 0 2.6338533874481185e-07
0.02 0.32 0 1.820045815430051e-07
0.02 0.33 0 1.423044297222778e-07
0.02 0.34 0 1.1827631952613936e-07
0.02 0.35000000000000003 0 1.086695052789025e-07
0.02 0.36 0 1.0291884972573545e-07
0.02 0.37 0 8.242281920836652e-08
0.02 0.38 0 5.786112958120982e-08
0.02 0.39 0 4.9990252184682075e-08
0.02 0.4 0 6.526678530614813e-08
0.02 0.41000000000000003 0 1.0793424119254617e-07
0.02 0.42 0 1.633124614834324e-07
0.02 0.43 0 1.7571854316784344e-07
0.02 0.44 0 1.1654572683783744e-07
0.02 0.45 0 5.186936884868462e-08
0.02 0.46 0 2.2389287861721096e-08
0.02 0.47000000000000003 0 1.3433081590503204e-08
0.02 0.48 0 1.1959356465452867e-08
0.02 0.49 0 1.406319707353109e-08
0.02 0.5 0 1.930463223404629e-08
0.03 0.0 0 5.176264546621302e-07
0.03 0.01 0 5.53492811286435e-07
0.03 0.02 0 5.504050307681652e-07
0.03 0.03 0 4.7485857506732575e-07
0.03 0.04 0 3.835787842028115e-07
0.03 0.05 0 3.7115540154219584e-07
0.03 0.06 0 5.087637277202423e-07
0.03 0.07 0 9.134867717753287e-07
0.03 0.08 0 1.6834884467552178e-06
0.03 0.09 0 2.4714332969847824e-06
0.03 0.1 0 2.545081241598456e-06
0.03 0.11 0 2.00889988166774e-06
0.03 0.12 0 1.5019967653585973e-06
0.03 0.13 0 1.1911402586383793e-06
0.03 0.14 0 9.791895393875006e-07
0.03 0.15 0 8.428385539888107e-07
0.03 0.16 0 8.184839122643238e-07
0.03 0.17 0 8.843944535747407e-07
0.03 0.18 0 9.473177578620424e-07
0.03 0.19 0 9.463602160997472e-07
0.03 0.2 0 9.021987366327477e-07
0.03 0.21 0 8.221213741552346e-07
0.03 0.22 0 7.015301075511883e-07
0.03 0.23 0 5.811121680964525e-07
0.03 0.24 0 5.061905681790592e-07
0.03 0.25 0 4.970037832824226e-07
0.03 0.26 0 5.659048844459831e-07
0.03 0.27 0 6.801328942673838e-07
0.03 0.28 0 6.763519901898656e-07
0.03 0.29 0 4.7273487187049805e-07
0.03 0.3 0 2.751392291791402e-07
0.03 0.31 0 1.905939828520632e-07
0.03 0.32 0 1.8590769318518496e-07
0.03 0.33 0 2.2804181957510814e-07
0.03 0.34 0 2.8949990344224904e-07
0.03 0.35000000000000003 0 3.2717228313135915e-07
0.03 0.36 0 3.027472496184028e-07
0.03 0.37 0 2.4120171914387496e-07
0.03 0.38 0 1.9528526432108454e-07
0.03 0.39 0 1.7847369259471208e-07
0.03 0.4 0 1.7812342647521002e-07
0.03 0.41000000000000003 0 1.8101267116756207e-07
0.03 0.42 0 1.7460962950396576e-07
0.03 0.43 0 1.4691115746996487e-07
0.03 0.44 0 1.1357603270109736e-07
0.03 0.45 0 1.0702106626760404e-07
0.03 0.46 0 1.5212115396597486e-07
0.03 0.47000000000000003 0 2.6906058531957823e-07
0.03 0.48 0 3.889434684683832e-07
0.03 0.49 0 3.7323731699264636e-07
0.03 0.5 0 2.6646560820282175e-07
0.04 0.0 0 5.161238740666869e-08
0.04 0.01 0 4.809366696093146e-08
0.04 0.02 0 4.6548341589951096e-08
0.04 0.03 0 5.5086091224045476e-08
0.04 0.04 0 9.39908505890493e-08
0.04 0.05 0 2.0249666997068748e-07
0.04 0.06 0 3.6981362395733285e-07
0.04 0.07 0 4.472685251131963e-07
0.04 0.08 0 3.6645546262695395e-07
0.04 0.09 0 2.1533714265294832e-07
0.04 0.1 0 1.0352704289124094e-07
0.04 0.11 0 6.020117243610779e-08
0.04 0.12 0 5.8852617458821486e-08
0.04 0.13 0 7.90613289432154e-08
0.04 0.14 0 8.761399355114422e-08
0.04 0.15 0 6.339870098261269e-08
0.04 0.16 0 3.357385632129354e-08
0.04 0.17 0 1.5668451253696598e-08
0.04 0.18 0 8.043707854558903e-09
0.04 0.19 0 5.736283972792003e-09
0.04 0.2 0 5.574767229262706e-09
0.04 0.21 0 5.665259266525367e-09
0.04 0.22 0 5.3769897585322e-09
0.04 0.23 0 5.25599313398705e-09
0.04 0.24 0 5.0200115614552165e-09
0.04 0.25 0 3.91662414323742e-09
0.04 0.26 0 2.730367834301617e-09
0.04 0.27 0 2.2371619108169717e-09
0.04 0.28 0 2.1935414509736382e-09
0.04 0.29 0 2.1955495049571993e-09
0.04 0.3 0 2.3733202109876104e-09
0.04 0.31 0 3.1713237193180163e-09
0.04 0.32 0 4.486804032933101e-09
0.04 0.33 0 5.132242407151874e-09
0.04 0.34 0 4.650836865940249e-09
0.04 0.35000000000000003 0 3.836608954622715e-09
0.04 0.36 0 3.290522532037749e-09
0.04 0.37 0 3.7623535461926335e-09
0.04 0.38 0 7.301957032079867e-09
0.04 0.39 0 1.9741983327587375e-08
0.04 0.4 0 4.405022580721639e-08
0.04 0.41000000000000003 0 6.652486469629807e-08
0.04 0.42 0 8.59629926386352e-08
0.04 0.43 0 1.108558586939708e-07
0.04 0.44 0 1.3800401894214343e-07
0.04 0.45 0 1.8481697063204093e-07
0.04 0.46 0 3.0577354616512157e-07
0.04 0.47000000000000003 0 5.156709937223559e-07
0.04 0.48 0 6.558822645493977e-07
0.04 0.49 0 6.490396023579267e-07
0.04 0.5 0 6.190156226749405e-07
0.05 0.0 0 1.0912685515792255e-07
0.05 0.01 0 9.490539562484329e-08
0.05 0.02 0 7.644792974962108e-08
0.05 0.03 0 5.8870307748069667e-08
0.05 0.04 0 5.215905801499093e-08
0.05 0.05 0 5.004645167223151e-08
0.05 0.06 0 3.555678134827876e-08
0.05 0.07 0 1.7328896904173696e-08
0.05 0.08 0 8.965476798326509e-09
0.05 0.09 0 6.679794413303708e-09
0.05 0.1 0 6.074331605026924e-09
0.05 0.11 0 5.4911533934718015e-09
0.05 0.12 0 4.721825526644847e-09
0.05 0.13 0 3.2816385063039805e-09
0.05 0.14 0 1.5631492138809537e-09
0.05 0.15 0 6.610136669114677e-10
0.05 0.16 0 4.021482129392473e-10
0.05 0.17 0 4.0930041923495175e-10
0.05 0.18 0 5.972598140925295e-10
0.05 0.19 0 1.0609091611005425e-09
0.05 0.2 0 1.698444199939193e-09
0.05 0.21 0 1.567599293361395e-09
0.05 0.22 0 8.054886018076342e-10
0.05 0.23 0 4.022437800070817e-10
0.05 0.24 0 3.099907082791301e-10
0.05 0.25 0 3.505417086966154e-10
0.05 0.26 0 5.119955777991955e-10
0.05 0.27 0 1.0138814275963262e-09
0.05 0.28 0 2.353749299422749e-09
0.05 0.29 0 4.3791344104638386e-09
0.05 0.3 0 5.703196906858943e-09
0.05 0.31 0 6.131886357688344e-09
0.05 0.32 0 5.93190717517518e-09
0.05 0.33 0 5.4314266928179525e-09
0.05 0.34 0 6.105951072077466e-09
0.05 0.35000000000000003 0 1.0004087220703546e-08
0.05 0.36 0 1.8761880809954273e-08
0.05 0.37 0 3.0507077149315575e-08
0.05 0.38 0 4.5154534595776174e-08
0.05 0.39 0 6.280553536538556e-08
0.05 0.4 0 6.648765330019519e-08
0.05 0.41000000000000003 0 5.37315320854362e-08
0.05 0.42 0 4.900130803505242e-08
0.05 0.43 0 6.152093510651278e-08
0.05 0.44 0 8.152229585716668e-08
0.05 0.45 0 8.878155362469737e-08
0.05 0.46 0 8.148219650662177e-08
0.05 0.47000000000000003 0 6.498619088225975e-08
0.05 0.48 0 4.62213261274353e-08
0.05 0.49 0 3.76383091632996e-08
0.05 0.5 0 4.37084163609383e-08
0.06 0.0 0 3.657175267559051e-08
0.06 0.01 0 4.1863818352885326e-08
0.06 0.02 0 6.034063088636133e-08
0.06 0.03 0 8.0530539850071e-08
0.06 0.04 0 9.032512298494206e-08
0.06 0.05 0 8.407357356983026e-08
0.06 0.06 0 5.4457316307167906e-08
0.06 0.07 0 2.3930896409681416e-08
0.06 0.08 0 1.0502871740286138e-08
0.06 0.09 0 6.578425514074434e-09
0.06 0.1 0 5.409410195392489e-09
0.06 0.11 0 4.6246117360734254e-09
0.06 0.12 0 3.905875602766249e-09
0.06 0.13 0 3.1877402120081157e-09
0.06 0.14 0 2.3310354105728088e-09
0.06 0.15 0 1.657188896329526e-09
0.06 0.16 0 1.3435380164592143e-09
0.06 0.17 0 1.1584533057468306e-09
0.06 0.18 0 9.174809994070802e-10
0.06 0.19 0 7.730549057532018e-10
0.06 0.2 0 8.97230224411953e-10
0.06 0.21 0 1.3864426878576062e-09
0.06 0.22 0 2.3738289194559348e-09
0.06 0.23 0 4.3768491562760434e-09
0.06 0.24 0 8.059956944876059e-09
0.06 0.25 0 1.0551948675431564e-08
0.06 0.26 0 7.62820015212492e-09
0.06 0.27 0 3.6124835530815057e-09
0.06 0.28 0 1.6016844548238125e-09
0.06 0.29 0 8.604498845243432e-10
0.06 0.3 0 6.978191533910394e-10
0.06 0.31 0 9.79329012677287e-10
0.06 0.32 0 1.974612084085335e-09
0.06 0.33 0 3.895217696807546e-09
0.06 0.34 0 6.197200591587954e-09
0.06 0.35000000000000003 0 7.904336835152343e-09
0.06 0.36 0 7.69603201681241e-09
0.06 0.37 0 6.091033915355317e-09
0.06 0.38 0 5.7722446570710324e-09
0.06 0.39 0 9.430522486689167e-09
0.06 0.4 0 2.3893598034952073e-08
0.06 0.41000000000000003 0 6.198255967722813e-08
0.06 0.42 0 1.1952224962225481e-07
0.06 0.43 0 1.441011581896344e-07
0.06 0.44 0 1.0250898397111042e-07
0.06 0.45 0 5.375215753711146e-08
0.06 0.46 0 3.271686607318559e-08
0.06 0.47000000000000003 0 3.128901167016641e-08
0.06 0.48 0 4.675304531485215e-08
0.06 0.49 0 9.61329754430095e-08
0.06 0.5 0 2.2275749387836854e-07
0.07 0.0 0 9.290224504021151e-08
0.07 0.01 0 9.294702009281542e-08
0.07 0.02 0 8.139919564587004e-08
0.07 0.03 0 6.236319419202539e-08
0.07 0.04 0 5.024290757157337e-08
0.07 0.05 0 5.1930950253956235e-08
0.07 0.06 0 6.584138284528292e-08
0.07 0.07 0 8.130294260603504e-08
0.07 0.08 0 8.048499151550594e-08
0.07 0.09 0 5.8422452089904405e-08
0.07 0.1 0 3.1582446960129337e-08
0.07 0.11 0 1.4952127882764706e-08
0.07 0.12 0 7.866629452897095e-09
0.07 0.13 0 5.286191442261611e-09
0.07 0.14 0 4.55308702320025e-09
0.07 0.15 0 4.768409036647194e-09
0.07 0.16 0 5.373606658025796e-09
0.07 0.17 0 5.359771004657588e-09
0.07 0.18 0 4.304042093319473e-09
0.07 0.19 0 3.132296365162286e-09
0.07 0.2 0 2.410181775169227e-09
0.07 0.21 0 1.957333969894372e-09
0.07 0.22 0 1.5541261003436051e-09
0.07 0.23 0 1.211253870399984e-09
0.07 0.24 0 9.962320073863498e-10
0.07 0.25 0 9.281378182262645e-10
0.07 0.26 0 1.0262484653108809e-09
0.07 0.27 0 1.3144427014037676e-09
0.07 0.28 0 1.7484425481354735e-09
0.07 0.29 0 2.2415746990012807e-09
0.07 0.3 0 2.872709851326339e-09
0.07 0.31 0 3.7906185555840745e-09
0.07 0.32 0 4.851093286368711e-09
0.07 0.33 0 5.870036277395281e-09
0.07 0.34 0 7.311218046536477e-09
0.07 0.35000000000000003 0 9.981708437468264e-09
0.07 0.36 0 1.433116906294738e-08
0.07 0.37 0 2.0620774253951906e-08
0.07 0.38 0 2.928532241582197e-08
0.07 0.39 0 3.840920605722131e-08
0.07 0.4 0 4.203981239252597e-08
0.07 0.41000000000000003 0 3.7893589663642406e-08
0.07 0.42 0 3.127459272732852e-08
0.07 0.43 0 2.8571713020702822e-08
0.07 0.44 0 3.7090813542052906e-08
0.07 0.45 0 7.950571277800909e-08
0.07 0.46 0 2.2953813725374682e-07
0.07 0.47000000000000003 0 5.413573346558879e-07
0.07 0.48 0 7.216268725764684e-07
0.07 0.49 0 5.651574640957754e-07
0.07 0.5 0 3.5519247406055674e-07
0.08 0.0 0 2.1577283259137838e-08
0.08 0.01 0 1.254685088096528e-08
0.08 0.02 0 8.612898978960243e-09
0.08 0.03 0 7.620494715847075e-09
0.08 0.04 0 8.646255966823017e-09
0.08 0.05 0 9.677148813725961e-09
0.08 0.06 0 7.724092738833016e-09
0.08 0.07 0 4.044759120488202e-09
0.08 0.08 0 1.5684029630165524e-09
0.08 0.09 0 5.540046097558062e-10
0.08 0.1 0 2.557495409799971e-10
0.08 0.11 0 2.235301932440913e-10
0.08 0.12 0 3.512457715795909e-10
0.08 0.13 0 6.109950974300849e-10
0.08 0.14 0 8.208775309707455e-10
0.08 0.15 0 8.978762996829935e-10
0.08 0.16 0 9.601304341000958e-10
0.08 0.17 0 1.1365018150974002e-09
0.08 0.18 0 1.74518602640927e-09
0.08 0.19 0 3.722369171075543e-09
0.08 0.2 0 8.517939505836306e-09
0.08 0.21 0 1.4279584967557518e-08
0.08 0.22 0 1.5410514186575787e-08
0.08 0.23 0 1.145766704281973e-08
0.08 0.24 0 6.249907466042221e-09
0.08 0.25 0 2.9566810865935795e-09
0.08 0.26 0 1.6241163816736252e-09
0.08 0.27 0 1.1159208805724861e-09
0.08 0.28 0 7.829196187768846e-10
0.08 0.29 0 5.412254920676507e-10
0.08 0.3 0 4.751123357901072e-10
0.08 0.31 0 5.801638674511516e-10
0.08 0.32 0 7.829492044547474e-10
0.08 0.33 0 9.90469683551049e-10
0.08 0.34 0 1.2319078666428814e-09
0.08 0.35000000000000003 0 1.5253027732633301e-09
0.08 0.36 0 1.8439773171834446e-09
0.08 0.37 0 2.490199720706877e-09
0.08 0.38 0 4.1313864736818565e-09
0.08 0.39 0 6.9857110445402094e-09
0.08 0.4 0 9.920801428780195e-09
0.08 0.41000000000000003 0 1.288040169299322e-08
0.08 0.42 0 1.683955321538249e-08
0.08 0.43 0 1.988136049190051e-08
0.08 0.44 0 2.0841024003291446e-08
0.08 0.45 0 2.3409749585802552e-08
0.08 0.46 0 2.8101148515369635e-08
0.08 0.47000000000000003 0 2.798795179888457e-08
0.08 0.48 0 2.325647791672798e-08
0.08 0.49 0 2.3529178760216652e-08
0.08 0.5 0 3.6718182703401885e-08
0.09 0.0 0 1.699674874539976e-07
0.09 0.01 0 1.6732384646927716e-07
0.09 0.02 0 1.5004966923560466e-07
0.09 0.03 0 1.197316873477656e-07
0.09 0.04 0 9.13588941236154e-08
0.09 0.05 0 5.9564551184666295e-08
0.09 0.06 0 3.07625652814669e-08
0.09 0.07 0 1.7229325863137352e-08
0.09 0.08 0 1.4918405271001364e-08
0.09 0.09 0 1.820863167865242e-08
0.09 0.1 0 2.3793608739753735e-08
0.09 0.11 0 3.1281558580701066e-08
0.09 0.12 0 3.7576141318879265e-08
0.09 0.13 0 3.056165906219523e-08
0.09 0.14 0 1.669425514372984e-08
0.09 0.15 0 1.0129835730161253e-08
0.09 0.16 0 1.0229261502644651e-08
0.09 0.17 0 1.5254296279812434e-08
0.09 0.18 0 2.450150301526797e-08
0.09 0.19 0 3.3227638226047215e-08
0.09 0.2 0 2.9478973299708576e-08
0.09 0.21 0 1.6192493423264748e-08
0.09 0.22 0 8.562994857403769e-09
0.09 0.23 0 7.331863402040481e-09
0.09 0.24 0 1.0014370350903826e-08
0.09 0.25 0 1.5670906230857826e-08
0.09 0.26 0 2.4854478656575742e-08
0.09 0.27 0 3.750354734819188e-08
0.09 0.28 0 4.1090893590395486e-08
0.09 0.29 0 2.9758827779432588e-08
0.09 0.3 0 2.0298187581125596e-08
0.09 0.31 0 1.7532951306388827e-08
0.09 0.32 0 1.673929626920042e-08
0.09 0.33 0 1.4816484654797348e-08
0.09 0.34 0 1.3073958604249962e-08
0.09 0.35000000000000003 0 1.1946960173123534e-08
0.09 0.36 0 1.052029071330274e-08
0.09 0.37 0 9.838959635205722e-09
0.09 0.38 0 1.1089442723142445e-08
0.09 0.39 0 1.2274893974508825e-08
0.09 0.4 0 1.041814331757563e-08
0.09 0.41000000000000003 0 8.197943235896131e-09
0.09 0.42 0 8.19303907489227e-09
0.09 0.43 0 9.5146417608185e-09
0.09 0.44 0 1.028454333306571e-08
0.09 0.45 0 1.1471950036127862e-08
0.09 0.46 0 1.551200272362821e-08
0.09 0.47000000000000003 0 2.246971781897399e-08
0.09 0.48 0 3.146310774101369e-08
0.09 0.49 0 4.9226489563754697e-08
0.09 0.5 0 8.823096690223185e-08
0.1 0.0 0 4.8711714991606815e-08
0.1 0.01 0 3.193472055587543e-08
0.1 0.02 0 2.1551133705558333e-08
0.1 0.03 0 1.532009561282026e-08
0.1 0.04 0 1.2602112858176207e-08
0.1 0.05 0 1.043750397991152e-08
0.1 0.06 0 6.934061500304526e-09
0.1 0.07 0 4.3142137636759575e-09
0.1 0.08 0 3.6245996936643677e-09
0.1 0.09 0 4.079916260926985e-09
0.1 0.1 0 4.5830565705625745e-09
0.1 0.11 0 4.932856561522551e-09
0.1 0.12 0 6.059350685912991e-09
0.1 0.13 0 8.419823306175972e-09
0.1 0.14 0 1.183595829251076e-08
0.1 0.15 0 1.7477305798118716e-08
0.1 0.16 0 2.6987649404574458e-08
0.1 0.17 0 3.55705348017649e-08
0.1 0.18 0 3.696420735031185e-08
0.1 0.19 0 3.711806799328925e-08
0.1 0.2 0 4.182883443341871e-08
0.1 0.21 0 5.1182678497917015e-08
0.1 0.22 0 7.042201432512634e-08
0.1 0.23 0 1.102591374289544e-07
0.1 0.24 0 1.3811509082447132e-07
0.1 0.25 0 8.883590098613256e-08
0.1 0.26 0 3.241012911023307e-08
0.1 0.27 0 1.1911031073724714e-08
0.1 0.28 0 6.760160337060763e-09
0.1 0.29 0 6.517409781197297e-09
0.1 0.3 0 1.0363883704331662e-08
0.1 0.31 0 2.2313902242452304e-08
0.1 0.32 0 4.269025038168062e-08
0.1 0.33 0 5.377577769837179e-08
0.1 0.34 0 4.725084566263912e-08
0.1 0.35000000000000003 0 3.402664485637299e-08
0.1 0.36 0 2.223170377193208e-08
0.1 0.37 0 1.6508494807429346e-08
0.1 0.38 0 1.808773878973321e-08
0.1 0.39 0 2.6633064832890023e-08
0.1 0.4 0 3.6711160836221235e-08
0.1 0.41000000000000003 0 4.1817299972424425e-08
0.1 0.42 0 4.554516380261148e-08
0.1 0.43 0 4.815631968434234e-08
0.1 0.44 0 4.381790404705974e-08
0.1 0.45 0 3.6726672433775885e-08
0.1 0.46 0 3.4724091509857116e-08
0.1 0.47000000000000003 0 3.880072198744752e-08
0.1 0.48 0 4.775505000455294e-08
0.1 0.49 0 6.264588446106218e-08
0.1 0.5 0 7.982299670085743e-08
0.11 0.0 0 2.516163544846848e-07
0.11 0.01 0 1.635733617981764e-07
0.11 0.02 0 1.348088169046241e-07
0.11 0.03 0 1.4894391437800036e-07
0.11 0.04 0 2.274046964995848e-07
0.11 0.05 0 3.9859415648486486e-07
0.11 0.06 0 5.746059929596019e-07
0.11 0.07 0 5.967395433123714e-07
0.11 0.08 0 5.171431879579492e-07
0.11 0.09 0 4.374039860941912e-07
0.11 0.1 0 3.786528743408255e-07
0.11 0.11 0 3.580611124141624e-07
0.11 0.12 0 4.0660949288945757e-07
0.11 0.13 0 5.558321505514513e-07
0.11 0.14 0 8.317026093189479e-07
0.11 0.15 0 1.1945361303534105e-06
0.11 0.16 0 1.403368712103182e-06
0.11 0.17 0 1.2336659451907691e-06
0.11 0.18 0 9.36979115432572e-07
0.11 0.19 0 8.059227822635267e-07
0.11 0.2 0 8.484717321493866e-07
0.11 0.21 0 9.258925364288773e-07
0.11 0.22 0 9.053345787042871e-07
0.11 0.23 0 7.904829036002485e-07
0.11 0.24 0 6.246072723197513e-07
0.11 0.25 0 4.4125767119166534e-07
0.11 0.26 0 2.928422693332458e-07
0.11 0.27 0 1.9982148383038063e-07
0.11 0.28 0 1.4480318113342042e-07
0.11 0.29 0 1.0865484905242602e-07
0.11 0.3 0 8.084739108068104e-08
0.11 0.31 0 5.654905020093446e-08
0.11 0.32 0 3.761974164210184e-08
0.11 0.33 0 2.7556592751508888e-08
0.11 0.34 0 2.532844662802106e-08
0.11 0.35000000000000003 0 2.6517193686602873e-08
0.11 0.36 0 2.4954778672133498e-08
0.11 0.37 0 1.8968727120182585e-08
0.11 0.38 0 1.243544289623062e-08
0.11 0.39 0 7.61449128669054e-09
0.11 0.4 0 4.604306853546023e-09
0.11 0.41000000000000003 0 3.0594033638698624e-09
0.11 0.42 0 2.574239616962163e-09
0.11 0.43 0 3.022691982626092e-09
0.11 0.44 0 4.954082585870919e-09
0.11 0.45 0 9.64981485876873e-09
0.11 0.46 0 1.6311175374146373e-08
0.11 0.47000000000000003 0 1.862318207229836e-08
0.11 0.48 0 1.478548673674863e-08
0.11 0.49 0 1.0127785051002212e-08
0.11 0.5 0 7.135803887901581e-09
0.12 0.0 0 4.5246487103885846e-06
0.12 0.01 0 2.7182175210255203e-06
0.12 0.02 0 1.7282305821672484e-06
0.12 0.03 0 1.1033972340146806e-06
0.12 0.04 0 6.953966852627205e-07
0.12 0.05 0 4.1073889980735566e-07
0.12 0.06 0 2.3635034036030427e-07
0.12 0.07 0 1.5263706861140352e-07
0.12 0.08 0 1.193534265831222e-07
0.12 0.09 0 1.1433359150703503e-07
0.12 0.1 0 1.4179777887483643e-07
0.12 0.11 0 2.1844395581119307e-07
0.12 0.12 0 3.1680944816490757e-07
0.12 0.13 0 3.4255500788509624e-07
0.12 0.14 0 3.083373086779988e-07
0.12 0.15 0 2.932781267265691e-07
0.12 0.16 0 3.0665491345623576e-07
0.12 0.17 0 3.3267907583786267e-07
0.12 0.18 0 3.802227236668474e-07
0.12 0.19 0 4.260555207612934e-07
0.12 0.2 0 3.719609864654782e-07
0.12 0.21 0 2.2991135284373024e-07
0.12 0.22 0 1.2079662727684874e-07
0.12 0.23 0 6.81203396628577e-08
0.12 0.24 0 4.822430910824225e-08
0.12 0.25 0 4.939031028681994e-08
0.12 0.26 0 7.197473231898051e-08
0.12 0.27 0 1.0820201910711214e-07
0.12 0.28 0 1.241823800460561e-07
0.12 0.29 0 1.184729607083244e-07
0.12 0.3 0 1.1775828520722464e-07
0.12 0.31 0 1.1803472298222177e-07
0.12 0.32 0 1.0356371555506482e-07
0.12 0.33 0 8.276814641189024e-08
0.12 0.34 0 6.444882119266676e-08
0.12 0.35000000000000003 0 4.529821047783339e-08
0.12 0.36 0 2.874885939240801e-08
0.12 0.37 0 1.9614352874532324e-08
0.12 0.38 0 1.5271757959310822e-08
0.12 0.39 0 1.1901987928032257e-08
0.12 0.4 0 8.913528192126044e-09
0.12 0.41000000000000003 0 6.881020990534868e-09
0.12 0.42 0 5.204701859051506e-09
0.12 0.43 0 3.6550761732316162e-09
0.12 0.44 0 2.8648414119850962e-09
0.12 0.45 0 2.9237086612742947e-09
0.12 0.46 0 3.1388779431131407e-09
0.12 0.47000000000000003 0 2.7305896260395684e-09
0.12 0.48 0 2.1853465098798752e-09
0.12 0.49 0 2.1140162578280226e-09
0.12 0.5 0 2.4870503361175578e-09
0.13 0.0 0 1.34945554832923e-06
0.13 0.01 0 1.2785949231280655e-06
0.13 0.02 0 9.326502710327306e-07
0.13 0.03 0 6.357199936828008e-07
0.13 0.04 0 4.833299810976556e-07
0.13 0.05 0 3.8060314426186217e-07
0.13 0.06 0 3.0725764326132394e-07
0.13 0.07 0 2.98237261452214e-07
0.13 0.08 0 3.348856396326167e-07
0.13 0.09 0 3.4312684675911556e-07
0.13 0.1 0 3.1812632559021273e-07
0.13 0.11 0 3.116044010601818e-07
0.13 0.12 0 2.866331927052652e-07
0.13 0.13 0 1.9918983812184862e-07
0.13 0.14 0 1.2431031513196727e-07
0.13 0.15 0 9.80927111321344e-08
0.13 0.16 0 9.468593896423015e-08
0.13 0.17 0 8.627168211353e-08
0.13 0.18 0 7.096955396033984e-08
0.13 0.19 0 5.602116377945853e-08
0.13 0.2 0 4.0994866629314247e-08
0.13 0.21 0 3.150682181035443e-08
0.13 0.22 0 3.514568726797911e-08
0.13 0.23 0 5.8049612869610315e-08
0.13 0.24 0 9.539271621184941e-08
0.13 0.25 0 1.1906080479371617e-07
0.13 0.26 0 1.1860626071233241e-07
0.13 0.27 0 9.553545257642935e-08
0.13 0.28 0 6.25503898140538e-08
0.13 0.29 0 4.676037948672742e-08
0.13 0.3 0 5.819942920984948e-08
0.13 0.31 0 1.0135583584977451e-07
0.13 0.32 0 1.4982731757786406e-07
0.13 0.33 0 1.580027517536631e-07
0.13 0.34 0 1.3615970986674065e-07
0.13 0.35000000000000003 0 1.0412337359235951e-07
0.13 0.36 0 7.974454669289602e-08
0.13 0.37 0 7.885453486888644e-08
0.13 0.38 0 1.01433169991145e-07
0.13 0.39 0 1.2177023057399772e-07
0.13 0.4 0 1.1893409628496227e-07
0.13 0.41000000000000003 0 1.1886406433183944e-07
0.13 0.42 0 1.3456541744116434e-07
0.13 0.43 0 1.4836574797756591e-07
0.13 0.44 0 1.6316754481181793e-07
0.13 0.45 0 2.1284416575468583e-07
0.13 0.46 0 2.90903082550287e-07
0.13 0.47000000000000003 0 3.176084251810601e-07
0.13 0.48 0 3.0366157122546343e-07
0.13 0.49 0 3.3500131663177353e-07
0.13 0.5 0 4.010577204164353e-07
0.14 0.0 0 2.5962838893254784e-07
0.14 0.01 0 1.7685764064653276e-07
0.14 0.02 0 1.4169030586970163e-07
0.14 0.03 0 1.3992568843977573e-07
0.14 0.04 0 1.6309152427699318e-07
0.14 0.05 0 1.6962453960010347e-07
0.14 0.06 0 1.3985444692582592e-07
0.14 0.07 0 1.199602704425745e-07
0.14 0.08 0 1.308462536310818e-07
0.14 0.09 0 1.5597620746191754e-07
0.14 0.1 0 1.8216171816368888e-07
0.14 0.11 0 2.3342319031112996e-07
0.14 0.12 0 3.1216272044500716e-07
0.14 0.13 0 3.37044180929543e-07
0.14 0.14 0 2.929424313902219e-07
0.14 0.15 0 2.632982644891121e-07
0.14 0.16 0 2.490812900194771e-07
0.14 0.17 0 2.0056484169943404e-07
0.14 0.18 0 1.3609606271147802e-07
0.14 0.19 0 9.262748005515085e-08
0.14 0.2 0 6.649479665822406e-08
0.14 0.21 0 5.10828731761705e-08
0.14 0.22 0 4.700592045049333e-08
0.14 0.23 0 4.7531453283708696e-08
0.14 0.24 0 3.654160517727701e-08
0.14 0.25 0 1.8943484608111732e-08
0.14 0.26 0 9.607184095316444e-09
0.14 0.27 0 6.79796749891096e-09
0.14 0.28 0 6.722265631111648e-09
0.14 0.29 0 8.742677944000995e-09
0.14 0.3 0 1.4943099024355452e-08
0.14 0.31 0 2.707343184962902e-08
0.14 0.32 0 3.738325500064438e-08
0.14 0.33 0 3.9672046649280434e-08
0.14 0.34 0 4.376764067134956e-08
0.14 0.35000000000000003 0 5.827444801576433e-08
0.14 0.36 0 8.904061566169355e-08
0.14 0.37 0 1.5081373855540296e-07
0.14 0.38 0 2.5254538453091274e-07
0.14 0.39 0 3.2527009468666713e-07
0.14 0.4 0 3.16413398019082e-07
0.14 0.41000000000000003 0 3.295966669759565e-07
0.14 0.42 0 4.598133844594188e-07
0.14 0.43 0 7.165129200411423e-07
0.14 0.44 0 1.0303091319429843e-06
0.14 0.45 0 1.4545479859339264e-06
0.14 0.46 0 2.085126559411815e-06
0.14 0.47000000000000003 0 2.7170119907434934e-06
0.14 0.48 0 3.2844610087170863e-06
0.14 0.49 0 4.290543353316687e-06
0.14 0.5 0 5.921792670325281e-06
0.15 0.0 0 5.878557830111484e-08
0.15 0.01 0 5.839608000388385e-08
0.15 0.02 0 8.127934746180955e-08
0.15 0.03 0 1.402638194482608e-07
0.15 0.04 0 2.4022162406633266e-07
0.15 0.05 0 3.089324334093979e-07
0.15 0.06 0 2.7830496603369906e-07
0.15 0.07 0 2.2281012924905457e-07
0.15 0.08 0 1.9354857359108968e-07
0.15 0.09 0 1.6794178821226636e-07
0.15 0.1 0 1.3081742596373228e-07
0.15 0.11 0 1.0299151600646133e-07
0.15 0.12 0 9.640080114966697e-08
0.15 0.13 0 1.0650468658826756e-07
0.15 0.14 0 1.2646870890271315e-07
0.15 0.15 0 1.4772943222949015e-07
0.15 0.16 0 1.496495969326325e-07
0.15 0.17 0 1.2002206690987143e-07
0.15 0.18 0 8.262254226530044e-08
0.15 0.19 0 5.7500660422402484e-08
0.15 0.2 0 4.373841380336486e-08
0.15 0.21 0 3.7574252384919555e-08
0.15 0.22 0 3.789308441149135e-08
0.15 0.23 0 4.0659580578046915e-08
0.15 0.24 0 3.62482582277649e-08
0.15 0.25 0 2.4318285557793875e-08
0.15 0.26 0 1.5014376829252795e-08
0.15 0.27 0 1.0874204386364933e-08
0.15 0.28 0 9.615860871321132e-09
0.15 0.29 0 9.621747430139248e-09
0.15 0.3 0 1.046029402790397e-08
0.15 0.31 0 1.2324076771578137e-08
0.15 0.32 0 1.60589974522764e-08
0.15 0.33 0 2.389581095504336e-08
0.15 0.34 0 3.858767452789576e-08
0.15 0.35000000000000003 0 5.816263252801907e-08
0.15 0.36 0 7.584804964773976e-08
0.15 0.37 0 9.345407850690461e-08
0.15 0.38 0 1.1962371692139398e-07
0.15 0.39 0 1.6001687692067658e-07
0.15 0.4 0 2.3364229327234497e-07
0.15 0.41000000000000003 0 4.186917249532622e-07
0.15 0.42 0 9.266960298825255e-07
0.15 0.43 0 2.1116162102565044e-06
0.15 0.44 0 4.0511456509632495e-06
0.15 0.45 0 6.06696726351487e-06
0.15 0.46 0 7.337101631070182e-06
0.15 0.47000000000000003 0 7.89382735978804e-06
0.15 0.48 0 8.42655392887135e-06
0.15 0.49 0 9.336976965367133e-06
0.15 0.5 0 1.0816351225398022e-05
0.16 0.0 0 2.114404278413788e-07
0.16 0.01 0 2.4634518900210477e-07
0.16 0.02 0 2.2295521289107744e-07
0.16 0.03 0 1.6284096615918119e-07
0.16 0.04 0 1.0333808462027653e-07
0.16 0.05 0 6.14586834104074e-08
0.16 0.06 0 4.084368055952237e-08
0.16 0.07 0 3.5622605914933766e-08
0.16 0.08 0 3.9231019841945785e-08
0.16 0.09 0 4.643004738003287e-08
0.16 0.1 0 5.2489579572254854e-08
0.16 0.11 0 5.291116910424106e-08
0.16 0.12 0 4.7364837331880286e-08
0.16 0.13 0 4.3321259509347236e-08
0.16 0.14 0 4.665396269818869e-08
0.16 0.15 0 5.3225263265980465e-08
0.16 0.16 0 5.114216543739702e-08
0.16 0.17 0 4.088540069730771e-08
0.16 0.18 0 3.168452253723641e-08
0.16 0.19 0 2.3794375697292476e-08
0.16 0.2 0 1.5494951984592493e-08
0.16 0.21 0 9.370231794690738e-09
0.16 0.22 0 6.522193581578992e-09
0.16 0.23 0 5.878027354077951e-09
0.16 0.24 0 6.964209161532185e-09
0.16 0.25 0 1.0763720552502685e-08
0.16 0.26 0 1.9179388727019705e-08
0.16 0.27 0 3.169017140992354e-08
0.16 0.28 0 4.5276187738249635e-08
0.16 0.29 0 6.086969542816504e-08
0.16 0.3 0 7.562222307119384e-08
0.16 0.31 0 8.016579537130175e-08
0.16 0.32 0 8.368152005670077e-08
0.16 0.33 0 1.1044293628984374e-07
0.16 0.34 0 1.7968414491980687e-07
0.16 0.35000000000000003 0 2.871506892840317e-07
0.16 0.36 0 4.274841787109441e-07
0.16 0.37 0 6.45458753502769e-07
0.16 0.38 0 9.270149105912155e-07
0.16 0.39 0 1.1049019239558425e-06
0.16 0.4 0 1.120649782614733e-06
0.16 0.41000000000000003 0 1.0757652761942566e-06
0.16 0.42 0 1.0467945026223207e-06
0.16 0.43 0 1.1877905606383636e-06
0.16 0.44 0 1.8070213689301047e-06
0.16 0.45 0 3.122194054162281e-06
0.16 0.46 0 4.257519161775043e-06
0.16 0.47000000000000003 0 4.246133441913954e-06
0.16 0.48 0 3.915403499898233e-06
0.16 0.49 0 3.694545771711456e-06
0.16 0.5 0 3.2725456248911285e-06
0.17 0.0 0 4.386561359802334e-06
0.17 0.01 0 3.7499450392375986e-06
0.17 0.02 0 2.4527132412622756e-06
0.17 0.03 0 1.7306721329947728e-06
0.17 0.04 0 1.5061398573723298e-06
0.17 0.05 0 1.4403213857417675e-06
0.17 0.06 0 1.4433411072566414e-06
0.17 0.07 0 1.4644334047065658e-06
0.17 0.08 0 1.2627074151400837e-06
0.17 0.09 0 8.863905786596365e-07
0.17 0.1 0 6.396747241218738e-07
0.17 0.11 0 5.247045644764089e-07
0.17 0.12 0 4.0311751861686267e-07
0.17 0.13 0 2.8418296116637277e-07
0.17 0.14 0 2.460972286566273e-07
0.17 0.15 0 2.8440119275535075e-07
0.17 0.16 0 3.338292704794166e-07
0.17 0.17 0 3.5101504847831555e-07
0.17 0.18 0 3.85603851527075e-07
0.17 0.19 0 4.5184335301057366e-07
0.17 0.2 0 4.922831722262164e-07
0.17 0.21 0 5.277878376938191e-07
0.17 0.22 0 6.403378759038035e-07
0.17 0.23 0 7.772336946464477e-07
0.17 0.24 0 7.739359139658927e-07
0.17 0.25 0 6.558840658210287e-07
0.17 0.26 0 4.982927559151963e-07
0.17 0.27 0 3.086951459224756e-07
0.17 0.28 0 1.78249456350635e-07
0.17 0.29 0 1.478228327384306e-07
0.17 0.3 0 1.9809549442446551e-07
0.17 0.31 0 2.86630916548309e-07
0.17 0.32 0 3.306827304724954e-07
0.17 0.33 0 3.4142571175000534e-07
0.17 0.34 0 3.563665046417982e-07
0.17 0.35000000000000003 0 3.60864619211258e-07
0.17 0.36 0 3.905259709025778e-07
0.17 0.37 0 5.312653670001507e-07
0.17 0.38 0 7.951522933971025e-07
0.17 0.39 0 1.0199632134526293e-06
0.17 0.4 0 1.1541930636998267e-06
0.17 0.41000000000000003 0 1.2838124900926613e-06
0.17 0.42 0 1.2471113625864433e-06
0.17 0.43 0 1.0055326933206016e-06
0.17 0.44 0 8.524509724871871e-07
0.17 0.45 0 8.364689797473311e-07
0.17 0.46 0 7.503855882337183e-07
0.17 0.47000000000000003 0 5.920682568021122e-07
0.17 0.48 0 5.832463982425903e-07
0.17 0.49 0 8.261475812748069e-07
0.17 0.5 0 1.2031379348061582e-06
0.18 0.0 0 9.791927955854022e-06
0.18 0.01 0 1.0430064931747331e-05
0.18 0.02 0 1.1408201855560048e-05
0.18 0.03 0 1.315256798793476e-05
0.18 0.04 0 1.4229710791432469e-05
0.18 0.05 0 1.196828843143391e-05
0.18 0.06 0 8.947475041357927e-06
0.18 0.07 0 8.069558487476665e-06
0.18 0.08 0 8.869941460059687e-06
0.18 0.09 0 1.0202760731322662e-05
0.18 0.1 0 1.3004213700593425e-05
0.18 0.11 0 1.9038904142223492e-05
0.18 0.12 0 2.4160519629681148e-05
0.18 0.13 0 2.1688269687765622e-05
0.18 0.14 0 1.7232224331336565e-05
0.18 0.15 0 1.5032600901476773e-05
0.18 0.16 0 1.2072518156564343e-05
0.18 0.17 0 7.3906381391349954e-06
0.18 0.18 0 3.953179381128972e-06
0.18 0.19 0 2.230918173486758e-06
0.18 0.2 0 1.4141840580513875e-06
0.18 0.21 0 1.1458707907011684e-06
0.18 0.22 0 1.288444585947024e-06
0.18 0.23 0 1.5024392947205968e-06
0.18 0.24 0 1.222036300559888e-06
0.18 0.25 0 7.170568987226212e-07
0.18 0.26 0 4.134213103352766e-07
0.18 0.27 0 2.5953910662828234e-07
0.18 0.28 0 1.7697244255690192e-07
0.18 0.29 0 1.5320050532568176e-07
0.18 0.3 0 1.706416958941153e-07
0.18 0.31 0 1.683169289220728e-07
0.18 0.32 0 1.09134825738425e-07
0.18 0.33 0 5.5107625022073e-08
0.18 0.34 0 2.9137202276235195e-08
0.18 0.35000000000000003 0 1.7294393252097048e-08
0.18 0.36 0 1.1586125240453454e-08
0.18 0.37 0 8.967757735766461e-09
0.18 0.38 0 6.93301741146251e-09
0.18 0.39 0 4.60216193444265e-09
0.18 0.4 0 3.209616342160559e-09
0.18 0.41000000000000003 0 3.2477888140772757e-09
0.18 0.42 0 4.514557803014248e-09
0.18 0.43 0 6.507150330513184e-09
0.18 0.44 0 9.22529116643282e-09
0.18 0.45 0 1.3662127572485258e-08
0.18 0.46 0 1.846306683415387e-08
0.18 0.47000000000000003 0 2.0434796275607976e-08
0.18 0.48 0 2.212916805106794e-08
0.18 0.49 0 2.7513584259271813e-08
0.18 0.5 0 3.476126166698661e-08
0.19 0.0 0 0.0002754814918758307
0.19 0.01 0 0.0003419374886334338
0.19 0.02 0 0.00044515427203833794
0.19 0.03 0 0.000550809032749367
0.19 0.04 0 0.0005688532366730357
0.19 0.05 0 0.00044117644524294054
0.19 0.06 0 0.000289056858743874
0.19 0.07 0 0.00019727221882036636
0.19 0.08 0 0.00013523839924815606
0.19 0.09 0 7.740877508062966e-05
0.19 0.1 0 3.897112743534998e-05
0.19 0.11 0 2.2461892750609197e-05
0.19 0.12 0 1.706022592845329e-05
0.19 0.13 0 1.6780044998472554e-05
0.19 0.14 0 2.09361144429672e-05
0.19 0.15 0 2.9653699827014402e-05
0.19 0.16 0 3.573087938169203e-05
0.19 0.17 0 2.9511157854136896e-05
0.19 0.18 0 1.7999404960908463e-05
0.19 0.19 0 1.0010867740866406e-05
0.19 0.2 0 5.9284482111853515e-06
0.19 0.21 0 4.1522465874346985e-06
0.19 0.22 0 3.442566227475866e-06
0.19 0.23 0 2.768963588657715e-06
0.19 0.24 0 1.7852589891780216e-06
0.19 0.25 0 1.0383086759959607e-06
0.19 0.26 0 7.240666926712543e-07
0.19 0.27 0 6.425017242080645e-07
0.19 0.28 0 5.98089141751561e-07
0.19 0.29 0 4.895602344608352e-07
0.19 0.3 0 3.2858062351235226e-07
0.19 0.31 0 1.784846420554525e-07
0.19 0.32 0 8.720852691158147e-08
0.19 0.33 0 4.784061698136629e-08
0.19 0.34 0 3.337551432975142e-08
0.19 0.35000000000000003 0 2.7152090241851894e-08
0.19 0.36 0 2.2052065222953338e-08
0.19 0.37 0 1.604317173247393e-08
0.19 0.38 0 9.820745018133492e-09
0.19 0.39 0 5.442755736849668e-09
0.19 0.4 0 3.603317304288367e-09
0.19 0.41000000000000003 0 3.6642045408401675e-09
0.19 0.42 0 5.4178886428258e-09
0.19 0.43 0 8.94110874405364e-09
0.19 0.44 0 1.3772585807862223e-08
0.19 0.45 0 1.9181240134491963e-08
0.19 0.46 0 2.431705506519655e-08
0.19 0.47000000000000003 0 2.9111356398483486e-08
0.19 0.48 0 3.578264186502841e-08
0.19 0.49 0 4.782479993262569e-08
0.19 0.5 0 7.00210993826386e-08
0.2 0.0 0 2.4016251057451207e-05
0.2 0.01 0 1.97533128848174e-05
0.2 0.02 0 1.5976346595484237e-05
0.2 0.03 0 1.2462114287117308e-05
0.2 0.04 0 9.300253340879561e-06
0.2 0.05 0 7.508340518897788e-06
0.2 0.06 0 8.087407713067484e-06
0.2 0.07 0 1.1924715043075197e-05
0.2 0.08 0 1.9073840144874614e-05
0.2 0.09 0 2.6210028079518306e-05
0.2 0.1 0 2.941344681492356e-05
0.2 0.11 0 2.854069691651165e-05
0.2 0.12 0 2.586222556710126e-05
0.2 0.13 0 2.325646520130664e-05
0.2 0.14 0 1.966293307306812e-05
0.2 0.15 0 1.3292589127970722e-05
0.2 0.16 0 6.9035275277358875e-06
0.2 0.17 0 3.301495118120753e-06
0.2 0.18 0 1.725807584868901e-06
0.2 0.19 0 1.0014263768468506e-06
0.2 0.2 0 6.621488851795761e-07
0.2 0.21 0 5.561510935200304e-07
0.2 0.22 0 5.927479023946343e-07
0.2 0.23 0 6.958272532992107e-07
0.2 0.24 0 8.486247550470405e-07
0.2 0.25 0 1.1314009075628842e-06
0.2 0.26 0 1.5671497421797565e-06
0.2 0.27 0 1.9169088906993808e-06
0.2 0.28 0 1.8892480986395027e-06
0.2 0.29 0 1.4931627136775579e-06
0.2 0.3 0 9.721973209056345e-07
0.2 0.31 0 6.09545371703427e-07
0.2 0.32 0 4.718948076130284e-07
0.2 0.33 0 4.617390209710836e-07
0.2 0.34 0 4.323604819446859e-07
0.2 0.35000000000000003 0 3.1678226272533666e-07
0.2 0.36 0 1.9762702237475705e-07
0.2 0.37 0 1.1862555721461458e-07
0.2 0.38 0 6.981839156058375e-08
0.2 0.39 0 4.442298160625374e-08
0.2 0.4 0 3.620537236263584e-08
0.2 0.41000000000000003 0 3.7159418669189264e-08
0.2 0.42 0 3.992340873128034e-08
0.2 0.43 0 4.1029305525819946e-08
0.2 0.44 0 4.067941701075699e-08
0.2 0.45 0 3.784886123885522e-08
0.2 0.46 0 3.477080200945582e-08
0.2 0.47000000000000003 0 3.844721275857091e-08
0.2 0.48 0 5.433530261365918e-08
0.2 0.49 0 7.945437385622568e-08
0.2 0.5 0 1.033709819835202e-07
0.21 0.0 0 6.457447406305156e-05
0.21 0.01 0 4.7754929282566734e-05
0.21 0.02 0 2.6431824152890588e-05
0.21 0.03 0 1.545557602235108e-05
0.21 0.04 0 1.0495646296172626e-05
0.21 0.05 0 8.768520332825532e-06
0.21 0.06 0 1.0205437362701497e-05
0.21 0.07 0 1.4693740196573444e-05
0.21 0.08 0 1.8370273770178902e-05
0.21 0.09 0 1.6972350214592907e-05
0.21 0.1 0 1.269615997530448e-05
0.21 0.11 0 8.09460482627352e-06
0.21 0.12 0 4.73002632069434e-06
0.21 0.13 0 3.350593876128656e-06
0.21 0.14 0 3.4184070135917513e-06
0.21 0.15 0 3.989043404897691e-06
0.21 0.16 0 4.138278883832367e-06
0.21 0.17 0 4.160423876709311e-06
0.21 0.18 0 4.386911446395188e-06
0.21 0.19 0 3.938377886628235e-06
0.21 0.2 0 2.736949129634076e-06
0.21 0.21 0 1.929960099229008e-06
0.21 0.22 0 1.711423824270535e-06
0.21 0.23 0 1.726186229839397e-06
0.21 0.24 0 1.7768639375571936e-06
0.21 0.25 0 1.8616901125541097e-06
0.21 0.26 0 1.7370925541432538e-06
0.21 0.27 0 1.2495491481551598e-06
0.21 0.28 0 8.127017301077171e-07
0.21 0.29 0 5.911161995970928e-07
0.21 0.3 0 4.204269276897853e-07
0.21 0.31 0 2.4011641038528756e-07
0.21 0.32 0 1.2793101024935495e-07
0.21 0.33 0 7.77272337532579e-08
0.21 0.34 0 4.8932352694883513e-08
0.21 0.35000000000000003 0 3.040999751798228e-08
0.21 0.36 0 2.4406980457533388e-08
0.21 0.37 0 2.917035409003807e-08
0.21 0.38 0 3.943964564078852e-08
0.21 0.39 0 4.6056193894510955e-08
0.21 0.4 0 4.7313116255683035e-08
0.21 0.41000000000000003 0 4.4512083386260535e-08
0.21 0.42 0 3.842149695330902e-08
0.21 0.43 0 3.7464651165823583e-08
0.21 0.44 0 5.121901076638865e-08
0.21 0.45 0 8.273286199684487e-08
0.21 0.46 0 1.1780960775807765e-07
0.21 0.47000000000000003 0 1.5559893817798624e-07
0.21 0.48 0 2.1637660020237633e-07
0.21 0.49 0 2.5538212088331774e-07
0.21 0.5 0 2.076410153259875e-07
0.22 0.0 0 4.541790302413286e-07
0.22 0.01 0 3.601756616851485e-07
0.22 0.02 0 3.419554763571227e-07
0.22 0.03 0 4.6288468134053484e-07
0.22 0.04 0 7.137470199598812e-07
0.22 0.05 0 9.079005570249134e-07
0.22 0.06 0 9.274863797049766e-07
0.22 0.07 0 8.134164511554462e-07
0.22 0.08 0 6.09157255107833e-07
0.22 0.09 0 4.6554496080000135e-07
0.22 0.1 0 4.902263216032522e-07
0.22 0.11 0 6.855161091691286e-07
0.22 0.12 0 9.432184070452764e-07
0.22 0.13 0 1.2191387475921025e-06
0.22 0.14 0 1.668846660837881e-06
0.22 0.15 0 2.0008604939332744e-06
0.22 0.16 0 1.5757390735825534e-06
0.22 0.17 0 9.687072330544365e-07
0.22 0.18 0 7.238125323829918e-07
0.22 0.19 0 7.636759412970399e-07
0.22 0.2 0 1.041142611123162e-06
0.22 0.21 0 1.7683004666384344e-06
0.22 0.22 0 3.178604427163486e-06
0.22 0.23 0 4.083966329937304e-06
0.22 0.24 0 3.1300882418207532e-06
0.22 0.25 0 1.8292287898422897e-06
0.22 0.26 0 1.0794461068661202e-06
0.22 0.27 0 7.376719458943956e-07
0.22 0.28 0 7.297619547732819e-07
0.22 0.29 0 1.19992233678922e-06
0.22 0.3 0 2.234948599417518e-06
0.22 0.31 0 2.568994813666476e-06
0.22 0.32 0 1.6463897445274551e-06
0.22 0.33 0 8.462689231769321e-07
0.22 0.34 0 4.3543427259763867e-07
0.22 0.35000000000000003 0 2.2537431108528704e-07
0.22 0.36 0 1.2823513345628234e-07
0.22 0.37 0 8.543387221119918e-08
0.22 0.38 0 5.778737593752747e-08
0.22 0.39 0 3.7497657970833763e-08
0.22 0.4 0 2.8556058083934576e-08
0.22 0.41000000000000003 0 2.784992917787301e-08
0.22 0.42 0 2.8582770234523857e-08
0.22 0.43 0 2.7366911311132626e-08
0.22 0.44 0 2.5561543272468292e-08
0.22 0.45 0 2.0719940897355393e-08
0.22 0.46 0 1.227369849738667e-08
0.22 0.47000000000000003 0 6.70303384259994e-09
0.22 0.48 0 5.355962108627314e-09
0.22 0.49 0 6.695160375698664e-09
0.22 0.5 0 9.552043888646252e-09
0.23 0.0 0 2.002582825665597e-06
0.23 0.01 0 1.7613488285940867e-06
0.23 0.02 0 1.4896874651244618e-06
0.23 0.03 0 1.1784473041961318e-06
0.23 0.04 0 8.481478157116403e-07
0.23 0.05 0 5.893564382626378e-07
0.23 0.06 0 4.909781138942071e-07
0.23 0.07 0 5.38479840851705e-07
0.23 0.08 0 6.456445589269489e-07
0.23 0.09 0 7.200550241678229e-07
0.23 0.1 0 7.815752882399395e-07
0.23 0.11 0 8.307779776076224e-07
0.23 0.12 0 7.804865930497026e-07
0.23 0.13 0 7.050597041453742e-07
0.23 0.14 0 7.946674401317528e-07
0.23 0.15 0 1.1439764662802615e-06
0.23 0.16 0 1.5881604304725615e-06
0.23 0.17 0 1.746612709291609e-06
0.23 0.18 0 1.5853991666111428e-06
0.23 0.19 0 1.283396319996573e-06
0.23 0.2 0 9.749898604834735e-07
0.23 0.21 0 7.647271332504035e-07
0.23 0.22 0 6.475848114284726e-07
0.23 0.23 0 5.65013183718826e-07
0.23 0.24 0 5.430649231838588e-07
0.23 0.25 0 6.95034136928629e-07
0.23 0.26 0 1.133463934516854e-06
0.23 0.27 0 1.6077993783077298e-06
0.23 0.28 0 1.4331754108790813e-06
0.23 0.29 0 8.007379513597698e-07
0.23 0.3 0 3.2965627491299854e-07
0.23 0.31 0 1.2469191800549598e-07
0.23 0.32 0 6.24047509040219e-08
0.23 0.33 0 5.8856878412895094e-08
0.23 0.34 0 1.035293549973707e-07
0.23 0.35000000000000003 0 2.286692162984263e-07
0.23 0.36 0 4.020407899564782e-07
0.23 0.37 0 4.299501263473068e-07
0.23 0.38 0 2.8555306440447084e-07
0.23 0.39 0 1.680412998312017e-07
0.23 0.4 0 1.3954211894743025e-07
0.23 0.41000000000000003 0 1.860301304414305e-07
0.23 0.42 0 2.924906100141444e-07
0.23 0.43 0 3.8090840975763803e-07
0.23 0.44 0 3.6727403778640255e-07
0.23 0.45 0 2.657828427008174e-07
0.23 0.46 0 1.4890766145342382e-07
0.23 0.47000000000000003 0 7.398511551590751e-08
0.23 0.48 0 4.0161150821155495e-08
0.23 0.49 0 2.6172826124636454e-08
0.23 0.5 0 1.9702061040759212e-08
0.24 0.0 0 5.046550508690718e-07
0.24 0.01 0 5.128980894911512e-07
0.24 0.02 0 5.098560753988149e-07
0.24 0.03 0 4.524675475193738e-07
0.24 0.04 0 3.72938979528216e-07
0.24 0.05 0 3.497321237521425e-07
0.24 0.06 0 4.272350175433653e-07
0.24 0.07 0 5.711202163720448e-07
0.24 0.08 0 5.974190110554065e-07
0.24 0.09 0 4.279612194439493e-07
0.24 0.1 0 2.466692219338097e-07
0.24 0.11 0 1.4917333809285942e-07
0.24 0.12 0 1.1625367765752185e-07
0.24 0.13 0 1.2396445682012003e-07
0.24 0.14 0 1.5722793122393023e-07
0.24 0.15 0 1.8711586890357678e-07
0.24 0.16 0 1.856607107295479e-07
0.24 0.17 0 1.6081205181302367e-07
0.24 0.18 0 1.3365769575396795e-07
0.24 0.19 0 1.2195352791990244e-07
0.24 0.2 0 1.4823214497030162e-07
0.24 0.21 0 2.556643450616023e-07
0.24 0.22 0 5.017066728310717e-07
0.24 0.23 0 8.36977874158788e-07
0.24 0.24 0 1.095762053330981e-06
0.24 0.25 0 1.195047275517101e-06
0.24 0.26 0 1.0857519420902046e-06
0.24 0.27 0 8.069694705079225e-07
0.24 0.28 0 5.287957158498738e-07
0.24 0.29 0 3.439394166714478e-07
0.24 0.3 0 2.4905974629245577e-07
0.24 0.31 0 2.2615481113965787e-07
0.24 0.32 0 2.543914827589796e-07
0.24 0.33 0 2.7314108258926163e-07
0.24 0.34 0 2.147774630483851e-07
0.24 0.35000000000000003 0 1.3149259054678917e-07
0.24 0.36 0 8.377030226527015e-08
0.24 0.37 0 6.842206720577647e-08
0.24 0.38 0 7.919903096813717e-08
0.24 0.39 0 1.3812445218317283e-07
0.24 0.4 0 3.1267509227008376e-07
0.24 0.41000000000000003 0 5.976975836991899e-07
0.24 0.42 0 6.706598332909592e-07
0.24 0.43 0 4.4860661873006347e-07
0.24 0.44 0 2.366947594655927e-07
0.24 0.45 0 1.358460564658612e-07
0.24 0.46 0 1.1111420512674713e-07
0.24 0.47000000000000003 0 1.3563550070966982e-07
0.24 0.48 0 1.8092669023039278e-07
0.24 0.49 0 1.8046572191488814e-07
0.24 0.5 0 1.2887219573765906e-07
0.25 0.0 0 6.631497025914205e-07
0.25 0.01 0 5.044827402283715e-07
0.25 0.02 0 2.8364197132396805e-07
0.25 0.03 0 1.626622204521637e-07
0.25 0.04 0 1.1780439689408397e-07
0.25 0.05 0 1.3562878391220402e-07
0.25 0.06 0 2.465437061684671e-07
0.25 0.07 0 4.539929180257412e-07
0.25 0.08 0 5.393146495525082e-07
0.25 0.09 0 4.073648673457294e-07
0.25 0.1 0 2.470068960642048e-07
0.25 0.11 0 1.453583316558347e-07
0.25 0.12 0 1.0351709110243369e-07
0.25 0.13 0 1.08967666530351e-07
0.25 0.14 0 1.511954311645166e-07
0.25 0.15 0 2.0623516884026343e-07
0.25 0.16 0 2.7444085337306035e-07
0.25 0.17 0 4.311028367810448e-07
0.25 0.18 0 7.318382536961317e-07
0.25 0.19 0 1.0107924678985772e-06
0.25 0.2 0 1.097157365183696e-06
0.25 0.21 0 1.0594362528864238e-06
0.25 0.22 0 8.553599044358321e-07
0.25 0.23 0 5.400336638629302e-07
0.25 0.24 0 3.301759158394471e-07
0.25 0.25 0 2.4233342984169624e-07
0.25 0.26 0 1.9789041116114968e-07
0.25 0.27 0 1.616430494260019e-07
0.25 0.28 0 1.3912842631979367e-07
0.25 0.29 0 1.1947587326074937e-07
0.25 0.3 0 8.587951572181274e-08
0.25 0.31 0 5.687687823411442e-08
0.25 0.32 0 4.7888115414536646e-08
0.25 0.33 0 5.4929255922571816e-08
0.25 0.34 0 7.402594235849991e-08
0.25 0.35000000000000003 0 1.2471622776398027e-07
0.25 0.36 0 2.974304807553293e-07
0.25 0.37 0 7.660219217491637e-07
0.25 0.38 0 1.3594581329069218e-06
0.25 0.39 0 1.518562279991282e-06
0.25 0.4 0 1.2907711216947086e-06
0.25 0.41000000000000003 0 9.572848391791073e-07
0.25 0.42 0 7.546125843821966e-07
0.25 0.43 0 8.727411604827827e-07
0.25 0.44 0 1.5220822480108367e-06
0.25 0.45 0 2.6850432719724434e-06
0.25 0.46 0 3.484461624080845e-06
0.25 0.47000000000000003 0 3.3140740941629763e-06
0.25 0.48 0 2.2789809318828214e-06
0.25 0.49 0 1.1147281690921535e-06
0.25 0.5 0 5.550988936961042e-07
0.26 0.0 0 5.718053248425885e-08
0.26 0.01 0 6.311085091984497e-08
0.26 0.02 0 1.1694351557183573e-07
0.26 0.03 0 3.22145301446417e-07
0.26 0.04 0 7.601997607072047e-07
0.26 0.05 0 1.1097081663487405e-06
0.26 0.06 0 1.0538617202677654e-06
0.26 0.07 0 7.081282567637104e-07
0.26 0.08 0 3.9731060330411947e-07
0.26 0.09 0 2.842730828371925e-07
0.26 0.1 0 3.45383908049928e-07
0.26 0.11 0 5.741629373348738e-07
0.26 0.12 0 9.212492182707234e-07
0.26 0.13 0 1.2802359066243673e-06
0.26 0.14 0 1.3802351177535545e-06
0.26 0.15 0 9.466978787048839e-07
0.26 0.16 0 4.791569002403605e-07
0.26 0.17 0 2.933098646602927e-07
0.26 0.18 0 2.646645726361083e-07
0.26 0.19 0 2.7532062369931357e-07
0.26 0.2 0 2.8351250407022904e-07
0.26 0.21 0 3.076693339605728e-07
0.26 0.22 0 3.1535044778444553e-07
0.26 0.23 0 2.480346110865157e-07
0.26 0.24 0 1.6654699087255268e-07
0.26 0.25 0 1.2627298114931022e-07
0.26 0.26 0 1.15214416283521e-07
0.26 0.27 0 1.2557798521610824e-07
0.26 0.28 0 1.8659858313413342e-07
0.26 0.29 0 3.59988887294577e-07
0.26 0.3 0 6.206306281366699e-07
0.26 0.31 0 7.906262691897782e-07
0.26 0.32 0 9.276752521305528e-07
0.26 0.33 0 1.142100430950613e-06
0.26 0.34 0 1.236641555666985e-06
0.26 0.35000000000000003 0 1.1344735162571748e-06
0.26 0.36 0 1.1020609166049307e-06
0.26 0.37 0 1.2002333794064454e-06
0.26 0.38 0 1.2824622325125166e-06
0.26 0.39 0 1.454619241645518e-06
0.26 0.4 0 2.1381346880670075e-06
0.26 0.41000000000000003 0 3.6474461176467434e-06
0.26 0.42 0 5.304277338161235e-06
0.26 0.43 0 5.804641841206772e-06
0.26 0.44 0 4.660484589921222e-06
0.26 0.45 0 2.588232031579963e-06
0.26 0.46 0 1.2474693581350318e-06
0.26 0.47000000000000003 0 9.166031034940143e-07
0.26 0.48 0 1.3431092800104531e-06
0.26 0.49 0 2.7938613413568913e-06
0.26 0.5 0 5.376445030372835e-06
0.27 0.0 0 6.636190391918413e-06
0.27 0.01 0 8.979667776324534e-06
0.27 0.02 0 8.956325918170482e-06
0.27 0.03 0 7.396490681401485e-06
0.27 0.04 0 5.285319856992924e-06
0.27 0.05 0 3.938101286962587e-06
0.27 0.06 0 4.134023478157417e-06
0.27 0.07 0 6.3206969664912974e-06
0.27 0.08 0 1.0682842908985525e-05
0.27 0.09 0 1.5376808136988887e-05
0.27 0.1 0 1.5912144702320987e-05
0.27 0.11 0 1.0257366416137346e-05
0.27 0.12 0 4.60645933551751e-06
0.27 0.13 0 2.304187766767346e-06
0.27 0.14 0 1.8301708812823453e-06
0.27 0.15 0 2.0069763565358743e-06
0.27 0.16 0 2.2160107167682554e-06
0.27 0.17 0 2.2211305126067737e-06
0.27 0.18 0 1.958263946218807e-06
0.27 0.19 0 1.3574575147380505e-06
0.27 0.2 0 7.674373260341414e-07
0.27 0.21 0 4.6289270878208163e-07
0.27 0.22 0 3.651276466227451e-07
0.27 0.23 0 3.7969452309871145e-07
0.27 0.24 0 5.057063377971195e-07
0.27 0.25 0 7.890681869251457e-07
0.27 0.26 0 1.0933209118340182e-06
0.27 0.27 0 1.043086760341571e-06
0.27 0.28 0 7.109767195705474e-07
0.27 0.29 0 4.104027954186373e-07
0.27 0.3 0 2.184849865485144e-07
0.27 0.31 0 1.2701402245531134e-07
0.27 0.32 0 1.139147471526176e-07
0.27 0.33 0 1.8231470618026623e-07
0.27 0.34 0 3.8105344502458533e-07
0.27 0.35000000000000003 0 6.690873356015462e-07
0.27 0.36 0 8.261081626602482e-07
0.27 0.37 0 7.701141220689851e-07
0.27 0.38 0 6.574743062292066e-07
0.27 0.39 0 6.733627344600615e-07
0.27 0.4 0 9.68260545167734e-07
0.27 0.41000000000000003 0 1.6775537126157208e-06
0.27 0.42 0 2.6302888530423327e-06
0.27 0.43 0 3.3389120875150323e-06
0.27 0.44 0 3.5133267038442334e-06
0.27 0.45 0 3.0314057820104705e-06
0.27 0.46 0 2.24942928355074e-06
0.27 0.47000000000000003 0 1.7121978331515888e-06
0.27 0.48 0 1.4232512481930432e-06
0.27 0.49 0 1.0852180251178628e-06
0.27 0.5 0 6.829801275586726e-07
0.28 0.0 0 1.2621934930209545e-05
0.28 0.01 0 1.3585044607681492e-05
0.28 0.02 0 1.2916892026856216e-05
0.28 0.03 0 1.2826054606272826e-05
0.28 0.04 0 1.5984091805865134e-05
0.28 0.05 0 2.6077042658233595e-05
0.28 0.06 0 4.407645013915541e-05
0.28 0.07 0 5.187431285641838e-05
0.28 0.08 0 3.47209366621142e-05
0.28 0.09 0 1.5780638726719672e-05
0.28 0.1 0 6.963914353721262e-06
0.28 0.11 0 3.975103212072797e-06
0.28 0.12 0 3.440279902139601e-06
0.28 0.13 0 4.464325716287974e-06
0.28 0.14 0 6.666298811786539e-06
0.28 0.15 0 7.668170189912454e-06
0.28 0.16 0 5.3834845940992e-06
0.28 0.17 0 2.541229427492649e-06
0.28 0.18 0 1.122284307891928e-06
0.28 0.19 0 6.642142462254555e-07
0.28 0.2 0 6.156937235110074e-07
0.28 0.21 0 7.414493728310379e-07
0.28 0.22 0 8.155891844295679e-07
0.28 0.23 0 7.016576870973431e-07
0.28 0.24 0 5.298787156428083e-07
0.28 0.25 0 3.9925494671407294e-07
0.28 0.26 0 3.0652382716310104e-07
0.28 0.27 0 2.535531925822323e-07
0.28 0.28 0 2.5663530537519135e-07
0.28 0.29 0 3.3449348124121847e-07
0.28 0.3 0 5.266601633981498e-07
0.28 0.31 0 9.115499045104057e-07
0.28 0.32 0 1.5338627431205437e-06
0.28 0.33 0 2.152299280479672e-06
0.28 0.34 0 2.3517543648872523e-06
0.28 0.35000000000000003 0 2.1106665214902554e-06
0.28 0.36 0 1.6480049698326506e-06
0.28 0.37 0 1.1836076669074654e-06
0.28 0.38 0 9.091994471965794e-07
0.28 0.39 0 8.289412338576437e-07
0.28 0.4 0 7.41330968115606e-07
0.28 0.41000000000000003 0 4.689548563603165e-07
0.28 0.42 0 2.0421089986053042e-07
0.28 0.43 0 8.582293175221858e-08
0.28 0.44 0 4.982252479342758e-08
0.28 0.45 0 4.649080143983785e-08
0.28 0.46 0 6.62099460321001e-08
0.28 0.47000000000000003 0 1.12714306610559e-07
0.28 0.48 0 1.6537691767734308e-07
0.28 0.49 0 1.8310613834702405e-07
0.28 0.5 0 1.7539674555052665e-07
0.29 0.0 0 1.017162849749511e-06
0.29 0.01 0 6.174022556774636e-07
0.29 0.02 0 3.904782767595159e-07
0.29 0.03 0 2.8744105293895883e-07
0.29 0.04 0 2.9592948631133577e-07
0.29 0.05 0 5.087370407205875e-07
0.29 0.06 0 1.183149314609841e-06
0.29 0.07 0 2.2950263316731167e-06
0.29 0.08 0 3.080760040318051e-06
0.29 0.09 0 3.5209263018095255e-06
0.29 0.1 0 4.066475387356048e-06
0.29 0.11 0 4.664243116909849e-06
0.29 0.12 0 5.1539861064559065e-06
0.29 0.13 0 5.169750482268042e-06
0.29 0.14 0 4.187561412135481e-06
0.29 0.15 0 3.0296282217842614e-06
0.29 0.16 0 2.837513855699303e-06
0.29 0.17 0 4.067096408630481e-06
0.29 0.18 0 6.824725739971861e-06
0.29 0.19 0 9.894645837271013e-06
0.29 0.2 0 1.1266918141278561e-05
0.29 0.21 0 8.905342390555939e-06
0.29 0.22 0 4.332362521890329e-06
0.29 0.23 0 1.7135254873133097e-06
0.29 0.24 0 9.634493235076568e-07
0.29 0.25 0 9.595636443598407e-07
0.29 0.26 0 1.3188750259657507e-06
0.29 0.27 0 1.851950098079761e-06
0.29 0.28 0 2.1883841376838127e-06
0.29 0.29 0 1.8322377927213668e-06
0.29 0.3 0 1.123468262068309e-06
0.29 0.31 0 7.012824515381796e-07
0.29 0.32 0 5.537710503464779e-07
0.29 0.33 0 4.885715804264687e-07
0.29 0.34 0 4.4683169035542146e-07
0.29 0.35000000000000003 0 4.988034097506374e-07
0.29 0.36 0 6.649301408176286e-07
0.29 0.37 0 7.550357116143611e-07
0.29 0.38 0 6.257923751442535e-07
0.29 0.39 0 4.6237023356287656e-07
0.29 0.4 0 3.465042761611601e-07
0.29 0.41000000000000003 0 2.51167190492454e-07
0.29 0.42 0 1.9752743942701848e-07
0.29 0.43 0 2.092000411624947e-07
0.29 0.44 0 2.7887373715214423e-07
0.29 0.45 0 3.621093026204933e-07
0.29 0.46 0 4.141502834183464e-07
0.29 0.47000000000000003 0 3.997380077742002e-07
0.29 0.48 0 2.8801462580971674e-07
0.29 0.49 0 1.7532863461782524e-07
0.29 0.5 0 1.4282307412777456e-07
0.3 0.0 0 3.8720408829391665e-07
0.3 0.01 0 4.921348263499122e-07
0.3 0.02 0 8.223917714962372e-07
0.3 0.03 0 1.3272620900005954e-06
0.3 0.04 0 1.5319272685232626e-06
0.3 0.05 0 1.4074520317797163e-06
0.3 0.06 0 1.2213841242497914e-06
0.3 0.07 0 9.921846809283124e-07
0.3 0.08 0 8.565119623066218e-07
0.3 0.09 0 1.045157914588034e-06
0.3 0.1 0 1.7699446738689327e-06
0.3 0.11 0 2.987624638306657e-06
0.3 0.12 0 4.224969836190126e-06
0.3 0.13 0 5.037100947249905e-06
0.3 0.14 0 4.5756431767626e-06
0.3 0.15 0 3.1325809036151168e-06
0.3 0.16 0 2.2416627502203635e-06
0.3 0.17 0 2.0858274668036283e-06
0.3 0.18 0 1.8976983886294706e-06
0.3 0.19 0 1.2475596767261338e-06
0.3 0.2 0 7.076044710581653e-07
0.3 0.21 0 4.6427121315404784e-07
0.3 0.22 0 3.513693384747768e-07
0.3 0.23 0 2.948650019341634e-07
0.3 0.24 0 3.031078102548673e-07
0.3 0.25 0 3.491379288259099e-07
0.3 0.26 0 3.371584917164392e-07
0.3 0.27 0 2.634904462204666e-07
0.3 0.28 0 2.086569816660759e-07
0.3 0.29 0 1.769430189384448e-07
0.3 0.3 0 1.501808185388447e-07
0.3 0.31 0 1.4493065680615216e-07
0.3 0.32 0 1.7104291252837018e-07
0.3 0.33 0 1.7906537632807564e-07
0.3 0.34 0 1.2332354160691486e-07
0.3 0.35000000000000003 0 6.833401956092034e-08
0.3 0.36 0 4.290380412097071e-08
0.3 0.37 0 3.124489833723054e-08
0.3 0.38 0 2.5642899474105415e-08
0.3 0.39 0 2.859714256184882e-08
0.3 0.4 0 4.5648646759982134e-08
0.3 0.41000000000000003 0 7.928031590250665e-08
0.3 0.42 0 1.2115852269733413e-07
0.3 0.43 0 1.6426350422520517e-07
0.3 0.44 0 1.8778217295894262e-07
0.3 0.45 0 1.7355141391749567e-07
0.3 0.46 0 1.725051425349531e-07
0.3 0.47000000000000003 0 2.5848635865766105e-07
0.3 0.48 0 5.183243034512791e-07
0.3 0.49 0 9.813150268109116e-07
0.3 0.5 0 1.6452371359810535e-06
#STOP
