#MEDIUM_PROPERTIES_DISTRIBUTED
$MSH_TYPE
	 GROUNDWATER_FLOW	
$MMP_TYPE
	 PERMEABILITY	
$DIS_TYPE
	 NEAREST_VALUE	
;hj
$CONVERSION_FACTOR
	 1.0	
$DATA
0.0 0.0 0 1.5664462738444317e-06
0.0 0.01 0 1.5251215147986372e-06
0.0 0.02 0 1.4830469590206784e-06
0.0 0.03 0 1.614730690327007e-06
0.0 0.04 0 2.1099594210868236e-06
0.0 0.05 0 1.6440560440697268e-06
0.0 0.06 0 1.3469386751141322e-06
0.0 0.07 0 1.3506853705510508e-06
0.0 0.08 0 1.521597101064085e-06
0.0 0.09 0 1.5364014129952998e-06
0.0 0.1 0 1.9109166745456403e-06
0.0 0.11 0 1.5346719954710753e-06
0.0 0.12 0 1.6275130537521372e-06
0.0 0.13 0 1.542119104833346e-06
0.0 0.14 0 1.726887308961814e-06
0.0 0.15 0 1.954903200668845e-06
0.0 0.16 0 1.7217992311955063e-06
0.0 0.17 0 1.2544686641667955e-06
0.0 0.18 0 1.4532580792148904e-06
0.0 0.19 0 1.8714640828037387e-06
0.0 0.2 0 2.033340383277756e-06
0.0 0.21 0 1.8886625658446778e-06
0.0 0.22 0 1.4542487945891194e-06
0.0 0.23 0 1.3360922403882388e-06
0.0 0.24 0 1.3537993471609489e-06
0.0 0.25 0 1.6018689288461243e-06
0.0 0.26 0 1.5008456058659134e-06
0.0 0.27 0 1.4489181342106094e-06
0.0 0.28 0 1.653161490516504e-06
0.0 0.29 0 1.6323698777753398e-06
0.0 0.3 0 1.773412325725744e-06
0.0 0.31 0 1.9690362671442252e-06
0.0 0.32 0 1.8572827284856108e-06
0.0 0.33 0 1.5949575470862036e-06
0.0 0.34 0 1.60917070534981e-06
0.0 0.35000000000000003 0 1.649866822378391e-06
0.0 0.36 0 1.2187300065089913e-06
0.0 0.37 0 1.169717061437471e-06
0.0 0.38 0 1.4612013550731223e-06
0.0 0.39 0 1.5992704565986681e-06
0.0 0.4 0 2.1457762805393565e-06
0.0 0.41000000000000003 0 2.3440412877045746e-06
0.0 0.42 0 1.9708295176748444e-06
0.0 0.43 0 1.487778592273366e-06
0.0 0.44 0 2.2189736924460405e-06
0.0 0.45 0 2.608664937323494e-06
0.0 0.46 0 2.5724424596338065e-06
0.0 0.47000000000000003 0 2.509212879950321e-06
0.0 0.48 0 1.5699051787515145e-06
0.0 0.49 0 1.4037879055407097e-06
0.0 0.5 0 1.8549687698614885e-06
0.01 0.0 0 1.177759607254237e-06
0.01 0.01 0 1.0817820016063386e-06
0.01 0.02 0 1.225296010704644e-06
0.01 0.03 0 1.3427091076294607e-06
0.01 0.04 0 1.4378618476491923e-06
0.01 0.05 0 1.5164109340237104e-06
0.01 0.06 0 1.3764111973893488e-06
0.01 0.07 0 1.2641662712506674e-06
0.01 0.08 0 1.182892114686454e-06
0.01 0.09 0 1.165735479166389e-06
0.01 0.1 0 1.4647049891115677e-06
0.01 0.11 0 1.415516033599163e-06
0.01 0.12 0 9.983655701725672e-07
0.01 0.13 0 1.2629005135459876e-06
0.01 0.14 0 1.443859809530876e-06
0.01 0.15 0 1.6738008767321763e-06
0.01 0.16 0 1.936086903122261e-06
0.01 0.17 0 2.0929500059163668e-06
0.01 0.18 0 1.6341463964023488e-06
0.01 0.19 0 1.93371555223615e-06
0.01 0.2 0 1.7798638626349961e-06
0.01 0.21 0 1.335351429685502e-06
0.01 0.22 0 1.4896157390380857e-06
0.01 0.23 0 1.564739357775818e-06
0.01 0.24 0 1.4280554980915423e-06
0.01 0.25 0 1.9305559290987694e-06
0.01 0.26 0 1.9451228478819407e-06
0.01 0.27 0 1.5750280935889212e-06
0.01 0.28 0 1.7555138223967514e-06
0.01 0.29 0 1.976992015309384e-06
0.01 0.3 0 1.798074898342074e-06
0.01 0.31 0 1.5182729114531616e-06
0.01 0.32 0 1.5927409979193814e-06
0.01 0.33 0 1.6360550479847e-06
0.01 0.34 0 1.8019349803637527e-06
0.01 0.35000000000000003 0 2.1705354427580282e-06
0.01 0.36 0 1.9979955919536663e-06
0.01 0.37 0 1.658651526840506e-06
0.01 0.38 0 1.8292894582657033e-06
0.01 0.39 0 1.8213742545195948e-06
0.01 0.4 0 2.4688071733282075e-06
0.01 0.41000000000000003 0 2.424549039265505e-06
0.01 0.42 0 1.9461314403477163e-06
0.01 0.43 0 1.8682709767588174e-06
0.01 0.44 0 2.1015280781973114e-06
0.01 0.45 0 2.4187654706823053e-06
0.01 0.46 0 1.8815579768372537e-06
0.01 0.47000000000000003 0 2.1881089755186174e-06
0.01 0.48 0 2.1234792698822803e-06
0.01 0.49 0 1.4519530146033687e-06
0.01 0.5 0 1.3525440631169016e-06
0.02 0.0 0 1.5363670117432605e-06
0.02 0.01 0 1.3627360058961773e-06
0.02 0.02 0 1.3061960871447956e-06
0.02 0.03 0 1.1594443765964663e-06
0.02 0.04 0 1.1180150359417555e-06
0.02 0.05 0 1.3014618081299134e-06
0.02 0.06 0 1.190148452369924e-06
0.02 0.07 0 1.1527725401927251e-06
0.02 0.08 0 1.4127469190173154e-06
0.02 0.09 0 1.2827987690346471e-06
0.02 0.1 0 1.5006230211794243e-06
0.02 0.11 0 1.635087410639548e-06
0.02 0.12 0 1.2062821186955849e-06
0.02 0.13 0 1.1004040671792213e-06
0.02 0.14 0 1.1654568263253856e-06
0.02 0.15 0 1.2658736159621944e-06
0.02 0.16 0 1.313237570356068e-06
0.02 0.17 0 1.556450609902199e-06
0.02 0.18 0 1.7559095568288e-06
0.02 0.19 0 1.6452292580458107e-06
0.02 0.2 0 2.0522897241734946e-06
0.02 0.21 0 2.0210703186320608e-06
0.02 0.22 0 1.6610968257484793e-06
0.02 0.23 0 1.9058197720694662e-06
0.02 0.24 0 1.905076940164284e-06
0.02 0.25 0 2.3499766299097746e-06
0.02 0.26 0 2.5033693664182285e-06
0.02 0.27 0 1.9889389715515274e-06
0.02 0.28 0 1.5036975273170372e-06
0.02 0.29 0 1.7406062991816665e-06
0.02 0.3 0 1.9199557323307708e-06
0.02 0.31 0 1.3606392693051108e-06
0.02 0.32 0 1.6305971683270208e-06
0.02 0.33 0 1.7092051949148596e-06
0.02 0.34 0 1.6711956817550846e-06
0.02 0.35000000000000003 0 1.4927478304532768e-06
0.02 0.36 0 1.5714604572510245e-06
0.02 0.37 0 1.5220798985585993e-06
0.02 0.38 0 1.9914584384377108e-06
0.02 0.39 0 2.2979636683894854e-06
0.02 0.4 0 2.742407797939622e-06
0.02 0.41000000000000003 0 3.1038264373708153e-06
0.02 0.42 0 2.90876434850086e-06
0.02 0.43 0 2.598916926724859e-06
0.02 0.44 0 1.8455073762930006e-06
0.02 0.45 0 2.098952601563957e-06
0.02 0.46 0 1.7014959703473141e-06
0.02 0.47000000000000003 0 2.1825657248170296e-06
0.02 0.48 0 2.2020481573959027e-06
0.02 0.49 0 1.819462542500694e-06
0.02 0.5 0 2.002921209256639e-06
0.03 0.0 0 1.3712279719513135e-06
0.03 0.01 0 1.5326223011152156e-06
0.03 0.02 0 1.5449823995570055e-06
0.03 0.03 0 1.2646503325495524e-06
0.03 0.04 0 8.473281110818088e-07
0.03 0.05 0 1.1307525608837371e-06
0.03 0.06 0 1.3827323890055612e-06
0.03 0.07 0 1.4630472162853023e-06
0.03 0.08 0 1.3587685793269088e-06
0.03 0.09 0 1.5229637931999766e-06
0.03 0.1 0 1.6045096928923082e-06
0.03 0.11 0 1.651566990759626e-06
0.03 0.12 0 1.3779401725540328e-06
0.03 0.13 0 1.451729215919171e-06
0.03 0.14 0 1.4617769442733557e-06
0.03 0.15 0 1.367286736738931e-06
0.03 0.16 0 1.4261685091789635e-06
0.03 0.17 0 1.5910173528323555e-06
0.03 0.18 0 1.2848096464224331e-06
0.03 0.19 0 1.0314211674581135e-06
0.03 0.2 0 1.417505856372282e-06
0.03 0.21 0 1.58322670461876e-06
0.03 0.22 0 1.4314245946972301e-06
0.03 0.23 0 1.8870753616125158e-06
0.03 0.24 0 1.815535833325452e-06
0.03 0.25 0 2.3491698874048674e-06
0.03 0.26 0 2.6103581451496433e-06
0.03 0.27 0 2.5230469835231107e-06
0.03 0.28 0 2.6710364949671523e-06
0.03 0.29 0 2.0895128006403124e-06
0.03 0.3 0 2.2167329693335005e-06
0.03 0.31 0 2.0867391074248454e-06
0.03 0.32 0 2.2412794581160866e-06
0.03 0.33 0 2.1289081612785048e-06
0.03 0.34 0 2.06172019415241e-06
0.03 0.35000000000000003 0 2.3168329381137644e-06
0.03 0.36 0 2.1261814606240034e-06
0.03 0.37 0 1.8153438198830459e-06
0.03 0.38 0 1.7776894618589233e-06
0.03 0.39 0 2.2026128709405985e-06
0.03 0.4 0 2.166779022140922e-06
0.03 0.41000000000000003 0 2.68258523146245e-06
0.03 0.42 0 2.6317224747244467e-06
0.03 0.43 0 2.5495528118764937e-06
0.03 0.44 0 1.9074473479606608e-06
0.03 0.45 0 2.0430413891606744e-06
0.03 0.46 0 1.9034152186426477e-06
0.03 0.47000000000000003 0 1.7334286559988764e-06
0.03 0.48 0 1.621120767749173e-06
0.03 0.49 0 1.1896060757926817e-06
0.03 0.5 0 1.4075617204272162e-06
0.04 0.0 0 1.1800607646321095e-06
0.04 0.01 0 1.250156834692334e-06
0.04 0.02 0 1.1177828304776517e-06
0.04 0.03 0 1.1932119557219701e-06
0.04 0.04 0 8.514416263297168e-07
0.04 0.05 0 9.314698087325683e-07
0.04 0.06 0 9.99744824482439e-07
0.04 0.07 0 8.962467135877254e-07
0.04 0.08 0 1.2469077030667733e-06
0.04 0.09 0 1.4472255934997158e-06
0.04 0.1 0 1.2455323847134073e-06
0.04 0.11 0 1.1318858885419386e-06
0.04 0.12 0 1.3958747401576897e-06
0.04 0.13 0 1.3839486197068203e-06
0.04 0.14 0 1.570592089297195e-06
0.04 0.15 0 1.4897141992731343e-06
0.04 0.16 0 1.5766971779698482e-06
0.04 0.17 0 1.7092973028716056e-06
0.04 0.18 0 1.8227848733808877e-06
0.04 0.19 0 1.2200911630346574e-06
0.04 0.2 0 1.2312692012038964e-06
0.04 0.21 0 1.649245030355395e-06
0.04 0.22 0 1.4397521179731684e-06
0.04 0.23 0 1.795354117410331e-06
0.04 0.24 0 2.63684024726159e-06
0.04 0.25 0 2.4517314018641206e-06
0.04 0.26 0 2.593213621392832e-06
0.04 0.27 0 2.7727467621398656e-06
0.04 0.28 0 2.98115160393874e-06
0.04 0.29 0 2.655663420540156e-06
0.04 0.3 0 2.8608196574271653e-06
0.04 0.31 0 1.8354823470303963e-06
0.04 0.32 0 1.8897789348434705e-06
0.04 0.33 0 2.259330878970781e-06
0.04 0.34 0 2.011559781496584e-06
0.04 0.35000000000000003 0 2.255347593147781e-06
0.04 0.36 0 2.5988961917417447e-06
0.04 0.37 0 2.2404794420280924e-06
0.04 0.38 0 1.9523265864210207e-06
0.04 0.39 0 1.960028584906806e-06
0.04 0.4 0 2.638061830165649e-06
0.04 0.41000000000000003 0 2.752624938213285e-06
0.04 0.42 0 2.7547806690890155e-06
0.04 0.43 0 2.75699512356129e-06
0.04 0.44 0 2.1736733014361716e-06
0.04 0.45 0 1.7678801651915133e-06
0.04 0.46 0 1.7110089978667435e-06
0.04 0.47000000000000003 0 1.5551354916420019e-06
0.04 0.48 0 1.4476534150157627e-06
0.04 0.49 0 1.529691356089675e-06
0.04 0.5 0 1.8443119018034266e-06
0.05 0.0 0 1.1631829269800798e-06
0.05 0.01 0 1.2631625268105024e-06
0.05 0.02 0 1.3410926196185604e-06
0.05 0.03 0 1.6221945206708824e-06
0.05 0.04 0 1.4711139666411976e-06
0.05 0.05 0 1.2759663313770771e-06
0.05 0.06 0 1.130979726834006e-06
0.05 0.07 0 1.1450611938407732e-06
0.05 0.08 0 1.5246084737546391e-06
0.05 0.09 0 1.3941584312733752e-06
0.05 0.1 0 1.2317725429883703e-06
0.05 0.11 0 1.1410371385637908e-06
0.05 0.12 0 1.5828646385733748e-06
0.05 0.13 0 1.97600259650184e-06
0.05 0.14 0 2.052519618740413e-06
0.05 0.15 0 2.0241104224225523e-06
0.05 0.16 0 1.5732192797054975e-06
0.05 0.17 0 1.017454842920391e-06
0.05 0.18 0 1.4325484376902492e-06
0.05 0.19 0 1.7240287096796533e-06
0.05 0.2 0 1.580328951351989e-06
0.05 0.21 0 1.5766440451123937e-06
0.05 0.22 0 1.7441529046901085e-06
0.05 0.23 0 2.1853309244807217e-06
0.05 0.24 0 2.6052279251996495e-06
0.05 0.25 0 2.14848477793527e-06
0.05 0.26 0 1.5227005604291774e-06
0.05 0.27 0 1.5381697476381063e-06
0.05 0.28 0 2.048411880111941e-06
0.05 0.29 0 2.060576731247081e-06
0.05 0.3 0 2.0087996998384504e-06
0.05 0.31 0 2.9157909482054727e-06
0.05 0.32 0 2.017456651558078e-06
0.05 0.33 0 1.969536857321581e-06
0.05 0.34 0 1.9932762337352705e-06
0.05 0.35000000000000003 0 2.250909998222289e-06
0.05 0.36 0 1.997573418465781e-06
0.05 0.37 0 1.91944688773404e-06
0.05 0.38 0 1.9390364015896004e-06
0.05 0.39 0 2.5475440669551907e-06
0.05 0.4 0 2.7280859225194368e-06
0.05 0.41000000000000003 0 2.6224803349394035e-06
0.05 0.42 0 2.0762632406072193e-06
0.05 0.43 0 1.7228665940322739e-06
0.05 0.44 0 1.6483141344116578e-06
0.05 0.45 0 1.9261927307541367e-06
0.05 0.46 0 1.3048873123394242e-06
0.05 0.47000000000000003 0 1.0050128051481246e-06
0.05 0.48 0 1.2244300442894189e-06
0.05 0.49 0 1.448476066518919e-06
0.05 0.5 0 1.447506085129827e-06
0.06 0.0 0 1.6339824599857527e-06
0.06 0.01 0 1.9254944800735105e-06
0.06 0.02 0 1.7157023052762263e-06
0.06 0.03 0 2.02051307458142e-06
0.06 0.04 0 1.6379293317793015e-06
0.06 0.05 0 1.125880199365138e-06
0.06 0.06 0 1.209392150166814e-06
0.06 0.07 0 1.060852090573049e-06
0.06 0.08 0 1.0867642196364595e-06
0.06 0.09 0 1.345841898342643e-06
0.06 0.1 0 1.3395186350982507e-06
0.06 0.11 0 1.3728747014832912e-06
0.06 0.12 0 1.9047955461403308e-06
0.06 0.13 0 2.9733049842942697e-06
0.06 0.14 0 2.6886281203252673e-06
0.06 0.15 0 1.915547495936094e-06
0.06 0.16 0 1.9153950898974803e-06
0.06 0.17 0 2.0282788687178673e-06
0.06 0.18 0 2.2120835701814e-06
0.06 0.19 0 2.4093631513112935e-06
0.06 0.2 0 2.1795987816501948e-06
0.06 0.21 0 1.93683787493937e-06
0.06 0.22 0 1.8023911823293818e-06
0.06 0.23 0 2.4712442707534706e-06
0.06 0.24 0 2.6444809615869834e-06
0.06 0.25 0 2.4965203705387643e-06
0.06 0.26 0 1.7724266353323625e-06
0.06 0.27 0 1.8598006029078247e-06
0.06 0.28 0 1.7181191913144453e-06
0.06 0.29 0 1.709727521268137e-06
0.06 0.3 0 1.8921890267582972e-06
0.06 0.31 0 2.20266647630531e-06
0.06 0.32 0 2.1101160194410603e-06
0.06 0.33 0 2.1121492188843093e-06
0.06 0.34 0 2.141696708667239e-06
0.06 0.35000000000000003 0 2.013053834741952e-06
0.06 0.36 0 1.934827421274714e-06
0.06 0.37 0 1.4552706429673663e-06
0.06 0.38 0 1.9428040675553697e-06
0.06 0.39 0 2.411691549846848e-06
0.06 0.4 0 3.0079871439693274e-06
0.06 0.41000000000000003 0 2.971100410771779e-06
0.06 0.42 0 2.914384890223477e-06
0.06 0.43 0 2.9949420000795955e-06
0.06 0.44 0 2.3915980480200503e-06
0.06 0.45 0 1.6685158666891773e-06
0.06 0.46 0 1.5808418804961545e-06
0.06 0.47000000000000003 0 1.2615712177615423e-06
0.06 0.48 0 1.1635027989755246e-06
0.06 0.49 0 1.103418884839825e-06
0.06 0.5 0 1.2730110202112946e-06
0.07 0.0 0 2.1859514257762585e-06
0.07 0.01 0 1.5570756233089824e-06
0.07 0.02 0 1.4841345829317055e-06
0.07 0.03 0 1.5680175894529172e-06
0.07 0.04 0 1.4795176096985322e-06
0.07 0.05 0 1.3180286334173021e-06
0.07 0.06 0 1.2225068680533803e-06
0.07 0.07 0 1.1263835502182198e-06
0.07 0.08 0 1.3929058559625272e-06
0.07 0.09 0 1.531874694810126e-06
0.07 0.1 0 1.658758364126473e-06
0.07 0.11 0 1.8394447931798673e-06
0.07 0.12 0 1.979923534242096e-06
0.07 0.13 0 2.2563138986386274e-06
0.07 0.14 0 2.225520514014248e-06
0.07 0.15 0 1.7318543991199642e-06
0.07 0.16 0 1.9638366307655914e-06
0.07 0.17 0 1.7265251811333544e-06
0.07 0.18 0 2.0736772136252183e-06
0.07 0.19 0 2.233325660250413e-06
0.07 0.2 0 1.8008256464765607e-06
0.07 0.21 0 1.7793565838403353e-06
0.07 0.22 0 1.8991796337162181e-06
0.07 0.23 0 2.174917987141253e-06
0.07 0.24 0 2.2338722337971134e-06
0.07 0.25 0 2.5966821555497072e-06
0.07 0.26 0 2.246808290241427e-06
0.07 0.27 0 2.0370626409821037e-06
0.07 0.28 0 2.8268487768841377e-06
0.07 0.29 0 2.9381859187982655e-06
0.07 0.3 0 2.2179411257608414e-06
0.07 0.31 0 1.8479289949850905e-06
0.07 0.32 0 1.7600854578453693e-06
0.07 0.33 0 1.5819736508267306e-06
0.07 0.34 0 1.6821842534030436e-06
0.07 0.35000000000000003 0 1.5606479748730099e-06
0.07 0.36 0 1.4206366809828708e-06
0.07 0.37 0 1.744368665099616e-06
0.07 0.38 0 2.041303593503244e-06
0.07 0.39 0 2.729831795317171e-06
0.07 0.4 0 2.853252191874764e-06
0.07 0.41000000000000003 0 2.4024549208597302e-06
0.07 0.42 0 2.5342431553761645e-06
0.07 0.43 0 2.9209729089522214e-06
0.07 0.44 0 2.4277292630152055e-06
0.07 0.45 0 2.31551206617143e-06
0.07 0.46 0 2.3935326149623827e-06
0.07 0.47000000000000003 0 1.860777226874323e-06
0.07 0.48 0 1.8526446999814597e-06
0.07 0.49 0 1.5413542425051425e-06
0.07 0.5 0 1.6216235047721751e-06
0.08 0.0 0 2.7032493068321393e-06
0.08 0.01 0 2.7452144439884273e-06
0.08 0.02 0 1.8962793852417394e-06
0.08 0.03 0 1.8312183453051446e-06
0.08 0.04 0 2.1010652374453836e-06
0.08 0.05 0 1.3895923280400131e-06
0.08 0.06 0 1.1869576365950746e-06
0.08 0.07 0 1.395080538796376e-06
0.08 0.08 0 1.7599874602630295e-06
0.08 0.09 0 2.28002825492675e-06
0.08 0.1 0 2.6913397325803113e-06
0.08 0.11 0 2.6733264428347754e-06
0.08 0.12 0 2.2293560890774832e-06
0.08 0.13 0 1.7453842064687922e-06
0.08 0.14 0 1.812738653222769e-06
0.08 0.15 0 2.2296202895942877e-06
0.08 0.16 0 2.109407603095538e-06
0.08 0.17 0 2.3993813620011793e-06
0.08 0.18 0 2.2921291427495573e-06
0.08 0.19 0 2.8875843640734137e-06
0.08 0.2 0 2.8515350443969516e-06
0.08 0.21 0 2.357415071331594e-06
0.08 0.22 0 1.5935004453914674e-06
0.08 0.23 0 2.1214550732914335e-06
0.08 0.24 0 2.164883235157661e-06
0.08 0.25 0 2.179930527120546e-06
0.08 0.26 0 2.6007431777178326e-06
0.08 0.27 0 2.096894471622651e-06
0.08 0.28 0 2.0801642858825735e-06
0.08 0.29 0 2.192655832199116e-06
0.08 0.3 0 2.9691868647384057e-06
0.08 0.31 0 2.26605162126761e-06
0.08 0.32 0 1.5871329823534148e-06
0.08 0.33 0 1.4196358547062791e-06
0.08 0.34 0 1.823509308150606e-06
0.08 0.35000000000000003 0 2.2923044909155825e-06
0.08 0.36 0 2.1063280614401163e-06
0.08 0.37 0 2.0432738342259187e-06
0.08 0.38 0 2.863930499252152e-06
0.08 0.39 0 2.653957883606706e-06
0.08 0.4 0 2.2523273422723926e-06
0.08 0.41000000000000003 0 2.2759128609999704e-06
0.08 0.42 0 2.400764273851623e-06
0.08 0.43 0 2.1150704868890764e-06
0.08 0.44 0 2.1269512507930334e-06
0.08 0.45 0 2.042275995178492e-06
0.08 0.46 0 2.5845308572028835e-06
0.08 0.47000000000000003 0 2.5604730433835937e-06
0.08 0.48 0 2.207142778554778e-06
0.08 0.49 0 2.1150742646362324e-06
0.08 0.5 0 1.9944546547967363e-06
0.09 0.0 0 1.957260093147018e-06
0.09 0.01 0 2.620307265865916e-06
0.09 0.02 0 2.6708766147649735e-06
0.09 0.03 0 2.5665582746749524e-06
0.09 0.04 0 2.254779116388216e-06
0.09 0.05 0 2.106669303747316e-06
0.09 0.06 0 2.1023312277359302e-06
0.09 0.07 0 1.9015919994029294e-06
0.09 0.08 0 2.0292742969253667e-06
0.09 0.09 0 1.964472722059339e-06
0.09 0.1 0 1.7288288938786766e-06
0.09 0.11 0 1.9265451762153574e-06
0.09 0.12 0 2.193898095127608e-06
0.09 0.13 0 2.3615425675033494e-06
0.09 0.14 0 2.361642410042951e-06
0.09 0.15 0 2.8874508668642063e-06
0.09 0.16 0 3.1911366829911705e-06
0.09 0.17 0 2.978781187096469e-06
0.09 0.18 0 2.5871428438099467e-06
0.09 0.19 0 2.296916918066108e-06
0.09 0.2 0 1.8834207901621275e-06
0.09 0.21 0 1.8076512694665394e-06
0.09 0.22 0 1.9864824351099075e-06
0.09 0.23 0 2.0346434310991114e-06
0.09 0.24 0 3.178945935774803e-06
0.09 0.25 0 2.8665985941323294e-06
0.09 0.26 0 2.50890385019371e-06
0.09 0.27 0 1.963608400780287e-06
0.09 0.28 0 2.0730446012018113e-06
0.09 0.29 0 2.0625963649673738e-06
0.09 0.3 0 2.509503317029928e-06
0.09 0.31 0 2.3227845304234407e-06
0.09 0.32 0 1.8107697778619012e-06
0.09 0.33 0 2.166318163479243e-06
0.09 0.34 0 2.61679408353082e-06
0.09 0.35000000000000003 0 3.200383750519438e-06
0.09 0.36 0 3.0957789637197663e-06
0.09 0.37 0 3.2592584337691192e-06
0.09 0.38 0 2.746147069476499e-06
0.09 0.39 0 2.3757576991922262e-06
0.09 0.4 0 2.5594620504391154e-06
0.09 0.41000000000000003 0 2.8248084607209104e-06
0.09 0.42 0 2.458499988497903e-06
0.09 0.43 0 2.538063582455882e-06
0.09 0.44 0 2.137454104519979e-06
0.09 0.45 0 2.345840807648276e-06
0.09 0.46 0 2.246787248700969e-06
0.09 0.47000000000000003 0 1.98469463203861e-06
0.09 0.48 0 1.8453202784099138e-06
0.09 0.49 0 1.9411457798068913e-06
0.09 0.5 0 2.006275746505321e-06
0.1 0.0 0 1.7632504123473665e-06
0.1 0.01 0 2.204763973108884e-06
0.1 0.02 0 2.5214536055940095e-06
0.1 0.03 0 2.7312904881825667e-06
0.1 0.04 0 2.566550723497887e-06
0.1 0.05 0 1.736703853749889e-06
0.1 0.06 0 1.8602853928005602e-06
0.1 0.07 0 2.5187275915869718e-06
0.1 0.08 0 2.3434858214569643e-06
0.1 0.09 0 2.133839117956523e-06
0.1 0.1 0 2.1526546298285916e-06
0.1 0.11 0 2.2858303984770813e-06
0.1 0.12 0 2.1941941842124212e-06
0.1 0.13 0 3.0778707133789174e-06
0.1 0.14 0 3.0457256785684846e-06
0.1 0.15 0 3.1405821328286176e-06
0.1 0.16 0 2.1274624198371647e-06
0.1 0.17 0 1.7807704008314528e-06
0.1 0.18 0 2.0270357740927033e-06
0.1 0.19 0 1.9039231706252082e-06
0.1 0.2 0 1.3606889796561442e-06
0.1 0.21 0 1.4405908637782674e-06
0.1 0.22 0 1.668081641514796e-06
0.1 0.23 0 1.8731524059749203e-06
0.1 0.24 0 1.8217753836508574e-06
0.1 0.25 0 1.6484532673789617e-06
0.1 0.26 0 1.5978260933524587e-06
0.1 0.27 0 1.5672217392925129e-06
0.1 0.28 0 1.8202620179957456e-06
0.1 0.29 0 1.8298828080096299e-06
0.1 0.3 0 1.342028046376849e-06
0.1 0.31 0 1.236540627722529e-06
0.1 0.32 0 1.4928870789421455e-06
0.1 0.33 0 2.113144172223217e-06
0.1 0.34 0 2.679756421561661e-06
0.1 0.35000000000000003 0 2.6924346799977078e-06
0.1 0.36 0 2.3819693085844475e-06
0.1 0.37 0 1.8380783018311009e-06
0.1 0.38 0 1.9173364298556707e-06
0.1 0.39 0 2.5779860665776843e-06
0.1 0.4 0 2.7161918671268747e-06
0.1 0.41000000000000003 0 2.7294756845111918e-06
0.1 0.42 0 1.9742346611950432e-06
0.1 0.43 0 1.880008693873056e-06
0.1 0.44 0 2.064834421970541e-06
0.1 0.45 0 2.2481699264641168e-06
0.1 0.46 0 1.9172956529494445e-06
0.1 0.47000000000000003 0 1.713957980697159e-06
0.1 0.48 0 1.6752187637780684e-06
0.1 0.49 0 1.5795727407851749e-06
0.1 0.5 0 1.5127575015801371e-06
0.11 0.0 0 2.3889995723223118e-06
0.11 0.01 0 2.508903126156196e-06
0.11 0.02 0 2.344720096529053e-06
0.11 0.03 0 2.4876379534538013e-06
0.11 0.04 0 2.671875144154728e-06
0.11 0.05 0 2.4360543294932795e-06
0.11 0.06 0 2.3688463374048012e-06
0.11 0.07 0 2.7097213902183972e-06
0.11 0.08 0 2.4743443071734313e-06
0.11 0.09 0 2.0008678109047503e-06
0.11 0.1 0 1.783685577966112e-06
0.11 0.11 0 1.915245589478796e-06
0.11 0.12 0 1.9578994707709058e-06
0.11 0.13 0 2.0609883363030013e-06
0.11 0.14 0 2.2050071713513907e-06
0.11 0.15 0 1.7214465101117477e-06
0.11 0.16 0 1.9755898119903532e-06
0.11 0.17 0 1.6078934302360975e-06
0.11 0.18 0 1.7417362464598387e-06
0.11 0.19 0 1.810868340961458e-06
0.11 0.2 0 1.5356405317632852e-06
0.11 0.21 0 1.3442951998537226e-06
0.11 0.22 0 1.8372729862330177e-06
0.11 0.23 0 1.7742607083959645e-06
0.11 0.24 0 1.597186849953922e-06
0.11 0.25 0 1.6269703674069498e-06
0.11 0.26 0 1.7049372251803515e-06
0.11 0.27 0 1.6713757198370715e-06
0.11 0.28 0 2.1715941947854825e-06
0.11 0.29 0 1.7623534481394055e-06
0.11 0.3 0 1.5176968373698772e-06
0.11 0.31 0 1.3204356123144143e-06
0.11 0.32 0 1.3630500424388462e-06
0.11 0.33 0 1.820845646531011e-06
0.11 0.34 0 2.305961239871569e-06
0.11 0.35000000000000003 0 2.003257068935599e-06
0.11 0.36 0 1.8380808157969843e-06
0.11 0.37 0 1.871666567859759e-06
0.11 0.38 0 1.6795640963927543e-06
0.11 0.39 0 1.9279811148993973e-06
0.11 0.4 0 2.1708346105018548e-06
0.11 0.41000000000000003 0 2.6201609587134584e-06
0.11 0.42 0 2.4970174931246674e-06
0.11 0.43 0 2.5767084090999907e-06
0.11 0.44 0 2.5224098763919963e-06
0.11 0.45 0 2.3345031645709018e-06
0.11 0.46 0 2.5600790973350953e-06
0.11 0.47000000000000003 0 2.105154840223971e-06
0.11 0.48 0 2.1646873372873148e-06
0.11 0.49 0 1.9245487151966855e-06
0.11 0.5 0 1.9033193340452425e-06
0.12 0.0 0 3.0283026360887285e-06
0.12 0.01 0 2.617157953391384e-06
0.12 0.02 0 2.512059918978194e-06
0.12 0.03 0 2.055173157750661e-06
0.12 0.04 0 2.105104952200588e-06
0.12 0.05 0 2.2652161296580073e-06
0.12 0.06 0 2.5967177733781914e-06
0.12 0.07 0 2.14677755659242e-06
0.12 0.08 0 2.122476169394189e-06
0.12 0.09 0 1.6697026111261149e-06
0.12 0.1 0 1.9356273540576576e-06
0.12 0.11 0 2.2290943359157513e-06
0.12 0.12 0 2.4333520283288808e-06
0.12 0.13 0 2.1916057517051063e-06
0.12 0.14 0 2.051852972536293e-06
0.12 0.15 0 1.4548140364028357e-06
0.12 0.16 0 1.5496628122811738e-06
0.12 0.17 0 1.8396845002961264e-06
0.12 0.18 0 1.937345132027698e-06
0.12 0.19 0 2.3038890525290498e-06
0.12 0.2 0 1.75124583836014e-06
0.12 0.21 0 1.6302976753987996e-06
0.12 0.22 0 1.5574214573921385e-06
0.12 0.23 0 1.796954447837857e-06
0.12 0.24 0 1.529857260153578e-06
0.12 0.25 0 1.575992182825774e-06
0.12 0.26 0 2.012558987503647e-06
0.12 0.27 0 1.9595899541303046e-06
0.12 0.28 0 2.1663967285457286e-06
0.12 0.29 0 2.238233248875109e-06
0.12 0.3 0 1.7925033552096262e-06
0.12 0.31 0 1.8780855175760366e-06
0.12 0.32 0 2.19189447633877e-06
0.12 0.33 0 2.007250917948363e-06
0.12 0.34 0 1.6968940920369037e-06
0.12 0.35000000000000003 0 1.8669955595095555e-06
0.12 0.36 0 1.7796678660507866e-06
0.12 0.37 0 2.4872948466631286e-06
0.12 0.38 0 2.453692691521583e-06
0.12 0.39 0 2.0842890949793388e-06
0.12 0.4 0 2.2184917687495325e-06
0.12 0.41000000000000003 0 2.6393242690256216e-06
0.12 0.42 0 2.277536095978557e-06
0.12 0.43 0 2.1881558524206717e-06
0.12 0.44 0 2.3526872450312684e-06
0.12 0.45 0 2.215480842546742e-06
0.12 0.46 0 2.1354628187091565e-06
0.12 0.47000000000000003 0 2.2854357715080982e-06
0.12 0.48 0 2.3732310416661684e-06
0.12 0.49 0 2.1216250960831762e-06
0.12 0.5 0 1.7481210746651812e-06
0.13 0.0 0 3.96050685421528e-06
0.13 0.01 0 3.6605417884193803e-06
0.13 0.02 0 2.979891338927078e-06
0.13 0.03 0 2.5743075118133277e-06
0.13 0.04 0 2.338375561651061e-06
0.13 0.05 0 2.1003939298729404e-06
0.13 0.06 0 1.917319139990562e-06
0.13 0.07 0 1.899139647297102e-06
0.13 0.08 0 1.9608229676160605e-06
0.13 0.09 0 1.5248825301528991e-06
0.13 0.1 0 1.5271981959158155e-06
0.13 0.11 0 1.563328155522575e-06
0.13 0.12 0 1.408986309580994e-06
0.13 0.13 0 1.367162149732361e-06
0.13 0.14 0 1.6371505272983487e-06
0.13 0.15 0 1.5055671738666941e-06
0.13 0.16 0 1.3244181237001176e-06
0.13 0.17 0 1.7995533384556493e-06
0.13 0.18 0 1.547160312587403e-06
0.13 0.19 0 1.3322382223905689e-06
0.13 0.2 0 1.4030098062333177e-06
0.13 0.21 0 1.4755675128110736e-06
0.13 0.22 0 1.455970626784333e-06
0.13 0.23 0 1.6250913312111434e-06
0.13 0.24 0 1.491908534004907e-06
0.13 0.25 0 1.4360287681767337e-06
0.13 0.26 0 1.8489059918214862e-06
0.13 0.27 0 1.6815672482571712e-06
0.13 0.28 0 1.463614510244617e-06
0.13 0.29 0 1.5874713636086565e-06
0.13 0.3 0 1.3937513911039086e-06
0.13 0.31 0 1.2976830665337598e-06
0.13 0.32 0 1.208246701522505e-06
0.13 0.33 0 1.5143147622353655e-06
0.13 0.34 0 1.4736716292315854e-06
0.13 0.35000000000000003 0 1.5707849197767333e-06
0.13 0.36 0 1.7650270647197059e-06
0.13 0.37 0 2.0553485034565295e-06
0.13 0.38 0 2.509849331691745e-06
0.13 0.39 0 2.4137821475664984e-06
0.13 0.4 0 2.2737473916082705e-06
0.13 0.41000000000000003 0 1.8620066046237787e-06
0.13 0.42 0 2.009010566325134e-06
0.13 0.43 0 2.128117020598039e-06
0.13 0.44 0 2.8895484980177737e-06
0.13 0.45 0 2.878962452426407e-06
0.13 0.46 0 2.7757211743278664e-06
0.13 0.47000000000000003 0 2.4386083132857248e-06
0.13 0.48 0 1.8854785839645754e-06
0.13 0.49 0 1.3080056641866602e-06
0.13 0.5 0 1.4342806839044763e-06
0.14 0.0 0 3.205087467613056e-06
0.14 0.01 0 3.1539978715291324e-06
0.14 0.02 0 3.7299026647720676e-06
0.14 0.03 0 3.3226270707222014e-06
0.14 0.04 0 3.0436332047497903e-06
0.14 0.05 0 2.4088761210370603e-06
0.14 0.06 0 2.6963281163417916e-06
0.14 0.07 0 1.964116713004224e-06
0.14 0.08 0 2.054390390458414e-06
0.14 0.09 0 2.180957732586167e-06
0.14 0.1 0 1.7512620737737447e-06
0.14 0.11 0 1.616134369579937e-06
0.14 0.12 0 1.5002885053754871e-06
0.14 0.13 0 1.260320500554283e-06
0.14 0.14 0 1.173473776276842e-06
0.14 0.15 0 1.3559591667609135e-06
0.14 0.16 0 1.3444569480920103e-06
0.14 0.17 0 1.9097410096774643e-06
0.14 0.18 0 2.047596386959701e-06
0.14 0.19 0 1.5402490912168904e-06
0.14 0.2 0 1.3046526587065868e-06
0.14 0.21 0 1.5458425471255239e-06
0.14 0.22 0 1.8204024307205615e-06
0.14 0.23 0 2.09415946197626e-06
0.14 0.24 0 2.433264817987183e-06
0.14 0.25 0 2.408309059212603e-06
0.14 0.26 0 2.102101936898085e-06
0.14 0.27 0 1.951095606284725e-06
0.14 0.28 0 1.662034424657262e-06
0.14 0.29 0 1.802363966896437e-06
0.14 0.3 0 1.499463275917522e-06
0.14 0.31 0 1.1517265247826152e-06
0.14 0.32 0 1.2757352507546798e-06
0.14 0.33 0 1.260712908972954e-06
0.14 0.34 0 1.1182536058986985e-06
0.14 0.35000000000000003 0 1.6017808376925154e-06
0.14 0.36 0 2.193994869232829e-06
0.14 0.37 0 1.8961798688610907e-06
0.14 0.38 0 2.301252034411062e-06
0.14 0.39 0 2.170107767187245e-06
0.14 0.4 0 2.215373292515458e-06
0.14 0.41000000000000003 0 2.304838913078573e-06
0.14 0.42 0 2.291759487398321e-06
0.14 0.43 0 2.579080577237975e-06
0.14 0.44 0 2.6315855205382923e-06
0.14 0.45 0 2.0830575568080192e-06
0.14 0.46 0 1.582031635641522e-06
0.14 0.47000000000000003 0 1.8709453152580108e-06
0.14 0.48 0 2.137575943475957e-06
0.14 0.49 0 1.7479768060533436e-06
0.14 0.5 0 1.5238803670093874e-06
0.15 0.0 0 2.380628926339421e-06
0.15 0.01 0 2.569979260333167e-06
0.15 0.02 0 3.1797932481419404e-06
0.15 0.03 0 2.5798930067951555e-06
0.15 0.04 0 2.164398140109801e-06
0.15 0.05 0 2.393436267060148e-06
0.15 0.06 0 2.320402874965523e-06
0.15 0.07 0 2.1981222909967582e-06
0.15 0.08 0 1.9406015876753627e-06
0.15 0.09 0 1.9146936031224245e-06
0.15 0.1 0 1.5814261813786364e-06
0.15 0.11 0 1.6656866633167257e-06
0.15 0.12 0 1.8072180285138136e-06
0.15 0.13 0 1.8965555703173896e-06
0.15 0.14 0 1.3465980528935034e-06
0.15 0.15 0 1.0342414775114247e-06
0.15 0.16 0 1.06480498849801e-06
0.15 0.17 0 1.2599783755119889e-06
0.15 0.18 0 1.5797422693572554e-06
0.15 0.19 0 1.2968928707813091e-06
0.15 0.2 0 1.2994533643883337e-06
0.15 0.21 0 1.7674042710348469e-06
0.15 0.22 0 1.9185111278043477e-06
0.15 0.23 0 2.2314241939472826e-06
0.15 0.24 0 2.4521976376842906e-06
0.15 0.25 0 1.909750996534917e-06
0.15 0.26 0 1.54693234952507e-06
0.15 0.27 0 1.7052995285298418e-06
0.15 0.28 0 1.7333983836631454e-06
0.15 0.29 0 1.5795409621080086e-06
0.15 0.3 0 1.5220972049858185e-06
0.15 0.31 0 1.2485148157690355e-06
0.15 0.32 0 1.3567902367153238e-06
0.15 0.33 0 1.9280925574964085e-06
0.15 0.34 0 2.070207215141579e-06
0.15 0.35000000000000003 0 1.6383172219940162e-06
0.15 0.36 0 2.048536206787369e-06
0.15 0.37 0 2.393822999676311e-06
0.15 0.38 0 3.0619819288104515e-06
0.15 0.39 0 3.4098133634261705e-06
0.15 0.4 0 2.707058804282078e-06
0.15 0.41000000000000003 0 2.0015543808070963e-06
0.15 0.42 0 2.593236037042972e-06
0.15 0.43 0 2.5151681401018067e-06
0.15 0.44 0 2.2869086992334495e-06
0.15 0.45 0 1.7921944470868457e-06
0.15 0.46 0 1.232457596198653e-06
0.15 0.47000000000000003 0 1.1293801050925054e-06
0.15 0.48 0 1.7795057497082882e-06
0.15 0.49 0 1.3686211806003667e-06
0.15 0.5 0 1.1444670601773333e-06
0.16 0.0 0 2.8780044202891035e-06
0.16 0.01 0 2.745196807392072e-06
0.16 0.02 0 2.9315350760104274e-06
0.16 0.03 0 2.5265552119331774e-06
0.16 0.04 0 2.1896487530831705e-06
0.16 0.05 0 2.292491578730634e-06
0.16 0.06 0 2.946770298680771e-06
0.16 0.07 0 2.8474872081310657e-06
0.16 0.08 0 2.052369224510631e-06
0.16 0.09 0 1.7924704201395468e-06
0.16 0.1 0 1.5032117274868868e-06
0.16 0.11 0 1.6833111567009914e-06
0.16 0.12 0 2.244678789775178e-06
0.16 0.13 0 1.9822873307599203e-06
0.16 0.14 0 1.5601741103191483e-06
0.16 0.15 0 1.7366700230340768e-06
0.16 0.16 0 2.078831022080678e-06
0.16 0.17 0 1.9459502681415554e-06
0.16 0.18 0 1.9202161865715794e-06
0.16 0.19 0 1.9590559735848507e-06
0.16 0.2 0 1.7426718924594916e-06
0.16 0.21 0 1.6741180065034295e-06
0.16 0.22 0 1.8998888481041268e-06
0.16 0.23 0 2.413460108875243e-06
0.16 0.24 0 2.8728403370265087e-06
0.16 0.25 0 2.2526449289090296e-06
0.16 0.26 0 2.0737626738400944e-06
0.16 0.27 0 2.1106817604948022e-06
0.16 0.28 0 2.6118413202136027e-06
0.16 0.29 0 1.6501029127975968e-06
0.16 0.3 0 1.4309724189940078e-06
0.16 0.31 0 1.3850363603565196e-06
0.16 0.32 0 1.6746989276995457e-06
0.16 0.33 0 3.2138965263376957e-06
0.16 0.34 0 4.0145935864925114e-06
0.16 0.35000000000000003 0 3.376580326066157e-06
0.16 0.36 0 2.96338783181693e-06
0.16 0.37 0 2.630774398865727e-06
0.16 0.38 0 2.6403576829461724e-06
0.16 0.39 0 3.4685755151102595e-06
0.16 0.4 0 3.257672670387774e-06
0.16 0.41000000000000003 0 2.7388615097488345e-06
0.16 0.42 0 2.499666723411968e-06
0.16 0.43 0 2.8800594989795064e-06
0.16 0.44 0 2.2927367301310395e-06
0.16 0.45 0 2.3497749415731385e-06
0.16 0.46 0 2.4916068303520654e-06
0.16 0.47000000000000003 0 1.9288695338269923e-06
0.16 0.48 0 1.485244548746728e-06
0.16 0.49 0 1.7588932227988859e-06
0.16 0.5 0 1.1941158511129185e-06
0.17 0.0 0 3.5724491674419365e-06
0.17 0.01 0 3.1872835494343372e-06
0.17 0.02 0 2.4285498123951332e-06
0.17 0.03 0 2.511602941773861e-06
0.17 0.04 0 2.4302139701576164e-06
0.17 0.05 0 3.1766914531738453e-06
0.17 0.06 0 3.218012771210084e-06
0.17 0.07 0 2.380493117233663e-06
0.17 0.08 0 1.914573601539446e-06
0.17 0.09 0 1.841201208590684e-06
0.17 0.1 0 1.949566579043998e-06
0.17 0.11 0 2.4530653483896736e-06
0.17 0.12 0 2.2521306645041543e-06
0.17 0.13 0 2.471287971402468e-06
0.17 0.14 0 2.312356873979428e-06
0.17 0.15 0 2.225769384454984e-06
0.17 0.16 0 2.4337887201755197e-06
0.17 0.17 0 2.4606954423994533e-06
0.17 0.18 0 2.2191905042165496e-06
0.17 0.19 0 2.325903230874485e-06
0.17 0.2 0 2.119789516057245e-06
0.17 0.21 0 2.2768932996035755e-06
0.17 0.22 0 2.349446959786942e-06
0.17 0.23 0 1.9382860107521996e-06
0.17 0.24 0 2.068745785935015e-06
0.17 0.25 0 1.8631141609791446e-06
0.17 0.26 0 1.8566063195853117e-06
0.17 0.27 0 2.0425718818046797e-06
0.17 0.28 0 2.4938104724172095e-06
0.17 0.29 0 2.2147796571291765e-06
0.17 0.3 0 1.6421395827202566e-06
0.17 0.31 0 2.2319625806114915e-06
0.17 0.32 0 2.0504749866167113e-06
0.17 0.33 0 2.4313650423926787e-06
0.17 0.34 0 2.5206479518680635e-06
0.17 0.35000000000000003 0 2.9914135792912075e-06
0.17 0.36 0 3.005100088798468e-06
0.17 0.37 0 3.314337666647089e-06
0.17 0.38 0 2.8258402473567128e-06
0.17 0.39 0 2.914728133725908e-06
0.17 0.4 0 3.5795724602250376e-06
0.17 0.41000000000000003 0 2.989806772038257e-06
0.17 0.42 0 2.4895243052774922e-06
0.17 0.43 0 2.4820997556607064e-06
0.17 0.44 0 1.989585749278017e-06
0.17 0.45 0 1.9236819353033662e-06
0.17 0.46 0 2.2886142136575595e-06
0.17 0.47000000000000003 0 1.6732352587832271e-06
0.17 0.48 0 1.5058757512213618e-06
0.17 0.49 0 1.2700212581638953e-06
0.17 0.5 0 1.1518424999494983e-06
0.18 0.0 0 3.324655798968057e-06
0.18 0.01 0 2.9867664486426297e-06
0.18 0.02 0 2.156606266668706e-06
0.18 0.03 0 1.9086242516527797e-06
0.18 0.04 0 2.0906992173269435e-06
0.18 0.05 0 1.8123932815782966e-06
0.18 0.06 0 1.9273487706784487e-06
0.18 0.07 0 1.794987913861742e-06
0.18 0.08 0 1.8516984875064805e-06
0.18 0.09 0 2.434114735184764e-06
0.18 0.1 0 2.4231184645189773e-06
0.18 0.11 0 2.3977327106262655e-06
0.18 0.12 0 2.462262262680459e-06
0.18 0.13 0 2.68236584910695e-06
0.18 0.14 0 2.16288207386187e-06
0.18 0.15 0 1.998680355350345e-06
0.18 0.16 0 1.864610922886123e-06
0.18 0.17 0 1.730872556981152e-06
0.18 0.18 0 2.0291672700837682e-06
0.18 0.19 0 2.197065540625273e-06
0.18 0.2 0 3.1199972763614934e-06
0.18 0.21 0 2.8858215208828803e-06
0.18 0.22 0 2.6871158623610154e-06
0.18 0.23 0 2.2802024223564826e-06
0.18 0.24 0 2.253216212514617e-06
0.18 0.25 0 1.68364722619678e-06
0.18 0.26 0 2.0087413043017888e-06
0.18 0.27 0 1.9164874886176824e-06
0.18 0.28 0 1.8694654807251538e-06
0.18 0.29 0 1.7468684971724344e-06
0.18 0.3 0 1.8200000901143438e-06
0.18 0.31 0 2.640373295764409e-06
0.18 0.32 0 2.5192002654290814e-06
0.18 0.33 0 2.46880004441354e-06
0.18 0.34 0 2.8031017088942548e-06
0.18 0.35000000000000003 0 2.5454319382423025e-06
0.18 0.36 0 2.6266841994865854e-06
0.18 0.37 0 2.911948955902523e-06
0.18 0.38 0 2.8529608548963393e-06
0.18 0.39 0 2.4989024777488414e-06
0.18 0.4 0 2.9013602092731807e-06
0.18 0.41000000000000003 0 3.1873926237937315e-06
0.18 0.42 0 2.32692071565524e-06
0.18 0.43 0 2.2947810603361323e-06
0.18 0.44 0 2.35717302509489e-06
0.18 0.45 0 1.8804706905064721e-06
0.18 0.46 0 2.027543447423468e-06
0.18 0.47000000000000003 0 1.7076996007701478e-06
0.18 0.48 0 1.1362241505247532e-06
0.18 0.49 0 1.1232293062033427e-06
0.18 0.5 0 1.337048023098303e-06
0.19 0.0 0 2.698130345080652e-06
0.19 0.01 0 2.3907666419523607e-06
0.19 0.02 0 1.891167598071677e-06
0.19 0.03 0 1.5039283295304833e-06
0.19 0.04 0 2.0077130570785594e-06
0.19 0.05 0 1.964701973276629e-06
0.19 0.06 0 2.094985638311371e-06
0.19 0.07 0 1.8023874349344817e-06
0.19 0.08 0 1.9766435844696603e-06
0.19 0.09 0 2.4823930916027827e-06
0.19 0.1 0 2.167316379713971e-06
0.19 0.11 0 2.172539642447125e-06
0.19 0.12 0 2.5909990929699602e-06
0.19 0.13 0 2.6030412397416414e-06
0.19 0.14 0 2.6032187989079182e-06
0.19 0.15 0 2.3065380037136504e-06
0.19 0.16 0 2.7974296041764504e-06
0.19 0.17 0 2.3872535990721104e-06
0.19 0.18 0 2.400827802198191e-06
0.19 0.19 0 2.596406278119867e-06
0.19 0.2 0 2.540564726519239e-06
0.19 0.21 0 2.672368598791032e-06
0.19 0.22 0 3.5302631429585302e-06
0.19 0.23 0 3.443918584734711e-06
0.19 0.24 0 2.553358021188338e-06
0.19 0.25 0 2.2616188888304595e-06
0.19 0.26 0 1.9170716111219866e-06
0.19 0.27 0 2.0809316318097507e-06
0.19 0.28 0 1.8991605136228102e-06
0.19 0.29 0 2.146174048028046e-06
0.19 0.3 0 2.2311195237143837e-06
0.19 0.31 0 3.1581107010646892e-06
0.19 0.32 0 2.910256639779588e-06
0.19 0.33 0 2.314938775300483e-06
0.19 0.34 0 2.338895527790263e-06
0.19 0.35000000000000003 0 3.1705953332964388e-06
0.19 0.36 0 2.3662970092465753e-06
0.19 0.37 0 1.8563654846333465e-06
0.19 0.38 0 2.3641466079042764e-06
0.19 0.39 0 2.383864984808916e-06
0.19 0.4 0 2.0891622041043066e-06
0.19 0.41000000000000003 0 2.6838553037283027e-06
0.19 0.42 0 3.0458971652465723e-06
0.19 0.43 0 2.7043401028700783e-06
0.19 0.44 0 2.4391799703694955e-06
0.19 0.45 0 1.9064242112574253e-06
0.19 0.46 0 1.9629774730749557e-06
0.19 0.47000000000000003 0 1.600663988985375e-06
0.19 0.48 0 1.4415138111361988e-06
0.19 0.49 0 1.2357731982216633e-06
0.19 0.5 0 1.3035126729128407e-06
0.2 0.0 0 2.574828284061419e-06
0.2 0.01 0 2.0031438120935184e-06
0.2 0.02 0 1.3190284417391742e-06
0.2 0.03 0 1.090653457782186e-06
0.2 0.04 0 1.38951896844674e-06
0.2 0.05 0 1.19693856853894e-06
0.2 0.06 0 1.095409794106558e-06
0.2 0.07 0 1.4321106594842562e-06
0.2 0.08 0 1.3749354296882736e-06
0.2 0.09 0 1.4347267886460373e-06
0.2 0.1 0 1.7198693362381048e-06
0.2 0.11 0 2.003531830974031e-06
0.2 0.12 0 2.2106403610593607e-06
0.2 0.13 0 2.338468298936566e-06
0.2 0.14 0 2.1293026148316085e-06
0.2 0.15 0 2.063895548355603e-06
0.2 0.16 0 2.488434209844638e-06
0.2 0.17 0 2.8119788504073153e-06
0.2 0.18 0 2.508826831691455e-06
0.2 0.19 0 2.2533029450627127e-06
0.2 0.2 0 2.0171690521633985e-06
0.2 0.21 0 2.692234267133072e-06
0.2 0.22 0 2.414269305702283e-06
0.2 0.23 0 2.3251858283023916e-06
0.2 0.24 0 2.4001755582033963e-06
0.2 0.25 0 2.2975667108426123e-06
0.2 0.26 0 2.735277776425162e-06
0.2 0.27 0 2.9376293439131094e-06
0.2 0.28 0 3.006680545294697e-06
0.2 0.29 0 3.2473527937835773e-06
0.2 0.3 0 3.3272388755132518e-06
0.2 0.31 0 2.9732374987163417e-06
0.2 0.32 0 2.9348336651457522e-06
0.2 0.33 0 2.9088079053136633e-06
0.2 0.34 0 2.976891379163237e-06
0.2 0.35000000000000003 0 2.697183375020154e-06
0.2 0.36 0 2.8201563103383675e-06
0.2 0.37 0 2.8297833818529852e-06
0.2 0.38 0 2.835569197323258e-06
0.2 0.39 0 2.2669155065884067e-06
0.2 0.4 0 1.8494222664349856e-06
0.2 0.41000000000000003 0 2.070281143688071e-06
0.2 0.42 0 2.4683223002030526e-06
0.2 0.43 0 2.045219836209359e-06
0.2 0.44 0 1.8254273462886093e-06
0.2 0.45 0 1.6121982012785522e-06
0.2 0.46 0 1.46903185991397e-06
0.2 0.47000000000000003 0 1.7191743388393498e-06
0.2 0.48 0 1.8931352202091483e-06
0.2 0.49 0 1.6248455997219213e-06
0.2 0.5 0 1.2975530599100466e-06
0.21 0.0 0 1.612729766326201e-06
0.21 0.01 0 1.648395974443497e-06
0.21 0.02 0 1.6926957543052122e-06
0.21 0.03 0 1.1484769485660894e-06
0.21 0.04 0 1.0764807455303455e-06
0.21 0.05 0 1.0263582923740459e-06
0.21 0.06 0 1.3012445757664652e-06
0.21 0.07 0 1.6700199769818757e-06
0.21 0.08 0 1.4876112590140875e-06
0.21 0.09 0 1.0988608690434225e-06
0.21 0.1 0 1.431028563238105e-06
0.21 0.11 0 1.958154618484108e-06
0.21 0.12 0 2.1306368374611727e-06
0.21 0.13 0 2.005071190289278e-06
0.21 0.14 0 2.2891499623381694e-06
0.21 0.15 0 2.6394281569627577e-06
0.21 0.16 0 2.6958822987360744e-06
0.21 0.17 0 2.3480274433883713e-06
0.21 0.18 0 1.6987594614995965e-06
0.21 0.19 0 2.3008514647496004e-06
0.21 0.2 0 2.170659490885135e-06
0.21 0.21 0 1.993891515847372e-06
0.21 0.22 0 2.3868850372678697e-06
0.21 0.23 0 2.7225251768600955e-06
0.21 0.24 0 2.2596085561707636e-06
0.21 0.25 0 2.3677367410701737e-06
0.21 0.26 0 2.8836022502990155e-06
0.21 0.27 0 2.8988738575801844e-06
0.21 0.28 0 2.6123170941569462e-06
0.21 0.29 0 2.721527908233347e-06
0.21 0.3 0 2.8442337473883734e-06
0.21 0.31 0 3.392369224351818e-06
0.21 0.32 0 2.9338163022320263e-06
0.21 0.33 0 3.136250656166641e-06
0.21 0.34 0 2.7618894373223688e-06
0.21 0.35000000000000003 0 2.352512079814826e-06
0.21 0.36 0 2.858671714746222e-06
0.21 0.37 0 2.6224078437235087e-06
0.21 0.38 0 2.2936545427166037e-06
0.21 0.39 0 1.8458319153853255e-06
0.21 0.4 0 1.6260925033708429e-06
0.21 0.41000000000000003 0 1.8466860949264277e-06
0.21 0.42 0 2.2156442245129724e-06
0.21 0.43 0 2.009886595828332e-06
0.21 0.44 0 1.5520200404391802e-06
0.21 0.45 0 1.2566674297449687e-06
0.21 0.46 0 1.1102055756248306e-06
0.21 0.47000000000000003 0 1.1876303858741993e-06
0.21 0.48 0 1.5354057450956443e-06
0.21 0.49 0 1.6875748192830475e-06
0.21 0.5 0 1.2225259014466868e-06
0.22 0.0 0 1.4092190347349233e-06
0.22 0.01 0 1.5380970267357537e-06
0.22 0.02 0 1.5846490770876638e-06
0.22 0.03 0 1.2961802794097044e-06
0.22 0.04 0 1.2645301371633027e-06
0.22 0.05 0 1.3575984075471523e-06
0.22 0.06 0 1.4734039111773476e-06
0.22 0.07 0 1.3858431262021862e-06
0.22 0.08 0 1.1968573743615112e-06
0.22 0.09 0 1.1982659836778567e-06
0.22 0.1 0 1.293940437553149e-06
0.22 0.11 0 2.1217259063648096e-06
0.22 0.12 0 2.025309920801948e-06
0.22 0.13 0 2.312124167090917e-06
0.22 0.14 0 2.233158620591448e-06
0.22 0.15 0 2.1529341766824926e-06
0.22 0.16 0 2.15644943086939e-06
0.22 0.17 0 2.7179396858666664e-06
0.22 0.18 0 2.481701929129095e-06
0.22 0.19 0 2.27766947322806e-06
0.22 0.2 0 2.206910221803073e-06
0.22 0.21 0 2.1093057194996664e-06
0.22 0.22 0 2.1362393097845267e-06
0.22 0.23 0 2.1805641849278247e-06
0.22 0.24 0 2.7570591016842527e-06
0.22 0.25 0 2.3287388743960582e-06
0.22 0.26 0 2.309565742731797e-06
0.22 0.27 0 2.1665406884773214e-06
0.22 0.28 0 2.3640479200210245e-06
0.22 0.29 0 2.9182014311820838e-06
0.22 0.3 0 3.0314035595418137e-06
0.22 0.31 0 2.777754720574262e-06
0.22 0.32 0 2.4999449636021033e-06
0.22 0.33 0 1.8980794322164332e-06
0.22 0.34 0 2.1736293980260072e-06
0.22 0.35000000000000003 0 2.130660758090859e-06
0.22 0.36 0 2.4805152678087337e-06
0.22 0.37 0 1.9688819200126724e-06
0.22 0.38 0 1.9160124316162193e-06
0.22 0.39 0 1.6375481816378192e-06
0.22 0.4 0 1.7131456859694516e-06
0.22 0.41000000000000003 0 2.1055654900577666e-06
0.22 0.42 0 2.4110987227343453e-06
0.22 0.43 0 2.195782966133761e-06
0.22 0.44 0 1.4478839251136188e-06
0.22 0.45 0 1.282366267558881e-06
0.22 0.46 0 1.4930521736272709e-06
0.22 0.47000000000000003 0 1.3466405401154523e-06
0.22 0.48 0 1.3653970113239862e-06
0.22 0.49 0 1.5258452633430941e-06
0.22 0.5 0 1.3294843829592725e-06
0.23 0.0 0 2.705105509809487e-06
0.23 0.01 0 1.7862951016743618e-06
0.23 0.02 0 1.7687635623540025e-06
0.23 0.03 0 1.2368260820727912e-06
0.23 0.04 0 1.1293089139520936e-06
0.23 0.05 0 1.250622325109279e-06
0.23 0.06 0 1.2376304197374012e-06
0.23 0.07 0 1.262127684857403e-06
0.23 0.08 0 1.2045035544655681e-06
0.23 0.09 0 1.1620289424979734e-06
0.23 0.1 0 1.155888770392566e-06
0.23 0.11 0 1.3856486611742888e-06
0.23 0.12 0 1.2747178340824645e-06
0.23 0.13 0 1.3047321249786448e-06
0.23 0.14 0 2.0624308751884206e-06
0.23 0.15 0 1.907108313231164e-06
0.23 0.16 0 1.7291213459171528e-06
0.23 0.17 0 1.6252647837646412e-06
0.23 0.18 0 2.052783520436695e-06
0.23 0.19 0 1.866515074082059e-06
0.23 0.2 0 2.149154317547503e-06
0.23 0.21 0 2.0896483722402355e-06
0.23 0.22 0 1.841384457417992e-06
0.23 0.23 0 1.6195354390325714e-06
0.23 0.24 0 1.6532935862703356e-06
0.23 0.25 0 1.5905443733698425e-06
0.23 0.26 0 1.4453018777626529e-06
0.23 0.27 0 1.3803422881331957e-06
0.23 0.28 0 1.6141920473077988e-06
0.23 0.29 0 2.238858034676479e-06
0.23 0.3 0 2.2080328663559405e-06
0.23 0.31 0 2.4030350180673576e-06
0.23 0.32 0 2.06661179759933e-06
0.23 0.33 0 1.6497627278448775e-06
0.23 0.34 0 1.7690013026680955e-06
0.23 0.35000000000000003 0 1.519311417016483e-06
0.23 0.36 0 1.7963470814630929e-06
0.23 0.37 0 2.115157107758462e-06
0.23 0.38 0 1.8404436842041776e-06
0.23 0.39 0 1.7376879595185378e-06
0.23 0.4 0 1.8624314388012835e-06
0.23 0.41000000000000003 0 2.0747671159074216e-06
0.23 0.42 0 1.611031090390595e-06
0.23 0.43 0 1.6982929150613844e-06
0.23 0.44 0 2.0200798450885636e-06
0.23 0.45 0 1.793163601699563e-06
0.23 0.46 0 1.566875200500006e-06
0.23 0.47000000000000003 0 1.616764337313822e-06
0.23 0.48 0 1.2712891913597536e-06
0.23 0.49 0 1.4725833123445564e-06
0.23 0.5 0 1.5410933610182336e-06
0.24 0.0 0 1.9386036866756307e-06
0.24 0.01 0 1.502978267920177e-06
0.24 0.02 0 1.1133853636150888e-06
0.24 0.03 0 1.3131045454029544e-06
0.24 0.04 0 1.2932445500832004e-06
0.24 0.05 0 1.313829765745831e-06
0.24 0.06 0 1.310069900323847e-06
0.24 0.07 0 1.6615014826322762e-06
0.24 0.08 0 1.3281754207795585e-06
0.24 0.09 0 1.4804242806642884e-06
0.24 0.1 0 1.0279660339726904e-06
0.24 0.11 0 1.1029443731054583e-06
0.24 0.12 0 1.3196186049672152e-06
0.24 0.13 0 1.2238296863332526e-06
0.24 0.14 0 1.6379406128762253e-06
0.24 0.15 0 1.9713681501508894e-06
0.24 0.16 0 2.0068168921592175e-06
0.24 0.17 0 2.058894522837777e-06
0.24 0.18 0 2.1762439439225716e-06
0.24 0.19 0 2.069887983492237e-06
0.24 0.2 0 1.8362687760353417e-06
0.24 0.21 0 2.046808480106263e-06
0.24 0.22 0 2.124471540544474e-06
0.24 0.23 0 1.742546118737233e-06
0.24 0.24 0 1.3623817847775882e-06
0.24 0.25 0 1.3357867817072249e-06
0.24 0.26 0 1.5992839671538746e-06
0.24 0.27 0 1.5352717683278384e-06
0.24 0.28 0 1.230734575358952e-06
0.24 0.29 0 1.796663278921837e-06
0.24 0.3 0 2.1628062253797256e-06
0.24 0.31 0 2.0064023897938944e-06
0.24 0.32 0 2.129976973722352e-06
0.24 0.33 0 2.1315149375447478e-06
0.24 0.34 0 1.7452748599569213e-06
0.24 0.35000000000000003 0 1.7634427595405814e-06
0.24 0.36 0 1.660198555614091e-06
0.24 0.37 0 1.586498305719923e-06
0.24 0.38 0 1.736552688378476e-06
0.24 0.39 0 1.7473024179525052e-06
0.24 0.4 0 1.3528498744969458e-06
0.24 0.41000000000000003 0 1.682722211349258e-06
0.24 0.42 0 1.6776877394253744e-06
0.24 0.43 0 1.435261493114935e-06
0.24 0.44 0 1.5928010896083287e-06
0.24 0.45 0 1.6694021062750158e-06
0.24 0.46 0 1.69726764313349e-06
0.24 0.47000000000000003 0 1.9950971641557787e-06
0.24 0.48 0 2.0205002908844197e-06
0.24 0.49 0 2.187208312262287e-06
0.24 0.5 0 1.961569183815207e-06
0.25 0.0 0 1.5294328773711527e-06
0.25 0.01 0 1.303336095276713e-06
0.25 0.02 0 1.490931489242255e-06
0.25 0.03 0 1.6603934484657165e-06
0.25 0.04 0 1.4987065679935232e-06
0.25 0.05 0 1.6173423164128033e-06
0.25 0.06 0 1.4542529704005704e-06
0.25 0.07 0 1.505840062115059e-06
0.25 0.08 0 1.4367157089095677e-06
0.25 0.09 0 1.230273673084831e-06
0.25 0.1 0 1.1699560861446342e-06
0.25 0.11 0 1.035891142302615e-06
0.25 0.12 0 1.4090842457609768e-06
0.25 0.13 0 1.5017505849502452e-06
0.25 0.14 0 1.6649510209321235e-06
0.25 0.15 0 1.3709709063461e-06
0.25 0.16 0 1.6790037452628926e-06
0.25 0.17 0 1.9913721719028715e-06
0.25 0.18 0 2.0926569501196775e-06
0.25 0.19 0 2.0039871634815386e-06
0.25 0.2 0 1.8566706102272808e-06
0.25 0.21 0 1.9411450031166536e-06
0.25 0.22 0 1.9288230418827783e-06
0.25 0.23 0 1.4389153163075631e-06
0.25 0.24 0 1.5431341566241607e-06
0.25 0.25 0 1.3766720788799646e-06
0.25 0.26 0 1.2665384309639503e-06
0.25 0.27 0 1.5505383895646424e-06
0.25 0.28 0 1.5816127815437311e-06
0.25 0.29 0 1.7343457984996488e-06
0.25 0.3 0 1.5469642982136118e-06
0.25 0.31 0 1.74788008349299e-06
0.25 0.32 0 1.938545312473332e-06
0.25 0.33 0 1.769678251480455e-06
0.25 0.34 0 1.5055466478713876e-06
0.25 0.35000000000000003 0 1.5084819204524601e-06
0.25 0.36 0 2.0878512938052316e-06
0.25 0.37 0 2.31993715856085e-06
0.25 0.38 0 1.90863458882434e-06
0.25 0.39 0 1.7811797843448817e-06
0.25 0.4 0 1.8565253362196089e-06
0.25 0.41000000000000003 0 1.6854038422264692e-06
0.25 0.42 0 1.7993762038460591e-06
0.25 0.43 0 1.4697589386181638e-06
0.25 0.44 0 1.4374728496413745e-06
0.25 0.45 0 1.3836405499335334e-06
0.25 0.46 0 1.1945945496479383e-06
0.25 0.47000000000000003 0 1.2753913590235486e-06
0.25 0.48 0 1.2986537023925832e-06
0.25 0.49 0 1.0995719001924367e-06
0.25 0.5 0 1.209659172652775e-06
0.26 0.0 0 2.466521630396733e-06
0.26 0.01 0 1.921270230930276e-06
0.26 0.02 0 1.9878079789062894e-06
0.26 0.03 0 1.7769976660182723e-06
0.26 0.04 0 1.6499067005202845e-06
0.26 0.05 0 1.5040201255051323e-06
0.26 0.06 0 1.8006107902419869e-06
0.26 0.07 0 1.6615612500783609e-06
0.26 0.08 0 1.1723635836854162e-06
0.26 0.09 0 1.2069970945600977e-06
0.26 0.1 0 1.1658422526830595e-06
0.26 0.11 0 8.727064582069218e-07
0.26 0.12 0 9.236727316792736e-07
0.26 0.13 0 1.0505360749140633e-06
0.26 0.14 0 1.2067504341988543e-06
0.26 0.15 0 1.214416697552848e-06
0.26 0.16 0 1.0343664135003123e-06
0.26 0.17 0 1.246135743317565e-06
0.26 0.18 0 1.4826333244463785e-06
0.26 0.19 0 1.4521176430255842e-06
0.26 0.2 0 1.4540644014288089e-06
0.26 0.21 0 1.2491290895727626e-06
0.26 0.22 0 1.2766813941975197e-06
0.26 0.23 0 1.194538470782027e-06
0.26 0.24 0 1.3426552023022762e-06
0.26 0.25 0 1.5303442225664254e-06
0.26 0.26 0 1.5693388687933113e-06
0.26 0.27 0 1.6684314766642261e-06
0.26 0.28 0 1.3296609761234411e-06
0.26 0.29 0 1.3703993418167143e-06
0.26 0.3 0 1.1777566192382575e-06
0.26 0.31 0 1.3544126824112256e-06
0.26 0.32 0 1.6602505824569924e-06
0.26 0.33 0 1.710200883789513e-06
0.26 0.34 0 1.3964011605052595e-06
0.26 0.35000000000000003 0 1.5042028352166434e-06
0.26 0.36 0 2.0678012545672355e-06
0.26 0.37 0 1.912603779128904e-06
0.26 0.38 0 1.8168125978554431e-06
0.26 0.39 0 2.422113777527609e-06
0.26 0.4 0 1.968690850440308e-06
0.26 0.41000000000000003 0 1.4902874134597277e-06
0.26 0.42 0 1.5029236138951224e-06
0.26 0.43 0 1.4075749911605645e-06
0.26 0.44 0 1.4765408076202766e-06
0.26 0.45 0 1.6315475456151045e-06
0.26 0.46 0 1.827870647940442e-06
0.26 0.47000000000000003 0 1.8219314850574621e-06
0.26 0.48 0 1.8774548176482431e-06
0.26 0.49 0 1.5384804977383652e-06
0.26 0.5 0 1.5425562206612795e-06
0.27 0.0 0 2.278625182512784e-06
0.27 0.01 0 2.2036353857999467e-06
0.27 0.02 0 2.1603953633044426e-06
0.27 0.03 0 1.525732749702778e-06
0.27 0.04 0 1.660314976531363e-06
0.27 0.05 0 1.64150345555658e-06
0.27 0.06 0 1.4950647467677118e-06
0.27 0.07 0 1.7455067609507481e-06
0.27 0.08 0 1.9247819405386794e-06
0.27 0.09 0 1.750965414059857e-06
0.27 0.1 0 1.5097769497034188e-06
0.27 0.11 0 1.427824805385226e-06
0.27 0.12 0 1.2154586212244012e-06
0.27 0.13 0 1.209768067661333e-06
0.27 0.14 0 1.5272637460605063e-06
0.27 0.15 0 1.4609280632346373e-06
0.27 0.16 0 1.4728076678090493e-06
0.27 0.17 0 1.620744925776584e-06
0.27 0.18 0 1.7097292924152525e-06
0.27 0.19 0 1.841534586352328e-06
0.27 0.2 0 1.7760929497496548e-06
0.27 0.21 0 1.4151083045114686e-06
0.27 0.22 0 1.2102691909432749e-06
0.27 0.23 0 1.0748910629201182e-06
0.27 0.24 0 1.105809384387449e-06
0.27 0.25 0 1.2040935891002988e-06
0.27 0.26 0 9.868885743315188e-07
0.27 0.27 0 1.392219675563453e-06
0.27 0.28 0 1.6181007039579463e-06
0.27 0.29 0 1.8783264161207433e-06
0.27 0.3 0 2.187906974263308e-06
0.27 0.31 0 1.84353430128284e-06
0.27 0.32 0 1.3709911737951794e-06
0.27 0.33 0 1.176625268793771e-06
0.27 0.34 0 1.3618693264678414e-06
0.27 0.35000000000000003 0 1.1351357938516366e-06
0.27 0.36 0 1.3426571945745342e-06
0.27 0.37 0 1.6560779635309532e-06
0.27 0.38 0 1.6953525152176124e-06
0.27 0.39 0 1.7743254055405576e-06
0.27 0.4 0 2.1002295443433747e-06
0.27 0.41000000000000003 0 1.477341950780682e-06
0.27 0.42 0 1.3375304342682843e-06
0.27 0.43 0 1.4444722503291149e-06
0.27 0.44 0 1.3398131908444487e-06
0.27 0.45 0 1.2429723352538794e-06
0.27 0.46 0 1.6347483763580585e-06
0.27 0.47000000000000003 0 1.571523697892022e-06
0.27 0.48 0 1.6991811304433914e-06
0.27 0.49 0 1.8391150721002617e-06
0.27 0.5 0 1.6184187521375087e-06
0.28 0.0 0 2.8546053092741603e-06
0.28 0.01 0 2.400988534228945e-06
0.28 0.02 0 2.5976827240306195e-06
0.28 0.03 0 2.2882020573965407e-06
0.28 0.04 0 1.8073673532106743e-06
0.28 0.05 0 2.1142465291288593e-06
0.28 0.06 0 1.9798968048303986e-06
0.28 0.07 0 1.9452042388524895e-06
0.28 0.08 0 1.9053763203811158e-06
0.28 0.09 0 2.4327077243812945e-06
0.28 0.1 0 1.7648909951481652e-06
0.28 0.11 0 1.2405174077183224e-06
0.28 0.12 0 1.3632457790202884e-06
0.28 0.13 0 1.3719399463436807e-06
0.28 0.14 0 1.2814545029098437e-06
0.28 0.15 0 1.5578870432460348e-06
0.28 0.16 0 1.4946088664853688e-06
0.28 0.17 0 1.3907263660312015e-06
0.28 0.18 0 1.5118501593805838e-06
0.28 0.19 0 1.5512074777358848e-06
0.28 0.2 0 1.3843532369433175e-06
0.28 0.21 0 1.3489615502737966e-06
0.28 0.22 0 1.1440392753895422e-06
0.28 0.23 0 1.366263253784641e-06
0.28 0.24 0 1.5715600237321497e-06
0.28 0.25 0 1.6151866007914755e-06
0.28 0.26 0 1.4069580988127576e-06
0.28 0.27 0 1.337371555874794e-06
0.28 0.28 0 1.6738825939565626e-06
0.28 0.29 0 2.148869660642302e-06
0.28 0.3 0 1.724775407692975e-06
0.28 0.31 0 1.1540581065173205e-06
0.28 0.32 0 9.480221887927935e-07
0.28 0.33 0 9.0361908400017e-07
0.28 0.34 0 1.1526238721933e-06
0.28 0.35000000000000003 0 1.2056515400736062e-06
0.28 0.36 0 1.0194777707618032e-06
0.28 0.37 0 1.112698597163992e-06
0.28 0.38 0 1.2226416836363643e-06
0.28 0.39 0 1.6324880770567956e-06
0.28 0.4 0 1.7830646916196843e-06
0.28 0.41000000000000003 0 1.6311618003115219e-06
0.28 0.42 0 1.375907859876237e-06
0.28 0.43 0 1.6879526276094398e-06
0.28 0.44 0 1.95753879504688e-06
0.28 0.45 0 1.7012248563291833e-06
0.28 0.46 0 1.3358185333926468e-06
0.28 0.47000000000000003 0 1.3229277004327696e-06
0.28 0.48 0 1.1762056240223908e-06
0.28 0.49 0 1.765262648750802e-06
0.28 0.5 0 2.4038469824058043e-06
0.29 0.0 0 2.587160036384128e-06
0.29 0.01 0 2.8013253348536876e-06
0.29 0.02 0 2.1701233807123144e-06
0.29 0.03 0 2.1938700037446504e-06
0.29 0.04 0 2.5862042436746653e-06
0.29 0.05 0 2.9866365715550756e-06
0.29 0.06 0 2.753455574816485e-06
0.29 0.07 0 3.329853374784325e-06
0.29 0.08 0 2.8174748163002205e-06
0.29 0.09 0 2.1286331327222647e-06
0.29 0.1 0 1.8305028657104603e-06
0.29 0.11 0 1.514283860166442e-06
0.29 0.12 0 1.5115225620429674e-06
0.29 0.13 0 1.4065587422565039e-06
0.29 0.14 0 1.2901254520845307e-06
0.29 0.15 0 1.4528852612575032e-06
0.29 0.16 0 1.5200953292655037e-06
0.29 0.17 0 1.498309280969076e-06
0.29 0.18 0 1.0671891547347407e-06
0.29 0.19 0 1.2092345539857772e-06
0.29 0.2 0 1.3603322076794373e-06
0.29 0.21 0 1.506046075146116e-06
0.29 0.22 0 1.482069480414608e-06
0.29 0.23 0 1.3168732906039448e-06
0.29 0.24 0 1.4723515623400843e-06
0.29 0.25 0 1.6259015717359264e-06
0.29 0.26 0 1.280475163656006e-06
0.29 0.27 0 1.1412614662713114e-06
0.29 0.28 0 1.4208382628094805e-06
0.29 0.29 0 1.3326333313717251e-06
0.29 0.3 0 1.45302205906441e-06
0.29 0.31 0 1.2233240257923811e-06
0.29 0.32 0 1.0751438907438828e-06
0.29 0.33 0 9.776222405138093e-07
0.29 0.34 0 1.3451873177541038e-06
0.29 0.35000000000000003 0 1.3578773998600243e-06
0.29 0.36 0 1.3807142648140637e-06
0.29 0.37 0 1.1977410640924082e-06
0.29 0.38 0 1.46219889475273e-06
0.29 0.39 0 1.558298613116235e-06
0.29 0.4 0 1.620742507958165e-06
0.29 0.41000000000000003 0 1.5188187691677284e-06
0.29 0.42 0 1.4594341869618428e-06
0.29 0.43 0 1.4282689277368426e-06
0.29 0.44 0 1.3466809440119644e-06
0.29 0.45 0 1.447109467337606e-06
0.29 0.46 0 1.6638030642391476e-06
0.29 0.47000000000000003 0 1.411454030167792e-06
0.29 0.48 0 1.11206782549107e-06
0.29 0.49 0 1.772705902761657e-06
0.29 0.5 0 2.814477976695447e-06
0.3 0.0 0 2.738113397348808e-06
0.3 0.01 0 2.6936178661938695e-06
0.3 0.02 0 2.499913354665046e-06
0.3 0.03 0 2.5480690590809826e-06
0.3 0.04 0 2.1017948784853454e-06
0.3 0.05 0 2.3182563060525584e-06
0.3 0.06 0 2.7753876489443136e-06
0.3 0.07 0 2.443763013876132e-06
0.3 0.08 0 2.1533021801247778e-06
0.3 0.09 0 2.0122083082121886e-06
0.3 0.1 0 1.959852815170662e-06
0.3 0.11 0 1.6761029723619422e-06
0.3 0.12 0 1.7399085780180543e-06
0.3 0.13 0 1.4928952468869456e-06
0.3 0.14 0 1.1084711929413634e-06
0.3 0.15 0 1.286057734386008e-06
0.3 0.16 0 1.8096892063726174e-06
0.3 0.17 0 1.6998451111414967e-06
0.3 0.18 0 1.6546099129616259e-06
0.3 0.19 0 1.8215163451644383e-06
0.3 0.2 0 1.9554288941841945e-06
0.3 0.21 0 1.6526984317184356e-06
0.3 0.22 0 1.8292411555142071e-06
0.3 0.23 0 1.4938282389364641e-06
0.3 0.24 0 1.3749554312101486e-06
0.3 0.25 0 1.1116872581053337e-06
0.3 0.26 0 1.3115463835598554e-06
0.3 0.27 0 1.5009704575968787e-06
0.3 0.28 0 1.4341904626601577e-06
0.3 0.29 0 1.252710056265385e-06
0.3 0.3 0 1.1625160355312285e-06
0.3 0.31 0 1.3356266639383177e-06
0.3 0.32 0 1.6094179605064102e-06
0.3 0.33 0 1.0587114678029223e-06
0.3 0.34 0 9.574043808372448e-07
0.3 0.35000000000000003 0 1.1108937007345322e-06
0.3 0.36 0 1.0735661907574903e-06
0.3 0.37 0 1.2578069224884326e-06
0.3 0.38 0 1.1844919632391259e-06
0.3 0.39 0 1.195921582232767e-06
0.3 0.4 0 1.2018872843569114e-06
0.3 0.41000000000000003 0 1.6667543508963469e-06
0.3 0.42 0 1.3265216023031054e-06
0.3 0.43 0 1.3281010429803797e-06
0.3 0.44 0 1.3011677175122508e-06
0.3 0.45 0 1.4533697456135726e-06
0.3 0.46 0 1.4966003013670113e-06
0.3 0.47000000000000003 0 2.0751699946576523e-06
0.3 0.48 0 1.6483197495452926e-06
0.3 0.49 0 1.4449570259716431e-06
0.3 0.5 0 2.284587127442853e-06
#STOP
