#MEDIUM_PROPERTIES_DISTRIBUTED
$MSH_TYPE
	 GROUNDWATER_FLOW	
$MMP_TYPE
	 PERMEABILITY	
$DIS_TYPE
	 NEAREST_VALUE	
;hj
$CONVERSION_FACTOR
	 1.0	
$DATA
0.0 0.0 0 2.188197202501125e-06
0.0 0.01 0 2.053415964020575e-06
0.0 0.02 0 2.0013307901844803e-06
0.0 0.03 0 1.8796627361649018e-06
0.0 0.04 0 1.9213758585808505e-06
0.0 0.05 0 1.9063183726735576e-06
0.0 0.06 0 1.8766329420108177e-06
0.0 0.07 0 1.8150896381810193e-06
0.0 0.08 0 1.9123341922603337e-06
0.0 0.09 0 1.9449338041296164e-06
0.0 0.1 0 1.9537141452607464e-06
0.0 0.11 0 2.2728878030198458e-06
0.0 0.12 0 2.614170829292542e-06
0.0 0.13 0 2.231149529555074e-06
0.0 0.14 0 1.9220797459647874e-06
0.0 0.15 0 1.7754306010614964e-06
0.0 0.16 0 1.8216193705820669e-06
0.0 0.17 0 2.0209464507324236e-06
0.0 0.18 0 1.89699601427277e-06
0.0 0.19 0 1.7838395534762413e-06
0.0 0.2 0 1.8349844535265075e-06
0.0 0.21 0 2.009430190789202e-06
0.0 0.22 0 1.6623481430473947e-06
0.0 0.23 0 1.639969425857184e-06
0.0 0.24 0 1.6131736983233768e-06
0.0 0.25 0 1.3306216505305393e-06
0.0 0.26 0 1.4794614690269918e-06
0.0 0.27 0 1.4502413699089684e-06
0.0 0.28 0 1.4070558246565372e-06
0.0 0.29 0 1.3020169657988743e-06
0.0 0.3 0 1.2014425801326205e-06
0.0 0.31 0 1.1339942041439298e-06
0.0 0.32 0 1.1603392516851303e-06
0.0 0.33 0 1.3450958763423346e-06
0.0 0.34 0 1.241914015848395e-06
0.0 0.35000000000000003 0 1.1736133939670042e-06
0.0 0.36 0 1.4230213415886987e-06
0.0 0.37 0 1.40908302148737e-06
0.0 0.38 0 1.4592846265943068e-06
0.0 0.39 0 1.3560360898164321e-06
0.0 0.4 0 1.3589701716485815e-06
0.0 0.41000000000000003 0 1.4592878006709845e-06
0.0 0.42 0 1.5638367439627139e-06
0.0 0.43 0 1.7817382640301056e-06
0.0 0.44 0 1.5131003143868684e-06
0.0 0.45 0 1.721488630766618e-06
0.0 0.46 0 1.8234888308106655e-06
0.0 0.47000000000000003 0 1.7422817142189362e-06
0.0 0.48 0 1.6697272247977578e-06
0.0 0.49 0 1.7867215546850036e-06
0.0 0.5 0 1.4450535655297674e-06
0.01 0.0 0 2.1148899922600954e-06
0.01 0.01 0 2.0420406382339974e-06
0.01 0.02 0 1.8671276551103901e-06
0.01 0.03 0 1.923211256589316e-06
0.01 0.04 0 2.4348385974420547e-06
0.01 0.05 0 2.3492940661354397e-06
0.01 0.06 0 2.7873697514895074e-06
0.01 0.07 0 2.526508150778039e-06
0.01 0.08 0 2.690507209183872e-06
0.01 0.09 0 2.6745356328025854e-06
0.01 0.1 0 2.568354642700034e-06
0.01 0.11 0 2.5493866537397993e-06
0.01 0.12 0 2.233233004078494e-06
0.01 0.13 0 2.044160778723524e-06
0.01 0.14 0 2.295683978011654e-06
0.01 0.15 0 2.4725794503384003e-06
0.01 0.16 0 2.2565230378774083e-06
0.01 0.17 0 2.122490689870434e-06
0.01 0.18 0 2.0758818534858374e-06
0.01 0.19 0 2.104054330525063e-06
0.01 0.2 0 2.274704346038583e-06
0.01 0.21 0 2.129600993613599e-06
0.01 0.22 0 1.6639312641510918e-06
0.01 0.23 0 1.6087913992402054e-06
0.01 0.24 0 1.3999652054352483e-06
0.01 0.25 0 1.3193507251898162e-06
0.01 0.26 0 1.2695210489929718e-06
0.01 0.27 0 1.3316221717460797e-06
0.01 0.28 0 1.1242413755341843e-06
0.01 0.29 0 1.2134961191543983e-06
0.01 0.3 0 1.3890909082508319e-06
0.01 0.31 0 1.3890125594422589e-06
0.01 0.32 0 1.4591603162527286e-06
0.01 0.33 0 1.376390383159276e-06
0.01 0.34 0 1.3554235360209279e-06
0.01 0.35000000000000003 0 1.3092521952621876e-06
0.01 0.36 0 1.3186032950006566e-06
0.01 0.37 0 1.4554398823146716e-06
0.01 0.38 0 1.290469986676202e-06
0.01 0.39 0 1.2333369943596365e-06
0.01 0.4 0 1.10278063853471e-06
0.01 0.41000000000000003 0 9.35069773594848e-07
0.01 0.42 0 9.297533038903892e-07
0.01 0.43 0 9.574634654336212e-07
0.01 0.44 0 1.1290658725629447e-06
0.01 0.45 0 1.1795485276270691e-06
0.01 0.46 0 1.324310949842918e-06
0.01 0.47000000000000003 0 1.4846272537289149e-06
0.01 0.48 0 1.5698254186235125e-06
0.01 0.49 0 1.93565393837731e-06
0.01 0.5 0 1.5073431738307576e-06
0.02 0.0 0 2.028966228085258e-06
0.02 0.01 0 1.5329492952835322e-06
0.02 0.02 0 1.4991081027286543e-06
0.02 0.03 0 1.7056482938295584e-06
0.02 0.04 0 1.8299618988798018e-06
0.02 0.05 0 1.908504898705139e-06
0.02 0.06 0 1.8663137139895531e-06
0.02 0.07 0 1.9383165675118423e-06
0.02 0.08 0 2.1315601430058983e-06
0.02 0.09 0 2.10085880000254e-06
0.02 0.1 0 2.231435829754161e-06
0.02 0.11 0 1.9465512169116774e-06
0.02 0.12 0 1.976824012613815e-06
0.02 0.13 0 1.7876456171997387e-06
0.02 0.14 0 2.0415495298423487e-06
0.02 0.15 0 2.0214684071384445e-06
0.02 0.16 0 1.6857657132642885e-06
0.02 0.17 0 1.6736896748747146e-06
0.02 0.18 0 1.4888662130567925e-06
0.02 0.19 0 1.6105193442093937e-06
0.02 0.2 0 1.817861647240207e-06
0.02 0.21 0 1.6876245577353821e-06
0.02 0.22 0 1.4602867542384997e-06
0.02 0.23 0 1.5178251051031036e-06
0.02 0.24 0 1.4625931362604718e-06
0.02 0.25 0 1.3553417466744244e-06
0.02 0.26 0 1.2399821677827652e-06
0.02 0.27 0 1.2131062223419654e-06
0.02 0.28 0 1.0765379078113019e-06
0.02 0.29 0 1.1274979600162603e-06
0.02 0.3 0 9.024234721394799e-07
0.02 0.31 0 8.95836120242804e-07
0.02 0.32 0 9.761112689467803e-07
0.02 0.33 0 1.1533737685128848e-06
0.02 0.34 0 1.072718534145229e-06
0.02 0.35000000000000003 0 1.1429488238465583e-06
0.02 0.36 0 1.2946951061430167e-06
0.02 0.37 0 1.3468027520475645e-06
0.02 0.38 0 1.3316530041313798e-06
0.02 0.39 0 1.2958032076090542e-06
0.02 0.4 0 1.357313135435451e-06
0.02 0.41000000000000003 0 1.142324458675612e-06
0.02 0.42 0 9.647326778170638e-07
0.02 0.43 0 1.129299707751844e-06
0.02 0.44 0 1.149901332062931e-06
0.02 0.45 0 1.1203235294805214e-06
0.02 0.46 0 1.1071142753709426e-06
0.02 0.47000000000000003 0 1.1018160992980917e-06
0.02 0.48 0 1.2731137829226518e-06
0.02 0.49 0 1.3100902072228594e-06
0.02 0.5 0 1.3156088337535952e-06
0.03 0.0 0 1.4346493190988435e-06
0.03 0.01 0 1.598085941770072e-06
0.03 0.02 0 1.5867062345791145e-06
0.03 0.03 0 1.5903792159921987e-06
0.03 0.04 0 1.532765447488714e-06
0.03 0.05 0 1.4673857565075332e-06
0.03 0.06 0 1.5562654110299666e-06
0.03 0.07 0 1.5210783698412625e-06
0.03 0.08 0 1.6404682420462796e-06
0.03 0.09 0 1.4997462054989755e-06
0.03 0.1 0 1.320756773662434e-06
0.03 0.11 0 1.4570233699474247e-06
0.03 0.12 0 1.3807314145709955e-06
0.03 0.13 0 1.4246973200711399e-06
0.03 0.14 0 1.4440838940275323e-06
0.03 0.15 0 1.2059409880786637e-06
0.03 0.16 0 1.2557345659699713e-06
0.03 0.17 0 1.344151552833653e-06
0.03 0.18 0 1.3694140842189464e-06
0.03 0.19 0 1.1347240363512157e-06
0.03 0.2 0 1.1790829399008779e-06
0.03 0.21 0 1.204119820074299e-06
0.03 0.22 0 1.1244065064278055e-06
0.03 0.23 0 1.370640828191302e-06
0.03 0.24 0 1.189157376214089e-06
0.03 0.25 0 1.0889697982724924e-06
0.03 0.26 0 1.0380299758587718e-06
0.03 0.27 0 1.0131381419217934e-06
0.03 0.28 0 9.981876273633927e-07
0.03 0.29 0 9.970518497163661e-07
0.03 0.3 0 9.046994249052987e-07
0.03 0.31 0 9.377169132607322e-07
0.03 0.32 0 9.782472799153424e-07
0.03 0.33 0 1.0653783370022822e-06
0.03 0.34 0 9.850325131389606e-07
0.03 0.35000000000000003 0 1.167906007615947e-06
0.03 0.36 0 1.1814364599833572e-06
0.03 0.37 0 1.27866041884523e-06
0.03 0.38 0 1.1939095153678143e-06
0.03 0.39 0 1.2014847964134787e-06
0.03 0.4 0 1.1772687590558368e-06
0.03 0.41000000000000003 0 1.1672274149746676e-06
0.03 0.42 0 1.2056408304448624e-06
0.03 0.43 0 1.1604011882462469e-06
0.03 0.44 0 1.0709501408508467e-06
0.03 0.45 0 1.0283394915549815e-06
0.03 0.46 0 1.2304473983451978e-06
0.03 0.47000000000000003 0 1.1863548917963274e-06
0.03 0.48 0 1.0316378480362586e-06
0.03 0.49 0 9.911094201848118e-07
0.03 0.5 0 9.155256722194378e-07
0.04 0.0 0 1.6964195156874252e-06
0.04 0.01 0 1.8736312167445022e-06
0.04 0.02 0 1.8315885092173572e-06
0.04 0.03 0 1.6977851376724716e-06
0.04 0.04 0 1.3320076218937482e-06
0.04 0.05 0 1.3993628166136198e-06
0.04 0.06 0 1.3542662690755793e-06
0.04 0.07 0 1.4716232029530087e-06
0.04 0.08 0 1.4202223964301472e-06
0.04 0.09 0 1.2291184278972832e-06
0.04 0.1 0 1.0714053005921283e-06
0.04 0.11 0 1.1351130207693322e-06
0.04 0.12 0 1.1984675123563048e-06
0.04 0.13 0 1.2053621061841552e-06
0.04 0.14 0 1.2952537771802912e-06
0.04 0.15 0 1.219514683151481e-06
0.04 0.16 0 1.1222859740340264e-06
0.04 0.17 0 1.2621114783577942e-06
0.04 0.18 0 1.1070460555864503e-06
0.04 0.19 0 1.1656534338894778e-06
0.04 0.2 0 1.3307052500543675e-06
0.04 0.21 0 1.2253887838226518e-06
0.04 0.22 0 1.3151832048882758e-06
0.04 0.23 0 1.4401349549610312e-06
0.04 0.24 0 1.4156432159108025e-06
0.04 0.25 0 1.081591862539487e-06
0.04 0.26 0 1.0715744001866244e-06
0.04 0.27 0 1.1560815053332613e-06
0.04 0.28 0 1.0017173227507166e-06
0.04 0.29 0 1.0553129508202411e-06
0.04 0.3 0 1.0036579620449463e-06
0.04 0.31 0 1.1028468102280954e-06
0.04 0.32 0 1.0440919360498003e-06
0.04 0.33 0 9.368947749185728e-07
0.04 0.34 0 9.75257218678252e-07
0.04 0.35000000000000003 0 1.0681370448222059e-06
0.04 0.36 0 1.1522134087444474e-06
0.04 0.37 0 1.127625221513402e-06
0.04 0.38 0 9.543448909389016e-07
0.04 0.39 0 1.0173650916817039e-06
0.04 0.4 0 1.0013152262911674e-06
0.04 0.41000000000000003 0 1.0360684990722922e-06
0.04 0.42 0 9.740610734403437e-07
0.04 0.43 0 1.0489084989378528e-06
0.04 0.44 0 1.0119169464221596e-06
0.04 0.45 0 1.0243435755439663e-06
0.04 0.46 0 1.1606992233545447e-06
0.04 0.47000000000000003 0 1.1171350736452114e-06
0.04 0.48 0 1.1368116933031072e-06
0.04 0.49 0 1.1157310103071323e-06
0.04 0.5 0 1.1039988886212668e-06
0.05 0.0 0 1.6568643794193286e-06
0.05 0.01 0 1.4273109161777891e-06
0.05 0.02 0 1.3587039361041868e-06
0.05 0.03 0 1.3455531340092972e-06
0.05 0.04 0 1.394539947432088e-06
0.05 0.05 0 1.4686178025447646e-06
0.05 0.06 0 1.245885155657401e-06
0.05 0.07 0 1.2910014407033608e-06
0.05 0.08 0 1.2438101690440146e-06
0.05 0.09 0 1.209161558354194e-06
0.05 0.1 0 9.88426689859184e-07
0.05 0.11 0 1.0477033102735955e-06
0.05 0.12 0 8.956842743599555e-07
0.05 0.13 0 9.01591852478389e-07
0.05 0.14 0 1.0252219875699388e-06
0.05 0.15 0 1.154416311845342e-06
0.05 0.16 0 1.1485193123752158e-06
0.05 0.17 0 1.189760371931418e-06
0.05 0.18 0 1.268955951126757e-06
0.05 0.19 0 1.4962785458486639e-06
0.05 0.2 0 1.7826006893170202e-06
0.05 0.21 0 1.7812804024625497e-06
0.05 0.22 0 1.7321835072726818e-06
0.05 0.23 0 1.9996051348474845e-06
0.05 0.24 0 1.9254189804361072e-06
0.05 0.25 0 1.8758484717112587e-06
0.05 0.26 0 1.8214518976973692e-06
0.05 0.27 0 1.5668507614722594e-06
0.05 0.28 0 1.6229030365765285e-06
0.05 0.29 0 1.583912404262583e-06
0.05 0.3 0 1.7311969398750473e-06
0.05 0.31 0 1.5223654522054155e-06
0.05 0.32 0 1.4761723329508474e-06
0.05 0.33 0 1.585810103358363e-06
0.05 0.34 0 1.4814612403097478e-06
0.05 0.35000000000000003 0 1.40635716386325e-06
0.05 0.36 0 1.196259066396192e-06
0.05 0.37 0 1.132354802907846e-06
0.05 0.38 0 1.0285490942837118e-06
0.05 0.39 0 1.055970698249793e-06
0.05 0.4 0 1.244885123224242e-06
0.05 0.41000000000000003 0 1.0579762554505737e-06
0.05 0.42 0 1.0150009621937274e-06
0.05 0.43 0 1.1640759162406206e-06
0.05 0.44 0 1.2085896959824216e-06
0.05 0.45 0 1.285032584275007e-06
0.05 0.46 0 1.120243381742566e-06
0.05 0.47000000000000003 0 1.0466687712807387e-06
0.05 0.48 0 1.1690383123958725e-06
0.05 0.49 0 1.571582952941467e-06
0.05 0.5 0 1.538104662959595e-06
0.06 0.0 0 1.510596752300195e-06
0.06 0.01 0 1.31165716345993e-06
0.06 0.02 0 1.0459689784443517e-06
0.06 0.03 0 1.1324687572630097e-06
0.06 0.04 0 1.1469942901300477e-06
0.06 0.05 0 1.2563155302422954e-06
0.06 0.06 0 1.2069916549315667e-06
0.06 0.07 0 1.1096326115293646e-06
0.06 0.08 0 1.0500584218959501e-06
0.06 0.09 0 9.450035484376728e-07
0.06 0.1 0 9.697043756513695e-07
0.06 0.11 0 1.0352765339277194e-06
0.06 0.12 0 8.868635892298114e-07
0.06 0.13 0 1.0525442346723655e-06
0.06 0.14 0 1.171257204408211e-06
0.06 0.15 0 1.3380665391414808e-06
0.06 0.16 0 1.1994528690244034e-06
0.06 0.17 0 1.221352691155478e-06
0.06 0.18 0 1.129896398381107e-06
0.06 0.19 0 1.2108431024625585e-06
0.06 0.2 0 1.3802422952623222e-06
0.06 0.21 0 1.534793348910807e-06
0.06 0.22 0 1.7031527935556793e-06
0.06 0.23 0 1.763204962252089e-06
0.06 0.24 0 1.708926915219615e-06
0.06 0.25 0 1.6191869148152712e-06
0.06 0.26 0 1.565361735637948e-06
0.06 0.27 0 1.5350383763345037e-06
0.06 0.28 0 1.6060269351072398e-06
0.06 0.29 0 1.6415252443248028e-06
0.06 0.3 0 1.6060801398756784e-06
0.06 0.31 0 1.5244022285251454e-06
0.06 0.32 0 1.4732255861880227e-06
0.06 0.33 0 1.3961806193367642e-06
0.06 0.34 0 1.649630600200295e-06
0.06 0.35000000000000003 0 1.4128026145961805e-06
0.06 0.36 0 1.4171647738077782e-06
0.06 0.37 0 1.3000745030757067e-06
0.06 0.38 0 1.340251982895533e-06
0.06 0.39 0 1.4643134752466329e-06
0.06 0.4 0 1.368099262629625e-06
0.06 0.41000000000000003 0 1.1290734705545438e-06
0.06 0.42 0 1.02577104589915e-06
0.06 0.43 0 1.2966339628678422e-06
0.06 0.44 0 1.4355133199918165e-06
0.06 0.45 0 1.2791803203608224e-06
0.06 0.46 0 1.3335079604741704e-06
0.06 0.47000000000000003 0 1.1465147282822551e-06
0.06 0.48 0 1.1688001887376255e-06
0.06 0.49 0 1.279474789618437e-06
0.06 0.5 0 1.183049695830811e-06
0.07 0.0 0 1.7105427095636983e-06
0.07 0.01 0 1.5715542756464252e-06
0.07 0.02 0 1.6645455361273945e-06
0.07 0.03 0 1.4571448117058612e-06
0.07 0.04 0 1.3926191030743061e-06
0.07 0.05 0 1.2170336536660918e-06
0.07 0.06 0 1.1719793962701347e-06
0.07 0.07 0 1.1878310912082074e-06
0.07 0.08 0 9.544549613930255e-07
0.07 0.09 0 9.251949346704519e-07
0.07 0.1 0 9.54914517829996e-07
0.07 0.11 0 1.0868037013325423e-06
0.07 0.12 0 1.1804132872644426e-06
0.07 0.13 0 1.3010319328184195e-06
0.07 0.14 0 1.3832983373791332e-06
0.07 0.15 0 1.207549370540471e-06
0.07 0.16 0 1.2007032993837282e-06
0.07 0.17 0 1.159054261358985e-06
0.07 0.18 0 9.791604991008868e-07
0.07 0.19 0 1.1714425846918237e-06
0.07 0.2 0 1.228466793888499e-06
0.07 0.21 0 1.339211215967517e-06
0.07 0.22 0 1.2694085869552851e-06
0.07 0.23 0 1.2430890807449553e-06
0.07 0.24 0 1.157532035421866e-06
0.07 0.25 0 1.0991309303436497e-06
0.07 0.26 0 1.1378214352560522e-06
0.07 0.27 0 1.1313203070805324e-06
0.07 0.28 0 1.1984487029903942e-06
0.07 0.29 0 1.139399639548224e-06
0.07 0.3 0 1.186624189074612e-06
0.07 0.31 0 1.2911903513874916e-06
0.07 0.32 0 1.3335096888192918e-06
0.07 0.33 0 1.2520037183778324e-06
0.07 0.34 0 1.3194380002221359e-06
0.07 0.35000000000000003 0 1.3891675505005128e-06
0.07 0.36 0 1.5951362405215052e-06
0.07 0.37 0 1.5187557641322007e-06
0.07 0.38 0 1.3925550177280418e-06
0.07 0.39 0 1.2311021940054368e-06
0.07 0.4 0 1.4024616101919764e-06
0.07 0.41000000000000003 0 1.1914566855738956e-06
0.07 0.42 0 1.3185650802131306e-06
0.07 0.43 0 1.3687642899573267e-06
0.07 0.44 0 1.2817440218022754e-06
0.07 0.45 0 1.1772335605130768e-06
0.07 0.46 0 1.297362123933086e-06
0.07 0.47000000000000003 0 1.5108820443145729e-06
0.07 0.48 0 1.3887662293824546e-06
0.07 0.49 0 1.3368606589675813e-06
0.07 0.5 0 1.3112778144631731e-06
0.08 0.0 0 1.4632740430877033e-06
0.08 0.01 0 1.6879980800653225e-06
0.08 0.02 0 1.742251835826166e-06
0.08 0.03 0 1.7853510991053604e-06
0.08 0.04 0 1.6761678102362342e-06
0.08 0.05 0 1.3736889270179953e-06
0.08 0.06 0 1.1878659097063992e-06
0.08 0.07 0 1.1994763519207257e-06
0.08 0.08 0 1.3317235082646604e-06
0.08 0.09 0 1.1229447952959229e-06
0.08 0.1 0 1.1780239318410758e-06
0.08 0.11 0 1.0770110099288943e-06
0.08 0.12 0 1.035317318611156e-06
0.08 0.13 0 1.100588674398981e-06
0.08 0.14 0 1.0358284838675311e-06
0.08 0.15 0 1.0700072570103057e-06
0.08 0.16 0 1.0899756096587082e-06
0.08 0.17 0 1.052991700711925e-06
0.08 0.18 0 1.046210814330053e-06
0.08 0.19 0 1.1383127817398162e-06
0.08 0.2 0 1.3633071293126723e-06
0.08 0.21 0 1.229016483181482e-06
0.08 0.22 0 1.1914748482068965e-06
0.08 0.23 0 1.102698015830689e-06
0.08 0.24 0 9.495092967179454e-07
0.08 0.25 0 1.0326363187401087e-06
0.08 0.26 0 9.863507725912283e-07
0.08 0.27 0 1.0008799914519854e-06
0.08 0.28 0 8.926641393624558e-07
0.08 0.29 0 8.876507391768788e-07
0.08 0.3 0 1.0897763070302724e-06
0.08 0.31 0 1.2222256060950136e-06
0.08 0.32 0 1.2905162106235866e-06
0.08 0.33 0 1.150701319584071e-06
0.08 0.34 0 1.231098089998454e-06
0.08 0.35000000000000003 0 1.3566396597920887e-06
0.08 0.36 0 1.5529343327297335e-06
0.08 0.37 0 1.5828745987344221e-06
0.08 0.38 0 1.4721619188792028e-06
0.08 0.39 0 1.3093350570614896e-06
0.08 0.4 0 1.3259568824546254e-06
0.08 0.41000000000000003 0 1.3881034512514333e-06
0.08 0.42 0 1.6585460573690067e-06
0.08 0.43 0 1.4824281544787397e-06
0.08 0.44 0 1.3032431011583156e-06
0.08 0.45 0 1.2790697393599803e-06
0.08 0.46 0 1.8118759286616806e-06
0.08 0.47000000000000003 0 1.9422337071799155e-06
0.08 0.48 0 2.0038305044520665e-06
0.08 0.49 0 1.8701909871007636e-06
0.08 0.5 0 1.7941109205216136e-06
0.09 0.0 0 1.2958210871769156e-06
0.09 0.01 0 1.2496422537301408e-06
0.09 0.02 0 1.2156132742398886e-06
0.09 0.03 0 1.2969015154129052e-06
0.09 0.04 0 1.337832317873955e-06
0.09 0.05 0 1.2412967160315046e-06
0.09 0.06 0 1.2626380286281368e-06
0.09 0.07 0 1.566905373177536e-06
0.09 0.08 0 1.6302901445969277e-06
0.09 0.09 0 1.5295124520659961e-06
0.09 0.1 0 1.6763351225572684e-06
0.09 0.11 0 1.6455388691888481e-06
0.09 0.12 0 1.6467805972317468e-06
0.09 0.13 0 1.576458598702356e-06
0.09 0.14 0 1.739965596500099e-06
0.09 0.15 0 1.5492832965302008e-06
0.09 0.16 0 1.6881244800961286e-06
0.09 0.17 0 1.5312336146382296e-06
0.09 0.18 0 1.5496516125809847e-06
0.09 0.19 0 1.7232484943690355e-06
0.09 0.2 0 1.8546229149034162e-06
0.09 0.21 0 1.9870978326326626e-06
0.09 0.22 0 1.9766559663037225e-06
0.09 0.23 0 1.8454308502428778e-06
0.09 0.24 0 1.6949561810082476e-06
0.09 0.25 0 1.4573002660569944e-06
0.09 0.26 0 1.6900071208204424e-06
0.09 0.27 0 1.7432569040214207e-06
0.09 0.28 0 1.7839912771742146e-06
0.09 0.29 0 1.8425393480314653e-06
0.09 0.3 0 1.9153070451132747e-06
0.09 0.31 0 1.996550946166128e-06
0.09 0.32 0 1.6009546709308292e-06
0.09 0.33 0 1.5858160134406245e-06
0.09 0.34 0 1.4984065338846334e-06
0.09 0.35000000000000003 0 1.5409488878403358e-06
0.09 0.36 0 1.814419745689767e-06
0.09 0.37 0 1.7604980451698406e-06
0.09 0.38 0 1.7496575641288447e-06
0.09 0.39 0 1.5752029962180695e-06
0.09 0.4 0 1.536378180940273e-06
0.09 0.41000000000000003 0 1.562098099602883e-06
0.09 0.42 0 1.7595586240207884e-06
0.09 0.43 0 2.0625895273637805e-06
0.09 0.44 0 2.210485573407046e-06
0.09 0.45 0 2.3698038548142925e-06
0.09 0.46 0 2.5800805427020184e-06
0.09 0.47000000000000003 0 2.4999876263284154e-06
0.09 0.48 0 2.5198782408433785e-06
0.09 0.49 0 2.2060013756383297e-06
0.09 0.5 0 2.2067516373978755e-06
0.1 0.0 0 1.2406600791834817e-06
0.1 0.01 0 1.3452327614914244e-06
0.1 0.02 0 1.2168646069945292e-06
0.1 0.03 0 1.1958604659453738e-06
0.1 0.04 0 1.2277579560071361e-06
0.1 0.05 0 1.146171050437754e-06
0.1 0.06 0 1.328287199759548e-06
0.1 0.07 0 1.4555077459722207e-06
0.1 0.08 0 1.3370532453982855e-06
0.1 0.09 0 1.2846289884452364e-06
0.1 0.1 0 1.4489925575022713e-06
0.1 0.11 0 1.5982356896024253e-06
0.1 0.12 0 1.6405127664419483e-06
0.1 0.13 0 1.6099639448047166e-06
0.1 0.14 0 1.567298548752856e-06
0.1 0.15 0 1.4817078271757132e-06
0.1 0.16 0 1.6341478510708818e-06
0.1 0.17 0 1.6422818784782738e-06
0.1 0.18 0 1.910979601788081e-06
0.1 0.19 0 1.7288005049371088e-06
0.1 0.2 0 1.6980024612340185e-06
0.1 0.21 0 1.5207538638788377e-06
0.1 0.22 0 1.6705716551354752e-06
0.1 0.23 0 1.5896177695934753e-06
0.1 0.24 0 1.5939728755741948e-06
0.1 0.25 0 1.5299107584002633e-06
0.1 0.26 0 1.5589767972556e-06
0.1 0.27 0 1.7948504008323725e-06
0.1 0.28 0 1.966582201641808e-06
0.1 0.29 0 2.237339100877004e-06
0.1 0.3 0 2.4326575932881558e-06
0.1 0.31 0 1.9350651766080475e-06
0.1 0.32 0 1.8604378840842563e-06
0.1 0.33 0 1.931269953749471e-06
0.1 0.34 0 1.9962800995497407e-06
0.1 0.35000000000000003 0 2.0704060259057415e-06
0.1 0.36 0 2.034893880149111e-06
0.1 0.37 0 2.059692952981499e-06
0.1 0.38 0 1.6654031498884743e-06
0.1 0.39 0 1.8568655510298363e-06
0.1 0.4 0 1.718616498102806e-06
0.1 0.41000000000000003 0 1.5243203863337517e-06
0.1 0.42 0 1.591849020363171e-06
0.1 0.43 0 1.7134702319344231e-06
0.1 0.44 0 2.0317936732940276e-06
0.1 0.45 0 2.210507030715465e-06
0.1 0.46 0 2.3177776637251958e-06
0.1 0.47000000000000003 0 2.2365896301974e-06
0.1 0.48 0 2.024484569613228e-06
0.1 0.49 0 2.2457548839272886e-06
0.1 0.5 0 2.2847557944119605e-06
0.11 0.0 0 1.533535904277169e-06
0.11 0.01 0 1.6913418389385036e-06
0.11 0.02 0 1.6112743451943089e-06
0.11 0.03 0 1.4964589277970349e-06
0.11 0.04 0 1.3075464032072531e-06
0.11 0.05 0 1.318854653160609e-06
0.11 0.06 0 1.3414178546136037e-06
0.11 0.07 0 1.4951649331023828e-06
0.11 0.08 0 1.3200359583736818e-06
0.11 0.09 0 1.3666487321553466e-06
0.11 0.1 0 1.5945449157040836e-06
0.11 0.11 0 1.405516511491945e-06
0.11 0.12 0 1.4774569548897924e-06
0.11 0.13 0 1.55441035608502e-06
0.11 0.14 0 1.631372082099062e-06
0.11 0.15 0 1.6200961403297583e-06
0.11 0.16 0 1.4694098523588783e-06
0.11 0.17 0 1.4419059399724878e-06
0.11 0.18 0 1.5833472278216345e-06
0.11 0.19 0 1.6803193887579054e-06
0.11 0.2 0 1.788375100769936e-06
0.11 0.21 0 1.7472748466900028e-06
0.11 0.22 0 1.855092266838568e-06
0.11 0.23 0 1.8633988420880258e-06
0.11 0.24 0 2.303755251277122e-06
0.11 0.25 0 2.1323591365648068e-06
0.11 0.26 0 2.135489359012274e-06
0.11 0.27 0 2.1199195957870163e-06
0.11 0.28 0 2.22757731368668e-06
0.11 0.29 0 2.16174895361093e-06
0.11 0.3 0 2.16722758871784e-06
0.11 0.31 0 1.9572266798353134e-06
0.11 0.32 0 1.6960912385004255e-06
0.11 0.33 0 1.7692712174436316e-06
0.11 0.34 0 1.8734833004154332e-06
0.11 0.35000000000000003 0 2.1427639048815914e-06
0.11 0.36 0 2.219266347180905e-06
0.11 0.37 0 1.893880623158011e-06
0.11 0.38 0 1.8706586170144341e-06
0.11 0.39 0 1.9822423047299374e-06
0.11 0.4 0 1.8394330935296683e-06
0.11 0.41000000000000003 0 1.7703856096468738e-06
0.11 0.42 0 1.7498897050402885e-06
0.11 0.43 0 2.298142826416597e-06
0.11 0.44 0 2.254909377425063e-06
0.11 0.45 0 2.752528922722205e-06
0.11 0.46 0 2.7562290797167056e-06
0.11 0.47000000000000003 0 2.513817304871867e-06
0.11 0.48 0 2.2599059616099333e-06
0.11 0.49 0 2.3049849291429646e-06
0.11 0.5 0 2.6720406526478977e-06
0.12 0.0 0 1.4076338982534522e-06
0.12 0.01 0 1.4298998561664798e-06
0.12 0.02 0 1.2914310188249884e-06
0.12 0.03 0 1.3237166776516806e-06
0.12 0.04 0 1.469176379643916e-06
0.12 0.05 0 1.2223766291505283e-06
0.12 0.06 0 1.3964232222240028e-06
0.12 0.07 0 1.4078452585750227e-06
0.12 0.08 0 1.4107131412525132e-06
0.12 0.09 0 1.6315806832554466e-06
0.12 0.1 0 1.6547951694002838e-06
0.12 0.11 0 1.62326932189418e-06
0.12 0.12 0 1.5682755422490862e-06
0.12 0.13 0 1.926011005421206e-06
0.12 0.14 0 2.0038818033414213e-06
0.12 0.15 0 2.1075213634496096e-06
0.12 0.16 0 2.2408883782455044e-06
0.12 0.17 0 1.991193418078914e-06
0.12 0.18 0 2.192873015238155e-06
0.12 0.19 0 2.390848851079262e-06
0.12 0.2 0 2.6587360811148263e-06
0.12 0.21 0 2.9153306716197556e-06
0.12 0.22 0 2.7431961918091605e-06
0.12 0.23 0 2.8057521619352517e-06
0.12 0.24 0 2.4935582065250964e-06
0.12 0.25 0 2.1588722913512258e-06
0.12 0.26 0 2.3341325608977467e-06
0.12 0.27 0 2.513591185373237e-06
0.12 0.28 0 2.51694065234681e-06
0.12 0.29 0 2.1588424398837136e-06
0.12 0.3 0 2.192168196820626e-06
0.12 0.31 0 1.986176998727811e-06
0.12 0.32 0 2.0394302364702065e-06
0.12 0.33 0 2.083945536701079e-06
0.12 0.34 0 1.9668049093039657e-06
0.12 0.35000000000000003 0 1.8975510759533105e-06
0.12 0.36 0 1.8702187529800529e-06
0.12 0.37 0 1.9173863947362762e-06
0.12 0.38 0 1.7580599863661851e-06
0.12 0.39 0 1.5798106912376002e-06
0.12 0.4 0 1.3612061361551616e-06
0.12 0.41000000000000003 0 1.531833899117676e-06
0.12 0.42 0 1.8557259867484738e-06
0.12 0.43 0 2.1174381926205714e-06
0.12 0.44 0 2.1196244049034013e-06
0.12 0.45 0 2.0279788587517566e-06
0.12 0.46 0 1.9621176304974997e-06
0.12 0.47000000000000003 0 2.172630075288729e-06
0.12 0.48 0 1.9562107729171534e-06
0.12 0.49 0 2.2172161287050293e-06
0.12 0.5 0 1.9024880351620858e-06
0.13 0.0 0 1.5757007213407448e-06
0.13 0.01 0 1.5977902731316553e-06
0.13 0.02 0 1.524168517240354e-06
0.13 0.03 0 1.4938556141954657e-06
0.13 0.04 0 1.590972475423682e-06
0.13 0.05 0 1.4403988610032338e-06
0.13 0.06 0 1.5464004475963118e-06
0.13 0.07 0 1.7195972511623194e-06
0.13 0.08 0 1.71071971531784e-06
0.13 0.09 0 1.7375298992241103e-06
0.13 0.1 0 1.9010103153284867e-06
0.13 0.11 0 1.7304433167493355e-06
0.13 0.12 0 1.854283178930611e-06
0.13 0.13 0 1.791339306813113e-06
0.13 0.14 0 1.7749411956307016e-06
0.13 0.15 0 2.029878112550931e-06
0.13 0.16 0 2.15419529259716e-06
0.13 0.17 0 2.7097391311612516e-06
0.13 0.18 0 2.6239241401820637e-06
0.13 0.19 0 2.62179256782313e-06
0.13 0.2 0 2.3999438063160847e-06
0.13 0.21 0 2.744767466381959e-06
0.13 0.22 0 3.474925323948692e-06
0.13 0.23 0 3.4219927242842777e-06
0.13 0.24 0 2.7054273063740774e-06
0.13 0.25 0 2.1217136107095057e-06
0.13 0.26 0 2.3152242146763357e-06
0.13 0.27 0 2.7411303570705835e-06
0.13 0.28 0 2.2932297379209693e-06
0.13 0.29 0 2.3367065899616124e-06
0.13 0.3 0 2.1642978377741715e-06
0.13 0.31 0 2.1733755993809763e-06
0.13 0.32 0 2.547187289288832e-06
0.13 0.33 0 2.5089191610894375e-06
0.13 0.34 0 2.1957167231009343e-06
0.13 0.35000000000000003 0 1.8181694299032041e-06
0.13 0.36 0 1.8661900775487087e-06
0.13 0.37 0 1.9252319828064473e-06
0.13 0.38 0 1.9907745910169867e-06
0.13 0.39 0 1.7041639032696523e-06
0.13 0.4 0 1.3267421387646136e-06
0.13 0.41000000000000003 0 1.4529438213704007e-06
0.13 0.42 0 1.7002622169951756e-06
0.13 0.43 0 1.8576383739660175e-06
0.13 0.44 0 1.703329184537927e-06
0.13 0.45 0 1.654977803322869e-06
0.13 0.46 0 1.7777218729386185e-06
0.13 0.47000000000000003 0 2.1302765979433265e-06
0.13 0.48 0 2.1652659845916543e-06
0.13 0.49 0 2.035622034459849e-06
0.13 0.5 0 1.8002348367528392e-06
0.14 0.0 0 2.3700033411770095e-06
0.14 0.01 0 2.4182105413792264e-06
0.14 0.02 0 2.425235967542939e-06
0.14 0.03 0 2.2424866536188735e-06
0.14 0.04 0 2.2777360274338254e-06
0.14 0.05 0 2.019823300774603e-06
0.14 0.06 0 2.421153528870187e-06
0.14 0.07 0 2.42778078889547e-06
0.14 0.08 0 1.907241379342403e-06
0.14 0.09 0 1.5880418135899805e-06
0.14 0.1 0 1.6336206590776335e-06
0.14 0.11 0 1.6409774526348554e-06
0.14 0.12 0 1.569570953096734e-06
0.14 0.13 0 1.5581542913682167e-06
0.14 0.14 0 1.5784000080594027e-06
0.14 0.15 0 1.4678810781519009e-06
0.14 0.16 0 1.4289170094767993e-06
0.14 0.17 0 1.6265380572580936e-06
0.14 0.18 0 1.909468407134933e-06
0.14 0.19 0 1.940542258770196e-06
0.14 0.2 0 2.046351712297392e-06
0.14 0.21 0 2.38549453487314e-06
0.14 0.22 0 2.2960867560757927e-06
0.14 0.23 0 2.9291269734820197e-06
0.14 0.24 0 2.6566050107643505e-06
0.14 0.25 0 2.6892986521049847e-06
0.14 0.26 0 2.700002575133967e-06
0.14 0.27 0 2.7323044799597823e-06
0.14 0.28 0 2.6598070913344276e-06
0.14 0.29 0 2.967723715618447e-06
0.14 0.3 0 3.1885654951285853e-06
0.14 0.31 0 2.8419045076757373e-06
0.14 0.32 0 2.638586783497916e-06
0.14 0.33 0 2.567452362587086e-06
0.14 0.34 0 2.039181643558367e-06
0.14 0.35000000000000003 0 2.358380625934843e-06
0.14 0.36 0 2.3169104819685356e-06
0.14 0.37 0 2.082634375619927e-06
0.14 0.38 0 2.0087518887323575e-06
0.14 0.39 0 1.8619865914407662e-06
0.14 0.4 0 2.0214972341666634e-06
0.14 0.41000000000000003 0 2.052787445660996e-06
0.14 0.42 0 2.2498378639339477e-06
0.14 0.43 0 2.3083937150677465e-06
0.14 0.44 0 2.582421181488663e-06
0.14 0.45 0 2.8099077858233937e-06
0.14 0.46 0 2.636446305375438e-06
0.14 0.47000000000000003 0 2.6188528324752948e-06
0.14 0.48 0 2.4306875290043667e-06
0.14 0.49 0 2.4392449430010685e-06
0.14 0.5 0 2.7041145588657826e-06
0.15 0.0 0 2.5270425111748863e-06
0.15 0.01 0 2.882108714809605e-06
0.15 0.02 0 2.452711525385788e-06
0.15 0.03 0 2.5394108146433734e-06
0.15 0.04 0 2.320254587677184e-06
0.15 0.05 0 2.12103152207332e-06
0.15 0.06 0 2.0194774627560435e-06
0.15 0.07 0 1.6117876755396869e-06
0.15 0.08 0 1.5615250767260914e-06
0.15 0.09 0 1.5327565834899312e-06
0.15 0.1 0 1.525913070082216e-06
0.15 0.11 0 1.2872092216725692e-06
0.15 0.12 0 1.24841682976898e-06
0.15 0.13 0 1.4356621319005496e-06
0.15 0.14 0 1.6395577379915345e-06
0.15 0.15 0 1.598914207008094e-06
0.15 0.16 0 1.3938765039096265e-06
0.15 0.17 0 1.4784297968656134e-06
0.15 0.18 0 1.6594970086343628e-06
0.15 0.19 0 2.00239863621173e-06
0.15 0.2 0 2.5589505275730332e-06
0.15 0.21 0 2.5465576213821654e-06
0.15 0.22 0 2.165598734819964e-06
0.15 0.23 0 2.466213915110297e-06
0.15 0.24 0 2.8872794976956766e-06
0.15 0.25 0 2.9573211669758306e-06
0.15 0.26 0 2.6029356165344686e-06
0.15 0.27 0 2.1793694626706983e-06
0.15 0.28 0 1.697908352918688e-06
0.15 0.29 0 2.4300441335240524e-06
0.15 0.3 0 2.558522233228201e-06
0.15 0.31 0 2.3200508272252697e-06
0.15 0.32 0 1.990046975671069e-06
0.15 0.33 0 2.0691933447596547e-06
0.15 0.34 0 2.3266341538991306e-06
0.15 0.35000000000000003 0 2.672434163038515e-06
0.15 0.36 0 2.6605484781129117e-06
0.15 0.37 0 2.1631950763704437e-06
0.15 0.38 0 2.074720657652106e-06
0.15 0.39 0 2.507501671040329e-06
0.15 0.4 0 2.4283754384353397e-06
0.15 0.41000000000000003 0 2.4279173784087597e-06
0.15 0.42 0 2.042449360546767e-06
0.15 0.43 0 1.8496739656817279e-06
0.15 0.44 0 2.0539289626225148e-06
0.15 0.45 0 2.194465321782505e-06
0.15 0.46 0 2.6456685906812713e-06
0.15 0.47000000000000003 0 2.1605179267476395e-06
0.15 0.48 0 2.072234158087308e-06
0.15 0.49 0 2.310409244375925e-06
0.15 0.5 0 2.833270786428884e-06
0.16 0.0 0 2.437337465755008e-06
0.16 0.01 0 2.494872021177818e-06
0.16 0.02 0 2.2940289960288585e-06
0.16 0.03 0 2.046801823561518e-06
0.16 0.04 0 1.912421224720529e-06
0.16 0.05 0 1.7592170693019709e-06
0.16 0.06 0 1.5493297624744351e-06
0.16 0.07 0 1.6113575025792978e-06
0.16 0.08 0 1.6495109325134192e-06
0.16 0.09 0 2.154746920923787e-06
0.16 0.1 0 1.9612811635716593e-06
0.16 0.11 0 1.680032506747239e-06
0.16 0.12 0 1.566454675816287e-06
0.16 0.13 0 1.5812476747535348e-06
0.16 0.14 0 1.9577585113011135e-06
0.16 0.15 0 1.7906812865726694e-06
0.16 0.16 0 1.608602159240749e-06
0.16 0.17 0 1.5936315018559172e-06
0.16 0.18 0 1.5774852961268516e-06
0.16 0.19 0 1.648147074511883e-06
0.16 0.2 0 1.7710615303613638e-06
0.16 0.21 0 1.8790104777108264e-06
0.16 0.22 0 1.8742628185354923e-06
0.16 0.23 0 2.2006512453265236e-06
0.16 0.24 0 2.221526361122387e-06
0.16 0.25 0 1.8999675835337217e-06
0.16 0.26 0 1.8349007563775459e-06
0.16 0.27 0 1.7366214888422517e-06
0.16 0.28 0 1.711754642127804e-06
0.16 0.29 0 2.160207733591313e-06
0.16 0.3 0 2.4177154636193933e-06
0.16 0.31 0 2.382609022011734e-06
0.16 0.32 0 2.264539391271666e-06
0.16 0.33 0 2.4766200466450188e-06
0.16 0.34 0 2.382298899121239e-06
0.16 0.35000000000000003 0 2.619715834896409e-06
0.16 0.36 0 2.13789539681251e-06
0.16 0.37 0 2.0908842682015014e-06
0.16 0.38 0 2.439087508966951e-06
0.16 0.39 0 2.7769219709280312e-06
0.16 0.4 0 2.6013452838573405e-06
0.16 0.41000000000000003 0 2.1563274569672816e-06
0.16 0.42 0 2.250051775618544e-06
0.16 0.43 0 2.4082624205028982e-06
0.16 0.44 0 2.539813536309852e-06
0.16 0.45 0 2.7742222121579663e-06
0.16 0.46 0 2.776859476009541e-06
0.16 0.47000000000000003 0 2.7348502172222894e-06
0.16 0.48 0 2.6110232340478797e-06
0.16 0.49 0 2.6647889811931756e-06
0.16 0.5 0 2.6610385022677705e-06
0.17 0.0 0 1.7145819460537866e-06
0.17 0.01 0 1.7342337216581828e-06
0.17 0.02 0 1.421185490488376e-06
0.17 0.03 0 1.6284764180549358e-06
0.17 0.04 0 1.4540239418134262e-06
0.17 0.05 0 1.4049707492352208e-06
0.17 0.06 0 1.3330864571352814e-06
0.17 0.07 0 1.3750479477983818e-06
0.17 0.08 0 1.2774898679943227e-06
0.17 0.09 0 1.130710476385855e-06
0.17 0.1 0 1.158183105634043e-06
0.17 0.11 0 1.3547509353866082e-06
0.17 0.12 0 1.3290731764818283e-06
0.17 0.13 0 1.3439909384608885e-06
0.17 0.14 0 1.1032171556175452e-06
0.17 0.15 0 1.1471518650004633e-06
0.17 0.16 0 1.2406221026791e-06
0.17 0.17 0 1.551820821888033e-06
0.17 0.18 0 1.5945313867590631e-06
0.17 0.19 0 1.3947450360565205e-06
0.17 0.2 0 1.6754995888582818e-06
0.17 0.21 0 1.7835126448470157e-06
0.17 0.22 0 2.193906552599077e-06
0.17 0.23 0 2.4064434324938977e-06
0.17 0.24 0 1.9005525410696701e-06
0.17 0.25 0 1.605484612345417e-06
0.17 0.26 0 1.7181170319492844e-06
0.17 0.27 0 1.9874925972753553e-06
0.17 0.28 0 2.1111650100142244e-06
0.17 0.29 0 2.255165712269259e-06
0.17 0.3 0 2.198467285216439e-06
0.17 0.31 0 1.890159055899474e-06
0.17 0.32 0 2.0801622041281596e-06
0.17 0.33 0 2.2032194289793027e-06
0.17 0.34 0 2.1113269875893246e-06
0.17 0.35000000000000003 0 1.921620638785984e-06
0.17 0.36 0 1.8152669947013322e-06
0.17 0.37 0 2.0831557664252915e-06
0.17 0.38 0 2.156102074747889e-06
0.17 0.39 0 2.0594378923343954e-06
0.17 0.4 0 1.9030713660118849e-06
0.17 0.41000000000000003 0 2.129942605143525e-06
0.17 0.42 0 2.226555784800285e-06
0.17 0.43 0 2.479456870297034e-06
0.17 0.44 0 2.596115823403171e-06
0.17 0.45 0 2.383186947883101e-06
0.17 0.46 0 2.2617931173385896e-06
0.17 0.47000000000000003 0 1.9250785671107706e-06
0.17 0.48 0 1.9410808241939666e-06
0.17 0.49 0 1.8472799965880778e-06
0.17 0.5 0 1.5721394969540874e-06
0.18 0.0 0 1.4450578893185364e-06
0.18 0.01 0 1.6634500197688593e-06
0.18 0.02 0 1.5531990689361872e-06
0.18 0.03 0 1.3987586084676116e-06
0.18 0.04 0 1.2774257644344202e-06
0.18 0.05 0 1.3014118850556301e-06
0.18 0.06 0 1.2762444024648323e-06
0.18 0.07 0 1.3979467861326088e-06
0.18 0.08 0 1.1666635544307215e-06
0.18 0.09 0 1.1308412819461612e-06
0.18 0.1 0 1.10141247883066e-06
0.18 0.11 0 1.3345647890075417e-06
0.18 0.12 0 1.3290449047617083e-06
0.18 0.13 0 1.3389770610389283e-06
0.18 0.14 0 1.2416092875885306e-06
0.18 0.15 0 1.0801433267308025e-06
0.18 0.16 0 1.2479723605887117e-06
0.18 0.17 0 1.5800965437196718e-06
0.18 0.18 0 1.3759562610174848e-06
0.18 0.19 0 1.3163958303199833e-06
0.18 0.2 0 1.3519880812636504e-06
0.18 0.21 0 1.6438849586229857e-06
0.18 0.22 0 1.7695710991857188e-06
0.18 0.23 0 1.7302099246318103e-06
0.18 0.24 0 1.5480245367392915e-06
0.18 0.25 0 1.437909556237752e-06
0.18 0.26 0 1.8597060989789808e-06
0.18 0.27 0 1.5554936809362835e-06
0.18 0.28 0 1.5666173107239075e-06
0.18 0.29 0 1.7773621563399176e-06
0.18 0.3 0 1.8346634682811891e-06
0.18 0.31 0 1.8298533440131608e-06
0.18 0.32 0 1.9104663083075817e-06
0.18 0.33 0 1.9045630446052806e-06
0.18 0.34 0 1.7886869495897572e-06
0.18 0.35000000000000003 0 1.6947886254567318e-06
0.18 0.36 0 1.8871860321729132e-06
0.18 0.37 0 1.7730224405678508e-06
0.18 0.38 0 1.7674627744640246e-06
0.18 0.39 0 1.4979344769091393e-06
0.18 0.4 0 1.4059560750524728e-06
0.18 0.41000000000000003 0 1.405797647262068e-06
0.18 0.42 0 1.400388831253857e-06
0.18 0.43 0 1.4816632287503667e-06
0.18 0.44 0 1.413543778435934e-06
0.18 0.45 0 1.5078188503320754e-06
0.18 0.46 0 1.6457080632850839e-06
0.18 0.47000000000000003 0 1.5979163892031833e-06
0.18 0.48 0 1.3345840889179391e-06
0.18 0.49 0 1.2760886457937395e-06
0.18 0.5 0 1.361937247498482e-06
0.19 0.0 0 1.1712819547115688e-06
0.19 0.01 0 1.311566857377108e-06
0.19 0.02 0 1.312891035869708e-06
0.19 0.03 0 1.2528752029279184e-06
0.19 0.04 0 1.3375771099955773e-06
0.19 0.05 0 1.2554012043763287e-06
0.19 0.06 0 1.2379981325877198e-06
0.19 0.07 0 1.2996225129247867e-06
0.19 0.08 0 1.3293127398351066e-06
0.19 0.09 0 1.3576559783530494e-06
0.19 0.1 0 1.4763667306936609e-06
0.19 0.11 0 1.5564504206651834e-06
0.19 0.12 0 1.3311981207308527e-06
0.19 0.13 0 1.667350559233802e-06
0.19 0.14 0 1.9984504157101976e-06
0.19 0.15 0 2.020941291404839e-06
0.19 0.16 0 1.9079023246440186e-06
0.19 0.17 0 2.070499659054829e-06
0.19 0.18 0 1.8132389480474968e-06
0.19 0.19 0 1.837280336837854e-06
0.19 0.2 0 2.20610610991148e-06
0.19 0.21 0 1.9821638415161474e-06
0.19 0.22 0 1.7181164109066435e-06
0.19 0.23 0 1.669415016207571e-06
0.19 0.24 0 1.6254177267045697e-06
0.19 0.25 0 1.8350210511063575e-06
0.19 0.26 0 1.8662555086189238e-06
0.19 0.27 0 1.6721602124448887e-06
0.19 0.28 0 1.5291105811841999e-06
0.19 0.29 0 1.6383206509430393e-06
0.19 0.3 0 1.8986177963602034e-06
0.19 0.31 0 1.7166622917202822e-06
0.19 0.32 0 1.9644359948625312e-06
0.19 0.33 0 1.6192692602984796e-06
0.19 0.34 0 1.7059149954134454e-06
0.19 0.35000000000000003 0 1.8805331795843276e-06
0.19 0.36 0 2.0129994577294263e-06
0.19 0.37 0 1.8682951247464803e-06
0.19 0.38 0 1.6649555311260763e-06
0.19 0.39 0 1.5985313791049004e-06
0.19 0.4 0 1.563317102869392e-06
0.19 0.41000000000000003 0 1.4184735325202688e-06
0.19 0.42 0 1.6074970384218348e-06
0.19 0.43 0 1.5806895875707382e-06
0.19 0.44 0 1.825622852938694e-06
0.19 0.45 0 1.9791379799664558e-06
0.19 0.46 0 2.13191948906279e-06
0.19 0.47000000000000003 0 2.0583586243411983e-06
0.19 0.48 0 1.8155591583636606e-06
0.19 0.49 0 1.811403593148959e-06
0.19 0.5 0 1.5658426708635108e-06
0.2 0.0 0 1.6356423774527835e-06
0.2 0.01 0 1.5773692085581488e-06
0.2 0.02 0 1.635279217106746e-06
0.2 0.03 0 1.8088443346058905e-06
0.2 0.04 0 2.2266258105943306e-06
0.2 0.05 0 2.367839843522178e-06
0.2 0.06 0 1.771338610474188e-06
0.2 0.07 0 1.6774698607559822e-06
0.2 0.08 0 1.945210867358664e-06
0.2 0.09 0 2.0606287065084904e-06
0.2 0.1 0 2.4607922001103585e-06
0.2 0.11 0 2.267237471406213e-06
0.2 0.12 0 2.175702604001401e-06
0.2 0.13 0 2.3302460927089993e-06
0.2 0.14 0 2.612734164862275e-06
0.2 0.15 0 2.5262248206102706e-06
0.2 0.16 0 2.518934456645702e-06
0.2 0.17 0 2.523062270107207e-06
0.2 0.18 0 2.0098283563403295e-06
0.2 0.19 0 2.2433821105256285e-06
0.2 0.2 0 2.703849468091071e-06
0.2 0.21 0 2.3788633430366934e-06
0.2 0.22 0 1.8738733934539092e-06
0.2 0.23 0 1.8465316905195029e-06
0.2 0.24 0 1.8614808465108778e-06
0.2 0.25 0 1.8340813217348373e-06
0.2 0.26 0 1.970153386835216e-06
0.2 0.27 0 1.7708912104093409e-06
0.2 0.28 0 1.6107144871545814e-06
0.2 0.29 0 1.6163655256735914e-06
0.2 0.3 0 1.6259871478716363e-06
0.2 0.31 0 1.5799188744601159e-06
0.2 0.32 0 1.6175448126572841e-06
0.2 0.33 0 1.8485834336217026e-06
0.2 0.34 0 1.939473635903503e-06
0.2 0.35000000000000003 0 1.8284254766803892e-06
0.2 0.36 0 2.0336329256088128e-06
0.2 0.37 0 1.7398346247858476e-06
0.2 0.38 0 1.8089597382724607e-06
0.2 0.39 0 1.5764362788113072e-06
0.2 0.4 0 1.6650870074405428e-06
0.2 0.41000000000000003 0 1.6945564595173501e-06
0.2 0.42 0 1.909892176322366e-06
0.2 0.43 0 2.0680276271368093e-06
0.2 0.44 0 2.0812136906849693e-06
0.2 0.45 0 2.540179258667319e-06
0.2 0.46 0 2.8361493211550578e-06
0.2 0.47000000000000003 0 2.387327213996724e-06
0.2 0.48 0 2.4505521100211746e-06
0.2 0.49 0 2.3056388332822925e-06
0.2 0.5 0 2.094203355331822e-06
0.21 0.0 0 2.0540137018249726e-06
0.21 0.01 0 2.5126326738854596e-06
0.21 0.02 0 2.304787704237564e-06
0.21 0.03 0 2.048373589430151e-06
0.21 0.04 0 2.4939886136245075e-06
0.21 0.05 0 2.4324639754115414e-06
0.21 0.06 0 2.3755504786908247e-06
0.21 0.07 0 2.0627988007767405e-06
0.21 0.08 0 1.9734645021012565e-06
0.21 0.09 0 1.669439599486846e-06
0.21 0.1 0 1.7287449477490437e-06
0.21 0.11 0 1.9416892043711688e-06
0.21 0.12 0 1.8448754055253586e-06
0.21 0.13 0 1.9146781680525818e-06
0.21 0.14 0 2.0840359426697015e-06
0.21 0.15 0 1.8934907652906793e-06
0.21 0.16 0 2.3422591171752094e-06
0.21 0.17 0 2.3901655322354543e-06
0.21 0.18 0 2.463586207488558e-06
0.21 0.19 0 2.260966691195059e-06
0.21 0.2 0 2.3002416994696694e-06
0.21 0.21 0 2.3015005994947948e-06
0.21 0.22 0 2.2464131436896137e-06
0.21 0.23 0 2.251051730546693e-06
0.21 0.24 0 1.8579370906670748e-06
0.21 0.25 0 1.6797849899155732e-06
0.21 0.26 0 1.6559268681264099e-06
0.21 0.27 0 1.601043246372013e-06
0.21 0.28 0 1.555333009235422e-06
0.21 0.29 0 1.6106799182033147e-06
0.21 0.3 0 1.684068177136889e-06
0.21 0.31 0 1.515247955998919e-06
0.21 0.32 0 1.4816782033610736e-06
0.21 0.33 0 1.5563221600936661e-06
0.21 0.34 0 1.456004810514852e-06
0.21 0.35000000000000003 0 1.3503399217181983e-06
0.21 0.36 0 1.4690508723797278e-06
0.21 0.37 0 1.5464032287749813e-06
0.21 0.38 0 1.407552432069721e-06
0.21 0.39 0 1.4351687666886556e-06
0.21 0.4 0 1.4887870045544003e-06
0.21 0.41000000000000003 0 1.5052758648664778e-06
0.21 0.42 0 1.92191724792757e-06
0.21 0.43 0 1.928446804886225e-06
0.21 0.44 0 2.179999518412625e-06
0.21 0.45 0 2.3977289032516415e-06
0.21 0.46 0 2.6688479411970532e-06
0.21 0.47000000000000003 0 2.1488546319775147e-06
0.21 0.48 0 1.7581304070637081e-06
0.21 0.49 0 1.7113003658209098e-06
0.21 0.5 0 1.44276606784396e-06
0.22 0.0 0 1.681073931033791e-06
0.22 0.01 0 2.0346523891635495e-06
0.22 0.02 0 2.1258533150086092e-06
0.22 0.03 0 2.1774679923083537e-06
0.22 0.04 0 2.2121297143546374e-06
0.22 0.05 0 2.1224580584403776e-06
0.22 0.06 0 2.0369221185740955e-06
0.22 0.07 0 2.4874384755464176e-06
0.22 0.08 0 2.290078094684855e-06
0.22 0.09 0 1.753948612681783e-06
0.22 0.1 0 2.005151415855316e-06
0.22 0.11 0 1.9684101114039344e-06
0.22 0.12 0 2.1738700396406537e-06
0.22 0.13 0 2.016383408544247e-06
0.22 0.14 0 1.8971775005054656e-06
0.22 0.15 0 1.506159553563392e-06
0.22 0.16 0 1.5436142520463958e-06
0.22 0.17 0 1.7879589154062834e-06
0.22 0.18 0 1.7904795587870556e-06
0.22 0.19 0 1.6750152444259433e-06
0.22 0.2 0 1.6064891984995203e-06
0.22 0.21 0 1.3726984912374777e-06
0.22 0.22 0 1.5479481607046857e-06
0.22 0.23 0 1.4397830931644618e-06
0.22 0.24 0 1.4954877764427888e-06
0.22 0.25 0 1.284521811194542e-06
0.22 0.26 0 1.2064878961150596e-06
0.22 0.27 0 1.324281781968016e-06
0.22 0.28 0 1.2816703933198505e-06
0.22 0.29 0 1.2818320555430945e-06
0.22 0.3 0 1.1087396874278e-06
0.22 0.31 0 1.0150055945083745e-06
0.22 0.32 0 1.0245400198854858e-06
0.22 0.33 0 1.1562429502188382e-06
0.22 0.34 0 1.1242435337936938e-06
0.22 0.35000000000000003 0 1.037003552334882e-06
0.22 0.36 0 1.1538858004122088e-06
0.22 0.37 0 1.159101457660248e-06
0.22 0.38 0 9.541920108977286e-07
0.22 0.39 0 9.483811683956622e-07
0.22 0.4 0 9.62497831273231e-07
0.22 0.41000000000000003 0 1.0130204337185105e-06
0.22 0.42 0 1.0919298444801429e-06
0.22 0.43 0 1.2612644113127664e-06
0.22 0.44 0 1.3944016845233024e-06
0.22 0.45 0 1.708480393858153e-06
0.22 0.46 0 1.825731060160246e-06
0.22 0.47000000000000003 0 1.636700565204923e-06
0.22 0.48 0 1.7369475754438704e-06
0.22 0.49 0 1.762192918195247e-06
0.22 0.5 0 1.878095723052707e-06
0.23 0.0 0 1.7422880219130315e-06
0.23 0.01 0 2.1153016148485754e-06
0.23 0.02 0 2.3494779402901483e-06
0.23 0.03 0 2.3591635220391073e-06
0.23 0.04 0 2.5511874532873203e-06
0.23 0.05 0 2.2383792703415847e-06
0.23 0.06 0 1.9903275125369385e-06
0.23 0.07 0 2.1565363600533696e-06
0.23 0.08 0 2.157778337319847e-06
0.23 0.09 0 2.175737036629346e-06
0.23 0.1 0 2.346605585689277e-06
0.23 0.11 0 2.277685948429448e-06
0.23 0.12 0 2.216484402579968e-06
0.23 0.13 0 2.5599390466303037e-06
0.23 0.14 0 2.3826974188115247e-06
0.23 0.15 0 1.8703385254678438e-06
0.23 0.16 0 2.134982114388575e-06
0.23 0.17 0 2.0641534794707233e-06
0.23 0.18 0 2.1523332607364728e-06
0.23 0.19 0 1.919509181806307e-06
0.23 0.2 0 1.9760845999852926e-06
0.23 0.21 0 1.8241239898306555e-06
0.23 0.22 0 1.7199165399549397e-06
0.23 0.23 0 1.768946618434568e-06
0.23 0.24 0 1.7479908720335336e-06
0.23 0.25 0 1.6317544159843166e-06
0.23 0.26 0 1.582688453342151e-06
0.23 0.27 0 1.4980505840273981e-06
0.23 0.28 0 1.5897986035688505e-06
0.23 0.29 0 1.3085084063598512e-06
0.23 0.3 0 1.2195638594069576e-06
0.23 0.31 0 1.0780041247573703e-06
0.23 0.32 0 1.122720557708399e-06
0.23 0.33 0 1.3560397901905303e-06
0.23 0.34 0 1.0787745934009327e-06
0.23 0.35000000000000003 0 1.0412025979666972e-06
0.23 0.36 0 1.0688628604377034e-06
0.23 0.37 0 1.1585801009736178e-06
0.23 0.38 0 1.1011081473950017e-06
0.23 0.39 0 1.1730211361929234e-06
0.23 0.4 0 1.1452725788399665e-06
0.23 0.41000000000000003 0 1.1029757057897703e-06
0.23 0.42 0 1.2728582073009021e-06
0.23 0.43 0 1.5430709770819534e-06
0.23 0.44 0 1.4800570214408939e-06
0.23 0.45 0 1.6206590219665411e-06
0.23 0.46 0 1.5792050254304867e-06
0.23 0.47000000000000003 0 1.6358178835291883e-06
0.23 0.48 0 1.6106608311099686e-06
0.23 0.49 0 1.7291927911693224e-06
0.23 0.5 0 1.591003048076652e-06
0.24 0.0 0 1.846728327830726e-06
0.24 0.01 0 2.0560203718679697e-06
0.24 0.02 0 1.6425232203626499e-06
0.24 0.03 0 1.5843932121020973e-06
0.24 0.04 0 1.9723811898378687e-06
0.24 0.05 0 2.0116141528064173e-06
0.24 0.06 0 1.74819179505467e-06
0.24 0.07 0 1.6411910930710161e-06
0.24 0.08 0 1.5129943900288636e-06
0.24 0.09 0 1.4087570878214018e-06
0.24 0.1 0 1.7081114124670801e-06
0.24 0.11 0 1.8482917814419904e-06
0.24 0.12 0 1.7720492565508269e-06
0.24 0.13 0 1.950502976768454e-06
0.24 0.14 0 1.9525564621199792e-06
0.24 0.15 0 2.0114685880799816e-06
0.24 0.16 0 2.0756721987356414e-06
0.24 0.17 0 1.9416232126244874e-06
0.24 0.18 0 1.6412563975215775e-06
0.24 0.19 0 1.653281839099601e-06
0.24 0.2 0 1.9218543514721513e-06
0.24 0.21 0 2.0176637663112895e-06
0.24 0.22 0 2.0873098738334923e-06
0.24 0.23 0 1.8377333933446421e-06
0.24 0.24 0 1.7819140250610342e-06
0.24 0.25 0 1.449875723961999e-06
0.24 0.26 0 1.4849721512400973e-06
0.24 0.27 0 1.6353512879702363e-06
0.24 0.28 0 1.4586647047324042e-06
0.24 0.29 0 1.3280836788275498e-06
0.24 0.3 0 1.2011954227974057e-06
0.24 0.31 0 1.1102079043588773e-06
0.24 0.32 0 1.1178975790075127e-06
0.24 0.33 0 1.091411489499114e-06
0.24 0.34 0 1.0074008999610532e-06
0.24 0.35000000000000003 0 9.127919357843504e-07
0.24 0.36 0 1.1089364060481545e-06
0.24 0.37 0 1.2068041919727306e-06
0.24 0.38 0 1.2237532965918929e-06
0.24 0.39 0 1.4490486386714907e-06
0.24 0.4 0 1.1461707947850342e-06
0.24 0.41000000000000003 0 1.2472656604452292e-06
0.24 0.42 0 1.3759420823337448e-06
0.24 0.43 0 1.5877397217038954e-06
0.24 0.44 0 1.5106845157906011e-06
0.24 0.45 0 1.4822097172025147e-06
0.24 0.46 0 1.3191109701775142e-06
0.24 0.47000000000000003 0 1.1887914516551937e-06
0.24 0.48 0 1.2404879469593854e-06
0.24 0.49 0 1.31846668572799e-06
0.24 0.5 0 1.0112342702696737e-06
0.25 0.0 0 1.542241943770104e-06
0.25 0.01 0 1.495629210560974e-06
0.25 0.02 0 1.2891819438575183e-06
0.25 0.03 0 1.0009989217395246e-06
0.25 0.04 0 1.3049490789048073e-06
0.25 0.05 0 1.2344878807279017e-06
0.25 0.06 0 1.0593961336579132e-06
0.25 0.07 0 1.1382197149557908e-06
0.25 0.08 0 1.0770906736786307e-06
0.25 0.09 0 1.21229619596321e-06
0.25 0.1 0 1.435875345869494e-06
0.25 0.11 0 1.6080843408493122e-06
0.25 0.12 0 1.6059928585333433e-06
0.25 0.13 0 1.5799674874223946e-06
0.25 0.14 0 1.5877367113606068e-06
0.25 0.15 0 1.5594680464002006e-06
0.25 0.16 0 1.5979379632294108e-06
0.25 0.17 0 1.630572940172963e-06
0.25 0.18 0 1.5129137601259384e-06
0.25 0.19 0 1.7476863417380805e-06
0.25 0.2 0 1.9228393123925395e-06
0.25 0.21 0 2.009236107767674e-06
0.25 0.22 0 1.6356218048342438e-06
0.25 0.23 0 1.6145226307066865e-06
0.25 0.24 0 1.6450726784784323e-06
0.25 0.25 0 1.5471150923333158e-06
0.25 0.26 0 1.6653114139003003e-06
0.25 0.27 0 1.789406462668396e-06
0.25 0.28 0 1.5930927728239569e-06
0.25 0.29 0 1.4451996877617162e-06
0.25 0.3 0 1.556229210394682e-06
0.25 0.31 0 1.2764107139378116e-06
0.25 0.32 0 1.1921466938283928e-06
0.25 0.33 0 1.3460274950261104e-06
0.25 0.34 0 1.1806863490401446e-06
0.25 0.35000000000000003 0 1.1559959097566913e-06
0.25 0.36 0 1.2076398734992736e-06
0.25 0.37 0 1.1566480821101255e-06
0.25 0.38 0 1.120085073040729e-06
0.25 0.39 0 1.2362496859477954e-06
0.25 0.4 0 1.3598335519550317e-06
0.25 0.41000000000000003 0 1.3348402288634793e-06
0.25 0.42 0 1.5011245100937001e-06
0.25 0.43 0 1.5665522551584753e-06
0.25 0.44 0 1.585489988736421e-06
0.25 0.45 0 1.9510225711142447e-06
0.25 0.46 0 1.5993075356682207e-06
0.25 0.47000000000000003 0 1.6406887309390845e-06
0.25 0.48 0 1.6463390061477882e-06
0.25 0.49 0 1.8125964900738018e-06
0.25 0.5 0 1.619383283400391e-06
0.26 0.0 0 1.4005076547730357e-06
0.26 0.01 0 1.4710895335856653e-06
0.26 0.02 0 1.4170587082472755e-06
0.26 0.03 0 1.501640302260751e-06
0.26 0.04 0 1.5714950272733477e-06
0.26 0.05 0 1.2915903709260667e-06
0.26 0.06 0 1.192260665636188e-06
0.26 0.07 0 1.199804303286568e-06
0.26 0.08 0 1.3795982289106915e-06
0.26 0.09 0 1.2419914853795595e-06
0.26 0.1 0 1.301887038259966e-06
0.26 0.11 0 1.2036254830436756e-06
0.26 0.12 0 1.1165793057131327e-06
0.26 0.13 0 1.2877374155366755e-06
0.26 0.14 0 1.2880593509676518e-06
0.26 0.15 0 1.415431030897839e-06
0.26 0.16 0 1.2364578727650819e-06
0.26 0.17 0 1.3789022093332953e-06
0.26 0.18 0 1.7039829412511994e-06
0.26 0.19 0 1.8912023898197342e-06
0.26 0.2 0 2.028732991153931e-06
0.26 0.21 0 1.9909645001658012e-06
0.26 0.22 0 1.6499065033298612e-06
0.26 0.23 0 1.749463661221964e-06
0.26 0.24 0 1.8020814369590576e-06
0.26 0.25 0 1.8615649680205125e-06
0.26 0.26 0 1.6301622451666525e-06
0.26 0.27 0 1.7011795946897387e-06
0.26 0.28 0 1.4443991645458566e-06
0.26 0.29 0 1.5852754983051611e-06
0.26 0.3 0 1.7137615055893943e-06
0.26 0.31 0 1.3343336578669042e-06
0.26 0.32 0 1.188133883871441e-06
0.26 0.33 0 1.2653870082363703e-06
0.26 0.34 0 1.1860239421642803e-06
0.26 0.35000000000000003 0 1.1936657250019985e-06
0.26 0.36 0 1.4035788178596255e-06
0.26 0.37 0 1.1694472425187736e-06
0.26 0.38 0 9.96589543959967e-07
0.26 0.39 0 1.1853644508853886e-06
0.26 0.4 0 1.2587208381438045e-06
0.26 0.41000000000000003 0 1.2179840179834484e-06
0.26 0.42 0 1.2064580890911851e-06
0.26 0.43 0 1.261102634583059e-06
0.26 0.44 0 1.413796532957432e-06
0.26 0.45 0 1.6544647878301684e-06
0.26 0.46 0 2.01831766827912e-06
0.26 0.47000000000000003 0 2.0601071913675673e-06
0.26 0.48 0 2.2417870936218797e-06
0.26 0.49 0 2.196218596265866e-06
0.26 0.5 0 1.8852634333957427e-06
0.27 0.0 0 2.184332746234357e-06
0.27 0.01 0 1.931596417313512e-06
0.27 0.02 0 1.867970782516765e-06
0.27 0.03 0 1.969512820611446e-06
0.27 0.04 0 2.165659362201543e-06
0.27 0.05 0 1.777151542789243e-06
0.27 0.06 0 1.707462391547444e-06
0.27 0.07 0 1.985595771341301e-06
0.27 0.08 0 2.005985110650516e-06
0.27 0.09 0 1.912462992687768e-06
0.27 0.1 0 1.7074015642393583e-06
0.27 0.11 0 1.6521518396282934e-06
0.27 0.12 0 1.8560757283139565e-06
0.27 0.13 0 1.8749414038436448e-06
0.27 0.14 0 1.938886658306385e-06
0.27 0.15 0 1.6745625081282308e-06
0.27 0.16 0 1.6008626483050335e-06
0.27 0.17 0 1.7082738867925416e-06
0.27 0.18 0 1.7243709325685386e-06
0.27 0.19 0 1.8699604550176853e-06
0.27 0.2 0 1.850791173186379e-06
0.27 0.21 0 2.2043935563253936e-06
0.27 0.22 0 1.7543176661457612e-06
0.27 0.23 0 1.8441228050924338e-06
0.27 0.24 0 2.0907614076263015e-06
0.27 0.25 0 1.852953264994054e-06
0.27 0.26 0 1.7679100232691831e-06
0.27 0.27 0 1.918289040629837e-06
0.27 0.28 0 1.7017385155659122e-06
0.27 0.29 0 1.7383176139773934e-06
0.27 0.3 0 1.6687686679097832e-06
0.27 0.31 0 1.7225120036603745e-06
0.27 0.32 0 1.5818930424376435e-06
0.27 0.33 0 1.8028070427274677e-06
0.27 0.34 0 1.6478174605188635e-06
0.27 0.35000000000000003 0 1.7817680690970068e-06
0.27 0.36 0 2.1856782556285362e-06
0.27 0.37 0 1.975285004996807e-06
0.27 0.38 0 1.8826578176341426e-06
0.27 0.39 0 1.963902067732592e-06
0.27 0.4 0 1.9966218616650675e-06
0.27 0.41000000000000003 0 1.876283597148243e-06
0.27 0.42 0 2.042349083494897e-06
0.27 0.43 0 2.039905130600414e-06
0.27 0.44 0 1.930679800517999e-06
0.27 0.45 0 1.916801090905284e-06
0.27 0.46 0 2.0658104114810007e-06
0.27 0.47000000000000003 0 2.1094473407109133e-06
0.27 0.48 0 2.114218576886405e-06
0.27 0.49 0 1.9469914245336244e-06
0.27 0.5 0 1.7400579346199188e-06
0.28 0.0 0 1.983469410133931e-06
0.28 0.01 0 2.2163329574261616e-06
0.28 0.02 0 1.9006024603677634e-06
0.28 0.03 0 1.7831779791062982e-06
0.28 0.04 0 1.773910328345e-06
0.28 0.05 0 1.7397147691628179e-06
0.28 0.06 0 1.8389400914014537e-06
0.28 0.07 0 1.8987826083121883e-06
0.28 0.08 0 1.8496838404016485e-06
0.28 0.09 0 1.8386677628726627e-06
0.28 0.1 0 1.8857259631855293e-06
0.28 0.11 0 1.96911899283227e-06
0.28 0.12 0 2.151339042807905e-06
0.28 0.13 0 2.2177149227260738e-06
0.28 0.14 0 2.014023268780135e-06
0.28 0.15 0 2.0613487669826837e-06
0.28 0.16 0 2.1802849119209054e-06
0.28 0.17 0 2.383993992547106e-06
0.28 0.18 0 2.3461728341687717e-06
0.28 0.19 0 1.9765753816268016e-06
0.28 0.2 0 2.081147127261521e-06
0.28 0.21 0 1.9565216512965095e-06
0.28 0.22 0 1.7591037081810132e-06
0.28 0.23 0 1.8570412289717992e-06
0.28 0.24 0 1.830136691407037e-06
0.28 0.25 0 1.8006680036461727e-06
0.28 0.26 0 1.7422915111462852e-06
0.28 0.27 0 2.2057394183369475e-06
0.28 0.28 0 1.8959067987497385e-06
0.28 0.29 0 1.945690003663534e-06
0.28 0.3 0 2.202105593196383e-06
0.28 0.31 0 2.129469833201068e-06
0.28 0.32 0 2.3139976476973112e-06
0.28 0.33 0 2.5090794484432115e-06
0.28 0.34 0 2.2821748338489667e-06
0.28 0.35000000000000003 0 2.2610919502192994e-06
0.28 0.36 0 2.0769988126280246e-06
0.28 0.37 0 2.1288268323601374e-06
0.28 0.38 0 2.0271954902050173e-06
0.28 0.39 0 2.3635687783951965e-06
0.28 0.4 0 2.3500091833827957e-06
0.28 0.41000000000000003 0 2.160326404623547e-06
0.28 0.42 0 2.4815954783774497e-06
0.28 0.43 0 2.6193871248947465e-06
0.28 0.44 0 2.9001870955723165e-06
0.28 0.45 0 2.6122618317278157e-06
0.28 0.46 0 2.631147657370464e-06
0.28 0.47000000000000003 0 2.4204813006520713e-06
0.28 0.48 0 2.338369149489677e-06
0.28 0.49 0 2.313443210697519e-06
0.28 0.5 0 2.2027258920218124e-06
0.29 0.0 0 1.9863722219506506e-06
0.29 0.01 0 1.981550018242748e-06
0.29 0.02 0 1.5593902692834579e-06
0.29 0.03 0 1.6012207227644724e-06
0.29 0.04 0 1.5762797620976476e-06
0.29 0.05 0 1.7439773312515508e-06
0.29 0.06 0 1.5615954662738304e-06
0.29 0.07 0 1.8246563409855276e-06
0.29 0.08 0 1.7851712799421429e-06
0.29 0.09 0 1.7296664979593682e-06
0.29 0.1 0 1.8543883524536328e-06
0.29 0.11 0 2.1247114399685994e-06
0.29 0.12 0 2.1548237913929226e-06
0.29 0.13 0 1.9445312146624913e-06
0.29 0.14 0 2.050752405027075e-06
0.29 0.15 0 2.242397275517698e-06
0.29 0.16 0 2.0754447361696007e-06
0.29 0.17 0 1.9701568476284142e-06
0.29 0.18 0 1.960527684503457e-06
0.29 0.19 0 2.067612274012376e-06
0.29 0.2 0 2.2462577872549115e-06
0.29 0.21 0 2.115296861476625e-06
0.29 0.22 0 1.8533501408902355e-06
0.29 0.23 0 1.873847279024446e-06
0.29 0.24 0 1.8453126990285638e-06
0.29 0.25 0 1.4498661267160493e-06
0.29 0.26 0 1.5529445236264919e-06
0.29 0.27 0 1.6198781850189715e-06
0.29 0.28 0 1.6566127550451028e-06
0.29 0.29 0 1.8984030677172865e-06
0.29 0.3 0 2.0087878154396856e-06
0.29 0.31 0 1.9727081565396046e-06
0.29 0.32 0 1.8771306092008747e-06
0.29 0.33 0 2.2968416651081547e-06
0.29 0.34 0 2.304699672365732e-06
0.29 0.35000000000000003 0 2.4156214569122046e-06
0.29 0.36 0 2.4141740101636705e-06
0.29 0.37 0 1.98406305122498e-06
0.29 0.38 0 2.0486286093892257e-06
0.29 0.39 0 2.2031402897291133e-06
0.29 0.4 0 2.2517579829009115e-06
0.29 0.41000000000000003 0 2.187399040351014e-06
0.29 0.42 0 1.9951747604514477e-06
0.29 0.43 0 2.3686951938532977e-06
0.29 0.44 0 2.65127809971672e-06
0.29 0.45 0 2.9108205956619677e-06
0.29 0.46 0 2.7360154560085308e-06
0.29 0.47000000000000003 0 2.210585375877912e-06
0.29 0.48 0 2.3827103486840154e-06
0.29 0.49 0 2.4749389630121335e-06
0.29 0.5 0 2.8018924669260334e-06
0.3 0.0 0 1.6952986217224578e-06
0.3 0.01 0 1.7017828691707698e-06
0.3 0.02 0 1.4661356373061978e-06
0.3 0.03 0 1.5849460008765566e-06
0.3 0.04 0 1.7940506753531029e-06
0.3 0.05 0 1.7731547942074057e-06
0.3 0.06 0 1.80956787960434e-06
0.3 0.07 0 2.035420238278112e-06
0.3 0.08 0 2.1242530418297594e-06
0.3 0.09 0 2.2696426427639824e-06
0.3 0.1 0 2.0723825002311717e-06
0.3 0.11 0 2.469779862890872e-06
0.3 0.12 0 2.0871758377003396e-06
0.3 0.13 0 2.1398400708310703e-06
0.3 0.14 0 2.3230839978825767e-06
0.3 0.15 0 2.2623861108425673e-06
0.3 0.16 0 2.1511486724808098e-06
0.3 0.17 0 2.142750162783591e-06
0.3 0.18 0 2.1315235358937555e-06
0.3 0.19 0 1.9885500055551383e-06
0.3 0.2 0 2.3167754188695077e-06
0.3 0.21 0 2.2828727278244935e-06
0.3 0.22 0 1.827097579956537e-06
0.3 0.23 0 1.777371185213882e-06
0.3 0.24 0 1.8108088172470566e-06
0.3 0.25 0 1.6313492484770518e-06
0.3 0.26 0 1.7423269412454596e-06
0.3 0.27 0 1.6673632214924751e-06
0.3 0.28 0 1.5629214729786446e-06
0.3 0.29 0 1.5749693023328293e-06
0.3 0.3 0 1.7779526031190506e-06
0.3 0.31 0 1.5793501888536462e-06
0.3 0.32 0 1.7607139942680502e-06
0.3 0.33 0 1.78656221116436e-06
0.3 0.34 0 1.7132156868357072e-06
0.3 0.35000000000000003 0 1.7138460590111437e-06
0.3 0.36 0 1.8129480826352203e-06
0.3 0.37 0 1.7782372296670732e-06
0.3 0.38 0 1.5129255272644394e-06
0.3 0.39 0 1.6087153692224354e-06
0.3 0.4 0 1.7705164615029471e-06
0.3 0.41000000000000003 0 1.982995388692746e-06
0.3 0.42 0 2.2512528199565954e-06
0.3 0.43 0 2.172621155804671e-06
0.3 0.44 0 2.1980775203973846e-06
0.3 0.45 0 2.0806438984876884e-06
0.3 0.46 0 2.3168278314292367e-06
0.3 0.47000000000000003 0 2.6992588197957717e-06
0.3 0.48 0 2.6935536797292616e-06
0.3 0.49 0 2.97763605591856e-06
0.3 0.5 0 2.8190627136873566e-06
#STOP
