#MEDIUM_PROPERTIES_DISTRIBUTED
$MSH_TYPE
	 GROUNDWATER_FLOW	
$MMP_TYPE
	 PERMEABILITY	
$DIS_TYPE
	 NEAREST_VALUE	
;hj
$CONVERSION_FACTOR
	 1.0	
$DATA
0.0 0.0 0 3.414840672224829e-05
0.0 0.01 0 1.4160637107937494e-05
0.0 0.02 0 8.849610988320167e-06
0.0 0.03 0 1.1968644514825993e-05
0.0 0.04 0 8.868198028611122e-06
0.0 0.05 0 8.484759514314079e-06
0.0 0.06 0 5.106606284068917e-06
0.0 0.07 0 5.290983360983673e-06
0.0 0.08 0 4.511279278839094e-06
0.0 0.09 0 4.418864507453899e-06
0.0 0.1 0 1.030474005180591e-05
0.0 0.11 0 8.801169681115873e-06
0.0 0.12 0 5.075754238701496e-06
0.0 0.13 0 2.1446489072605514e-06
0.0 0.14 0 1.721761048145578e-06
0.0 0.15 0 1.1368683277101876e-06
0.0 0.16 0 6.460735817224874e-07
0.0 0.17 0 4.995853283051364e-07
0.0 0.18 0 5.320343308060878e-07
0.0 0.19 0 1.6383243892913439e-06
0.0 0.2 0 1.497918786274606e-06
0.0 0.21 0 1.5460280760176402e-06
0.0 0.22 0 1.4904252294757434e-06
0.0 0.23 0 7.284788689031141e-07
0.0 0.24 0 6.304825372267485e-07
0.0 0.25 0 5.711539699134493e-07
0.0 0.26 0 6.301040028525588e-07
0.0 0.27 0 5.582416607722695e-07
0.0 0.28 0 8.716016755263466e-07
0.0 0.29 0 7.97144367726358e-07
0.0 0.3 0 7.277014552722621e-07
0.0 0.31 0 5.605442995870984e-07
0.0 0.32 0 1.9141720376732693e-07
0.0 0.33 0 2.7891551312910814e-07
0.0 0.34 0 2.663009913533646e-07
0.0 0.35000000000000003 0 2.8986618840824985e-07
0.0 0.36 0 6.348251904795866e-07
0.0 0.37 0 8.765948142776244e-07
0.0 0.38 0 6.074227345000127e-07
0.0 0.39 0 3.692991166859019e-07
0.0 0.4 0 4.349632208900891e-07
0.0 0.41000000000000003 0 3.303986625599815e-07
0.0 0.42 0 3.844542435928904e-07
0.0 0.43 0 2.0039145591262386e-07
0.0 0.44 0 1.7506321828244894e-07
0.0 0.45 0 4.505905569194191e-07
0.0 0.46 0 2.3740256407531995e-07
0.0 0.47000000000000003 0 1.550186522497179e-07
0.0 0.48 0 1.5622591625209341e-07
0.0 0.49 0 2.2695479747559194e-07
0.0 0.5 0 3.3489575695236994e-07
0.01 0.0 0 4.689770997507748e-06
0.01 0.01 0 4.615681422046407e-06
0.01 0.02 0 4.1190592901803515e-06
0.01 0.03 0 5.4624016678874845e-06
0.01 0.04 0 3.321704027744419e-06
0.01 0.05 0 4.2312120881770045e-06
0.01 0.06 0 2.922787737340167e-06
0.01 0.07 0 1.8680870509331963e-06
0.01 0.08 0 5.044618442577036e-06
0.01 0.09 0 6.643450439332807e-06
0.01 0.1 0 6.572898326210134e-06
0.01 0.11 0 4.005107716410882e-06
0.01 0.12 0 2.5534744824209e-06
0.01 0.13 0 1.2921068818819995e-06
0.01 0.14 0 7.744031501043794e-07
0.01 0.15 0 5.712127654041593e-07
0.01 0.16 0 4.1941791573066644e-07
0.01 0.17 0 5.984190038977409e-07
0.01 0.18 0 2.7428969133362017e-07
0.01 0.19 0 2.522072600259609e-07
0.01 0.2 0 3.0542822738509673e-07
0.01 0.21 0 1.8872049258317006e-07
0.01 0.22 0 1.46535441578725e-07
0.01 0.23 0 1.2197176675600126e-07
0.01 0.24 0 1.866651630800671e-07
0.01 0.25 0 1.3855914654123194e-07
0.01 0.26 0 1.1017562639492912e-07
0.01 0.27 0 1.0025263474904922e-07
0.01 0.28 0 1.5866228208145102e-07
0.01 0.29 0 2.5423381089624304e-07
0.01 0.3 0 1.7343905847024537e-07
0.01 0.31 0 2.6551628046055904e-07
0.01 0.32 0 2.666589506775677e-07
0.01 0.33 0 2.615629758132035e-07
0.01 0.34 0 1.6334935979072794e-07
0.01 0.35000000000000003 0 1.0216294071862559e-07
0.01 0.36 0 9.814270284483986e-08
0.01 0.37 0 6.177242152070332e-08
0.01 0.38 0 8.80463248013438e-08
0.01 0.39 0 1.0900302503321273e-07
0.01 0.4 0 1.581006286503241e-07
0.01 0.41000000000000003 0 1.5114169618714603e-07
0.01 0.42 0 1.288429290995445e-07
0.01 0.43 0 1.1174171817204052e-07
0.01 0.44 0 5.367935526787649e-08
0.01 0.45 0 3.986541646938686e-08
0.01 0.46 0 2.1319100866140504e-08
0.01 0.47000000000000003 0 3.086494569023743e-08
0.01 0.48 0 4.531298500418115e-08
0.01 0.49 0 7.636090993493749e-08
0.01 0.5 0 2.5428011195139657e-07
0.02 0.0 0 3.8123008079082573e-06
0.02 0.01 0 1.7618850055501758e-06
0.02 0.02 0 1.0596677962582234e-06
0.02 0.03 0 1.5871479866212614e-06
0.02 0.04 0 2.260001118668466e-06
0.02 0.05 0 2.040156934566983e-06
0.02 0.06 0 1.5805236581449633e-06
0.02 0.07 0 1.444224943211634e-06
0.02 0.08 0 2.3383710521657922e-06
0.02 0.09 0 9.845141684992887e-07
0.02 0.1 0 9.838016233248427e-07
0.02 0.11 0 1.5463712373420915e-06
0.02 0.12 0 1.6330272492917623e-06
0.02 0.13 0 2.697828943283909e-06
0.02 0.14 0 2.232461647213758e-06
0.02 0.15 0 1.6764636615126986e-06
0.02 0.16 0 1.030745355378049e-06
0.02 0.17 0 7.930468988326543e-07
0.02 0.18 0 3.965172344680824e-07
0.02 0.19 0 2.937761229931723e-07
0.02 0.2 0 2.2078032083304252e-07
0.02 0.21 0 1.3866192207959556e-07
0.02 0.22 0 4.2655522366229026e-07
0.02 0.23 0 4.0988776048605106e-07
0.02 0.24 0 2.6217365957507185e-07
0.02 0.25 0 2.0606812841975925e-07
0.02 0.26 0 1.1209075507581267e-07
0.02 0.27 0 8.258519381916308e-08
0.02 0.28 0 7.229535299469402e-08
0.02 0.29 0 8.203421010084098e-08
0.02 0.3 0 6.225862679854724e-08
0.02 0.31 0 7.74005878496418e-08
0.02 0.32 0 5.093387701739625e-08
0.02 0.33 0 6.166006060485462e-08
0.02 0.34 0 1.0472331842184297e-07
0.02 0.35000000000000003 0 3.22266530397148e-08
0.02 0.36 0 2.497771850066668e-08
0.02 0.37 0 3.185247223801265e-08
0.02 0.38 0 4.505927817016761e-08
0.02 0.39 0 4.450542651296428e-08
0.02 0.4 0 3.249581210433129e-08
0.02 0.41000000000000003 0 2.5957369434954083e-08
0.02 0.42 0 2.3373328613479576e-08
0.02 0.43 0 2.5618591830111067e-08
0.02 0.44 0 1.1395022858163702e-08
0.02 0.45 0 1.364626300384687e-08
0.02 0.46 0 1.0434013789203775e-08
0.02 0.47000000000000003 0 6.11217810755794e-09
0.02 0.48 0 1.2130954609654812e-08
0.02 0.49 0 1.8083199779652725e-08
0.02 0.5 0 2.605180345488584e-08
0.03 0.0 0 1.9785274951225886e-06
0.03 0.01 0 1.9782235016521023e-06
0.03 0.02 0 1.9885186443687507e-06
0.03 0.03 0 1.7031934422143366e-06
0.03 0.04 0 1.2403035210651592e-06
0.03 0.05 0 7.659672336772372e-07
0.03 0.06 0 8.444972608299049e-07
0.03 0.07 0 4.537215001639762e-07
0.03 0.08 0 5.99260035948008e-07
0.03 0.09 0 7.624593352900432e-07
0.03 0.1 0 5.993298610038837e-07
0.03 0.11 0 8.431292618523968e-07
0.03 0.12 0 1.3654424688340185e-06
0.03 0.13 0 3.3695056809755613e-06
0.03 0.14 0 2.399516433109935e-06
0.03 0.15 0 1.5420798076582064e-06
0.03 0.16 0 1.4731358683307202e-06
0.03 0.17 0 2.07902814043756e-06
0.03 0.18 0 1.8387474770565539e-06
0.03 0.19 0 5.703765944781458e-07
0.03 0.2 0 4.4262757646043407e-07
0.03 0.21 0 3.979166829543922e-07
0.03 0.22 0 5.600370655312201e-07
0.03 0.23 0 4.649372646408172e-07
0.03 0.24 0 3.4596757640342783e-07
0.03 0.25 0 2.912866073122142e-07
0.03 0.26 0 1.1762799147582161e-07
0.03 0.27 0 1.0705503459513975e-07
0.03 0.28 0 7.491923990196666e-08
0.03 0.29 0 5.784454954256073e-08
0.03 0.3 0 4.025559786019953e-08
0.03 0.31 0 3.963978407905521e-08
0.03 0.32 0 7.471962582492009e-08
0.03 0.33 0 1.1579230031341665e-07
0.03 0.34 0 1.7244986250530858e-07
0.03 0.35000000000000003 0 1.071216519965601e-07
0.03 0.36 0 1.1927706958593195e-07
0.03 0.37 0 7.24919958070141e-08
0.03 0.38 0 4.232050611145717e-08
0.03 0.39 0 5.478209302277764e-08
0.03 0.4 0 3.133446666144602e-08
0.03 0.41000000000000003 0 2.974069541620159e-08
0.03 0.42 0 3.6830806105629606e-08
0.03 0.43 0 5.897954414988115e-08
0.03 0.44 0 4.950561273775122e-08
0.03 0.45 0 2.7172816332684547e-08
0.03 0.46 0 1.4123930168223872e-08
0.03 0.47000000000000003 0 1.1879840967514384e-08
0.03 0.48 0 2.398755548982616e-08
0.03 0.49 0 1.3722602719600972e-08
0.03 0.5 0 1.8222508583040355e-08
0.04 0.0 0 3.289500192888481e-08
0.04 0.01 0 2.7745751385420107e-08
0.04 0.02 0 5.701335479899715e-08
0.04 0.03 0 8.620746057741932e-08
0.04 0.04 0 2.1177427806799939e-07
0.04 0.05 0 4.0579028110995795e-07
0.04 0.06 0 5.868247422670555e-07
0.04 0.07 0 6.098196898266292e-07
0.04 0.08 0 7.911089447020702e-07
0.04 0.09 0 5.197861618627115e-07
0.04 0.1 0 2.4933714729629605e-07
0.04 0.11 0 5.912080885348214e-07
0.04 0.12 0 6.082927239181403e-07
0.04 0.13 0 7.734787059284864e-07
0.04 0.14 0 9.02516385333959e-07
0.04 0.15 0 5.175228857863257e-07
0.04 0.16 0 4.385833444389469e-07
0.04 0.17 0 2.877239335923834e-07
0.04 0.18 0 1.809144586018011e-07
0.04 0.19 0 1.0123704733799692e-07
0.04 0.2 0 1.2185529092861005e-07
0.04 0.21 0 1.4075945555838387e-07
0.04 0.22 0 4.2134111732248213e-07
0.04 0.23 0 1.003996011509292e-06
0.04 0.24 0 3.57932791118786e-07
0.04 0.25 0 2.8331147577085977e-07
0.04 0.26 0 1.9782492579368534e-07
0.04 0.27 0 1.3576065510429738e-07
0.04 0.28 0 7.812640480982355e-08
0.04 0.29 0 4.677621438317053e-08
0.04 0.3 0 5.821476886706132e-08
0.04 0.31 0 7.613990128274634e-08
0.04 0.32 0 6.574462542141463e-08
0.04 0.33 0 2.190469711167169e-08
0.04 0.34 0 1.9737605188384162e-08
0.04 0.35000000000000003 0 1.161308070824639e-08
0.04 0.36 0 7.073463336574617e-09
0.04 0.37 0 1.2241222812061182e-08
0.04 0.38 0 1.496138894732999e-08
0.04 0.39 0 2.490458675681105e-08
0.04 0.4 0 2.373802429692476e-08
0.04 0.41000000000000003 0 3.233598686249852e-08
0.04 0.42 0 4.642053777249806e-08
0.04 0.43 0 5.4755054955057336e-08
0.04 0.44 0 5.014039374979944e-08
0.04 0.45 0 4.286713289553816e-08
0.04 0.46 0 8.30225800907137e-08
0.04 0.47000000000000003 0 7.16051384657646e-08
0.04 0.48 0 7.748422376754958e-08
0.04 0.49 0 5.151960429566457e-08
0.04 0.5 0 2.4716212803191027e-08
0.05 0.0 0 5.2393381039399175e-09
0.05 0.01 0 7.0931558130267375e-09
0.05 0.02 0 1.7839295903007412e-08
0.05 0.03 0 1.8328277140886745e-08
0.05 0.04 0 2.4531934668333126e-08
0.05 0.05 0 4.145401347252462e-08
0.05 0.06 0 6.382308118542184e-08
0.05 0.07 0 7.052239002687886e-08
0.05 0.08 0 4.555019349993097e-08
0.05 0.09 0 7.993644914978609e-08
0.05 0.1 0 1.1396072412627897e-07
0.05 0.11 0 1.3610562778260136e-07
0.05 0.12 0 7.751477078953977e-08
0.05 0.13 0 6.144237088190971e-08
0.05 0.14 0 7.067020102835652e-08
0.05 0.15 0 5.253270743271278e-08
0.05 0.16 0 1.2870659341742024e-07
0.05 0.17 0 2.2183084454962513e-07
0.05 0.18 0 3.187088289888043e-07
0.05 0.19 0 2.52772428214411e-07
0.05 0.2 0 1.522533263203376e-07
0.05 0.21 0 1.383423143322552e-07
0.05 0.22 0 8.545171902454626e-08
0.05 0.23 0 4.580772075150685e-08
0.05 0.24 0 2.452535567098775e-08
0.05 0.25 0 6.449231213355109e-08
0.05 0.26 0 1.1599743631616856e-07
0.05 0.27 0 1.4571779828167137e-07
0.05 0.28 0 1.5862118975519454e-07
0.05 0.29 0 4.498733645051798e-08
0.05 0.3 0 2.6228795244138977e-08
0.05 0.31 0 1.6250254261090777e-08
0.05 0.32 0 1.1764707140971256e-08
0.05 0.33 0 8.808676430997683e-09
0.05 0.34 0 8.613300691941971e-09
0.05 0.35000000000000003 0 1.2580124624453392e-08
0.05 0.36 0 2.3767216741752704e-08
0.05 0.37 0 3.102450390234541e-08
0.05 0.38 0 6.29477867933386e-09
0.05 0.39 0 4.120048883576064e-09
0.05 0.4 0 4.04241297472499e-09
0.05 0.41000000000000003 0 3.876557254244325e-09
0.05 0.42 0 1.0104574423954611e-08
0.05 0.43 0 1.9384271586968554e-08
0.05 0.44 0 4.361714452749515e-08
0.05 0.45 0 5.443842817295303e-08
0.05 0.46 0 4.935873337843561e-08
0.05 0.47000000000000003 0 3.9703952498503997e-08
0.05 0.48 0 6.175841389785202e-08
0.05 0.49 0 5.40203293564089e-08
0.05 0.5 0 3.570087762475261e-08
0.06 0.0 0 1.7530009511730268e-08
0.06 0.01 0 1.2909204010224365e-08
0.06 0.02 0 1.1429572346536546e-08
0.06 0.03 0 1.0033458974196364e-08
0.06 0.04 0 9.311742847295938e-09
0.06 0.05 0 2.3898610072476655e-08
0.06 0.06 0 3.5548156469310395e-08
0.06 0.07 0 4.6717107268740484e-08
0.06 0.08 0 5.321621245643848e-08
0.06 0.09 0 7.247329397868796e-08
0.06 0.1 0 5.785626131068336e-08
0.06 0.11 0 7.4398729833331e-08
0.06 0.12 0 6.575241365064473e-08
0.06 0.13 0 2.316304433312704e-08
0.06 0.14 0 3.9129314912204436e-08
0.06 0.15 0 6.546364266779258e-08
0.06 0.16 0 1.1801443751215543e-07
0.06 0.17 0 1.048433901300507e-07
0.06 0.18 0 4.7674155352214074e-08
0.06 0.19 0 3.5826582092788886e-08
0.06 0.2 0 2.75394395543427e-08
0.06 0.21 0 2.256205804497108e-08
0.06 0.22 0 1.410872181600346e-08
0.06 0.23 0 2.174271565929254e-08
0.06 0.24 0 1.8019683467495758e-08
0.06 0.25 0 1.7004008008446365e-08
0.06 0.26 0 3.3242918293312795e-08
0.06 0.27 0 3.1950224080175014e-08
0.06 0.28 0 2.9596559558423218e-08
0.06 0.29 0 1.3525338777532255e-08
0.06 0.3 0 1.4043581127414569e-08
0.06 0.31 0 1.7325770055535654e-08
0.06 0.32 0 1.1074391983738492e-08
0.06 0.33 0 4.698920969476846e-09
0.06 0.34 0 2.3939472129662086e-09
0.06 0.35000000000000003 0 4.068178691537547e-09
0.06 0.36 0 4.454413316643241e-09
0.06 0.37 0 6.436351449225436e-09
0.06 0.38 0 6.90681739117735e-09
0.06 0.39 0 7.463430411379559e-09
0.06 0.4 0 8.659764695795663e-09
0.06 0.41000000000000003 0 6.822866692721489e-09
0.06 0.42 0 1.0170292559053453e-08
0.06 0.43 0 8.208544402545325e-09
0.06 0.44 0 1.3087657933794278e-08
0.06 0.45 0 2.745911242297075e-08
0.06 0.46 0 5.771285991719337e-08
0.06 0.47000000000000003 0 1.2124232173595863e-07
0.06 0.48 0 1.441172332025803e-07
0.06 0.49 0 2.340845422739366e-07
0.06 0.5 0 2.0485666309357955e-07
0.07 0.0 0 8.136609932801359e-08
0.07 0.01 0 6.364508666221103e-08
0.07 0.02 0 1.1085750315921232e-07
0.07 0.03 0 2.049983907137944e-07
0.07 0.04 0 1.6086057330580625e-07
0.07 0.05 0 2.4966617161977953e-07
0.07 0.06 0 1.6594674368266823e-07
0.07 0.07 0 1.1119793555127784e-07
0.07 0.08 0 6.120883492937943e-08
0.07 0.09 0 4.377726670813503e-08
0.07 0.1 0 9.785382714473941e-08
0.07 0.11 0 1.5262035725108214e-07
0.07 0.12 0 1.2258315331625424e-07
0.07 0.13 0 6.418130427748311e-08
0.07 0.14 0 7.962016898111712e-08
0.07 0.15 0 4.8516686504480657e-08
0.07 0.16 0 3.775091457879456e-08
0.07 0.17 0 4.578500814311832e-08
0.07 0.18 0 2.87444493707253e-08
0.07 0.19 0 5.2636017038784154e-08
0.07 0.2 0 6.191180371307085e-08
0.07 0.21 0 6.970842157198988e-08
0.07 0.22 0 7.456107089507008e-08
0.07 0.23 0 5.505861047059872e-08
0.07 0.24 0 4.816870427927447e-08
0.07 0.25 0 7.322812920279057e-08
0.07 0.26 0 1.18618998281938e-07
0.07 0.27 0 6.793022509870747e-08
0.07 0.28 0 1.2677621901705426e-07
0.07 0.29 0 1.4118738001353676e-07
0.07 0.3 0 9.53091253342118e-08
0.07 0.31 0 9.824742609661029e-08
0.07 0.32 0 4.754202008875753e-08
0.07 0.33 0 4.1839087656540425e-08
0.07 0.34 0 3.127938809872748e-08
0.07 0.35000000000000003 0 2.3459328199656244e-08
0.07 0.36 0 2.1199708345311918e-08
0.07 0.37 0 2.463888982731582e-08
0.07 0.38 0 1.2503197786397461e-08
0.07 0.39 0 6.424794076284479e-09
0.07 0.4 0 1.29364540731974e-08
0.07 0.41000000000000003 0 8.555105636659492e-09
0.07 0.42 0 7.92348885240992e-09
0.07 0.43 0 8.736553105510804e-09
0.07 0.44 0 1.194196818939771e-08
0.07 0.45 0 2.7552523896649807e-08
0.07 0.46 0 2.4305382393530774e-08
0.07 0.47000000000000003 0 2.3875508764534112e-08
0.07 0.48 0 4.194918982360994e-08
0.07 0.49 0 1.372018208213915e-07
0.07 0.5 0 1.7171692007713048e-07
0.08 0.0 0 1.0358186033180246e-07
0.08 0.01 0 8.867070402144179e-08
0.08 0.02 0 4.07544055875623e-08
0.08 0.03 0 5.257251364374318e-08
0.08 0.04 0 3.760806633610424e-08
0.08 0.05 0 4.223491235072891e-08
0.08 0.06 0 4.531553263993979e-08
0.08 0.07 0 5.057798297386617e-08
0.08 0.08 0 1.0202041520545236e-07
0.08 0.09 0 1.0325306096165857e-07
0.08 0.1 0 7.560433630524023e-08
0.08 0.11 0 4.088439491797571e-08
0.08 0.12 0 4.4649724842579206e-08
0.08 0.13 0 2.7255950181511736e-08
0.08 0.14 0 2.185881810360404e-08
0.08 0.15 0 4.006898704897221e-08
0.08 0.16 0 5.7883864141933526e-08
0.08 0.17 0 1.0187408591273713e-07
0.08 0.18 0 7.974942485326424e-08
0.08 0.19 0 1.2435444285494428e-07
0.08 0.2 0 1.6225442834785942e-07
0.08 0.21 0 1.1409019772541009e-07
0.08 0.22 0 8.454491377288464e-08
0.08 0.23 0 8.216493977537694e-08
0.08 0.24 0 1.8429253583736844e-07
0.08 0.25 0 1.583460184775614e-07
0.08 0.26 0 1.3351571601340802e-07
0.08 0.27 0 1.2105999829098265e-07
0.08 0.28 0 1.729923526595534e-07
0.08 0.29 0 2.645156489427977e-07
0.08 0.3 0 2.81925043227004e-07
0.08 0.31 0 4.812093786322882e-07
0.08 0.32 0 3.3262280072564314e-07
0.08 0.33 0 3.7528119876667357e-07
0.08 0.34 0 3.528110151913296e-07
0.08 0.35000000000000003 0 2.5252844438006794e-07
0.08 0.36 0 1.820723781325545e-07
0.08 0.37 0 7.445825485774131e-08
0.08 0.38 0 6.974520174166059e-08
0.08 0.39 0 8.11069703661797e-08
0.08 0.4 0 1.1213258328112049e-07
0.08 0.41000000000000003 0 1.0196891350717791e-07
0.08 0.42 0 1.9760452631271197e-07
0.08 0.43 0 4.1377880838676303e-07
0.08 0.44 0 4.920451177757208e-07
0.08 0.45 0 1.3513257895525407e-06
0.08 0.46 0 1.3718484200156257e-06
0.08 0.47000000000000003 0 1.610066595613545e-06
0.08 0.48 0 2.0080276758473377e-06
0.08 0.49 0 2.6419350797969186e-06
0.08 0.5 0 5.304326137338728e-06
0.09 0.0 0 3.680479752450724e-08
0.09 0.01 0 1.551464479630431e-08
0.09 0.02 0 1.207788543652481e-08
0.09 0.03 0 2.377792401284751e-08
0.09 0.04 0 1.5647851835332316e-08
0.09 0.05 0 1.0593590193708693e-08
0.09 0.06 0 9.428039801223688e-09
0.09 0.07 0 6.08973125386888e-09
0.09 0.08 0 1.0003227532232984e-08
0.09 0.09 0 5.366640714741188e-09
0.09 0.1 0 3.4794356507876922e-09
0.09 0.11 0 3.248318488441945e-09
0.09 0.12 0 2.000202828382894e-09
0.09 0.13 0 1.547789726156782e-09
0.09 0.14 0 1.8031848799018761e-09
0.09 0.15 0 2.2079557394735094e-09
0.09 0.16 0 1.7680730113460287e-09
0.09 0.17 0 5.214562589211636e-09
0.09 0.18 0 8.929374157906858e-09
0.09 0.19 0 1.510525256267001e-08
0.09 0.2 0 3.5128712303682194e-08
0.09 0.21 0 3.1048881578932144e-08
0.09 0.22 0 5.4077619932717236e-08
0.09 0.23 0 5.988394346668196e-08
0.09 0.24 0 6.48010763355823e-08
0.09 0.25 0 9.537665732650049e-08
0.09 0.26 0 1.330282644946276e-07
0.09 0.27 0 9.657299391471992e-08
0.09 0.28 0 1.0943567260469353e-07
0.09 0.29 0 3.867091492653697e-07
0.09 0.3 0 4.0516731532008165e-07
0.09 0.31 0 5.091031195794749e-07
0.09 0.32 0 4.73146519257703e-07
0.09 0.33 0 5.780209099648543e-07
0.09 0.34 0 1.1859213499177528e-06
0.09 0.35000000000000003 0 8.064098857174474e-07
0.09 0.36 0 7.558221472319385e-07
0.09 0.37 0 1.0142529763212864e-06
0.09 0.38 0 1.589307154846388e-06
0.09 0.39 0 1.071194506994982e-06
0.09 0.4 0 1.0057072273447848e-06
0.09 0.41000000000000003 0 1.0437990282040788e-06
0.09 0.42 0 7.240155485781426e-07
0.09 0.43 0 1.0775282703043827e-06
0.09 0.44 0 8.891725171546655e-07
0.09 0.45 0 1.1622438315295497e-06
0.09 0.46 0 1.041908165132688e-06
0.09 0.47000000000000003 0 8.645614991685135e-07
0.09 0.48 0 1.4074899477684756e-06
0.09 0.49 0 1.8674689427887172e-06
0.09 0.5 0 2.443336190527084e-06
0.1 0.0 0 2.5785692407641515e-07
0.1 0.01 0 3.465328535756643e-07
0.1 0.02 0 2.7973947412603224e-07
0.1 0.03 0 2.3845300186241036e-07
0.1 0.04 0 2.765077436123064e-07
0.1 0.05 0 1.9949074720897116e-07
0.1 0.06 0 1.625329177834307e-07
0.1 0.07 0 7.106112937989406e-08
0.1 0.08 0 6.80927831845392e-08
0.1 0.09 0 4.4676769901579466e-08
0.1 0.1 0 2.0575896169083498e-08
0.1 0.11 0 1.4484462791394499e-08
0.1 0.12 0 1.3260394178943404e-08
0.1 0.13 0 2.6298364560128725e-08
0.1 0.14 0 2.1749181292666364e-08
0.1 0.15 0 2.5931360745423588e-08
0.1 0.16 0 4.4704936513764805e-08
0.1 0.17 0 6.96931486343673e-08
0.1 0.18 0 5.6117235757167825e-08
0.1 0.19 0 3.3983982440746873e-08
0.1 0.2 0 4.6646847122732806e-08
0.1 0.21 0 3.714925248761613e-08
0.1 0.22 0 5.449407427694881e-08
0.1 0.23 0 5.958390291464499e-08
0.1 0.24 0 8.031159533975467e-08
0.1 0.25 0 1.5770780247971557e-07
0.1 0.26 0 1.1833462951036154e-07
0.1 0.27 0 1.3483778681231635e-07
0.1 0.28 0 1.4133679552380604e-07
0.1 0.29 0 1.5144549140025764e-07
0.1 0.3 0 1.4620436174457753e-07
0.1 0.31 0 3.1596293871924574e-07
0.1 0.32 0 5.880507039911146e-07
0.1 0.33 0 7.078089990437439e-07
0.1 0.34 0 1.5715483085534444e-06
0.1 0.35000000000000003 0 1.105928270218357e-06
0.1 0.36 0 1.2878142530802567e-06
0.1 0.37 0 1.4149999869092369e-06
0.1 0.38 0 1.423602895135274e-06
0.1 0.39 0 2.748835814523995e-06
0.1 0.4 0 2.9346853743612195e-06
0.1 0.41000000000000003 0 3.166776939701559e-06
0.1 0.42 0 6.233083687198719e-06
0.1 0.43 0 2.0520227043413665e-05
0.1 0.44 0 1.1795899694274496e-05
0.1 0.45 0 6.585109802757111e-06
0.1 0.46 0 6.760193875624452e-06
0.1 0.47000000000000003 0 7.276619009195395e-06
0.1 0.48 0 2.1240743866897282e-05
0.1 0.49 0 1.856259154710165e-05
0.1 0.5 0 1.842241704792021e-05
0.11 0.0 0 9.033485460296394e-07
0.11 0.01 0 8.603943934626656e-07
0.11 0.02 0 9.843005061089115e-07
0.11 0.03 0 1.1539221308538862e-06
0.11 0.04 0 1.0956463253816586e-06
0.11 0.05 0 6.71565685533361e-07
0.11 0.06 0 8.149005190149744e-07
0.11 0.07 0 3.9128976586621586e-07
0.11 0.08 0 2.1298196333319528e-07
0.11 0.09 0 1.5359248140626581e-07
0.11 0.1 0 7.633428327499434e-08
0.11 0.11 0 1.3588225903489748e-07
0.11 0.12 0 1.0962469717847727e-07
0.11 0.13 0 6.609951079037716e-08
0.11 0.14 0 5.216658308262421e-08
0.11 0.15 0 4.403934448304852e-08
0.11 0.16 0 3.172960572317322e-08
0.11 0.17 0 3.081311751584362e-08
0.11 0.18 0 5.0365382823161386e-08
0.11 0.19 0 3.6981920773181006e-08
0.11 0.2 0 6.945260497141124e-08
0.11 0.21 0 1.2196538334817176e-07
0.11 0.22 0 2.3501677841640058e-07
0.11 0.23 0 3.5206763612324303e-07
0.11 0.24 0 1.3594836168737571e-07
0.11 0.25 0 1.1884457966369339e-07
0.11 0.26 0 1.5374390133351998e-07
0.11 0.27 0 2.0889374553916042e-07
0.11 0.28 0 1.607383544545379e-07
0.11 0.29 0 2.173119212586187e-07
0.11 0.3 0 3.7909544990668493e-07
0.11 0.31 0 3.7754885087622234e-07
0.11 0.32 0 4.43746739919811e-07
0.11 0.33 0 2.6180083316811056e-07
0.11 0.34 0 3.0424342981744876e-07
0.11 0.35000000000000003 0 2.703919664057741e-07
0.11 0.36 0 3.442870802906375e-07
0.11 0.37 0 1.086121873420304e-06
0.11 0.38 0 2.195285687380488e-06
0.11 0.39 0 2.6950355989401606e-06
0.11 0.4 0 1.1270095545383984e-06
0.11 0.41000000000000003 0 9.961308192008361e-07
0.11 0.42 0 1.1404567396639769e-06
0.11 0.43 0 1.7596039963460044e-06
0.11 0.44 0 3.4037331837601645e-06
0.11 0.45 0 5.827223181478429e-06
0.11 0.46 0 1.682321060866036e-05
0.11 0.47000000000000003 0 3.003311302140005e-05
0.11 0.48 0 6.624961276455368e-05
0.11 0.49 0 3.647881053734013e-05
0.11 0.5 0 1.0451558200455556e-05
0.12 0.0 0 2.5906872881949995e-08
0.12 0.01 0 7.471538131485076e-08
0.12 0.02 0 3.230461904279777e-07
0.12 0.03 0 2.8718547735687327e-07
0.12 0.04 0 2.779109570840913e-07
0.12 0.05 0 3.848262941402247e-07
0.12 0.06 0 3.7727062845956073e-07
0.12 0.07 0 2.03980070838368e-07
0.12 0.08 0 1.2727975419135487e-07
0.12 0.09 0 2.4807854753006396e-07
0.12 0.1 0 4.203249580398412e-07
0.12 0.11 0 1.1079638280048985e-06
0.12 0.12 0 9.49065717588623e-07
0.12 0.13 0 6.156225290386382e-07
0.12 0.14 0 4.2999386758468847e-07
0.12 0.15 0 1.4447575900654765e-07
0.12 0.16 0 1.8133287761673472e-07
0.12 0.17 0 2.8950111150240404e-07
0.12 0.18 0 3.9241185853897677e-07
0.12 0.19 0 4.526555049834403e-07
0.12 0.2 0 8.223160299324383e-07
0.12 0.21 0 9.244543021344067e-07
0.12 0.22 0 5.877117540995213e-07
0.12 0.23 0 4.5330374642521324e-07
0.12 0.24 0 1.5615475323195506e-07
0.12 0.25 0 2.0849309140446517e-07
0.12 0.26 0 2.7566592882742385e-07
0.12 0.27 0 3.2575584269159714e-07
0.12 0.28 0 7.338426245677683e-07
0.12 0.29 0 6.995462894573013e-07
0.12 0.3 0 6.929332465388981e-07
0.12 0.31 0 1.023035492250912e-06
0.12 0.32 0 1.8250651919147252e-06
0.12 0.33 0 1.1368325803509934e-06
0.12 0.34 0 1.2776248645158327e-06
0.12 0.35000000000000003 0 1.8928824247836021e-06
0.12 0.36 0 2.1524710636282955e-06
0.12 0.37 0 4.266144720466824e-06
0.12 0.38 0 2.212526314643727e-06
0.12 0.39 0 2.1097487999715608e-06
0.12 0.4 0 2.4076700282841245e-06
0.12 0.41000000000000003 0 1.5327488889285066e-06
0.12 0.42 0 1.7135257965069608e-06
0.12 0.43 0 3.291141320256344e-06
0.12 0.44 0 4.901704757510124e-06
0.12 0.45 0 3.3224273310621382e-06
0.12 0.46 0 5.837823101871516e-06
0.12 0.47000000000000003 0 7.666400532178963e-06
0.12 0.48 0 1.2513252345875072e-05
0.12 0.49 0 1.3465163336403646e-05
0.12 0.5 0 6.043784118106218e-06
0.13 0.0 0 3.8631806318621087e-07
0.13 0.01 0 2.8222193245474966e-07
0.13 0.02 0 2.065247637245259e-07
0.13 0.03 0 2.1264436871111645e-07
0.13 0.04 0 2.686283451948339e-07
0.13 0.05 0 4.424543518018339e-07
0.13 0.06 0 7.217280547744312e-07
0.13 0.07 0 9.748700401594806e-07
0.13 0.08 0 4.4579483100530526e-07
0.13 0.09 0 3.722884072985421e-07
0.13 0.1 0 2.610749642182948e-07
0.13 0.11 0 2.8219920888922086e-07
0.13 0.12 0 3.145767504349951e-07
0.13 0.13 0 1.747769426630974e-07
0.13 0.14 0 3.457408263519216e-07
0.13 0.15 0 6.601405079141127e-07
0.13 0.16 0 8.17989720296623e-07
0.13 0.17 0 4.1710793280124856e-07
0.13 0.18 0 2.9962786126560673e-07
0.13 0.19 0 3.24905056315108e-07
0.13 0.2 0 2.5168381558852443e-07
0.13 0.21 0 2.842765218404197e-07
0.13 0.22 0 2.609223116171633e-07
0.13 0.23 0 5.281126018538602e-07
0.13 0.24 0 5.87580540708929e-07
0.13 0.25 0 6.256332029032928e-07
0.13 0.26 0 9.148146879058733e-07
0.13 0.27 0 8.516491385157e-07
0.13 0.28 0 1.040251163068768e-06
0.13 0.29 0 1.0114603718717895e-06
0.13 0.3 0 3.255482522598437e-06
0.13 0.31 0 8.304967301727157e-06
0.13 0.32 0 1.046256266862065e-05
0.13 0.33 0 1.06324564696436e-05
0.13 0.34 0 9.075126587058712e-06
0.13 0.35000000000000003 0 1.0608095219469649e-05
0.13 0.36 0 7.440181517738203e-06
0.13 0.37 0 8.68338564620028e-06
0.13 0.38 0 6.303078236506736e-06
0.13 0.39 0 6.668463517341643e-06
0.13 0.4 0 9.130500777857821e-06
0.13 0.41000000000000003 0 8.537199944769852e-06
0.13 0.42 0 1.3276125802840314e-05
0.13 0.43 0 6.399219178636617e-06
0.13 0.44 0 3.865378380270496e-06
0.13 0.45 0 3.5850192843289995e-06
0.13 0.46 0 3.161645407408754e-06
0.13 0.47000000000000003 0 2.1592578790476083e-06
0.13 0.48 0 2.005376370514564e-06
0.13 0.49 0 3.328614771397702e-06
0.13 0.5 0 3.0503329084120165e-06
0.14 0.0 0 4.2603175041173743e-07
0.14 0.01 0 3.183795179705187e-07
0.14 0.02 0 5.616498023045415e-07
0.14 0.03 0 1.2791618893691781e-06
0.14 0.04 0 1.0780509317141139e-06
0.14 0.05 0 2.317647821910293e-06
0.14 0.06 0 2.330388789425446e-06
0.14 0.07 0 1.1043752954368412e-06
0.14 0.08 0 5.237828214096389e-07
0.14 0.09 0 5.010676864153349e-07
0.14 0.1 0 4.983980952142771e-07
0.14 0.11 0 3.7276680090153005e-07
0.14 0.12 0 2.600844724153882e-07
0.14 0.13 0 1.1368376267677698e-07
0.14 0.14 0 2.3174692066308917e-07
0.14 0.15 0 2.4042719931651895e-07
0.14 0.16 0 1.698978582347112e-07
0.14 0.17 0 2.352205166958503e-07
0.14 0.18 0 1.8556905958705303e-07
0.14 0.19 0 2.8063302464817894e-07
0.14 0.2 0 4.778184311296624e-07
0.14 0.21 0 5.219302561029075e-07
0.14 0.22 0 2.511809913057187e-07
0.14 0.23 0 2.7710586278757854e-07
0.14 0.24 0 4.2706765030099736e-07
0.14 0.25 0 6.125253214210223e-07
0.14 0.26 0 1.059065806417922e-06
0.14 0.27 0 4.655811668947729e-07
0.14 0.28 0 6.581521355743033e-07
0.14 0.29 0 1.147593767468448e-06
0.14 0.3 0 1.1402545340388768e-06
0.14 0.31 0 1.8851769464341965e-06
0.14 0.32 0 3.2978205013849313e-06
0.14 0.33 0 5.050490392289396e-06
0.14 0.34 0 5.621123081059253e-06
0.14 0.35000000000000003 0 1.4195112424648422e-05
0.14 0.36 0 2.2682624322821398e-05
0.14 0.37 0 3.676104927147949e-05
0.14 0.38 0 3.1998718936771865e-05
0.14 0.39 0 1.9016310675051398e-05
0.14 0.4 0 4.602808934383454e-05
0.14 0.41000000000000003 0 4.464896884162504e-05
0.14 0.42 0 3.15741425108634e-05
0.14 0.43 0 2.1631873531513762e-05
0.14 0.44 0 1.7599961763845436e-05
0.14 0.45 0 1.3204449226630864e-05
0.14 0.46 0 8.376225485151017e-06
0.14 0.47000000000000003 0 8.16071025196802e-06
0.14 0.48 0 5.916538714968331e-06
0.14 0.49 0 9.580047741101967e-06
0.14 0.5 0 1.1227000658478956e-05
0.15 0.0 0 6.342666356274647e-07
0.15 0.01 0 4.240698189587195e-07
0.15 0.02 0 1.5268617351443568e-07
0.15 0.03 0 2.0063195396768213e-07
0.15 0.04 0 2.5829274369072156e-07
0.15 0.05 0 3.5535628782017624e-07
0.15 0.06 0 2.721939226491715e-07
0.15 0.07 0 2.910659369867864e-07
0.15 0.08 0 4.6245739159971234e-07
0.15 0.09 0 4.7030468083668454e-07
0.15 0.1 0 6.200417242209123e-07
0.15 0.11 0 5.342395290203513e-07
0.15 0.12 0 6.790328250674583e-07
0.15 0.13 0 5.570669872545195e-07
0.15 0.14 0 7.693767142958039e-07
0.15 0.15 0 1.5427287221850522e-06
0.15 0.16 0 1.4641029676826583e-06
0.15 0.17 0 1.1002075428052985e-06
0.15 0.18 0 5.104226733848139e-07
0.15 0.19 0 9.321891913274955e-07
0.15 0.2 0 1.1796661430824777e-06
0.15 0.21 0 6.895766418635542e-07
0.15 0.22 0 5.47951005113762e-07
0.15 0.23 0 6.241598054137486e-07
0.15 0.24 0 1.2165482185270757e-06
0.15 0.25 0 1.245090570188479e-06
0.15 0.26 0 1.3086686571865888e-06
0.15 0.27 0 8.443153488484101e-07
0.15 0.28 0 1.0359889573674208e-06
0.15 0.29 0 1.4473385992312114e-06
0.15 0.3 0 1.7751440982427656e-06
0.15 0.31 0 5.457457245018342e-06
0.15 0.32 0 5.806031584688756e-06
0.15 0.33 0 8.666082132871144e-06
0.15 0.34 0 1.3851059726539473e-05
0.15 0.35000000000000003 0 1.2450467395722953e-05
0.15 0.36 0 8.72826939504472e-06
0.15 0.37 0 6.873003952809853e-06
0.15 0.38 0 6.484103758635418e-06
0.15 0.39 0 3.788997995422403e-06
0.15 0.4 0 4.598261661187219e-06
0.15 0.41000000000000003 0 3.3555737049386116e-06
0.15 0.42 0 4.813866062038685e-06
0.15 0.43 0 6.725033408353135e-06
0.15 0.44 0 3.1055361668817523e-06
0.15 0.45 0 4.669553279646307e-06
0.15 0.46 0 5.731609364371081e-06
0.15 0.47000000000000003 0 5.006753161070665e-06
0.15 0.48 0 4.945520705353782e-06
0.15 0.49 0 9.500797196029393e-06
0.15 0.5 0 1.3578695331233466e-05
0.16 0.0 0 8.40200171749273e-07
0.16 0.01 0 4.7190242847047747e-07
0.16 0.02 0 2.1799086485589394e-07
0.16 0.03 0 4.4724456414257683e-07
0.16 0.04 0 4.0494752339031484e-07
0.16 0.05 0 4.4498360497604247e-07
0.16 0.06 0 1.0528473803044063e-06
0.16 0.07 0 1.07754538402012e-06
0.16 0.08 0 1.8978605997580108e-06
0.16 0.09 0 2.7808920861854572e-06
0.16 0.1 0 3.1650578066298025e-06
0.16 0.11 0 2.3408388443343912e-06
0.16 0.12 0 2.3483356217348692e-06
0.16 0.13 0 2.1974917986346774e-06
0.16 0.14 0 2.5642126835909367e-06
0.16 0.15 0 4.049199174275163e-06
0.16 0.16 0 2.1034571695083627e-06
0.16 0.17 0 3.5118890639306254e-06
0.16 0.18 0 4.281363300660639e-06
0.16 0.19 0 2.9883906240394424e-06
0.16 0.2 0 3.249088144680811e-06
0.16 0.21 0 2.5648956166416334e-06
0.16 0.22 0 2.1808992504525055e-06
0.16 0.23 0 1.6708306593939507e-06
0.16 0.24 0 2.4277451158857783e-06
0.16 0.25 0 2.2424135263267972e-06
0.16 0.26 0 2.0530439025283795e-06
0.16 0.27 0 1.1737033650076365e-06
0.16 0.28 0 7.141601986411266e-07
0.16 0.29 0 1.3094016949708335e-06
0.16 0.3 0 6.988090944876381e-07
0.16 0.31 0 4.5769485959361743e-07
0.16 0.32 0 5.01600254411116e-07
0.16 0.33 0 8.538698658636807e-07
0.16 0.34 0 1.0746295932762642e-06
0.16 0.35000000000000003 0 6.866565810098762e-07
0.16 0.36 0 7.184876192713596e-07
0.16 0.37 0 6.827583691182669e-07
0.16 0.38 0 8.751947150568306e-07
0.16 0.39 0 4.725205325532729e-07
0.16 0.4 0 3.6290830107919656e-07
0.16 0.41000000000000003 0 4.3465362607970973e-07
0.16 0.42 0 4.936444172033143e-07
0.16 0.43 0 1.2547298586965678e-06
0.16 0.44 0 1.9939825185146087e-06
0.16 0.45 0 3.3411886697319798e-06
0.16 0.46 0 2.260837610202444e-06
0.16 0.47000000000000003 0 1.6371138232589225e-06
0.16 0.48 0 1.588680178074638e-06
0.16 0.49 0 1.0650991136198753e-06
0.16 0.5 0 1.2639805538416077e-06
0.17 0.0 0 7.717733611830901e-08
0.17 0.01 0 7.923622764575838e-08
0.17 0.02 0 4.403158418417787e-08
0.17 0.03 0 3.1086537681006774e-08
0.17 0.04 0 3.0236456170530165e-08
0.17 0.05 0 2.5039915635589523e-08
0.17 0.06 0 2.6438794232448264e-08
0.17 0.07 0 2.1944923573241463e-08
0.17 0.08 0 6.974083955627625e-08
0.17 0.09 0 1.0444507935507347e-07
0.17 0.1 0 8.00849254741153e-08
0.17 0.11 0 1.0539148838707135e-07
0.17 0.12 0 1.3942042297322737e-07
0.17 0.13 0 2.2177763251731304e-07
0.17 0.14 0 1.750368805874589e-07
0.17 0.15 0 1.7260166470613886e-07
0.17 0.16 0 1.8378912875363917e-07
0.17 0.17 0 3.6968028495840506e-07
0.17 0.18 0 4.3369435631245096e-07
0.17 0.19 0 3.4561586556074113e-07
0.17 0.2 0 5.165278764479623e-07
0.17 0.21 0 2.3642318811284858e-07
0.17 0.22 0 2.697488907110529e-07
0.17 0.23 0 4.95561944756353e-07
0.17 0.24 0 7.043237590866911e-07
0.17 0.25 0 1.0485676516331445e-06
0.17 0.26 0 1.3448384712849208e-06
0.17 0.27 0 1.9663624753045196e-06
0.17 0.28 0 2.2426001838154465e-06
0.17 0.29 0 2.9916561206797106e-06
0.17 0.3 0 1.4751776932129618e-06
0.17 0.31 0 1.6849204520986662e-06
0.17 0.32 0 2.121875641297906e-06
0.17 0.33 0 1.2313204458112953e-06
0.17 0.34 0 1.820376935033631e-06
0.17 0.35000000000000003 0 9.380024296973928e-07
0.17 0.36 0 3.7714379161779834e-07
0.17 0.37 0 2.5588922785216316e-07
0.17 0.38 0 2.978460366112455e-07
0.17 0.39 0 2.87430639006832e-07
0.17 0.4 0 2.3303861283775875e-07
0.17 0.41000000000000003 0 2.3924242809432075e-07
0.17 0.42 0 2.6386321706589594e-07
0.17 0.43 0 7.896034484771877e-07
0.17 0.44 0 4.4576428593774194e-07
0.17 0.45 0 2.2747879277615774e-07
0.17 0.46 0 3.3304903856507573e-07
0.17 0.47000000000000003 0 2.938097899924333e-07
0.17 0.48 0 3.709271692064011e-07
0.17 0.49 0 4.1983026060517916e-07
0.17 0.5 0 6.119074275406272e-07
0.18 0.0 0 3.207013260857178e-08
0.18 0.01 0 2.083372352848558e-08
0.18 0.02 0 1.6019108969722494e-08
0.18 0.03 0 2.1431124125779087e-08
0.18 0.04 0 3.834270947135846e-08
0.18 0.05 0 2.7971721566942406e-08
0.18 0.06 0 5.552095744531693e-08
0.18 0.07 0 5.1644232138162704e-08
0.18 0.08 0 3.1505534608410374e-08
0.18 0.09 0 3.0116475968154184e-08
0.18 0.1 0 2.347147875273491e-08
0.18 0.11 0 3.6549962557972016e-08
0.18 0.12 0 6.335810667977294e-08
0.18 0.13 0 1.7722673521663807e-07
0.18 0.14 0 2.5935017974941697e-07
0.18 0.15 0 2.3524458526541615e-07
0.18 0.16 0 1.0943049339978708e-07
0.18 0.17 0 6.519138452122773e-08
0.18 0.18 0 1.1368401147022121e-07
0.18 0.19 0 7.875596969097584e-08
0.18 0.2 0 1.0204202157665309e-07
0.18 0.21 0 2.033338337053195e-07
0.18 0.22 0 5.690976496193274e-07
0.18 0.23 0 9.409667045052999e-07
0.18 0.24 0 5.78635815661763e-07
0.18 0.25 0 5.222496442996825e-07
0.18 0.26 0 3.6890220538853336e-07
0.18 0.27 0 3.9401464883800595e-07
0.18 0.28 0 3.4333136341745983e-07
0.18 0.29 0 6.201760423957761e-07
0.18 0.3 0 1.330164483169316e-06
0.18 0.31 0 1.5430638311962587e-06
0.18 0.32 0 2.0735896307115486e-06
0.18 0.33 0 1.5960549887329e-06
0.18 0.34 0 1.7967544072206872e-06
0.18 0.35000000000000003 0 1.1664389213587746e-06
0.18 0.36 0 1.6884984134663777e-06
0.18 0.37 0 5.2140351450714585e-06
0.18 0.38 0 8.144585330751747e-06
0.18 0.39 0 1.071983755738381e-05
0.18 0.4 0 6.056140437988382e-06
0.18 0.41000000000000003 0 4.028524421569062e-06
0.18 0.42 0 1.965007124610098e-06
0.18 0.43 0 1.2137909912220179e-06
0.18 0.44 0 8.555048664429365e-07
0.18 0.45 0 9.61778768731925e-07
0.18 0.46 0 2.313412475631613e-06
0.18 0.47000000000000003 0 3.3829725993058e-06
0.18 0.48 0 1.0402908254626371e-05
0.18 0.49 0 9.569357731446878e-06
0.18 0.5 0 5.4345521734779295e-06
0.19 0.0 0 3.469134563251602e-07
0.19 0.01 0 4.896902316567629e-07
0.19 0.02 0 7.436910076522765e-07
0.19 0.03 0 5.132727333991298e-07
0.19 0.04 0 4.247945718018002e-07
0.19 0.05 0 3.813405207561348e-07
0.19 0.06 0 3.8530281115667094e-07
0.19 0.07 0 2.0821000753511993e-07
0.19 0.08 0 2.0144435735056792e-07
0.19 0.09 0 6.105094329828847e-07
0.19 0.1 0 5.35210529608305e-07
0.19 0.11 0 8.362022223414185e-07
0.19 0.12 0 1.00580146677705e-06
0.19 0.13 0 8.546365748595536e-07
0.19 0.14 0 9.415189911387361e-07
0.19 0.15 0 7.250641506887772e-07
0.19 0.16 0 8.226150940054324e-07
0.19 0.17 0 1.1763970257534555e-06
0.19 0.18 0 1.9334709091135126e-06
0.19 0.19 0 1.3668868675806067e-06
0.19 0.2 0 1.981900360314133e-06
0.19 0.21 0 1.8194482343695837e-06
0.19 0.22 0 9.570265586590097e-07
0.19 0.23 0 1.977893922810447e-06
0.19 0.24 0 2.3726598279419767e-06
0.19 0.25 0 5.049319157230377e-06
0.19 0.26 0 1.4371073045202243e-05
0.19 0.27 0 2.7201873692207458e-05
0.19 0.28 0 2.6839464612496508e-05
0.19 0.29 0 1.5106563328022424e-05
0.19 0.3 0 9.284610557768754e-06
0.19 0.31 0 8.032285354145875e-06
0.19 0.32 0 1.6856196775207506e-05
0.19 0.33 0 8.683374132314454e-06
0.19 0.34 0 8.311211075757608e-06
0.19 0.35000000000000003 0 2.0734292885936463e-05
0.19 0.36 0 2.313632030309717e-05
0.19 0.37 0 2.5433849594692096e-05
0.19 0.38 0 1.2157527066233501e-05
0.19 0.39 0 7.083392531127435e-06
0.19 0.4 0 4.794211973003941e-06
0.19 0.41000000000000003 0 4.935754100612731e-06
0.19 0.42 0 5.6988964180782e-06
0.19 0.43 0 8.598674725438693e-06
0.19 0.44 0 1.1811583470969173e-05
0.19 0.45 0 5.936964961960679e-06
0.19 0.46 0 1.061677561270195e-05
0.19 0.47000000000000003 0 1.2609648617810334e-05
0.19 0.48 0 8.260078320044815e-06
0.19 0.49 0 5.035439418598022e-06
0.19 0.5 0 3.382433403469974e-06
0.2 0.0 0 1.6495753405713002e-06
0.2 0.01 0 1.1428545030237295e-06
0.2 0.02 0 7.757444924826029e-07
0.2 0.03 0 5.140892260801822e-07
0.2 0.04 0 6.117455075880324e-07
0.2 0.05 0 8.275983507828616e-07
0.2 0.06 0 1.1699688552052035e-06
0.2 0.07 0 2.1350187518690463e-06
0.2 0.08 0 1.279139459090811e-06
0.2 0.09 0 1.3545973090836187e-06
0.2 0.1 0 1.3885090708801214e-06
0.2 0.11 0 1.4569547707975266e-06
0.2 0.12 0 9.870524264158168e-07
0.2 0.13 0 5.616942757902518e-07
0.2 0.14 0 1.0735695989007283e-06
0.2 0.15 0 1.4049288589817042e-06
0.2 0.16 0 1.5905409235545401e-06
0.2 0.17 0 9.889766287763151e-07
0.2 0.18 0 1.0027449653055103e-06
0.2 0.19 0 1.2806991605761035e-06
0.2 0.2 0 1.0688495018508289e-06
0.2 0.21 0 1.2450079029843402e-06
0.2 0.22 0 1.282672434727001e-06
0.2 0.23 0 2.0861788589721793e-06
0.2 0.24 0 1.527099418563395e-06
0.2 0.25 0 2.459181819817164e-06
0.2 0.26 0 6.840550690544914e-06
0.2 0.27 0 8.629971113419512e-06
0.2 0.28 0 1.199449761924268e-05
0.2 0.29 0 1.0112034912067275e-05
0.2 0.3 0 1.7758698375258782e-05
0.2 0.31 0 2.9254191393230032e-05
0.2 0.32 0 3.075633672944184e-05
0.2 0.33 0 1.8354680439133512e-05
0.2 0.34 0 1.2899840137617583e-05
0.2 0.35000000000000003 0 1.483377900511382e-05
0.2 0.36 0 1.3108871390154416e-05
0.2 0.37 0 2.9951760349284513e-05
0.2 0.38 0 1.8782438538974168e-05
0.2 0.39 0 9.761556455718607e-06
0.2 0.4 0 1.2255523465277955e-05
0.2 0.41000000000000003 0 1.216098812935237e-05
0.2 0.42 0 1.4659499114327603e-05
0.2 0.43 0 1.1038173606973029e-05
0.2 0.44 0 1.209748976001364e-05
0.2 0.45 0 1.7841933546938474e-05
0.2 0.46 0 3.723054600019285e-05
0.2 0.47000000000000003 0 2.7231125004463856e-05
0.2 0.48 0 1.8854820208783226e-05
0.2 0.49 0 2.5006288394713994e-05
0.2 0.5 0 9.810561935636035e-06
0.21 0.0 0 5.978448862933235e-07
0.21 0.01 0 6.79892568653014e-07
0.21 0.02 0 6.599307172227368e-07
0.21 0.03 0 9.418490681686929e-07
0.21 0.04 0 8.57177156740338e-07
0.21 0.05 0 1.390808481752891e-06
0.21 0.06 0 2.0312121374802368e-06
0.21 0.07 0 2.068966224712335e-06
0.21 0.08 0 1.5444922392680655e-06
0.21 0.09 0 3.941676582460506e-06
0.21 0.1 0 5.720848163910955e-06
0.21 0.11 0 3.671355874908008e-06
0.21 0.12 0 4.0142032374224876e-06
0.21 0.13 0 1.5818443282597796e-06
0.21 0.14 0 1.3319858351780775e-06
0.21 0.15 0 1.2023370036763139e-06
0.21 0.16 0 9.342642726190478e-07
0.21 0.17 0 1.0274493283024089e-06
0.21 0.18 0 1.0562149432820527e-06
0.21 0.19 0 1.1849568793248622e-06
0.21 0.2 0 1.2780242980086714e-06
0.21 0.21 0 1.7005490608038763e-06
0.21 0.22 0 6.432716153534578e-07
0.21 0.23 0 6.625721927916997e-07
0.21 0.24 0 1.455298271398664e-06
0.21 0.25 0 2.0017894481488536e-06
0.21 0.26 0 4.858791351852045e-06
0.21 0.27 0 6.354940469747483e-06
0.21 0.28 0 1.0312430537034059e-05
0.21 0.29 0 1.0305944371451973e-05
0.21 0.3 0 7.861570948608417e-06
0.21 0.31 0 6.912461356947605e-06
0.21 0.32 0 7.804112366180322e-06
0.21 0.33 0 6.996912569711782e-06
0.21 0.34 0 3.0730837543436802e-06
0.21 0.35000000000000003 0 5.70910312720914e-06
0.21 0.36 0 8.542415235749668e-06
0.21 0.37 0 9.779147660730613e-06
0.21 0.38 0 9.572761022228656e-06
0.21 0.39 0 1.0338178245645889e-05
0.21 0.4 0 2.931096847789614e-05
0.21 0.41000000000000003 0 4.1936358726801397e-05
0.21 0.42 0 5.459785386978524e-05
0.21 0.43 0 4.815275043096432e-05
0.21 0.44 0 5.7673723623299195e-05
0.21 0.45 0 5.112987562678101e-05
0.21 0.46 0 2.82581159313916e-05
0.21 0.47000000000000003 0 1.9431372083598874e-05
0.21 0.48 0 7.830060042608934e-06
0.21 0.49 0 7.523977604312827e-06
0.21 0.5 0 8.41469801704738e-06
0.22 0.0 0 1.8616033883261224e-06
0.22 0.01 0 1.3978630313547556e-06
0.22 0.02 0 6.498489042284892e-07
0.22 0.03 0 7.74468924566471e-07
0.22 0.04 0 5.415750084188195e-07
0.22 0.05 0 5.14277587016654e-07
0.22 0.06 0 4.525991136023431e-07
0.22 0.07 0 8.659690021101854e-07
0.22 0.08 0 2.367084926475725e-06
0.22 0.09 0 3.23793290946105e-06
0.22 0.1 0 4.458730543564057e-06
0.22 0.11 0 5.279618407845677e-06
0.22 0.12 0 8.482028414680027e-06
0.22 0.13 0 6.1119127678075215e-06
0.22 0.14 0 9.739087515212128e-06
0.22 0.15 0 1.6146352265921993e-05
0.22 0.16 0 1.1178861303999766e-05
0.22 0.17 0 1.1858052271588837e-05
0.22 0.18 0 8.090591394143079e-06
0.22 0.19 0 1.0282696012579476e-05
0.22 0.2 0 7.628178525318762e-06
0.22 0.21 0 2.825374118097013e-06
0.22 0.22 0 1.3101545740957985e-06
0.22 0.23 0 1.3152853585073932e-06
0.22 0.24 0 1.5672076193520513e-06
0.22 0.25 0 1.157977832517072e-06
0.22 0.26 0 2.214314907491139e-06
0.22 0.27 0 1.765592943697675e-06
0.22 0.28 0 2.1959889040731474e-06
0.22 0.29 0 4.44119079916532e-06
0.22 0.3 0 4.333744384919799e-06
0.22 0.31 0 5.977626209379849e-06
0.22 0.32 0 4.385761193801541e-06
0.22 0.33 0 3.749730004435519e-06
0.22 0.34 0 4.211018328140905e-06
0.22 0.35000000000000003 0 5.676468869540334e-06
0.22 0.36 0 4.118006433615612e-06
0.22 0.37 0 5.520037491538164e-06
0.22 0.38 0 1.3743075454194147e-05
0.22 0.39 0 1.1855117049207967e-05
0.22 0.4 0 2.8846871135834094e-05
0.22 0.41000000000000003 0 3.7391820092732155e-05
0.22 0.42 0 2.6075165589617634e-05
0.22 0.43 0 1.9856700242877783e-05
0.22 0.44 0 1.3639586646622556e-05
0.22 0.45 0 2.391614309052308e-05
0.22 0.46 0 3.949555143435576e-05
0.22 0.47000000000000003 0 3.53118460360969e-05
0.22 0.48 0 1.9055284591838973e-05
0.22 0.49 0 4.3590614963646515e-05
0.22 0.5 0 5.716756841252007e-05
0.23 0.0 0 9.526663379818221e-08
0.23 0.01 0 1.713430848155541e-07
0.23 0.02 0 1.9121095310736896e-07
0.23 0.03 0 5.606189074538602e-07
0.23 0.04 0 6.958628489367668e-07
0.23 0.05 0 4.226009545833199e-07
0.23 0.06 0 3.8174187309753314e-07
0.23 0.07 0 3.6904683890423674e-07
0.23 0.08 0 6.112307025996098e-07
0.23 0.09 0 1.1819658138871703e-06
0.23 0.1 0 2.558053443450811e-06
0.23 0.11 0 2.2654926662702586e-06
0.23 0.12 0 5.328546918930095e-06
0.23 0.13 0 1.2796741470022488e-05
0.23 0.14 0 1.0802908057031094e-05
0.23 0.15 0 8.665859213216611e-06
0.23 0.16 0 3.571713350321197e-06
0.23 0.17 0 4.496604430524874e-06
0.23 0.18 0 7.155942740717159e-06
0.23 0.19 0 1.2001793525289708e-05
0.23 0.2 0 2.1945953012847743e-05
0.23 0.21 0 3.173381627544459e-05
0.23 0.22 0 3.1457465840274125e-05
0.23 0.23 0 1.693976973617563e-05
0.23 0.24 0 2.5009260572598015e-05
0.23 0.25 0 2.0224433292533463e-05
0.23 0.26 0 1.3273607715411754e-05
0.23 0.27 0 9.615837658335567e-06
0.23 0.28 0 1.1350492071924158e-05
0.23 0.29 0 2.8461263752959473e-05
0.23 0.3 0 2.1852479375620488e-05
0.23 0.31 0 1.585076939754633e-05
0.23 0.32 0 9.146401621941655e-06
0.23 0.33 0 8.076978602477836e-06
0.23 0.34 0 6.950625626545214e-06
0.23 0.35000000000000003 0 5.621420043679884e-06
0.23 0.36 0 9.805936846276361e-06
0.23 0.37 0 1.2262749069915212e-05
0.23 0.38 0 2.0519023360880692e-05
0.23 0.39 0 2.49816529841917e-05
0.23 0.4 0 4.472582978575786e-05
0.23 0.41000000000000003 0 4.318967701402446e-05
0.23 0.42 0 2.696011291466088e-05
0.23 0.43 0 3.8110380548674034e-05
0.23 0.44 0 3.826757290065616e-05
0.23 0.45 0 7.10709295723955e-05
0.23 0.46 0 6.980002198265641e-05
0.23 0.47000000000000003 0 5.309887034698559e-05
0.23 0.48 0 4.17714003560022e-05
0.23 0.49 0 2.6721341578184327e-05
0.23 0.5 0 2.4250284926841388e-05
0.24 0.0 0 4.841441784070674e-07
0.24 0.01 0 4.463506842354347e-07
0.24 0.02 0 2.4198866244893787e-07
0.24 0.03 0 4.1398191632796975e-07
0.24 0.04 0 5.810095070057634e-07
0.24 0.05 0 3.483992452255363e-07
0.24 0.06 0 3.738275810796029e-07
0.24 0.07 0 3.4875872733246816e-07
0.24 0.08 0 1.0333716545994016e-06
0.24 0.09 0 1.588424744235906e-06
0.24 0.1 0 1.017391918751858e-06
0.24 0.11 0 1.2361758728829682e-06
0.24 0.12 0 3.364472902086523e-06
0.24 0.13 0 7.931187286088294e-06
0.24 0.14 0 9.878624896611254e-06
0.24 0.15 0 1.9375733339646844e-05
0.24 0.16 0 1.2704633410371412e-05
0.24 0.17 0 1.3369495481865572e-05
0.24 0.18 0 1.3986152749082335e-05
0.24 0.19 0 7.616874939538289e-06
0.24 0.2 0 9.728098201941668e-06
0.24 0.21 0 7.344092675667368e-06
0.24 0.22 0 9.249159662576787e-06
0.24 0.23 0 1.8994639894605414e-05
0.24 0.24 0 3.2009602005999106e-05
0.24 0.25 0 2.3758568205217752e-05
0.24 0.26 0 2.102260518621581e-05
0.24 0.27 0 1.648250421152023e-05
0.24 0.28 0 5.076187907514071e-06
0.24 0.29 0 6.3015595857640205e-06
0.24 0.3 0 6.714336195286952e-06
0.24 0.31 0 1.0898034200138376e-05
0.24 0.32 0 2.2384870117728805e-05
0.24 0.33 0 1.98568121316925e-05
0.24 0.34 0 2.3310720983672645e-05
0.24 0.35000000000000003 0 1.3799384857527176e-05
0.24 0.36 0 4.711898405399282e-06
0.24 0.37 0 1.9031453507862954e-06
0.24 0.38 0 3.778132742137285e-06
0.24 0.39 0 6.4779997007228315e-06
0.24 0.4 0 1.1012719759309478e-05
0.24 0.41000000000000003 0 4.345020222993335e-05
0.24 0.42 0 7.318135820705126e-05
0.24 0.43 0 0.0001403161427794305
0.24 0.44 0 8.13533697779575e-05
0.24 0.45 0 3.86435602965258e-05
0.24 0.46 0 3.667396161965462e-05
0.24 0.47000000000000003 0 3.1435753337931986e-05
0.24 0.48 0 2.8745503286654827e-05
0.24 0.49 0 2.9670470974539735e-05
0.24 0.5 0 4.9614862041116397e-05
0.25 0.0 0 2.9033529479291286e-07
0.25 0.01 0 2.98766696378842e-07
0.25 0.02 0 3.802498813252408e-07
0.25 0.03 0 4.379222670447222e-07
0.25 0.04 0 7.159941977869139e-07
0.25 0.05 0 5.112525916834556e-07
0.25 0.06 0 6.74309146076446e-07
0.25 0.07 0 5.143323224897998e-07
0.25 0.08 0 3.1438411602899583e-07
0.25 0.09 0 2.298105611616421e-07
0.25 0.1 0 1.9118582919093871e-07
0.25 0.11 0 2.753172002624186e-07
0.25 0.12 0 4.3980611740629133e-07
0.25 0.13 0 1.794999162142469e-06
0.25 0.14 0 2.9701680930579618e-06
0.25 0.15 0 2.887461681517487e-06
0.25 0.16 0 2.4725850580100658e-06
0.25 0.17 0 3.1130082926657002e-06
0.25 0.18 0 5.949355931764221e-06
0.25 0.19 0 4.243337130224173e-06
0.25 0.2 0 6.458645433233248e-06
0.25 0.21 0 1.126123149489957e-05
0.25 0.22 0 2.1495050097278133e-05
0.25 0.23 0 1.6487712438248265e-05
0.25 0.24 0 5.775291600006787e-06
0.25 0.25 0 4.661253803486048e-06
0.25 0.26 0 3.297909328376519e-06
0.25 0.27 0 2.87345566183747e-06
0.25 0.28 0 2.0950469681747026e-06
0.25 0.29 0 2.849623863271471e-06
0.25 0.3 0 2.800520415120625e-06
0.25 0.31 0 2.4559321018415555e-06
0.25 0.32 0 3.303799265821979e-06
0.25 0.33 0 1.9406676581276327e-06
0.25 0.34 0 2.0965714040940177e-06
0.25 0.35000000000000003 0 1.4918451892309643e-06
0.25 0.36 0 1.7455075375990268e-06
0.25 0.37 0 3.686271247174536e-06
0.25 0.38 0 4.118256301566293e-06
0.25 0.39 0 3.851875568682757e-06
0.25 0.4 0 3.092954914076417e-06
0.25 0.41000000000000003 0 2.935905802187355e-06
0.25 0.42 0 1.6469742057180936e-06
0.25 0.43 0 2.8546835210888802e-06
0.25 0.44 0 3.876654863325866e-06
0.25 0.45 0 3.1109600586977367e-06
0.25 0.46 0 4.930448213142261e-06
0.25 0.47000000000000003 0 4.064789612242134e-06
0.25 0.48 0 6.239787457200323e-06
0.25 0.49 0 5.4498143483115775e-06
0.25 0.5 0 3.2904433967984808e-06
0.26 0.0 0 2.8673260846199115e-06
0.26 0.01 0 4.955585143937185e-06
0.26 0.02 0 4.247151714320557e-06
0.26 0.03 0 1.9176073031014296e-06
0.26 0.04 0 1.3254209266968868e-06
0.26 0.05 0 4.582492998098245e-07
0.26 0.06 0 3.590937684688595e-07
0.26 0.07 0 2.598476130178136e-07
0.26 0.08 0 1.5757070403101262e-07
0.26 0.09 0 2.6489876657968623e-07
0.26 0.1 0 1.812349557530183e-07
0.26 0.11 0 2.3355905604638702e-07
0.26 0.12 0 4.6522829821099946e-07
0.26 0.13 0 5.867971599027786e-07
0.26 0.14 0 4.6048109143164973e-07
0.26 0.15 0 6.592503018943823e-07
0.26 0.16 0 1.3381687726004938e-06
0.26 0.17 0 1.640376693180883e-06
0.26 0.18 0 3.4941799475880883e-06
0.26 0.19 0 2.223340338352019e-06
0.26 0.2 0 2.073093875212899e-06
0.26 0.21 0 2.7008346539877445e-06
0.26 0.22 0 2.228380680730618e-06
0.26 0.23 0 4.229058748476025e-06
0.26 0.24 0 5.319205682096963e-06
0.26 0.25 0 6.88341788630946e-06
0.26 0.26 0 1.1676627077540545e-05
0.26 0.27 0 2.814583036360362e-05
0.26 0.28 0 1.7335258498102673e-05
0.26 0.29 0 6.399523435403246e-06
0.26 0.3 0 5.078350346331651e-06
0.26 0.31 0 3.3098685481095088e-06
0.26 0.32 0 4.21456279951522e-06
0.26 0.33 0 1.980961824810999e-06
0.26 0.34 0 1.2244414101901012e-06
0.26 0.35000000000000003 0 1.4319195012887634e-06
0.26 0.36 0 9.642320874517812e-07
0.26 0.37 0 6.500165645151159e-07
0.26 0.38 0 5.195506122374643e-07
0.26 0.39 0 8.556026196238659e-07
0.26 0.4 0 7.42292144501289e-07
0.26 0.41000000000000003 0 9.80457267241858e-07
0.26 0.42 0 1.373246403532462e-06
0.26 0.43 0 1.6900252377791812e-06
0.26 0.44 0 2.2399922727419963e-06
0.26 0.45 0 1.3712245706893602e-06
0.26 0.46 0 1.9933952794630223e-06
0.26 0.47000000000000003 0 2.1235300382048604e-06
0.26 0.48 0 2.114335986652475e-06
0.26 0.49 0 1.8463001037470636e-06
0.26 0.5 0 1.6458283940817017e-06
0.27 0.0 0 1.0059513312895997e-05
0.27 0.01 0 4.260168051753893e-06
0.27 0.02 0 3.99443774670949e-06
0.27 0.03 0 2.4308759284215745e-06
0.27 0.04 0 1.5909175213775044e-06
0.27 0.05 0 1.4922978101775641e-06
0.27 0.06 0 2.1623687023820466e-06
0.27 0.07 0 2.8936074505373707e-06
0.27 0.08 0 1.07540473683759e-06
0.27 0.09 0 6.891392304329049e-07
0.27 0.1 0 4.688254294511324e-07
0.27 0.11 0 6.694390362286827e-07
0.27 0.12 0 8.744972701874533e-07
0.27 0.13 0 9.593040750670854e-07
0.27 0.14 0 2.760750361209144e-06
0.27 0.15 0 3.937183866803358e-06
0.27 0.16 0 4.573663875595968e-06
0.27 0.17 0 4.660799300551183e-06
0.27 0.18 0 7.005634825756231e-06
0.27 0.19 0 6.2357017524460745e-06
0.27 0.2 0 5.692633445287896e-06
0.27 0.21 0 8.241016291531452e-06
0.27 0.22 0 6.455630660640728e-06
0.27 0.23 0 8.196721745203264e-06
0.27 0.24 0 3.8573770075661744e-06
0.27 0.25 0 3.0108712210044337e-06
0.27 0.26 0 4.268833389327944e-06
0.27 0.27 0 2.403718876341459e-06
0.27 0.28 0 1.3928041338875399e-06
0.27 0.29 0 9.601666964801928e-07
0.27 0.3 0 9.049804135133554e-07
0.27 0.31 0 5.645106429891028e-07
0.27 0.32 0 6.739308705079522e-07
0.27 0.33 0 5.068891066656383e-07
0.27 0.34 0 4.909815111482611e-07
0.27 0.35000000000000003 0 1.2145184248443581e-06
0.27 0.36 0 1.2453696634653228e-06
0.27 0.37 0 2.1735846243171867e-06
0.27 0.38 0 1.6206651719846288e-06
0.27 0.39 0 8.771611128339366e-07
0.27 0.4 0 1.0817072910939426e-06
0.27 0.41000000000000003 0 1.247393051169835e-06
0.27 0.42 0 7.329942462721945e-07
0.27 0.43 0 4.913057558898118e-07
0.27 0.44 0 1.1767544235107887e-06
0.27 0.45 0 1.4924210390534614e-06
0.27 0.46 0 2.546134307894336e-06
0.27 0.47000000000000003 0 2.20012983240697e-06
0.27 0.48 0 1.3039880352976317e-06
0.27 0.49 0 2.0500948847811987e-06
0.27 0.5 0 1.4192459494329198e-06
0.28 0.0 0 1.564009646051693e-05
0.28 0.01 0 2.532659716802116e-05
0.28 0.02 0 2.5537406551993195e-05
0.28 0.03 0 1.6558075334232826e-05
0.28 0.04 0 1.070244430613279e-05
0.28 0.05 0 7.102091155567822e-06
0.28 0.06 0 4.136404486370681e-06
0.28 0.07 0 5.463001878168498e-06
0.28 0.08 0 3.973959979339518e-06
0.28 0.09 0 6.794210650061064e-06
0.28 0.1 0 9.617698607039423e-06
0.28 0.11 0 5.832677236546641e-06
0.28 0.12 0 6.726172471580709e-06
0.28 0.13 0 4.016207805129375e-06
0.28 0.14 0 2.9175749162163867e-06
0.28 0.15 0 2.8566270565717292e-06
0.28 0.16 0 4.204789139293175e-06
0.28 0.17 0 3.6332872032610037e-06
0.28 0.18 0 3.5485678166526464e-06
0.28 0.19 0 6.178561357274201e-06
0.28 0.2 0 6.045455209496332e-06
0.28 0.21 0 6.437318477578569e-06
0.28 0.22 0 2.146020044727702e-06
0.28 0.23 0 1.5783068506760628e-06
0.28 0.24 0 2.8528625130060238e-06
0.28 0.25 0 3.676489104204646e-06
0.28 0.26 0 5.193503741763391e-06
0.28 0.27 0 5.325988279508995e-06
0.28 0.28 0 7.369403316197908e-06
0.28 0.29 0 4.9948344179000155e-06
0.28 0.3 0 4.870431060758416e-06
0.28 0.31 0 4.930475438187548e-06
0.28 0.32 0 3.753633444640083e-06
0.28 0.33 0 2.836106189802195e-06
0.28 0.34 0 1.7536157155979913e-06
0.28 0.35000000000000003 0 3.5639077690410227e-06
0.28 0.36 0 3.528972715488265e-06
0.28 0.37 0 2.0867006919690814e-06
0.28 0.38 0 9.699542232863226e-07
0.28 0.39 0 7.724503285200043e-07
0.28 0.4 0 1.4369699937957454e-06
0.28 0.41000000000000003 0 1.138832865135344e-06
0.28 0.42 0 1.1378886134611527e-06
0.28 0.43 0 9.084836269238888e-07
0.28 0.44 0 1.0333560012501986e-06
0.28 0.45 0 1.2341879935269199e-06
0.28 0.46 0 1.3676494103351228e-06
0.28 0.47000000000000003 0 1.085841500141251e-06
0.28 0.48 0 4.1826646862194966e-07
0.28 0.49 0 4.391354974909168e-07
0.28 0.5 0 4.0792724223441084e-07
0.29 0.0 0 4.026977665307709e-05
0.29 0.01 0 2.7666739045318577e-05
0.29 0.02 0 1.8400827455087742e-05
0.29 0.03 0 4.252433778921268e-05
0.29 0.04 0 3.970396196000842e-05
0.29 0.05 0 3.219810293961395e-05
0.29 0.06 0 2.81455568887132e-05
0.29 0.07 0 3.1672119453268475e-05
0.29 0.08 0 2.0880948212967915e-05
0.29 0.09 0 1.2899048741772503e-05
0.29 0.1 0 1.0140094207002142e-05
0.29 0.11 0 6.336350777817312e-06
0.29 0.12 0 8.860437541608383e-06
0.29 0.13 0 5.716900264908791e-06
0.29 0.14 0 1.0385628500318092e-05
0.29 0.15 0 2.840997372004357e-05
0.29 0.16 0 1.9336969019185608e-05
0.29 0.17 0 1.4259174547608218e-05
0.29 0.18 0 1.2076699742798023e-05
0.29 0.19 0 1.4385531102052879e-05
0.29 0.2 0 1.2090800837844176e-05
0.29 0.21 0 1.0697061344829293e-05
0.29 0.22 0 4.1445435535079206e-06
0.29 0.23 0 2.2591769316132275e-06
0.29 0.24 0 2.141354861759181e-06
0.29 0.25 0 8.583071118274779e-07
0.29 0.26 0 8.260646266068052e-07
0.29 0.27 0 3.4691421143241747e-07
0.29 0.28 0 1.771637786032283e-07
0.29 0.29 0 3.491930117789506e-07
0.29 0.3 0 7.164421271027618e-07
0.29 0.31 0 9.826227483590849e-07
0.29 0.32 0 1.1445773190137467e-06
0.29 0.33 0 2.0513872320291848e-06
0.29 0.34 0 1.8696424615923325e-06
0.29 0.35000000000000003 0 2.7278062443323513e-06
0.29 0.36 0 2.028050693975221e-06
0.29 0.37 0 1.5141615436357e-06
0.29 0.38 0 2.9202696351569043e-06
0.29 0.39 0 2.2924996647223126e-06
0.29 0.4 0 4.049749735047522e-06
0.29 0.41000000000000003 0 6.316038929288183e-06
0.29 0.42 0 3.7455471963995074e-06
0.29 0.43 0 1.2691852454272206e-06
0.29 0.44 0 8.276705316834027e-07
0.29 0.45 0 9.046022863982317e-07
0.29 0.46 0 6.533546256409815e-07
0.29 0.47000000000000003 0 6.936787610369816e-07
0.29 0.48 0 4.5530974883498687e-07
0.29 0.49 0 9.685616470798733e-07
0.29 0.5 0 1.6340527442425615e-06
0.3 0.0 0 2.861247633034468e-05
0.3 0.01 0 2.3303808854279708e-05
0.3 0.02 0 1.1469443350726128e-05
0.3 0.03 0 9.179200822500813e-06
0.3 0.04 0 7.475192493916637e-06
0.3 0.05 0 7.91158072402046e-06
0.3 0.06 0 7.539908357871226e-06
0.3 0.07 0 8.427926909015605e-06
0.3 0.08 0 1.2277649731847586e-05
0.3 0.09 0 9.42459849815525e-06
0.3 0.1 0 8.236753123545468e-06
0.3 0.11 0 3.0719341944503106e-06
0.3 0.12 0 2.6630863087025006e-06
0.3 0.13 0 3.2594115390274347e-06
0.3 0.14 0 2.5535057908092005e-06
0.3 0.15 0 2.80381275361329e-06
0.3 0.16 0 2.4833130932662783e-06
0.3 0.17 0 3.194124585800864e-06
0.3 0.18 0 1.8169907296434362e-06
0.3 0.19 0 1.4377878374744895e-06
0.3 0.2 0 1.4058921957502191e-06
0.3 0.21 0 9.525080410030569e-07
0.3 0.22 0 5.388612822961737e-07
0.3 0.23 0 2.7495561653066095e-07
0.3 0.24 0 4.6723405721733736e-07
0.3 0.25 0 4.5325592422340505e-07
0.3 0.26 0 3.3613176288222226e-07
0.3 0.27 0 1.7674758581026448e-07
0.3 0.28 0 1.3745583376130028e-07
0.3 0.29 0 1.7143439900255705e-07
0.3 0.3 0 6.849471950233127e-08
0.3 0.31 0 5.267574027749028e-08
0.3 0.32 0 5.189334525068099e-08
0.3 0.33 0 8.409519343911101e-08
0.3 0.34 0 1.5770444392823862e-07
0.3 0.35000000000000003 0 2.6212774027383526e-07
0.3 0.36 0 3.3689258700758323e-07
0.3 0.37 0 2.656822544283238e-07
0.3 0.38 0 3.8969634527583356e-07
0.3 0.39 0 3.383811995509162e-07
0.3 0.4 0 5.303156431693916e-07
0.3 0.41000000000000003 0 5.029719632877128e-07
0.3 0.42 0 3.785119775654382e-07
0.3 0.43 0 9.406690612502212e-07
0.3 0.44 0 1.0641007976465251e-06
0.3 0.45 0 8.639162910217591e-07
0.3 0.46 0 4.978965597908144e-07
0.3 0.47000000000000003 0 2.899167002296445e-07
0.3 0.48 0 1.282201036312212e-07
0.3 0.49 0 1.1142089236494943e-07
0.3 0.5 0 1.5556773286725272e-07
#STOP
