#MEDIUM_PROPERTIES_DISTRIBUTED
$MSH_TYPE
	 GROUNDWATER_FLOW	
$MMP_TYPE
	 PERMEABILITY	
$DIS_TYPE
	 NEAREST_VALUE	
;hj
$CONVERSION_FACTOR
	 1.0	
$DATA
0.0 0.0 0 6.314309121435937e-06
0.0 0.01 0 7.150053001054157e-06
0.0 0.02 0 1.5798195913218635e-05
0.0 0.03 0 2.500758251682733e-05
0.0 0.04 0 6.168556961692858e-05
0.0 0.05 0 0.00013182408069890893
0.0 0.06 0 0.00011494416513050344
0.0 0.07 0 0.00013438083091272816
0.0 0.08 0 0.00019088340844957915
0.0 0.09 0 0.00017796450352581565
0.0 0.1 0 0.00017821816879040378
0.0 0.11 0 0.0001223510185614365
0.0 0.12 0 5.818943992244551e-05
0.0 0.13 0 7.321791160393801e-05
0.0 0.14 0 0.00016503663725760345
0.0 0.15 0 0.00022397555553821735
0.0 0.16 0 0.0003510871799301725
0.0 0.17 0 0.000702667482826027
0.0 0.18 0 0.000571917128007018
0.0 0.19 0 0.0002785548550237362
0.0 0.2 0 0.0002359975483391862
0.0 0.21 0 0.00021740465332319015
0.0 0.22 0 0.00018915166216245446
0.0 0.23 0 0.00025584251055971
0.0 0.24 0 0.00021847030598741565
0.0 0.25 0 9.714747743738278e-05
0.0 0.26 0 7.512426942679416e-05
0.0 0.27 0 6.70659435371744e-05
0.0 0.28 0 4.15176414538244e-05
0.0 0.29 0 2.8625867210646804e-05
0.0 0.3 0 1.164872001933535e-05
0.0 0.31 0 4.444437228304231e-06
0.0 0.32 0 4.6683025213432965e-06
0.0 0.33 0 3.1164866463926855e-06
0.0 0.34 0 1.5805856666666918e-06
0.0 0.35000000000000003 0 3.3004114308845785e-06
0.0 0.36 0 5.070903010007245e-06
0.0 0.37 0 3.369315207182443e-06
0.0 0.38 0 4.601021171565442e-06
0.0 0.39 0 3.081083223323872e-06
0.0 0.4 0 1.213173047231372e-06
0.0 0.41000000000000003 0 2.660656801978564e-06
0.0 0.42 0 6.585045359617732e-06
0.0 0.43 0 8.431882794571588e-06
0.0 0.44 0 2.2487106624680622e-05
0.0 0.45 0 3.464407606435093e-05
0.0 0.46 0 3.3831421304758294e-05
0.0 0.47000000000000003 0 7.734195855497768e-05
0.0 0.48 0 8.997174996066494e-05
0.0 0.49 0 9.722412922913192e-05
0.0 0.5 0 0.0003194888954839865
0.01 0.0 0 3.2076479488422805e-05
0.01 0.01 0 6.712289664773173e-05
0.01 0.02 0 0.00015049435502551808
0.01 0.03 0 0.0001152519229813584
0.01 0.04 0 0.00026955086178921076
0.01 0.05 0 0.0006627764644805309
0.01 0.06 0 0.00045122069802313653
0.01 0.07 0 0.00039865864888176844
0.01 0.08 0 0.0002690504963195962
0.01 0.09 0 0.0001628425896010843
0.01 0.1 0 0.0004248453780939547
0.01 0.11 0 0.000756768941928656
0.01 0.12 0 0.0005077070826427894
0.01 0.13 0 0.0007499153468215809
0.01 0.14 0 0.0008775958151257463
0.01 0.15 0 0.0008978782517206441
0.01 0.16 0 0.00335055235569962
0.01 0.17 0 0.005689156206974628
0.01 0.18 0 0.0022783670184360555
0.01 0.19 0 0.0014483080544724371
0.01 0.2 0 0.0006637373445166217
0.01 0.21 0 0.00016304523419596935
0.01 0.22 0 0.0001131497512330337
0.01 0.23 0 0.00014131147601412677
0.01 0.24 0 0.00015106547997437262
0.01 0.25 0 0.00017971285870914944
0.01 0.26 0 0.00013057559670517628
0.01 0.27 0 7.668348842626579e-05
0.01 0.28 0 9.855565169745694e-05
0.01 0.29 0 0.00016143664167067988
0.01 0.3 0 0.00022086137896432516
0.01 0.31 0 0.0003269388264554732
0.01 0.32 0 0.0003042745055098403
0.01 0.33 0 0.00017700621156292525
0.01 0.34 0 0.000151417507490379
0.01 0.35000000000000003 0 0.00012058306330547502
0.01 0.36 0 4.819159627202598e-05
0.01 0.37 0 3.126631545337156e-05
0.01 0.38 0 4.3918521524228156e-05
0.01 0.39 0 3.238221524505904e-05
0.01 0.4 0 1.7679792462621103e-05
0.01 0.41000000000000003 0 1.875743640828698e-05
0.01 0.42 0 1.8060807704964615e-05
0.01 0.43 0 1.917999624773561e-05
0.01 0.44 0 3.489309850839706e-05
0.01 0.45 0 2.937739311684096e-05
0.01 0.46 0 1.5806352612514705e-05
0.01 0.47000000000000003 0 1.646291129545932e-05
0.01 0.48 0 1.534043326437654e-05
0.01 0.49 0 1.9008226011025936e-05
0.01 0.5 0 4.3369615278474604e-05
0.02 0.0 0 0.0001291449826359325
0.02 0.01 0 0.00018326552986287794
0.02 0.02 0 0.0001480407989248635
0.02 0.03 0 7.320381682219442e-05
0.02 0.04 0 0.00012111286708912312
0.02 0.05 0 0.00018173776931989383
0.02 0.06 0 0.00015504993100198147
0.02 0.07 0 0.0003123702775296969
0.02 0.08 0 0.00039240013698530753
0.02 0.09 0 0.0002452011708511774
0.02 0.1 0 0.00044396204358564936
0.02 0.11 0 0.0008934397218108022
0.02 0.12 0 0.0014967863465295387
0.02 0.13 0 0.0031770256547801142
0.02 0.14 0 0.001192922604417908
0.02 0.15 0 0.00022565675884111334
0.02 0.16 0 0.00020902284767013605
0.02 0.17 0 0.00015042842900083727
0.02 0.18 0 9.029183995286874e-05
0.02 0.19 0 0.00016826471160918488
0.02 0.2 0 0.0001075497615163437
0.02 0.21 0 3.944501393358773e-05
0.02 0.22 0 6.318058580698075e-05
0.02 0.23 0 6.551743838926112e-05
0.02 0.24 0 4.6782489460419624e-05
0.02 0.25 0 0.0001062890944949072
0.02 0.26 0 0.0001419085475488566
0.02 0.27 0 0.00011506474639701546
0.02 0.28 0 0.00016557602004826184
0.02 0.29 0 0.00014063437911833392
0.02 0.3 0 0.0001720496029114653
0.02 0.31 0 0.0005141412407100991
0.02 0.32 0 0.0004748137925838118
0.02 0.33 0 0.00031535504283363195
0.02 0.34 0 0.0005037341396258168
0.02 0.35000000000000003 0 0.0004284902085249687
0.02 0.36 0 0.00037382296776416037
0.02 0.37 0 0.0007412990237539622
0.02 0.38 0 0.0006187038613973258
0.02 0.39 0 0.00034944430571306426
0.02 0.4 0 0.0004037492239074286
0.02 0.41000000000000003 0 0.00025648468503340085
0.02 0.42 0 8.283456666909389e-05
0.02 0.43 0 4.236197571731954e-05
0.02 0.44 0 2.8512805216876216e-05
0.02 0.45 0 2.1555452059374613e-05
0.02 0.46 0 1.6937000950509034e-05
0.02 0.47000000000000003 0 8.127586435251686e-06
0.02 0.48 0 3.770970224497537e-06
0.02 0.49 0 3.2896986698280088e-06
0.02 0.5 0 3.349657856609943e-06
0.03 0.0 0 6.2178216499163805e-06
0.03 0.01 0 1.9744677024446646e-05
0.03 0.02 0 2.0020519875161158e-05
0.03 0.03 0 1.8033523335869752e-05
0.03 0.04 0 1.967293958790501e-05
0.03 0.05 0 1.5528677591900108e-05
0.03 0.06 0 1.5738951879501606e-05
0.03 0.07 0 2.79914213758717e-05
0.03 0.08 0 4.3518732304543196e-05
0.03 0.09 0 6.726830215996225e-05
0.03 0.1 0 0.0001379058560177468
0.03 0.11 0 0.00022622597826587145
0.03 0.12 0 0.0004435239560487459
0.03 0.13 0 0.001332057110247232
0.03 0.14 0 0.0022476646666393235
0.03 0.15 0 0.0026410711316410323
0.03 0.16 0 0.003059101062674866
0.03 0.17 0 0.0020870173071449874
0.03 0.18 0 0.0030889012196476514
0.03 0.19 0 0.01094819993763138
0.03 0.2 0 0.008141004863081688
0.03 0.21 0 0.002659968099088636
0.03 0.22 0 0.001617459441234528
0.03 0.23 0 0.0004762431630921632
0.03 0.24 0 0.00016434359886093993
0.03 0.25 0 0.00017938250475388627
0.03 0.26 0 9.159261009976801e-05
0.03 0.27 0 4.39329403106531e-05
0.03 0.28 0 5.908804373407117e-05
0.03 0.29 0 4.345114191122572e-05
0.03 0.3 0 3.701927332107886e-05
0.03 0.31 0 7.234254738519241e-05
0.03 0.32 0 6.55201568994109e-05
0.03 0.33 0 7.552937769471246e-05
0.03 0.34 0 0.0001265536340075843
0.03 0.35000000000000003 0 5.347180571009109e-05
0.03 0.36 0 4.363408526319273e-05
0.03 0.37 0 0.00012254221938409377
0.03 0.38 0 8.880750855069233e-05
0.03 0.39 0 5.689930419331073e-05
0.03 0.4 0 6.88733572623051e-05
0.03 0.41000000000000003 0 2.3990770947248568e-05
0.03 0.42 0 1.067631103177818e-05
0.03 0.43 0 1.2919902989462542e-05
0.03 0.44 0 7.444891510170269e-06
0.03 0.45 0 7.275730630332565e-06
0.03 0.46 0 2.0407008304385303e-05
0.03 0.47000000000000003 0 2.8135155093464195e-05
0.03 0.48 0 3.070638519619089e-05
0.03 0.49 0 2.4895175794461427e-05
0.03 0.5 0 8.314723040659972e-06
0.04 0.0 0 0.00019872825771537835
0.04 0.01 0 0.0001309499344969888
0.04 0.02 0 9.328461603739579e-05
0.04 0.03 0 0.0001914290581868804
0.04 0.04 0 0.00015240821936011195
0.04 0.05 0 9.390373509378642e-05
0.04 0.06 0 0.00018858596068147142
0.04 0.07 0 0.0002630740417993143
0.04 0.08 0 0.00020073339978885922
0.04 0.09 0 0.00015240134778350832
0.04 0.1 0 6.476511097611501e-05
0.04 0.11 0 3.369969163256911e-05
0.04 0.12 0 3.5419006147390994e-05
0.04 0.13 0 3.164227708980877e-05
0.04 0.14 0 3.90974772953808e-05
0.04 0.15 0 7.456635384607145e-05
0.04 0.16 0 6.572153637701317e-05
0.04 0.17 0 4.3271988708564645e-05
0.04 0.18 0 5.2467280528564765e-05
0.04 0.19 0 6.395025707222688e-05
0.04 0.2 0 7.865705197620247e-05
0.04 0.21 0 0.00013643013998570125
0.04 0.22 0 0.000110443772199901
0.04 0.23 0 3.368583500194833e-05
0.04 0.24 0 2.1474046584558285e-05
0.04 0.25 0 3.545220292510242e-05
0.04 0.26 0 4.255278931050666e-05
0.04 0.27 0 4.1220593658868505e-05
0.04 0.28 0 3.594166173882515e-05
0.04 0.29 0 1.8387713846182986e-05
0.04 0.3 0 1.3478571224387143e-05
0.04 0.31 0 1.6697030163788408e-05
0.04 0.32 0 1.56496652499113e-05
0.04 0.33 0 2.175819956637463e-05
0.04 0.34 0 3.520368163443918e-05
0.04 0.35000000000000003 0 2.536472566942966e-05
0.04 0.36 0 2.514376575125547e-05
0.04 0.37 0 2.87730886485299e-05
0.04 0.38 0 1.6098887438295342e-05
0.04 0.39 0 2.6116576522498485e-05
0.04 0.4 0 7.236400435702165e-05
0.04 0.41000000000000003 0 4.909359794953316e-05
0.04 0.42 0 5.450190485296685e-05
0.04 0.43 0 0.00012777213280230017
0.04 0.44 0 9.316279808638424e-05
0.04 0.45 0 8.403413497438891e-05
0.04 0.46 0 0.0001134103780585188
0.04 0.47000000000000003 0 6.427101184700314e-05
0.04 0.48 0 7.73493977399812e-05
0.04 0.49 0 0.0001360428957542302
0.04 0.5 0 7.176146337888257e-05
0.05 0.0 0 0.0004297925506003347
0.05 0.01 0 0.00010947853900156743
0.05 0.02 0 4.143602971291132e-05
0.05 0.03 0 5.3791244404205316e-05
0.05 0.04 0 2.1015538662857908e-05
0.05 0.05 0 8.501236465316729e-06
0.05 0.06 0 9.65872369652224e-06
0.05 0.07 0 5.042021088542151e-06
0.05 0.08 0 4.256846047649591e-06
0.05 0.09 0 7.987158025504979e-06
0.05 0.1 0 3.297407900346393e-06
0.05 0.11 0 1.0183566415284639e-06
0.05 0.12 0 7.037996343176775e-07
0.05 0.13 0 4.2428442524884557e-07
0.05 0.14 0 7.227953977968613e-07
0.05 0.15 0 1.993661914613501e-06
0.05 0.16 0 1.469723036318765e-06
0.05 0.17 0 1.4506039001113292e-06
0.05 0.18 0 1.913532644862714e-06
0.05 0.19 0 8.495623792718677e-07
0.05 0.2 0 9.64517061381893e-07
0.05 0.21 0 3.284231255446288e-06
0.05 0.22 0 4.125812689310968e-06
0.05 0.23 0 4.444714730947992e-06
0.05 0.24 0 5.285948911503108e-06
0.05 0.25 0 2.71931676616308e-06
0.05 0.26 0 2.6220594113911337e-06
0.05 0.27 0 6.9549282893973e-06
0.05 0.28 0 1.1208939446869362e-05
0.05 0.29 0 1.2402907691013802e-05
0.05 0.3 0 1.4071302355682688e-05
0.05 0.31 0 1.6962811746506094e-05
0.05 0.32 0 4.101415334596637e-05
0.05 0.33 0 0.00011235791537829754
0.05 0.34 0 0.00013708609698058027
0.05 0.35000000000000003 0 0.00014599528155596336
0.05 0.36 0 0.00017129039961501173
0.05 0.37 0 0.00011693073864665531
0.05 0.38 0 8.536944544823495e-05
0.05 0.39 0 0.00012178686716480028
0.05 0.4 0 0.0001490500154980815
0.05 0.41000000000000003 0 0.00015200851598789428
0.05 0.42 0 0.0002465889772248135
0.05 0.43 0 0.00024168899619038652
0.05 0.44 0 0.00010570368557016086
0.05 0.45 0 8.602305438475233e-05
0.05 0.46 0 8.3683651502761e-05
0.05 0.47000000000000003 0 3.904643999065538e-05
0.05 0.48 0 2.7718269454174273e-05
0.05 0.49 0 3.176170686214401e-05
0.05 0.5 0 3.36073592375456e-05
0.06 0.0 0 4.327122797819808e-05
0.06 0.01 0 3.917819427640306e-05
0.06 0.02 0 7.415932696195536e-05
0.06 0.03 0 0.00014705233647875358
0.06 0.04 0 0.00010960978016476866
0.06 0.05 0 0.0001269418532857209
0.06 0.06 0 0.00016010850276862822
0.06 0.07 0 5.153871470095555e-05
0.06 0.08 0 2.8880231482836705e-05
0.06 0.09 0 5.1703808405533036e-05
0.06 0.1 0 5.3609079410033976e-05
0.06 0.11 0 5.9353290799338174e-05
0.06 0.12 0 5.3617792354099066e-05
0.06 0.13 0 1.4225511091821588e-05
0.06 0.14 0 7.663699898587568e-06
0.06 0.15 0 9.129802120908784e-06
0.06 0.16 0 5.4905383494919655e-06
0.06 0.17 0 4.987636778204687e-06
0.06 0.18 0 3.726306951388529e-06
0.06 0.19 0 1.079278252671469e-06
0.06 0.2 0 1.2527572883224154e-06
0.06 0.21 0 2.496699178002472e-06
0.06 0.22 0 1.5626314002826846e-06
0.06 0.23 0 2.3952758045698783e-06
0.06 0.24 0 3.889588218437077e-06
0.06 0.25 0 1.1630189005052237e-06
0.06 0.26 0 7.143273840898884e-07
0.06 0.27 0 1.0352922954808466e-06
0.06 0.28 0 9.347821546864391e-07
0.06 0.29 0 1.8823701970572153e-06
0.06 0.3 0 3.0656198702253186e-06
0.06 0.31 0 1.3246341743876508e-06
0.06 0.32 0 1.1882825216674937e-06
0.06 0.33 0 1.8535223696457168e-06
0.06 0.34 0 2.315602980885381e-06
0.06 0.35000000000000003 0 6.056741783576986e-06
0.06 0.36 0 8.453981178860728e-06
0.06 0.37 0 4.543813636038135e-06
0.06 0.38 0 8.0563933762851e-06
0.06 0.39 0 1.6504977137183646e-05
0.06 0.4 0 1.349509139564621e-05
0.06 0.41000000000000003 0 2.2983361167352576e-05
0.06 0.42 0 4.3966794556966525e-05
0.06 0.43 0 3.330166234633413e-05
0.06 0.44 0 3.268013119772467e-05
0.06 0.45 0 3.474918613354146e-05
0.06 0.46 0 2.3544615760241217e-05
0.06 0.47000000000000003 0 2.760724778557011e-05
0.06 0.48 0 4.801411169148607e-05
0.06 0.49 0 5.529775403988813e-05
0.06 0.5 0 5.270750345278957e-05
0.07 0.0 0 4.214555377657829e-06
0.07 0.01 0 4.805850903941124e-06
0.07 0.02 0 8.605002802002845e-06
0.07 0.03 0 8.11006354148e-06
0.07 0.04 0 8.67619674140009e-06
0.07 0.05 0 1.3601188164432827e-05
0.07 0.06 0 1.2664750281370673e-05
0.07 0.07 0 1.1849317633679581e-05
0.07 0.08 0 2.0548974922361178e-05
0.07 0.09 0 2.9306158865317342e-05
0.07 0.1 0 3.3563258972084896e-05
0.07 0.11 0 6.808318841943841e-05
0.07 0.12 0 0.0001270490056983827
0.07 0.13 0 9.79294151720248e-05
0.07 0.14 0 5.485472321225367e-05
0.07 0.15 0 3.136122564324207e-05
0.07 0.16 0 2.417328630568813e-05
0.07 0.17 0 3.502061569741459e-05
0.07 0.18 0 2.859348115024552e-05
0.07 0.19 0 9.096529437035829e-06
0.07 0.2 0 4.251887941731842e-06
0.07 0.21 0 2.082484076430254e-06
0.07 0.22 0 1.0190269629235614e-06
0.07 0.23 0 1.5319164008959875e-06
0.07 0.24 0 1.494722545714213e-06
0.07 0.25 0 4.884333952243806e-07
0.07 0.26 0 4.2382674592008303e-07
0.07 0.27 0 4.149964077376582e-07
0.07 0.28 0 2.027313841337718e-07
0.07 0.29 0 3.44123850859034e-07
0.07 0.3 0 7.256044583454169e-07
0.07 0.31 0 4.839140092004603e-07
0.07 0.32 0 4.082179200259998e-07
0.07 0.33 0 2.5987960182817715e-07
0.07 0.34 0 1.4238159849044341e-07
0.07 0.35000000000000003 0 3.828477773615709e-07
0.07 0.36 0 8.76529702046451e-07
0.07 0.37 0 7.417514271766981e-07
0.07 0.38 0 1.1127063167135545e-06
0.07 0.39 0 8.023357906631299e-07
0.07 0.4 0 3.524675846348395e-07
0.07 0.41000000000000003 0 6.977128581767142e-07
0.07 0.42 0 8.159215295580946e-07
0.07 0.43 0 4.379017773429322e-07
0.07 0.44 0 1.1988070471023088e-06
0.07 0.45 0 2.999847686813908e-06
0.07 0.46 0 2.636433683816301e-06
0.07 0.47000000000000003 0 4.309404086226017e-06
0.07 0.48 0 4.5666499822761445e-06
0.07 0.49 0 2.944168391849597e-06
0.07 0.5 0 4.807732321395571e-06
0.08 0.0 0 5.408547010927959e-06
0.08 0.01 0 6.802670952482903e-06
0.08 0.02 0 5.9261374885834926e-06
0.08 0.03 0 2.0712376071771903e-06
0.08 0.04 0 3.0860022688287798e-06
0.08 0.05 0 5.553033303453546e-06
0.08 0.06 0 3.004119840409851e-06
0.08 0.07 0 3.3203895917596056e-06
0.08 0.08 0 4.303051516046904e-06
0.08 0.09 0 2.600144375918326e-06
0.08 0.1 0 3.2178271499864402e-06
0.08 0.11 0 4.565215495872398e-06
0.08 0.12 0 3.3841951694609484e-06
0.08 0.13 0 3.879191167331139e-06
0.08 0.14 0 4.213822582530683e-06
0.08 0.15 0 2.858416266895483e-06
0.08 0.16 0 3.2432208676329527e-06
0.08 0.17 0 4.663133272067152e-06
0.08 0.18 0 7.3502048069225496e-06
0.08 0.19 0 1.7732772468145438e-05
0.08 0.2 0 1.8381059261368994e-05
0.08 0.21 0 6.566378781365468e-06
0.08 0.22 0 4.785316027190629e-06
0.08 0.23 0 7.941390750565065e-06
0.08 0.24 0 1.0273707684787078e-05
0.08 0.25 0 1.2260493287519423e-05
0.08 0.26 0 1.1963192963729128e-05
0.08 0.27 0 4.6341663994662715e-06
0.08 0.28 0 1.6305478573512198e-06
0.08 0.29 0 1.2470688992862677e-06
0.08 0.3 0 8.561635123778557e-07
0.08 0.31 0 4.997291009645755e-07
0.08 0.32 0 5.434906921621662e-07
0.08 0.33 0 5.314719534109393e-07
0.08 0.34 0 4.0161976316142167e-07
0.08 0.35000000000000003 0 5.273502433170833e-07
0.08 0.36 0 7.226647274349571e-07
0.08 0.37 0 1.026892899551978e-06
0.08 0.38 0 1.7010509064207493e-06
0.08 0.39 0 8.57769658342049e-07
0.08 0.4 0 3.093648643328755e-07
0.08 0.41000000000000003 0 3.405558130639032e-07
0.08 0.42 0 2.506576342011464e-07
0.08 0.43 0 1.5338511982214982e-07
0.08 0.44 0 2.539446177360796e-07
0.08 0.45 0 2.0825788571890682e-07
0.08 0.46 0 1.5232397035231314e-07
0.08 0.47000000000000003 0 4.667248845406278e-07
0.08 0.48 0 5.978637948857163e-07
0.08 0.49 0 2.7963237715518635e-07
0.08 0.5 0 3.1832733544897096e-07
0.09 0.0 0 7.387173698828454e-07
0.09 0.01 0 5.424540512396264e-07
0.09 0.02 0 3.079041848426761e-07
0.09 0.03 0 1.119736318459221e-07
0.09 0.04 0 1.4679374227289686e-07
0.09 0.05 0 1.5743181655267086e-07
0.09 0.06 0 1.1457022115783135e-07
0.09 0.07 0 3.4091938788155484e-07
0.09 0.08 0 4.94676359655376e-07
0.09 0.09 0 2.2080385998814254e-07
0.09 0.1 0 4.279930462160497e-07
0.09 0.11 0 1.0426829492830147e-06
0.09 0.12 0 1.3726793967141485e-06
0.09 0.13 0 4.284411886820045e-06
0.09 0.14 0 7.367628220518947e-06
0.09 0.15 0 5.169069693433949e-06
0.09 0.16 0 6.726060327536442e-06
0.09 0.17 0 4.536731559799719e-06
0.09 0.18 0 2.228623060631029e-06
0.09 0.19 0 3.6046303346732517e-06
0.09 0.2 0 3.437299486930425e-06
0.09 0.21 0 2.0071743732416633e-06
0.09 0.22 0 2.433764507172172e-06
0.09 0.23 0 1.3041235575579257e-06
0.09 0.24 0 6.630352521472279e-07
0.09 0.25 0 1.6015817098420984e-06
0.09 0.26 0 1.9576663746701946e-06
0.09 0.27 0 7.315918070379517e-07
0.09 0.28 0 5.088176769416724e-07
0.09 0.29 0 4.202482149503581e-07
0.09 0.3 0 4.218353205319321e-07
0.09 0.31 0 9.823082839936122e-07
0.09 0.32 0 1.4891576113527375e-06
0.09 0.33 0 1.0665920078603782e-06
0.09 0.34 0 7.685492975110466e-07
0.09 0.35000000000000003 0 4.1341032219130805e-07
0.09 0.36 0 2.295544316614924e-07
0.09 0.37 0 2.258279738774063e-07
0.09 0.38 0 2.1060231768754634e-07
0.09 0.39 0 1.9396670473223414e-07
0.09 0.4 0 2.589390309789726e-07
0.09 0.41000000000000003 0 2.392587853352421e-07
0.09 0.42 0 1.66491195312505e-07
0.09 0.43 0 2.6405241067124586e-07
0.09 0.44 0 4.840229263939096e-07
0.09 0.45 0 2.975658321354881e-07
0.09 0.46 0 1.5406319281992956e-07
0.09 0.47000000000000003 0 1.349347819319766e-07
0.09 0.48 0 1.0336299019052652e-07
0.09 0.49 0 1.1993683728614847e-07
0.09 0.5 0 2.385434803705257e-07
0.1 0.0 0 3.696363621117453e-08
0.1 0.01 0 5.445449103891894e-08
0.1 0.02 0 6.332748249304542e-08
0.1 0.03 0 1.1427854630992874e-07
0.1 0.04 0 3.5998315923848493e-07
0.1 0.05 0 5.572638519273855e-07
0.1 0.06 0 7.057997468714955e-07
0.1 0.07 0 1.6964096339822102e-06
0.1 0.08 0 2.0135906863394548e-06
0.1 0.09 0 1.5981070101294887e-06
0.1 0.1 0 2.4803622815086974e-06
0.1 0.11 0 1.914688760783434e-06
0.1 0.12 0 1.2866870782027103e-06
0.1 0.13 0 3.410518328068274e-06
0.1 0.14 0 5.3837572653370364e-06
0.1 0.15 0 3.3902466366258785e-06
0.1 0.16 0 3.467669740502492e-06
0.1 0.17 0 2.2724671160312394e-06
0.1 0.18 0 1.4670070751623722e-06
0.1 0.19 0 2.3100907527782048e-06
0.1 0.2 0 1.7573031548616334e-06
0.1 0.21 0 1.2614596527372434e-06
0.1 0.22 0 2.0342517103822987e-06
0.1 0.23 0 1.0126498720300721e-06
0.1 0.24 0 4.969036607369704e-07
0.1 0.25 0 1.0554040583997534e-06
0.1 0.26 0 1.1538075888688892e-06
0.1 0.27 0 1.2165090832137595e-06
0.1 0.28 0 2.8900197621317947e-06
0.1 0.29 0 1.4642601332373319e-06
0.1 0.3 0 6.042599272823856e-07
0.1 0.31 0 1.6232836607542284e-06
0.1 0.32 0 3.794699540080517e-06
0.1 0.33 0 6.36159430015761e-06
0.1 0.34 0 1.2040032747830853e-05
0.1 0.35000000000000003 0 6.377905544524397e-06
0.1 0.36 0 3.5352907279503644e-06
0.1 0.37 0 4.908109756624253e-06
0.1 0.38 0 3.681704241697593e-06
0.1 0.39 0 3.9427384341721965e-06
0.1 0.4 0 7.624847273769284e-06
0.1 0.41000000000000003 0 4.43380238053094e-06
0.1 0.42 0 2.588772241095589e-06
0.1 0.43 0 2.950118971192566e-06
0.1 0.44 0 1.5366199214405098e-06
0.1 0.45 0 1.1951979008762056e-06
0.1 0.46 0 2.3802631356448577e-06
0.1 0.47000000000000003 0 1.731726181119842e-06
0.1 0.48 0 7.108356086615287e-07
0.1 0.49 0 5.147107627841395e-07
0.1 0.5 0 3.1919181818906127e-07
0.11 0.0 0 3.1079452741328734e-07
0.11 0.01 0 5.136355568421416e-07
0.11 0.02 0 5.754071140036206e-07
0.11 0.03 0 7.720358079552133e-07
0.11 0.04 0 5.8479759869869e-07
0.11 0.05 0 6.135393201191114e-07
0.11 0.06 0 2.1077505233982234e-06
0.11 0.07 0 5.243508122161942e-06
0.11 0.08 0 7.832574546078395e-06
0.11 0.09 0 2.137838063183695e-05
0.11 0.1 0 5.092219817309985e-05
0.11 0.11 0 5.229595988127119e-05
0.11 0.12 0 5.3640174507793674e-05
0.11 0.13 0 6.743923140658103e-05
0.11 0.14 0 7.387733778385458e-05
0.11 0.15 0 0.00010961261329481257
0.11 0.16 0 0.00017875886036208388
0.11 0.17 0 0.00013540650581157486
0.11 0.18 0 8.02658451582869e-05
0.11 0.19 0 6.525412432450338e-05
0.11 0.2 0 4.312699357001028e-05
0.11 0.21 0 2.540813150652945e-05
0.11 0.22 0 1.0764583085958723e-05
0.11 0.23 0 2.045698278547371e-06
0.11 0.24 0 6.70471408524703e-07
0.11 0.25 0 5.097285254492151e-07
0.11 0.26 0 3.214175297654957e-07
0.11 0.27 0 6.351973852298785e-07
0.11 0.28 0 3.788263388514375e-06
0.11 0.29 0 6.082511107839895e-06
0.11 0.3 0 5.500708525221744e-06
0.11 0.31 0 6.183977834871891e-06
0.11 0.32 0 2.6981652412302603e-06
0.11 0.33 0 2.3642425782147134e-06
0.11 0.34 0 7.5244383614897824e-06
0.11 0.35000000000000003 0 8.76595430549052e-06
0.11 0.36 0 7.83822317297609e-06
0.11 0.37 0 1.2029164412794805e-05
0.11 0.38 0 1.0654115051424144e-05
0.11 0.39 0 1.734147931582296e-05
0.11 0.4 0 3.73616048970767e-05
0.11 0.41000000000000003 0 2.0964725597519736e-05
0.11 0.42 0 2.064328482159712e-05
0.11 0.43 0 3.4558264163766684e-05
0.11 0.44 0 1.5229089735822938e-05
0.11 0.45 0 1.293315645387062e-05
0.11 0.46 0 2.347344976281506e-05
0.11 0.47000000000000003 0 1.2512226622770076e-05
0.11 0.48 0 1.0910273880068708e-05
0.11 0.49 0 1.4779898872423192e-05
0.11 0.5 0 4.358027387785485e-06
0.12 0.0 0 1.0187305960598095e-05
0.12 0.01 0 1.1616093581061921e-05
0.12 0.02 0 1.603611080223123e-05
0.12 0.03 0 3.415125596726351e-05
0.12 0.04 0 1.5026684721414547e-05
0.12 0.05 0 6.432655347570092e-06
0.12 0.06 0 8.027904240579535e-06
0.12 0.07 0 5.4719123509471906e-06
0.12 0.08 0 6.756249134387275e-06
0.12 0.09 0 2.03476000211528e-05
0.12 0.1 0 1.6267929121973717e-05
0.12 0.11 0 1.2601671879347065e-05
0.12 0.12 0 2.54051266014451e-05
0.12 0.13 0 1.9591002014460853e-05
0.12 0.14 0 1.0711327579289345e-05
0.12 0.15 0 1.131271556888609e-05
0.12 0.16 0 8.921315107456012e-06
0.12 0.17 0 7.675135171140022e-06
0.12 0.18 0 7.43767929195054e-06
0.12 0.19 0 3.692035336861341e-06
0.12 0.2 0 2.813646973817359e-06
0.12 0.21 0 4.863121516674231e-06
0.12 0.22 0 6.989263642892717e-06
0.12 0.23 0 1.1273219753996872e-05
0.12 0.24 0 1.8115541465864674e-05
0.12 0.25 0 1.2747218045536694e-05
0.12 0.26 0 9.602049463380007e-06
0.12 0.27 0 1.3791046745260808e-05
0.12 0.28 0 1.2965224145239255e-05
0.12 0.29 0 9.16027919418894e-06
0.12 0.3 0 1.232930442151108e-05
0.12 0.31 0 1.4287215437141382e-05
0.12 0.32 0 7.969396397778642e-06
0.12 0.33 0 6.62957192431208e-06
0.12 0.34 0 9.619274965698994e-06
0.12 0.35000000000000003 0 1.1981471918171508e-05
0.12 0.36 0 1.735955091221027e-05
0.12 0.37 0 1.987559191897935e-05
0.12 0.38 0 1.073933429343631e-05
0.12 0.39 0 8.596488975857114e-06
0.12 0.4 0 1.024802077119104e-05
0.12 0.41000000000000003 0 7.728340155451692e-06
0.12 0.42 0 6.4024033416134366e-06
0.12 0.43 0 3.573176984680672e-06
0.12 0.44 0 1.0761959849594844e-06
0.12 0.45 0 9.435984098431592e-07
0.12 0.46 0 9.089070388826738e-07
0.12 0.47000000000000003 0 2.8156996452722997e-07
0.12 0.48 0 2.3051239180227258e-07
0.12 0.49 0 3.4968886004798087e-07
0.12 0.5 0 2.3328271391484342e-07
0.13 0.0 0 3.7942823925130948e-06
0.13 0.01 0 3.6966877918731194e-06
0.13 0.02 0 5.666855338820123e-06
0.13 0.03 0 1.72384622830441e-05
0.13 0.04 0 2.5503415716972835e-05
0.13 0.05 0 4.3738467117593636e-05
0.13 0.06 0 6.717859870922145e-05
0.13 0.07 0 2.591418223005904e-05
0.13 0.08 0 2.0941224857556614e-05
0.13 0.09 0 3.7429545489545356e-05
0.13 0.1 0 1.820081869074067e-05
0.13 0.11 0 1.4659619413009528e-05
0.13 0.12 0 2.8956194717254116e-05
0.13 0.13 0 2.3794359181313465e-05
0.13 0.14 0 4.541559731969567e-05
0.13 0.15 0 0.00017690093411949973
0.13 0.16 0 0.0001401542419303476
0.13 0.17 0 0.00010860190617054054
0.13 0.18 0 0.00013695216510701898
0.13 0.19 0 6.870215558980443e-05
0.13 0.2 0 5.247401479770104e-05
0.13 0.21 0 5.818180521011011e-05
0.13 0.22 0 4.065555398284291e-05
0.13 0.23 0 9.460896445286657e-05
0.13 0.24 0 0.0002657287583764644
0.13 0.25 0 0.00017795549137224494
0.13 0.26 0 0.00020275471503197672
0.13 0.27 0 0.00032565305007238544
0.13 0.28 0 0.00021969295979888543
0.13 0.29 0 0.00031937024418137057
0.13 0.3 0 0.0005533203882353855
0.13 0.31 0 0.0002594562100061094
0.13 0.32 0 0.00016844134268506047
0.13 0.33 0 0.0001737356694052592
0.13 0.34 0 8.489630579135641e-05
0.13 0.35000000000000003 0 4.715382312291398e-05
0.13 0.36 0 3.3642346414108364e-05
0.13 0.37 0 1.5097411314305779e-05
0.13 0.38 0 6.525582847186531e-06
0.13 0.39 0 2.4729994522655232e-06
0.13 0.4 0 9.46451158038125e-07
0.13 0.41000000000000003 0 1.1124859048132017e-06
0.13 0.42 0 2.498853261209324e-06
0.13 0.43 0 3.475486472712543e-06
0.13 0.44 0 4.319776791811986e-06
0.13 0.45 0 5.698251995185459e-06
0.13 0.46 0 5.777177943325585e-06
0.13 0.47000000000000003 0 9.284820125969867e-06
0.13 0.48 0 2.6347489800510565e-05
0.13 0.49 0 3.411042696389229e-05
0.13 0.5 0 2.415501414610894e-05
0.14 0.0 0 2.1436229939682813e-05
0.14 0.01 0 1.872314808066096e-05
0.14 0.02 0 2.7868872011869453e-05
0.14 0.03 0 4.831077268000677e-05
0.14 0.04 0 6.136798605536118e-05
0.14 0.05 0 7.446950052419176e-05
0.14 0.06 0 6.829491697341524e-05
0.14 0.07 0 5.189350569521771e-05
0.14 0.08 0 7.619891019352139e-05
0.14 0.09 0 0.00012365879423469403
0.14 0.1 0 0.00015915977529823856
0.14 0.11 0 0.00044496364716507727
0.14 0.12 0 0.0008246274126773582
0.14 0.13 0 0.00037033631477329795
0.14 0.14 0 0.00031797619542201395
0.14 0.15 0 0.0005212479105112829
0.14 0.16 0 0.00043173187611907695
0.14 0.17 0 0.0005770012469958338
0.14 0.18 0 0.0007629326517472554
0.14 0.19 0 0.0003334265320179209
0.14 0.2 0 0.00026343084778075206
0.14 0.21 0 0.00028290747071455197
0.14 0.22 0 0.00013828582177410312
0.14 0.23 0 0.00013065185306682537
0.14 0.24 0 0.0001334087532225841
0.14 0.25 0 6.892124876836633e-05
0.14 0.26 0 7.924287550455333e-05
0.14 0.27 0 5.725419888044741e-05
0.14 0.28 0 1.7484735880150216e-05
0.14 0.29 0 3.280447367169853e-05
0.14 0.3 0 9.377332614722095e-05
0.14 0.31 0 7.006442539206558e-05
0.14 0.32 0 8.241121637156646e-05
0.14 0.33 0 5.604115448055767e-05
0.14 0.34 0 1.03913164776742e-05
0.14 0.35000000000000003 0 6.253183474332394e-06
0.14 0.36 0 6.071548846081712e-06
0.14 0.37 0 3.4642957136626182e-06
0.14 0.38 0 5.497936478223461e-06
0.14 0.39 0 8.122728837656024e-06
0.14 0.4 0 5.104245856843462e-06
0.14 0.41000000000000003 0 5.567348741642628e-06
0.14 0.42 0 4.510068329258288e-06
0.14 0.43 0 3.006286903918526e-06
0.14 0.44 0 6.104308645920497e-06
0.14 0.45 0 5.448915267647256e-06
0.14 0.46 0 1.528006678166871e-06
0.14 0.47000000000000003 0 1.1966515486924748e-06
0.14 0.48 0 1.144053193290041e-06
0.14 0.49 0 7.57619296037891e-07
0.14 0.5 0 1.171552555085326e-06
0.15 0.0 0 3.4281687482327432e-06
0.15 0.01 0 2.239597743316364e-06
0.15 0.02 0 1.6240941710599174e-06
0.15 0.03 0 1.2773320465790328e-06
0.15 0.04 0 3.275869894259559e-06
0.15 0.05 0 9.190920133568544e-06
0.15 0.06 0 1.0540657990895032e-05
0.15 0.07 0 1.6805748913871293e-05
0.15 0.08 0 2.669396284902421e-05
0.15 0.09 0 2.4425045958366227e-05
0.15 0.1 0 4.095997794160803e-05
0.15 0.11 0 8.106408536872116e-05
0.15 0.12 0 6.711339205972837e-05
0.15 0.13 0 5.272216589144584e-05
0.15 0.14 0 4.3789037405766503e-05
0.15 0.15 0 1.8134650652312793e-05
0.15 0.16 0 9.643019832625592e-06
0.15 0.17 0 1.725223763807863e-05
0.15 0.18 0 4.1497424079442575e-05
0.15 0.19 0 6.904069276588668e-05
0.15 0.2 0 0.00010615673630496783
0.15 0.21 0 0.00011502705242092349
0.15 0.22 0 8.772878597468965e-05
0.15 0.23 0 7.227588305398433e-05
0.15 0.24 0 3.946937604550224e-05
0.15 0.25 0 1.740732370988278e-05
0.15 0.26 0 1.3454057387049592e-05
0.15 0.27 0 7.760478287958211e-06
0.15 0.28 0 3.169646594023092e-06
0.15 0.29 0 2.373431306445431e-06
0.15 0.3 0 1.4209421787865236e-06
0.15 0.31 0 1.1360760374809582e-06
0.15 0.32 0 4.77660494713441e-06
0.15 0.33 0 1.2624937573949005e-05
0.15 0.34 0 9.674435766000138e-06
0.15 0.35000000000000003 0 1.4992802518055612e-05
0.15 0.36 0 1.7421240312823614e-05
0.15 0.37 0 9.497720019129457e-06
0.15 0.38 0 1.1754974292696484e-05
0.15 0.39 0 9.718286515622269e-06
0.15 0.4 0 3.991795706766846e-06
0.15 0.41000000000000003 0 3.705084515691395e-06
0.15 0.42 0 2.1728084880767463e-06
0.15 0.43 0 9.263495771077845e-07
0.15 0.44 0 1.3659321954445027e-06
0.15 0.45 0 1.3936133175337635e-06
0.15 0.46 0 1.069791797461638e-06
0.15 0.47000000000000003 0 1.8717495145756553e-06
0.15 0.48 0 9.118478593837794e-07
0.15 0.49 0 2.8537966483289764e-07
0.15 0.5 0 5.155130804236065e-07
0.16 0.0 0 9.300523069018764e-07
0.16 0.01 0 1.2222922485218792e-06
0.16 0.02 0 9.778445423876169e-07
0.16 0.03 0 2.2161317702443382e-07
0.16 0.04 0 1.4950319017659786e-07
0.16 0.05 0 1.7781638236882114e-07
0.16 0.06 0 1.6781211060588875e-07
0.16 0.07 0 3.200276235563969e-07
0.16 0.08 0 2.422555173215404e-07
0.16 0.09 0 8.49287113728759e-08
0.16 0.1 0 1.4052908486706365e-07
0.16 0.11 0 2.1777746276719537e-07
0.16 0.12 0 1.6531941277565336e-07
0.16 0.13 0 4.342537234321756e-07
0.16 0.14 0 1.019201657130981e-06
0.16 0.15 0 1.096544568070636e-06
0.16 0.16 0 2.846571818159641e-06
0.16 0.17 0 5.66446389314777e-06
0.16 0.18 0 4.724785867596813e-06
0.16 0.19 0 6.936411387267798e-06
0.16 0.2 0 8.273132105746217e-06
0.16 0.21 0 5.056872677992203e-06
0.16 0.22 0 4.591066089677645e-06
0.16 0.23 0 4.6248691569576215e-06
0.16 0.24 0 5.830207674753791e-06
0.16 0.25 0 1.3889028633028844e-05
0.16 0.26 0 1.904256511324893e-05
0.16 0.27 0 1.6004760067013293e-05
0.16 0.28 0 2.3218406833466147e-05
0.16 0.29 0 2.3058673923361545e-05
0.16 0.3 0 9.401378774772513e-06
0.16 0.31 0 4.7815904206848216e-06
0.16 0.32 0 3.201062674258444e-06
0.16 0.33 0 1.9940138527736923e-06
0.16 0.34 0 2.3460111162213773e-06
0.16 0.35000000000000003 0 3.826994300218539e-06
0.16 0.36 0 2.694515356566003e-06
0.16 0.37 0 1.616907017923799e-06
0.16 0.38 0 1.9434533632109015e-06
0.16 0.39 0 1.7902563125723475e-06
0.16 0.4 0 1.0852139939776641e-06
0.16 0.41000000000000003 0 8.436222347292036e-07
0.16 0.42 0 5.865089759010138e-07
0.16 0.43 0 5.246605839092884e-07
0.16 0.44 0 8.129063960020249e-07
0.16 0.45 0 7.578219716325626e-07
0.16 0.46 0 6.810416019706715e-07
0.16 0.47000000000000003 0 8.35865642406881e-07
0.16 0.48 0 3.249319339442105e-07
0.16 0.49 0 9.853772817473348e-08
0.16 0.5 0 6.911552484258293e-08
0.17 0.0 0 3.6360442005083944e-07
0.17 0.01 0 4.134142025003621e-07
0.17 0.02 0 4.807952049195431e-07
0.17 0.03 0 3.127008699377583e-07
0.17 0.04 0 4.2379042495219e-07
0.17 0.05 0 6.168339841967989e-07
0.17 0.06 0 9.347455852725207e-07
0.17 0.07 0 3.773432634752846e-06
0.17 0.08 0 6.8039121152041606e-06
0.17 0.09 0 4.289698867750399e-06
0.17 0.1 0 4.575711302309087e-06
0.17 0.11 0 3.2143066383834823e-06
0.17 0.12 0 2.7914295994228545e-06
0.17 0.13 0 9.323415734024822e-06
0.17 0.14 0 8.829041737807041e-06
0.17 0.15 0 3.050586543727666e-06
0.17 0.16 0 4.339024859835021e-06
0.17 0.17 0 4.693417295889103e-06
0.17 0.18 0 3.4706505327090214e-06
0.17 0.19 0 9.58402620817114e-06
0.17 0.2 0 1.6436253049934495e-05
0.17 0.21 0 1.6223459636360318e-05
0.17 0.22 0 3.777275199487779e-05
0.17 0.23 0 4.37856782196404e-05
0.17 0.24 0 3.891783008935593e-05
0.17 0.25 0 9.750249081786179e-05
0.17 0.26 0 0.00012993984271662132
0.17 0.27 0 0.0001299259342872098
0.17 0.28 0 0.00020286404234118373
0.17 0.29 0 9.087055145902615e-05
0.17 0.3 0 3.839245415955887e-05
0.17 0.31 0 4.915252061013782e-05
0.17 0.32 0 2.1259108976054076e-05
0.17 0.33 0 5.884115322151068e-06
0.17 0.34 0 5.317888051173554e-06
0.17 0.35000000000000003 0 3.5623908932295822e-06
0.17 0.36 0 1.9135652271222827e-06
0.17 0.37 0 2.167067673776498e-06
0.17 0.38 0 1.9614651950291644e-06
0.17 0.39 0 2.1428912314646763e-06
0.17 0.4 0 5.76083203461363e-06
0.17 0.41000000000000003 0 1.0741709050293547e-05
0.17 0.42 0 9.493991078397995e-06
0.17 0.43 0 5.757340677946989e-06
0.17 0.44 0 2.1979991144468183e-06
0.17 0.45 0 1.2332785454890524e-06
0.17 0.46 0 1.4519264290015163e-06
0.17 0.47000000000000003 0 1.3925038898691592e-06
0.17 0.48 0 1.351564740269622e-06
0.17 0.49 0 2.377755347592733e-06
0.17 0.5 0 2.869645782426951e-06
0.18 0.0 0 3.234736353029619e-07
0.18 0.01 0 1.2249181547801964e-06
0.18 0.02 0 2.5866317499511674e-06
0.18 0.03 0 3.447975335811156e-06
0.18 0.04 0 3.4566585560146608e-06
0.18 0.05 0 2.1816504305641737e-06
0.18 0.06 0 1.414045236432232e-06
0.18 0.07 0 1.345631507286184e-06
0.18 0.08 0 1.4771733660801994e-06
0.18 0.09 0 1.9022241989983519e-06
0.18 0.1 0 1.8445196352103471e-06
0.18 0.11 0 8.131620931259466e-07
0.18 0.12 0 5.817178935472059e-07
0.18 0.13 0 1.2196607654269129e-06
0.18 0.14 0 1.931124280933657e-06
0.18 0.15 0 2.531512814819276e-06
0.18 0.16 0 3.0350987523489192e-06
0.18 0.17 0 1.0151421416797176e-06
0.18 0.18 0 4.4559148416997515e-07
0.18 0.19 0 1.0364316751124072e-06
0.18 0.2 0 1.7908028008213986e-06
0.18 0.21 0 2.4641103815652523e-06
0.18 0.22 0 7.287080575334047e-06
0.18 0.23 0 9.531209097625224e-06
0.18 0.24 0 7.434878400547655e-06
0.18 0.25 0 8.320857210099483e-06
0.18 0.26 0 4.322849478585288e-06
0.18 0.27 0 3.289544029624452e-06
0.18 0.28 0 7.13928378373524e-06
0.18 0.29 0 6.876962755929665e-06
0.18 0.3 0 8.229704022491214e-06
0.18 0.31 0 2.1199359299832455e-05
0.18 0.32 0 1.749429404386569e-05
0.18 0.33 0 1.968626230153954e-05
0.18 0.34 0 5.110579898762998e-05
0.18 0.35000000000000003 0 2.9657280788508005e-05
0.18 0.36 0 1.9061401642663223e-05
0.18 0.37 0 3.8028001959329565e-05
0.18 0.38 0 2.1814956285687527e-05
0.18 0.39 0 1.0233676426244883e-05
0.18 0.4 0 1.3433405606906973e-05
0.18 0.41000000000000003 0 1.2623796147177924e-05
0.18 0.42 0 2.0037266643247356e-05
0.18 0.43 0 4.525042779910614e-05
0.18 0.44 0 2.348391991597003e-05
0.18 0.45 0 1.2357393477959071e-05
0.18 0.46 0 1.2526060199522281e-05
0.18 0.47000000000000003 0 7.862860169016606e-06
0.18 0.48 0 1.0312126597361878e-05
0.18 0.49 0 1.778001289181163e-05
0.18 0.5 0 7.650211334403978e-06
0.19 0.0 0 1.2632639073728094e-06
0.19 0.01 0 9.007247544555909e-07
0.19 0.02 0 9.343701375188728e-07
0.19 0.03 0 2.77164243147318e-06
0.19 0.04 0 3.3055502254709723e-06
0.19 0.05 0 2.0844378727150386e-06
0.19 0.06 0 2.295841307071752e-06
0.19 0.07 0 2.2557991946671413e-06
0.19 0.08 0 3.6161840197050896e-06
0.19 0.09 0 1.1118182477274643e-05
0.19 0.1 0 1.5229124434870857e-05
0.19 0.11 0 1.447913981044935e-05
0.19 0.12 0 1.3096346051524034e-05
0.19 0.13 0 4.281359482840237e-06
0.19 0.14 0 1.7270993323935451e-06
0.19 0.15 0 2.5728565206882395e-06
0.19 0.16 0 3.1612486480672516e-06
0.19 0.17 0 1.8937332871288008e-06
0.19 0.18 0 1.2261681673126158e-06
0.19 0.19 0 6.860516362260137e-07
0.19 0.2 0 3.542787101896923e-07
0.19 0.21 0 3.63996904801628e-07
0.19 0.22 0 4.529034422373438e-07
0.19 0.23 0 3.3995528469990483e-07
0.19 0.24 0 3.300303721643065e-07
0.19 0.25 0 5.465189165367163e-07
0.19 0.26 0 7.430123978073589e-07
0.19 0.27 0 8.599505256329039e-07
0.19 0.28 0 8.052983820620971e-07
0.19 0.29 0 5.208955100726435e-07
0.19 0.3 0 5.212805873046638e-07
0.19 0.31 0 5.16991957062257e-07
0.19 0.32 0 2.3988991700753936e-07
0.19 0.33 0 2.2279447139652563e-07
0.19 0.34 0 3.9464465589992183e-07
0.19 0.35000000000000003 0 3.8491735447502044e-07
0.19 0.36 0 7.772344172118707e-07
0.19 0.37 0 2.575529296513363e-06
0.19 0.38 0 2.4182139464604915e-06
0.19 0.39 0 2.6556549600525554e-06
0.19 0.4 0 3.8553788518106775e-06
0.19 0.41000000000000003 0 1.49738494791423e-06
0.19 0.42 0 9.705339580042095e-07
0.19 0.43 0 2.060060028345648e-06
0.19 0.44 0 2.8529826863226252e-06
0.19 0.45 0 5.498213246141985e-06
0.19 0.46 0 1.0433084837388564e-05
0.19 0.47000000000000003 0 8.219374817552476e-06
0.19 0.48 0 1.923914829671351e-05
0.19 0.49 0 6.11111150204769e-05
0.19 0.5 0 4.0433800566163557e-05
0.2 0.0 0 3.0096156516087896e-07
0.2 0.01 0 6.732652765639038e-08
0.2 0.02 0 1.5123682988224374e-08
0.2 0.03 0 1.8708680001919876e-08
0.2 0.04 0 1.5206216665332588e-08
0.2 0.05 0 1.2722295061949875e-08
0.2 0.06 0 2.0089940176284498e-08
0.2 0.07 0 1.4906187620351033e-08
0.2 0.08 0 2.235506806480016e-08
0.2 0.09 0 9.280975974375623e-08
0.2 0.1 0 1.3970643495497182e-07
0.2 0.11 0 2.1339575354738085e-07
0.2 0.12 0 3.499319479028496e-07
0.2 0.13 0 1.4686808296245595e-07
0.2 0.14 0 1.1395319284606227e-07
0.2 0.15 0 2.0715693192663869e-07
0.2 0.16 0 1.486694329685649e-07
0.2 0.17 0 2.1829894451124346e-07
0.2 0.18 0 6.338343902128385e-07
0.2 0.19 0 4.0596749475523024e-07
0.2 0.2 0 2.5215471029620253e-07
0.2 0.21 0 3.796210559232652e-07
0.2 0.22 0 3.4784630513676625e-07
0.2 0.23 0 3.2630435390951366e-07
0.2 0.24 0 3.142388233319221e-07
0.2 0.25 0 1.4732597537222693e-07
0.2 0.26 0 1.1714308362584099e-07
0.2 0.27 0 1.8153515096999805e-07
0.2 0.28 0 1.9508038452335298e-07
0.2 0.29 0 2.3035655903601512e-07
0.2 0.3 0 2.556863169682477e-07
0.2 0.31 0 1.778727873477538e-07
0.2 0.32 0 2.233025174859677e-07
0.2 0.33 0 3.9770629054538606e-07
0.2 0.34 0 3.175037373093337e-07
0.2 0.35000000000000003 0 2.744821381355317e-07
0.2 0.36 0 5.389976504200752e-07
0.2 0.37 0 8.446968768440115e-07
0.2 0.38 0 9.316386563951147e-07
0.2 0.39 0 1.5500548946973746e-06
0.2 0.4 0 2.2157078192436824e-06
0.2 0.41000000000000003 0 1.9818164903888344e-06
0.2 0.42 0 2.6268857826128682e-06
0.2 0.43 0 3.863495481292908e-06
0.2 0.44 0 3.885160097525357e-06
0.2 0.45 0 5.354879343954138e-06
0.2 0.46 0 6.117079286933087e-06
0.2 0.47000000000000003 0 3.098402494188834e-06
0.2 0.48 0 1.997033373239021e-06
0.2 0.49 0 1.9115729367634165e-06
0.2 0.5 0 2.841010898989772e-06
0.21 0.0 0 3.2237661939268795e-08
0.21 0.01 0 2.3144147294394115e-08
0.21 0.02 0 2.5765105221916312e-08
0.21 0.03 0 4.771652757720104e-08
0.21 0.04 0 4.726747558558433e-08
0.21 0.05 0 7.63957164073005e-08
0.21 0.06 0 1.6198345327161e-07
0.21 0.07 0 7.825189183811708e-08
0.21 0.08 0 3.195660803167151e-08
0.21 0.09 0 2.946950697703069e-08
0.21 0.1 0 2.996824729503834e-08
0.21 0.11 0 6.832063650742463e-08
0.21 0.12 0 1.401263669755819e-07
0.21 0.13 0 7.35415695695369e-08
0.21 0.14 0 6.870082021658577e-08
0.21 0.15 0 9.609505227848768e-08
0.21 0.16 0 5.530771974685704e-08
0.21 0.17 0 7.899613601004834e-08
0.21 0.18 0 1.312367183429382e-07
0.21 0.19 0 4.706109230391446e-08
0.21 0.2 0 3.473259435912304e-08
0.21 0.21 0 4.394169429285846e-08
0.21 0.22 0 2.0628140571700543e-08
0.21 0.23 0 2.9527324392438065e-08
0.21 0.24 0 8.18902797661307e-08
0.21 0.25 0 5.4550480929501765e-08
0.21 0.26 0 3.4594013450052394e-08
0.21 0.27 0 2.151451963331421e-08
0.21 0.28 0 8.410127437328507e-09
0.21 0.29 0 1.1492901839670761e-08
0.21 0.3 0 1.77700772825949e-08
0.21 0.31 0 1.1199398055224632e-08
0.21 0.32 0 2.0404808241560656e-08
0.21 0.33 0 4.534604747130672e-08
0.21 0.34 0 4.4420423603952586e-08
0.21 0.35000000000000003 0 9.71020724365884e-08
0.21 0.36 0 1.6633992784043746e-07
0.21 0.37 0 1.1100498726471855e-07
0.21 0.38 0 2.7182250845797563e-07
0.21 0.39 0 1.2352569757427043e-06
0.21 0.4 0 2.273278254952231e-06
0.21 0.41000000000000003 0 5.537148822274418e-06
0.21 0.42 0 1.6308516718804955e-05
0.21 0.43 0 3.0195854632936497e-05
0.21 0.44 0 7.337335304870343e-05
0.21 0.45 0 0.0001538390564614292
0.21 0.46 0 0.00017738074509540466
0.21 0.47000000000000003 0 0.00019773926752968536
0.21 0.48 0 0.0001288030690201363
0.21 0.49 0 4.508022135726353e-05
0.21 0.5 0 2.7794204898382236e-05
0.22 0.0 0 4.256764230099621e-08
0.22 0.01 0 3.2485767692153276e-08
0.22 0.02 0 4.8456213307017884e-08
0.22 0.03 0 5.113208286466745e-08
0.22 0.04 0 5.696036102559878e-08
0.22 0.05 0 1.09274802108216e-07
0.22 0.06 0 1.6363982661640018e-07
0.22 0.07 0 1.422839274487891e-07
0.22 0.08 0 8.17095228914579e-08
0.22 0.09 0 2.5630435254750736e-08
0.22 0.1 0 8.053884415127729e-09
0.22 0.11 0 6.699974513704267e-09
0.22 0.12 0 1.050644641789576e-08
0.22 0.13 0 1.4885425075340603e-08
0.22 0.14 0 1.394849790524005e-08
0.22 0.15 0 5.412836960582716e-09
0.22 0.16 0 1.9620640986394027e-09
0.22 0.17 0 2.410791174894048e-09
0.22 0.18 0 3.0965957278725254e-09
0.22 0.19 0 2.1444270706565496e-09
0.22 0.2 0 2.8498972333408503e-09
0.22 0.21 0 3.002948175399757e-09
0.22 0.22 0 1.3835002814204824e-09
0.22 0.23 0 1.68096054854961e-09
0.22 0.24 0 2.882339738557591e-09
0.22 0.25 0 2.852426827378274e-09
0.22 0.26 0 7.301339978160058e-09
0.22 0.27 0 2.021736193799907e-08
0.22 0.28 0 2.3368287953471825e-08
0.22 0.29 0 5.791940515724525e-08
0.22 0.3 0 1.6743914194230936e-07
0.22 0.31 0 2.7983971333600057e-07
0.22 0.32 0 7.73608217736902e-07
0.22 0.33 0 9.380801181977118e-07
0.22 0.34 0 5.789563758520763e-07
0.22 0.35000000000000003 0 1.5667051104660967e-06
0.22 0.36 0 3.072391982847792e-06
0.22 0.37 0 2.273490175712192e-06
0.22 0.38 0 5.976213852565348e-06
0.22 0.39 0 1.3989179880768051e-05
0.22 0.4 0 1.605717009177587e-05
0.22 0.41000000000000003 0 5.3290490692248965e-05
0.22 0.42 0 7.768295178386016e-05
0.22 0.43 0 2.693883690966871e-05
0.22 0.44 0 2.510026921716714e-05
0.22 0.45 0 2.8725975865780216e-05
0.22 0.46 0 2.415353500198844e-05
0.22 0.47000000000000003 0 4.419532981660377e-05
0.22 0.48 0 4.31725178041459e-05
0.22 0.49 0 2.4796871513792107e-05
0.22 0.5 0 3.0196483933866745e-05
0.23 0.0 0 1.1054956109963557e-08
0.23 0.01 0 2.029573559921002e-08
0.23 0.02 0 2.9825843555505904e-08
0.23 0.03 0 9.377270213667633e-09
0.23 0.04 0 7.206166531085992e-09
0.23 0.05 0 9.819631557867094e-09
0.23 0.06 0 7.13241936418003e-09
0.23 0.07 0 1.1407616322119882e-08
0.23 0.08 0 2.188227996186129e-08
0.23 0.09 0 1.8475925743171056e-08
0.23 0.1 0 1.7310483432229577e-08
0.23 0.11 0 1.1018280605801651e-08
0.23 0.12 0 5.466900903155452e-09
0.23 0.13 0 8.448561868868978e-09
0.23 0.14 0 1.302612979765143e-08
0.23 0.15 0 8.604990652117153e-09
0.23 0.16 0 6.8648024784052595e-09
0.23 0.17 0 4.647763649987063e-09
0.23 0.18 0 2.8585276497028665e-09
0.23 0.19 0 5.5146975037829935e-09
0.23 0.2 0 1.2547985333595462e-08
0.23 0.21 0 9.931305806427431e-09
0.23 0.22 0 8.367672754585017e-09
0.23 0.23 0 1.30804340281342e-08
0.23 0.24 0 1.7645777097269108e-08
0.23 0.25 0 2.523206943056551e-08
0.23 0.26 0 5.63655698432651e-08
0.23 0.27 0 1.0964306316904733e-07
0.23 0.28 0 1.805824542380552e-07
0.23 0.29 0 3.5128652084689704e-07
0.23 0.3 0 5.040256207797129e-07
0.23 0.31 0 6.409060494712923e-07
0.23 0.32 0 1.1567096114028407e-06
0.23 0.33 0 1.4412287485774437e-06
0.23 0.34 0 1.4016586926122658e-06
0.23 0.35000000000000003 0 1.8540589803620636e-06
0.23 0.36 0 1.6039386445291932e-06
0.23 0.37 0 1.789204613187334e-06
0.23 0.38 0 5.154527252235774e-06
0.23 0.39 0 6.284022865738613e-06
0.23 0.4 0 5.240639730427611e-06
0.23 0.41000000000000003 0 1.6266920973786965e-05
0.23 0.42 0 3.0995841811160713e-05
0.23 0.43 0 2.434761092808304e-05
0.23 0.44 0 3.38741001086029e-05
0.23 0.45 0 2.7225304614843245e-05
0.23 0.46 0 2.0101646608803176e-05
0.23 0.47000000000000003 0 5.794137090678342e-05
0.23 0.48 0 9.235311406254888e-05
0.23 0.49 0 6.0172879830093004e-05
0.23 0.5 0 5.542564689496186e-05
0.24 0.0 0 1.2214050388954503e-07
0.24 0.01 0 1.0365070452818418e-07
0.24 0.02 0 6.32351095525557e-08
0.24 0.03 0 1.2924945367574536e-08
0.24 0.04 0 7.2184897165857235e-09
0.24 0.05 0 3.609297113343463e-09
0.24 0.06 0 1.1812241363625914e-09
0.24 0.07 0 2.1473094859516917e-09
0.24 0.08 0 4.113001689623759e-09
0.24 0.09 0 2.8417468769659323e-09
0.24 0.1 0 4.146704243280866e-09
0.24 0.11 0 4.421655778712991e-09
0.24 0.12 0 2.590887092360992e-09
0.24 0.13 0 3.965789851596483e-09
0.24 0.14 0 4.503588702620743e-09
0.24 0.15 0 4.233140490929746e-09
0.24 0.16 0 1.03032857956394e-08
0.24 0.17 0 7.539836116302258e-09
0.24 0.18 0 2.40348816168414e-09
0.24 0.19 0 3.1305488303746835e-09
0.24 0.2 0 3.287657248870833e-09
0.24 0.21 0 2.183658269777732e-09
0.24 0.22 0 3.6250498857313768e-09
0.24 0.23 0 2.9497009641621652e-09
0.24 0.24 0 1.5346757303135822e-09
0.24 0.25 0 3.556484586521446e-09
0.24 0.26 0 9.197523546936108e-09
0.24 0.27 0 1.2372116478485796e-08
0.24 0.28 0 2.06337523158204e-08
0.24 0.29 0 2.3419080999166264e-08
0.24 0.3 0 2.429907559946295e-08
0.24 0.31 0 4.5865966748824676e-08
0.24 0.32 0 6.897990570328165e-08
0.24 0.33 0 1.3128474441849537e-07
0.24 0.34 0 5.954903490551669e-07
0.24 0.35000000000000003 0 1.7467545150474976e-06
0.24 0.36 0 2.8134039578972767e-06
0.24 0.37 0 5.239351160921006e-06
0.24 0.38 0 5.698041238000077e-06
0.24 0.39 0 3.7653518584544235e-06
0.24 0.4 0 4.52891976742193e-06
0.24 0.41000000000000003 0 6.766708874701967e-06
0.24 0.42 0 7.4206919725616905e-06
0.24 0.43 0 1.4586215868912686e-05
0.24 0.44 0 4.107776457967018e-05
0.24 0.45 0 4.12070986065336e-05
0.24 0.46 0 2.3822285402206073e-05
0.24 0.47000000000000003 0 2.2699013022228475e-05
0.24 0.48 0 2.6344884619073012e-05
0.24 0.49 0 4.017629786957068e-05
0.24 0.5 0 6.536073584580296e-05
0.25 0.0 0 2.6423859518402905e-08
0.25 0.01 0 3.2287993979724145e-08
0.25 0.02 0 2.3137631118034303e-08
0.25 0.03 0 2.0546734077123104e-08
0.25 0.04 0 3.570309057932602e-08
0.25 0.05 0 2.3941730034918662e-08
0.25 0.06 0 9.175850343245478e-09
0.25 0.07 0 9.953509508211242e-09
0.25 0.08 0 1.0380153398772492e-08
0.25 0.09 0 7.689308018821362e-09
0.25 0.1 0 9.446212193960034e-09
0.25 0.11 0 5.652890410482908e-09
0.25 0.12 0 2.2019583309156582e-09
0.25 0.13 0 2.444866077670081e-09
0.25 0.14 0 2.519728725201923e-09
0.25 0.15 0 2.4416169883092057e-09
0.25 0.16 0 4.6510626734443705e-09
0.25 0.17 0 3.760784088505104e-09
0.25 0.18 0 2.3457227454420364e-09
0.25 0.19 0 3.1278475572065494e-09
0.25 0.2 0 1.7062995805771266e-09
0.25 0.21 0 1.344351500036266e-09
0.25 0.22 0 5.7261460473681095e-09
0.25 0.23 0 8.146499989394762e-09
0.25 0.24 0 5.106808503061204e-09
0.25 0.25 0 8.364960272756985e-09
0.25 0.26 0 7.215412030969985e-09
0.25 0.27 0 6.546879954845534e-09
0.25 0.28 0 1.974056220634795e-08
0.25 0.29 0 2.2668633149771163e-08
0.25 0.3 0 1.7476000616328424e-08
0.25 0.31 0 3.612326878874642e-08
0.25 0.32 0 4.675544508223988e-08
0.25 0.33 0 7.005863939706778e-08
0.25 0.34 0 1.8857158638097904e-07
0.25 0.35000000000000003 0 1.897525349142366e-07
0.25 0.36 0 2.8635531764150203e-07
0.25 0.37 0 1.0066670349878275e-06
0.25 0.38 0 8.8420382722307e-07
0.25 0.39 0 6.611959059739609e-07
0.25 0.4 0 1.2028648233790518e-06
0.25 0.41000000000000003 0 9.236994393563439e-07
0.25 0.42 0 7.577831466346948e-07
0.25 0.43 0 1.6713654656379323e-06
0.25 0.44 0 2.120500833868265e-06
0.25 0.45 0 2.4700043914284932e-06
0.25 0.46 0 4.65746207748443e-06
0.25 0.47000000000000003 0 4.170544284464523e-06
0.25 0.48 0 2.8933291405871604e-06
0.25 0.49 0 3.5991514419381713e-06
0.25 0.5 0 4.810961477208767e-06
0.26 0.0 0 9.67029168040441e-07
0.26 0.01 0 6.05996316685826e-07
0.26 0.02 0 3.9333650701172403e-07
0.26 0.03 0 6.498943111769636e-07
0.26 0.04 0 7.071640652226433e-07
0.26 0.05 0 4.6517592936897363e-07
0.26 0.06 0 4.846486652712429e-07
0.26 0.07 0 3.269765052421373e-07
0.26 0.08 0 1.2066699896960208e-07
0.26 0.09 0 9.044923981341537e-08
0.26 0.1 0 1.2617784703536027e-07
0.26 0.11 0 1.3023780976341018e-07
0.26 0.12 0 9.081883798937583e-08
0.26 0.13 0 4.672199596070308e-08
0.26 0.14 0 2.2002611584843203e-08
0.26 0.15 0 1.7153879569610907e-08
0.26 0.16 0 1.8047664222694987e-08
0.26 0.17 0 1.5080017440967783e-08
0.26 0.18 0 1.5776690951851064e-08
0.26 0.19 0 1.821543408796505e-08
0.26 0.2 0 1.2776185342574085e-08
0.26 0.21 0 1.3113678377802899e-08
0.26 0.22 0 1.9094870427811835e-08
0.26 0.23 0 1.2957438288031096e-08
0.26 0.24 0 1.1822194707622827e-08
0.26 0.25 0 1.6573928901508088e-08
0.26 0.26 0 7.002099917541196e-09
0.26 0.27 0 3.911052460062224e-09
0.26 0.28 0 9.849989244612389e-09
0.26 0.29 0 1.8703257639568845e-08
0.26 0.3 0 3.2188340550688544e-08
0.26 0.31 0 7.007407101761495e-08
0.26 0.32 0 5.220094596898184e-08
0.26 0.33 0 4.5213635516440153e-08
0.26 0.34 0 7.388472317461149e-08
0.26 0.35000000000000003 0 4.687015353761636e-08
0.26 0.36 0 3.835295660106705e-08
0.26 0.37 0 5.7844977217926406e-08
0.26 0.38 0 4.211873959750895e-08
0.26 0.39 0 7.203566234131738e-08
0.26 0.4 0 2.079516224992297e-07
0.26 0.41000000000000003 0 1.249090978614575e-07
0.26 0.42 0 1.270025809919482e-07
0.26 0.43 0 3.091655677824209e-07
0.26 0.44 0 1.7571101618845828e-07
0.26 0.45 0 1.1698169048871651e-07
0.26 0.46 0 1.6953720565781078e-07
0.26 0.47000000000000003 0 9.787862095790015e-08
0.26 0.48 0 9.242231890096506e-08
0.26 0.49 0 1.656620074266301e-07
0.26 0.5 0 1.2389571559431404e-07
0.27 0.0 0 1.6621175939030158e-06
0.27 0.01 0 5.602761866061692e-07
0.27 0.02 0 3.0997313180951346e-07
0.27 0.03 0 6.304909082107283e-07
0.27 0.04 0 3.9474089075849466e-07
0.27 0.05 0 2.487762788818133e-07
0.27 0.06 0 5.219766162277164e-07
0.27 0.07 0 4.6824472187224466e-07
0.27 0.08 0 3.9444004228395585e-07
0.27 0.09 0 7.259588741360514e-07
0.27 0.1 0 5.356439034101575e-07
0.27 0.11 0 3.802536691049373e-07
0.27 0.12 0 5.303269228784995e-07
0.27 0.13 0 2.9194201213158096e-07
0.27 0.14 0 1.0533241626488361e-07
0.27 0.15 0 5.023203493837382e-08
0.27 0.16 0 2.0865491933827622e-08
0.27 0.17 0 2.1589651887501906e-08
0.27 0.18 0 3.9993174111233375e-08
0.27 0.19 0 2.8982113249416326e-08
0.27 0.2 0 2.333797801316337e-08
0.27 0.21 0 3.479132290462319e-08
0.27 0.22 0 2.932044012507691e-08
0.27 0.23 0 2.549838841588934e-08
0.27 0.24 0 3.95446097384041e-08
0.27 0.25 0 3.5996346883702345e-08
0.27 0.26 0 2.091223497982144e-08
0.27 0.27 0 1.6055396011137948e-08
0.27 0.28 0 9.460992211527158e-09
0.27 0.29 0 4.359169803828254e-09
0.27 0.3 0 4.0549307638860025e-09
0.27 0.31 0 5.02220371191176e-09
0.27 0.32 0 3.2299831695658314e-09
0.27 0.33 0 1.6142743135555594e-09
0.27 0.34 0 9.787373400487354e-10
0.27 0.35000000000000003 0 8.52097014375872e-10
0.27 0.36 0 1.6547958410509148e-09
0.27 0.37 0 3.3654843481111723e-09
0.27 0.38 0 4.030906683854066e-09
0.27 0.39 0 7.417680443228198e-09
0.27 0.4 0 1.1818655774337978e-08
0.27 0.41000000000000003 0 7.554064660123145e-09
0.27 0.42 0 7.616050237537525e-09
0.27 0.43 0 8.15251444803042e-09
0.27 0.44 0 4.228928014725024e-09
0.27 0.45 0 6.0382281582335176e-09
0.27 0.46 0 1.049988691096574e-08
0.27 0.47000000000000003 0 3.7480699344620845e-09
0.27 0.48 0 1.8920608687209237e-09
0.27 0.49 0 1.9057900267176938e-09
0.27 0.5 0 1.1817238281140131e-09
0.28 0.0 0 7.528935628787953e-06
0.28 0.01 0 5.182455658019071e-06
0.28 0.02 0 4.7958642372209535e-06
0.28 0.03 0 7.997924666062068e-06
0.28 0.04 0 6.513269613352217e-06
0.28 0.05 0 1.1072732787895054e-05
0.28 0.06 0 2.969548873453618e-05
0.28 0.07 0 1.577347184727322e-05
0.28 0.08 0 1.2288076900674115e-05
0.28 0.09 0 2.5067760779356066e-05
0.28 0.1 0 1.3869631093141174e-05
0.28 0.11 0 8.202110799034194e-06
0.28 0.12 0 1.0150351347353346e-05
0.28 0.13 0 5.3355096886044414e-06
0.28 0.14 0 4.348767660299294e-06
0.28 0.15 0 5.267419214568293e-06
0.28 0.16 0 1.992446373496127e-06
0.28 0.17 0 1.344641107483324e-06
0.28 0.18 0 1.7713589735930732e-06
0.28 0.19 0 1.027862806572563e-06
0.28 0.2 0 9.373443871835267e-07
0.28 0.21 0 6.673218617165517e-07
0.28 0.22 0 1.2741505224658594e-07
0.28 0.23 0 8.539699964937392e-08
0.28 0.24 0 1.4977903403820947e-07
0.28 0.25 0 9.615172614694841e-08
0.28 0.26 0 1.1410356942005195e-07
0.28 0.27 0 2.086051802133604e-07
0.28 0.28 0 1.125582171196908e-07
0.28 0.29 0 7.191438241792422e-08
0.28 0.3 0 7.04298510688331e-08
0.28 0.31 0 4.711762124057872e-08
0.28 0.32 0 6.549091483042871e-08
0.28 0.33 0 1.2496987034238008e-07
0.28 0.34 0 1.0297952864299214e-07
0.28 0.35000000000000003 0 7.868657701796525e-08
0.28 0.36 0 5.6087032406366374e-08
0.28 0.37 0 3.275716041705637e-08
0.28 0.38 0 3.882145053347933e-08
0.28 0.39 0 4.4506928398098087e-08
0.28 0.4 0 2.406911194110143e-08
0.28 0.41000000000000003 0 2.142819036457516e-08
0.28 0.42 0 3.0232877272204725e-08
0.28 0.43 0 2.126189327096689e-08
0.28 0.44 0 1.4173202130195382e-08
0.28 0.45 0 1.8379078020541678e-08
0.28 0.46 0 2.272131764853358e-08
0.28 0.47000000000000003 0 2.544378175323094e-08
0.28 0.48 0 3.51973853287487e-08
0.28 0.49 0 2.4872149487267674e-08
0.28 0.5 0 9.570634412470645e-09
0.29 0.0 0 0.0002221816615056618
0.29 0.01 0 0.00016347811718910743
0.29 0.02 0 0.0001392328534878715
0.29 0.03 0 8.013534755511955e-05
0.29 0.04 0 3.919127608405948e-05
0.29 0.05 0 4.098121456619507e-05
0.29 0.06 0 4.406573596787409e-05
0.29 0.07 0 2.6776166825185088e-05
0.29 0.08 0 2.3718925536128158e-05
0.29 0.09 0 1.7948800793243306e-05
0.29 0.1 0 6.733117184035355e-06
0.29 0.11 0 6.222438058567484e-06
0.29 0.12 0 9.072830343500596e-06
0.29 0.13 0 4.913802490592062e-06
0.29 0.14 0 3.6341167092355404e-06
0.29 0.15 0 3.7703293091171405e-06
0.29 0.16 0 1.5909732397772445e-06
0.29 0.17 0 6.828642616140522e-07
0.29 0.18 0 2.548232572699709e-07
0.29 0.19 0 6.216368185054714e-08
0.29 0.2 0 5.621999748341826e-08
0.29 0.21 0 7.473167274709363e-08
0.29 0.22 0 4.3184018353026515e-08
0.29 0.23 0 5.737034616063812e-08
0.29 0.24 0 7.85567381452793e-08
0.29 0.25 0 5.035876487848989e-08
0.29 0.26 0 1.1002773063133399e-07
0.29 0.27 0 1.8105500791528483e-07
0.29 0.28 0 5.166662198988426e-08
0.29 0.29 0 3.136092665882265e-08
0.29 0.3 0 2.3336833151758243e-08
0.29 0.31 0 5.92403800529556e-09
0.29 0.32 0 3.9256392321569936e-09
0.29 0.33 0 4.110779728198634e-09
0.29 0.34 0 2.612621563464655e-09
0.29 0.35000000000000003 0 3.922598957089122e-09
0.29 0.36 0 4.2250741695464e-09
0.29 0.37 0 2.0843929671992e-09
0.29 0.38 0 3.28190267446361e-09
0.29 0.39 0 5.211550301435027e-09
0.29 0.4 0 4.6943494006091865e-09
0.29 0.41000000000000003 0 1.070123610790413e-08
0.29 0.42 0 1.3928130225224192e-08
0.29 0.43 0 7.841451526315642e-09
0.29 0.44 0 1.3245208282776272e-08
0.29 0.45 0 1.4421189337313867e-08
0.29 0.46 0 4.552618979120418e-09
0.29 0.47000000000000003 0 3.411906876379552e-09
0.29 0.48 0 4.056082001257164e-09
0.29 0.49 0 3.4890346605075597e-09
0.29 0.5 0 5.174745822910918e-09
0.3 0.0 0 4.417444198697107e-07
0.3 0.01 0 6.159992661044944e-07
0.3 0.02 0 6.778520154378691e-07
0.3 0.03 0 3.734770690964859e-07
0.3 0.04 0 5.157226106170716e-07
0.3 0.05 0 7.802260078276201e-07
0.3 0.06 0 4.4996407684477894e-07
0.3 0.07 0 4.810534583593429e-07
0.3 0.08 0 8.113767355542531e-07
0.3 0.09 0 6.335347873472606e-07
0.3 0.1 0 5.365465544738613e-07
0.3 0.11 0 6.18945041505561e-07
0.3 0.12 0 4.5042202178319785e-07
0.3 0.13 0 3.22480684279259e-07
0.3 0.14 0 2.7960925450865636e-07
0.3 0.15 0 1.6037688981818205e-07
0.3 0.16 0 8.489155014905912e-08
0.3 0.17 0 7.669981551914797e-08
0.3 0.18 0 8.811416767377462e-08
0.3 0.19 0 1.0793955187562428e-07
0.3 0.2 0 1.5494001084511642e-07
0.3 0.21 0 1.956881445015129e-07
0.3 0.22 0 2.74211979070525e-07
0.3 0.23 0 4.2519179151180425e-07
0.3 0.24 0 2.2925796824334086e-07
0.3 0.25 0 7.312779700245087e-08
0.3 0.26 0 6.234647532894957e-08
0.3 0.27 0 5.4263587122111307e-08
0.3 0.28 0 3.3601134506103206e-08
0.3 0.29 0 4.2533293567418814e-08
0.3 0.3 0 3.31642533559598e-08
0.3 0.31 0 1.4649352101304425e-08
0.3 0.32 0 2.3637465913201773e-08
0.3 0.33 0 4.121580942838479e-08
0.3 0.34 0 3.216941625367481e-08
0.3 0.35000000000000003 0 4.898483065397954e-08
0.3 0.36 0 6.175778851856911e-08
0.3 0.37 0 4.347050586289902e-08
0.3 0.38 0 5.848190593388098e-08
0.3 0.39 0 4.90653833230097e-08
0.3 0.4 0 3.0827129681337375e-08
0.3 0.41000000000000003 0 4.882945034937661e-08
0.3 0.42 0 2.4824234347297322e-08
0.3 0.43 0 5.050095115305783e-09
0.3 0.44 0 3.7115681103019332e-09
0.3 0.45 0 2.251524558141963e-09
0.3 0.46 0 1.3894574177405483e-09
0.3 0.47000000000000003 0 4.344705446008346e-09
0.3 0.48 0 6.4916956875752295e-09
0.3 0.49 0 4.069047188712476e-09
0.3 0.5 0 8.613961258710204e-09
#STOP
