#MEDIUM_PROPERTIES_DISTRIBUTED
$MSH_TYPE
	 GROUNDWATER_FLOW	
$MMP_TYPE
	 PERMEABILITY	
$DIS_TYPE
	 NEAREST_VALUE	
;hj
$CONVERSION_FACTOR
	 1.0	
$DATA
0.0 0.0 0 8.068884755224023e-09
0.0 0.01 0 9.441406790081944e-08
0.0 0.02 0 1.3849984287404966e-07
0.0 0.03 0 1.689516800242521e-07
0.0 0.04 0 1.416593383203747e-07
0.0 0.05 0 6.746269546195527e-08
0.0 0.06 0 3.892125200902823e-08
0.0 0.07 0 5.1624303160062413e-08
0.0 0.08 0 3.276254172584758e-08
0.0 0.09 0 6.232048092705452e-08
0.0 0.1 0 2.16252452102965e-08
0.0 0.11 0 1.0442164741551418e-09
0.0 0.12 0 4.821955331500925e-10
0.0 0.13 0 2.1022028945953625e-09
0.0 0.14 0 1.1425367829754368e-08
0.0 0.15 0 1.0534957099509928e-08
0.0 0.16 0 3.536895877593325e-08
0.0 0.17 0 3.9477307225985855e-08
0.0 0.18 0 1.2325393636261245e-07
0.0 0.19 0 3.4353233768938716e-07
0.0 0.2 0 4.5500923868895287e-07
0.0 0.21 0 5.47197767113813e-07
0.0 0.22 0 1.3738208969675055e-06
0.0 0.23 0 1.6663303798330184e-07
0.0 0.24 0 9.347901498774055e-08
0.0 0.25 0 1.50182066530683e-07
0.0 0.26 0 1.9198300052946156e-07
0.0 0.27 0 6.041651097230593e-08
0.0 0.28 0 9.82316678518174e-07
0.0 0.29 0 2.0927125965430166e-06
0.0 0.3 0 7.569979687060555e-07
0.0 0.31 0 8.41952811829151e-08
0.0 0.32 0 2.1973367813411568e-08
0.0 0.33 0 7.724598453661939e-08
0.0 0.34 0 1.4331579119043726e-08
0.0 0.35000000000000003 0 5.7998403303775465e-09
0.0 0.36 0 4.618036678825317e-09
0.0 0.37 0 5.161124774396692e-09
0.0 0.38 0 2.9591614242458956e-08
0.0 0.39 0 7.675130351872414e-08
0.0 0.4 0 2.303654172293678e-08
0.0 0.41000000000000003 0 3.710186680741157e-09
0.0 0.42 0 1.2085050070785256e-09
0.0 0.43 0 2.930574463553907e-09
0.0 0.44 0 6.520934770506457e-10
0.0 0.45 0 5.031017450441613e-09
0.0 0.46 0 4.124318746719591e-09
0.0 0.47000000000000003 0 1.8493360008450687e-09
0.0 0.48 0 4.0689432652036574e-09
0.0 0.49 0 1.515758951343923e-08
0.0 0.5 0 3.0686295099227196e-08
0.01 0.0 0 3.8463632586891846e-08
0.01 0.01 0 1.0741399205115188e-07
0.01 0.02 0 7.439273782331085e-07
0.01 0.03 0 9.924994657740761e-08
0.01 0.04 0 1.9902254774883744e-07
0.01 0.05 0 1.0302575949830312e-07
0.01 0.06 0 2.1005585466666416e-08
0.01 0.07 0 5.508537042319405e-09
0.01 0.08 0 2.3884598556814326e-08
0.01 0.09 0 1.2807942233572326e-08
0.01 0.1 0 1.4292410228703094e-09
0.01 0.11 0 2.672837601738081e-09
0.01 0.12 0 5.262383080563191e-10
0.01 0.13 0 6.741414885872513e-10
0.01 0.14 0 3.0407541736398587e-10
0.01 0.15 0 6.711363637991783e-10
0.01 0.16 0 1.9890209047381246e-09
0.01 0.17 0 1.2759951402101872e-08
0.01 0.18 0 5.4571062150573824e-08
0.01 0.19 0 1.3752941357895989e-07
0.01 0.2 0 3.845437105496795e-08
0.01 0.21 0 8.42264867288134e-08
0.01 0.22 0 2.529188512507803e-08
0.01 0.23 0 7.1772168052843374e-09
0.01 0.24 0 7.095168486036136e-10
0.01 0.25 0 1.2268075325645583e-09
0.01 0.26 0 4.144131843195427e-08
0.01 0.27 0 5.1920945629219144e-08
0.01 0.28 0 4.511359658253734e-08
0.01 0.29 0 2.913012453639353e-08
0.01 0.3 0 7.983906289663819e-08
0.01 0.31 0 6.611519489980615e-09
0.01 0.32 0 1.1852028492993959e-09
0.01 0.33 0 4.10368743784323e-09
0.01 0.34 0 9.304918357842833e-09
0.01 0.35000000000000003 0 4.543185519001389e-09
0.01 0.36 0 1.7092127116014562e-08
0.01 0.37 0 8.632508473165736e-09
0.01 0.38 0 2.2952874781621215e-09
0.01 0.39 0 2.726372872540686e-09
0.01 0.4 0 1.948980204695147e-09
0.01 0.41000000000000003 0 4.16256691540442e-10
0.01 0.42 0 4.242310043268776e-10
0.01 0.43 0 9.10534558020301e-10
0.01 0.44 0 8.527910078604775e-10
0.01 0.45 0 6.766239274382105e-09
0.01 0.46 0 2.3175755008031725e-09
0.01 0.47000000000000003 0 3.2337673046239405e-09
0.01 0.48 0 3.682848745400118e-09
0.01 0.49 0 3.097855581538141e-09
0.01 0.5 0 1.2493397336704177e-08
0.02 0.0 0 7.494908506695742e-10
0.02 0.01 0 1.0476278272142003e-08
0.02 0.02 0 1.8035214187529037e-07
0.02 0.03 0 3.732592521302406e-08
0.02 0.04 0 4.257271650881637e-08
0.02 0.05 0 3.2614502916559454e-08
0.02 0.06 0 1.268527896077903e-08
0.02 0.07 0 1.7014265600739466e-09
0.02 0.08 0 1.3410086216053625e-09
0.02 0.09 0 7.089067403456368e-10
0.02 0.1 0 1.685665531465544e-10
0.02 0.11 0 4.5722354219435605e-10
0.02 0.12 0 6.314127697303805e-10
0.02 0.13 0 1.6794355410230366e-09
0.02 0.14 0 4.059706536838373e-09
0.02 0.15 0 9.94875753770769e-10
0.02 0.16 0 2.184991020381619e-09
0.02 0.17 0 5.027787682915126e-09
0.02 0.18 0 7.771269838873529e-09
0.02 0.19 0 7.493581378026695e-09
0.02 0.2 0 2.4866081921044703e-09
0.02 0.21 0 7.045727701928067e-10
0.02 0.22 0 6.87027482013206e-10
0.02 0.23 0 1.699966650786813e-09
0.02 0.24 0 1.0594368034001996e-09
0.02 0.25 0 3.3288368396255137e-09
0.02 0.26 0 2.1212361389298448e-09
0.02 0.27 0 3.535800004099087e-09
0.02 0.28 0 4.096961066728983e-08
0.02 0.29 0 7.841814456572583e-08
0.02 0.3 0 7.655473692795061e-08
0.02 0.31 0 1.2788218328435045e-08
0.02 0.32 0 8.489335835877975e-09
0.02 0.33 0 1.577069349476035e-08
0.02 0.34 0 2.4743980656788475e-07
0.02 0.35000000000000003 0 1.0104897753487596e-07
0.02 0.36 0 1.3153245514206239e-08
0.02 0.37 0 1.4224362466359235e-08
0.02 0.38 0 3.481862172147109e-09
0.02 0.39 0 6.983078345035922e-10
0.02 0.4 0 1.0632346062584364e-09
0.02 0.41000000000000003 0 2.266396860586984e-09
0.02 0.42 0 5.508961345155611e-10
0.02 0.43 0 8.545380045735064e-09
0.02 0.44 0 6.033008529931758e-08
0.02 0.45 0 8.950681784084366e-09
0.02 0.46 0 6.0072490566560374e-09
0.02 0.47000000000000003 0 4.491566085221937e-09
0.02 0.48 0 4.4494594861573375e-09
0.02 0.49 0 1.2545119132432113e-09
0.02 0.5 0 1.5020585750725283e-09
0.03 0.0 0 1.2450974752453848e-09
0.03 0.01 0 2.5600318766233983e-09
0.03 0.02 0 1.4104203709406591e-08
0.03 0.03 0 2.0431472129064982e-08
0.03 0.04 0 2.727016806620725e-09
0.03 0.05 0 1.4270096301538624e-09
0.03 0.06 0 2.517531632287989e-09
0.03 0.07 0 1.3486007239035627e-09
0.03 0.08 0 1.5191057309504803e-09
0.03 0.09 0 4.93356697221062e-09
0.03 0.1 0 1.6062727711719628e-08
0.03 0.11 0 1.4289070959122615e-07
0.03 0.12 0 1.0723584055563171e-06
0.03 0.13 0 4.622452563841714e-07
0.03 0.14 0 8.817011811021311e-08
0.03 0.15 0 1.8094903892285644e-07
0.03 0.16 0 9.810163954999734e-08
0.03 0.17 0 1.4256589429370737e-07
0.03 0.18 0 1.1459900063938948e-07
0.03 0.19 0 4.5831646718410865e-08
0.03 0.2 0 2.784099243708167e-09
0.03 0.21 0 2.41687886904016e-09
0.03 0.22 0 1.7668108577350227e-09
0.03 0.23 0 1.171012668734324e-09
0.03 0.24 0 2.393004429141656e-09
0.03 0.25 0 2.5207880578940354e-09
0.03 0.26 0 1.4014492233138551e-08
0.03 0.27 0 1.1739781422457751e-08
0.03 0.28 0 5.0504248095525715e-08
0.03 0.29 0 1.8234472578352483e-08
0.03 0.3 0 1.1466517365034837e-08
0.03 0.31 0 3.475598756977354e-08
0.03 0.32 0 1.7518711695270934e-08
0.03 0.33 0 4.151702910535991e-08
0.03 0.34 0 2.215576536951023e-07
0.03 0.35000000000000003 0 1.499379437526907e-07
0.03 0.36 0 7.631700871939498e-08
0.03 0.37 0 4.70128884697507e-08
0.03 0.38 0 9.954635746667773e-09
0.03 0.39 0 4.85846464330569e-09
0.03 0.4 0 4.376386603805464e-09
0.03 0.41000000000000003 0 1.2381945544007883e-08
0.03 0.42 0 3.0298480856469065e-08
0.03 0.43 0 1.1593851436075456e-07
0.03 0.44 0 3.406317264739575e-08
0.03 0.45 0 1.638832568650559e-08
0.03 0.46 0 7.20912513637118e-08
0.03 0.47000000000000003 0 9.95175163244754e-08
0.03 0.48 0 7.114559902015243e-08
0.03 0.49 0 2.4949658956981442e-08
0.03 0.5 0 7.553658750641183e-09
0.04 0.0 0 4.292779267076583e-10
0.04 0.01 0 9.036350561735731e-10
0.04 0.02 0 3.916785566409285e-09
0.04 0.03 0 4.8277589286914125e-09
0.04 0.04 0 1.3342083354068178e-09
0.04 0.05 0 8.978231561455226e-11
0.04 0.06 0 2.9761221408566527e-10
0.04 0.07 0 1.0184707408349872e-09
0.04 0.08 0 2.5312182387963474e-08
0.04 0.09 0 8.458224747100714e-08
0.04 0.1 0 3.0265682021804353e-07
0.04 0.11 0 2.8045192609636647e-06
0.04 0.12 0 2.671215460960822e-06
0.04 0.13 0 1.1508083708617344e-06
0.04 0.14 0 8.819614307854369e-07
0.04 0.15 0 4.701476013044772e-07
0.04 0.16 0 1.3308722642427947e-07
0.04 0.17 0 9.899592260737822e-07
0.04 0.18 0 2.7601415689617296e-07
0.04 0.19 0 2.948309752753924e-07
0.04 0.2 0 4.7254646554900384e-08
0.04 0.21 0 7.548324468705203e-09
0.04 0.22 0 5.536105545679085e-09
0.04 0.23 0 2.2874234881844928e-08
0.04 0.24 0 1.3659452930741463e-08
0.04 0.25 0 5.968405510603748e-09
0.04 0.26 0 5.035722775848212e-08
0.04 0.27 0 1.2703135795501183e-07
0.04 0.28 0 3.129757526218915e-08
0.04 0.29 0 3.877594368370786e-08
0.04 0.3 0 1.0404242241852417e-08
0.04 0.31 0 9.306948181815622e-09
0.04 0.32 0 6.873947849121732e-08
0.04 0.33 0 1.5600212864275036e-08
0.04 0.34 0 3.084285938355442e-08
0.04 0.35000000000000003 0 1.3617422524326342e-07
0.04 0.36 0 2.801076278733069e-07
0.04 0.37 0 1.4558303373916038e-08
0.04 0.38 0 1.2131010723066843e-08
0.04 0.39 0 1.4832246043118181e-08
0.04 0.4 0 5.845547800529314e-09
0.04 0.41000000000000003 0 2.48427424392563e-09
0.04 0.42 0 1.5885459750935963e-09
0.04 0.43 0 5.464258927779166e-09
0.04 0.44 0 6.1386274218118345e-09
0.04 0.45 0 7.46083067737284e-09
0.04 0.46 0 2.8309791656118335e-08
0.04 0.47000000000000003 0 2.3042670718196874e-08
0.04 0.48 0 2.7509028644357677e-08
0.04 0.49 0 1.2684393864685278e-08
0.04 0.5 0 1.2968338444277983e-08
0.05 0.0 0 3.975551936591973e-09
0.05 0.01 0 1.3459021089065816e-08
0.05 0.02 0 1.678194202513399e-08
0.05 0.03 0 1.0456039299450071e-08
0.05 0.04 0 5.451902522568697e-09
0.05 0.05 0 1.4462982892411695e-10
0.05 0.06 0 2.8588612459355063e-10
0.05 0.07 0 4.3301467393323e-08
0.05 0.08 0 1.1307434662541515e-07
0.05 0.09 0 8.181822271422927e-08
0.05 0.1 0 8.13954847384807e-07
0.05 0.11 0 1.7604422802200968e-06
0.05 0.12 0 2.882889541615202e-06
0.05 0.13 0 5.623695275617865e-07
0.05 0.14 0 7.384683508196977e-07
0.05 0.15 0 8.758923148897075e-07
0.05 0.16 0 6.178380444775036e-07
0.05 0.17 0 4.25309579758985e-07
0.05 0.18 0 3.4173031193659656e-07
0.05 0.19 0 4.6549538247615895e-07
0.05 0.2 0 5.863858088015207e-07
0.05 0.21 0 3.6366929091567506e-07
0.05 0.22 0 2.8429869329090356e-07
0.05 0.23 0 4.214829082667154e-08
0.05 0.24 0 2.6227609585344083e-08
0.05 0.25 0 1.692327019294986e-08
0.05 0.26 0 9.248864272872661e-08
0.05 0.27 0 1.1309022252159783e-07
0.05 0.28 0 5.8093918627860304e-08
0.05 0.29 0 5.632366235100944e-08
0.05 0.3 0 3.359973849506091e-09
0.05 0.31 0 4.05606738492138e-09
0.05 0.32 0 2.902125777076506e-09
0.05 0.33 0 7.179798858042674e-09
0.05 0.34 0 2.6822669451949185e-09
0.05 0.35000000000000003 0 5.606486393756275e-09
0.05 0.36 0 4.346316256542482e-08
0.05 0.37 0 2.0393620559530134e-08
0.05 0.38 0 2.88335167785176e-09
0.05 0.39 0 2.9806803998599817e-09
0.05 0.4 0 8.025730299941433e-10
0.05 0.41000000000000003 0 9.456882999030176e-10
0.05 0.42 0 2.447400675303197e-10
0.05 0.43 0 2.302329181261418e-09
0.05 0.44 0 2.3745956050918417e-09
0.05 0.45 0 3.8092267980965845e-09
0.05 0.46 0 2.8994845748227943e-08
0.05 0.47000000000000003 0 7.154009012145953e-09
0.05 0.48 0 1.1842066182695038e-08
0.05 0.49 0 2.5356282888059646e-08
0.05 0.5 0 9.204768904889835e-08
0.06 0.0 0 5.5106165999167045e-09
0.06 0.01 0 4.454353055321348e-09
0.06 0.02 0 6.661239972034674e-09
0.06 0.03 0 9.54251756456281e-10
0.06 0.04 0 7.858235379042698e-10
0.06 0.05 0 5.040741963092992e-10
0.06 0.06 0 9.52385078303508e-10
0.06 0.07 0 1.0471656486697734e-08
0.06 0.08 0 2.8347826601486203e-08
0.06 0.09 0 4.4035426911315165e-08
0.06 0.1 0 8.167649437982956e-09
0.06 0.11 0 1.4202635490443157e-07
0.06 0.12 0 5.601878393634145e-07
0.06 0.13 0 5.7712427243945225e-08
0.06 0.14 0 5.315816442837174e-08
0.06 0.15 0 5.721910075199742e-07
0.06 0.16 0 3.434177845412567e-07
0.06 0.17 0 6.244861165525762e-08
0.06 0.18 0 3.327254373462825e-08
0.06 0.19 0 2.0228262543742926e-07
0.06 0.2 0 1.73269220573864e-07
0.06 0.21 0 9.845009096815706e-07
0.06 0.22 0 2.5632796210451713e-07
0.06 0.23 0 3.0744115946530535e-07
0.06 0.24 0 5.799230574485919e-07
0.06 0.25 0 9.932123171242517e-08
0.06 0.26 0 4.814840856483716e-07
0.06 0.27 0 1.8906682474464673e-06
0.06 0.28 0 1.695234369021957e-06
0.06 0.29 0 1.9412978267559224e-07
0.06 0.3 0 1.637354029165982e-07
0.06 0.31 0 2.6450580185111277e-08
0.06 0.32 0 1.6523916643020418e-07
0.06 0.33 0 1.6725884940315275e-07
0.06 0.34 0 2.65391166303723e-07
0.06 0.35000000000000003 0 6.1027022712406e-07
0.06 0.36 0 3.5032148572864036e-07
0.06 0.37 0 5.266320215671464e-08
0.06 0.38 0 1.2331742873406415e-08
0.06 0.39 0 2.723369226279643e-08
0.06 0.4 0 9.464104640419223e-09
0.06 0.41000000000000003 0 4.306238014549016e-09
0.06 0.42 0 6.840102636415331e-09
0.06 0.43 0 8.023652009400044e-09
0.06 0.44 0 9.223243742787376e-09
0.06 0.45 0 5.197775902166063e-09
0.06 0.46 0 5.324711245821657e-09
0.06 0.47000000000000003 0 2.5275467359349586e-09
0.06 0.48 0 1.3143466489785276e-10
0.06 0.49 0 4.247045948820288e-10
0.06 0.5 0 1.8427852306210722e-08
0.07 0.0 0 2.5456347557274177e-08
0.07 0.01 0 7.1392430053242936e-09
0.07 0.02 0 6.689803475556132e-09
0.07 0.03 0 1.2331583083723995e-09
0.07 0.04 0 3.071367246910752e-10
0.07 0.05 0 2.5922893086051887e-10
0.07 0.06 0 1.2893619646079347e-09
0.07 0.07 0 8.047749471820005e-09
0.07 0.08 0 1.6774823339910847e-08
0.07 0.09 0 2.7477898384983962e-08
0.07 0.1 0 1.2477047274122955e-07
0.07 0.11 0 1.88397743677711e-08
0.07 0.12 0 3.3026701164701284e-08
0.07 0.13 0 2.0859498881660132e-08
0.07 0.14 0 1.0136737582487428e-07
0.07 0.15 0 3.32014399660823e-07
0.07 0.16 0 1.6917507073613865e-07
0.07 0.17 0 5.2350527477939785e-08
0.07 0.18 0 3.4274650946082567e-08
0.07 0.19 0 6.511289128403356e-08
0.07 0.2 0 6.479699251074348e-08
0.07 0.21 0 9.560322760574646e-08
0.07 0.22 0 8.962408452343346e-07
0.07 0.23 0 4.851765080393969e-07
0.07 0.24 0 5.540215418332129e-07
0.07 0.25 0 5.454672495415236e-07
0.07 0.26 0 6.508190836884331e-07
0.07 0.27 0 2.345920156603446e-06
0.07 0.28 0 5.3906764511493e-06
0.07 0.29 0 2.3102934050073965e-06
0.07 0.3 0 1.6663546766097246e-07
0.07 0.31 0 3.461587238877889e-07
0.07 0.32 0 2.451180230572052e-07
0.07 0.33 0 3.794743679619725e-07
0.07 0.34 0 1.5287426527461714e-07
0.07 0.35000000000000003 0 4.740648406473646e-07
0.07 0.36 0 1.3367489534314274e-07
0.07 0.37 0 6.796084400213651e-08
0.07 0.38 0 2.9827347998233855e-08
0.07 0.39 0 1.3708335110039157e-08
0.07 0.4 0 6.4605525312515126e-09
0.07 0.41000000000000003 0 2.7403854774588176e-08
0.07 0.42 0 1.0486240670595102e-08
0.07 0.43 0 6.718593429977882e-09
0.07 0.44 0 7.599790484049655e-08
0.07 0.45 0 2.0148759380903162e-07
0.07 0.46 0 1.2072203543319547e-07
0.07 0.47000000000000003 0 3.028282127786366e-08
0.07 0.48 0 1.8292989036006772e-08
0.07 0.49 0 6.749014849780251e-09
0.07 0.5 0 1.6221515922621078e-08
0.08 0.0 0 2.1996225280112255e-07
0.08 0.01 0 3.723184314842701e-08
0.08 0.02 0 9.339809063752603e-09
0.08 0.03 0 2.6205260016518055e-09
0.08 0.04 0 6.454731665227931e-10
0.08 0.05 0 9.35560137772188e-11
0.08 0.06 0 1.2963140304623103e-10
0.08 0.07 0 1.136360239601741e-09
0.08 0.08 0 9.486112314182442e-10
0.08 0.09 0 1.4241778997019477e-09
0.08 0.1 0 1.5554770851823886e-09
0.08 0.11 0 4.271356274852359e-09
0.08 0.12 0 2.3098642627383637e-09
0.08 0.13 0 1.2471278912982445e-08
0.08 0.14 0 3.2922535894840086e-09
0.08 0.15 0 1.2346902361669383e-08
0.08 0.16 0 2.2492943186820435e-08
0.08 0.17 0 1.8303623051618378e-08
0.08 0.18 0 1.6869432568728536e-08
0.08 0.19 0 1.6194283172269832e-08
0.08 0.2 0 1.1265465334861858e-08
0.08 0.21 0 3.5355143348185424e-08
0.08 0.22 0 2.2520653019877418e-07
0.08 0.23 0 6.367061183351474e-08
0.08 0.24 0 1.68473268380071e-07
0.08 0.25 0 4.0629269302513967e-07
0.08 0.26 0 2.3271681086042596e-06
0.08 0.27 0 4.812741336747855e-06
0.08 0.28 0 1.5706586862431103e-05
0.08 0.29 0 1.8936107249551202e-06
0.08 0.3 0 1.9915348678738596e-06
0.08 0.31 0 1.6307338566251496e-06
0.08 0.32 0 3.295260912013298e-06
0.08 0.33 0 5.653887770447575e-07
0.08 0.34 0 1.6256723628837627e-06
0.08 0.35000000000000003 0 5.064719226963401e-06
0.08 0.36 0 9.594417852690004e-07
0.08 0.37 0 1.3590475687475378e-07
0.08 0.38 0 6.76918239519917e-08
0.08 0.39 0 5.930172076938662e-07
0.08 0.4 0 7.932082792793499e-08
0.08 0.41000000000000003 0 7.91507758907236e-08
0.08 0.42 0 3.094267611121174e-07
0.08 0.43 0 1.1544599000394232e-07
0.08 0.44 0 1.2338203693236975e-07
0.08 0.45 0 1.111916569509538e-06
0.08 0.46 0 4.097579515125294e-07
0.08 0.47000000000000003 0 2.03486380211557e-07
0.08 0.48 0 4.637738993041515e-08
0.08 0.49 0 3.305759245647972e-08
0.08 0.5 0 2.1021819692505583e-08
0.09 0.0 0 4.249733487752998e-08
0.09 0.01 0 1.3969137878513233e-07
0.09 0.02 0 2.8096885848135883e-08
0.09 0.03 0 4.6891080923492224e-09
0.09 0.04 0 4.579587824857169e-09
0.09 0.05 0 4.6135018848445895e-10
0.09 0.06 0 5.226670941987565e-11
0.09 0.07 0 5.855595538179456e-11
0.09 0.08 0 4.730830898833848e-10
0.09 0.09 0 5.854908805716089e-10
0.09 0.1 0 1.5921260913539506e-09
0.09 0.11 0 1.5431901872201253e-09
0.09 0.12 0 2.264070248401743e-09
0.09 0.13 0 1.7853433442226184e-08
0.09 0.14 0 1.3481445834916974e-08
0.09 0.15 0 5.79556865184068e-09
0.09 0.16 0 3.739528871616186e-09
0.09 0.17 0 3.3425979703691865e-08
0.09 0.18 0 6.598851955214299e-08
0.09 0.19 0 7.181661159168283e-08
0.09 0.2 0 2.226596886644261e-07
0.09 0.21 0 7.347998131729986e-08
0.09 0.22 0 1.0583845563948337e-07
0.09 0.23 0 5.555360567439637e-08
0.09 0.24 0 3.485930134840384e-07
0.09 0.25 0 9.658011413717444e-06
0.09 0.26 0 4.6345253535312246e-06
0.09 0.27 0 8.87105475205882e-06
0.09 0.28 0 3.0366847191270683e-06
0.09 0.29 0 2.4119031966879503e-06
0.09 0.3 0 3.903929147667944e-06
0.09 0.31 0 1.763653808893059e-06
0.09 0.32 0 1.2811080163927812e-06
0.09 0.33 0 6.932933325504154e-07
0.09 0.34 0 3.382698625850666e-06
0.09 0.35000000000000003 0 2.679307964382969e-06
0.09 0.36 0 9.296072346421774e-07
0.09 0.37 0 2.1183948194617365e-07
0.09 0.38 0 8.243836232651185e-08
0.09 0.39 0 7.554843077787583e-07
0.09 0.4 0 1.9951615217910694e-07
0.09 0.41000000000000003 0 4.0643466382650375e-08
0.09 0.42 0 2.356623353569281e-08
0.09 0.43 0 9.581914794198824e-08
0.09 0.44 0 1.3582505557674317e-07
0.09 0.45 0 5.229568217764733e-08
0.09 0.46 0 2.060643800433091e-07
0.09 0.47000000000000003 0 8.149213867319145e-08
0.09 0.48 0 1.480122272277036e-07
0.09 0.49 0 4.554700164007113e-08
0.09 0.5 0 2.749888765773593e-08
0.1 0.0 0 4.533564674772607e-08
0.1 0.01 0 9.686873661966467e-08
0.1 0.02 0 1.508365707855409e-07
0.1 0.03 0 1.89562051339863e-08
0.1 0.04 0 1.3584814863127767e-09
0.1 0.05 0 3.17200532102458e-09
0.1 0.06 0 4.816741015567482e-10
0.1 0.07 0 1.1095804957121103e-09
0.1 0.08 0 1.6547530278532646e-09
0.1 0.09 0 9.373380158564282e-10
0.1 0.1 0 1.0101525033816784e-09
0.1 0.11 0 2.3893021093018324e-09
0.1 0.12 0 3.1349674613794703e-09
0.1 0.13 0 2.0874885948636746e-08
0.1 0.14 0 7.206978788196755e-08
0.1 0.15 0 3.637721315398607e-08
0.1 0.16 0 1.0604651076318493e-08
0.1 0.17 0 7.294074419452253e-07
0.1 0.18 0 6.1167742085874056e-06
0.1 0.19 0 2.457579584156932e-06
0.1 0.2 0 1.2878672519048051e-06
0.1 0.21 0 1.4418053447979813e-06
0.1 0.22 0 6.565031079492699e-07
0.1 0.23 0 4.756884713446561e-07
0.1 0.24 0 3.41687069036695e-06
0.1 0.25 0 3.470309550330958e-06
0.1 0.26 0 7.611459402945711e-06
0.1 0.27 0 2.588254203410288e-06
0.1 0.28 0 1.2774668397410816e-06
0.1 0.29 0 1.935573700901836e-07
0.1 0.3 0 2.5644319129370494e-07
0.1 0.31 0 2.265293173833423e-07
0.1 0.32 0 1.894708106021231e-07
0.1 0.33 0 1.1429976966573304e-06
0.1 0.34 0 1.8057725772928679e-06
0.1 0.35000000000000003 0 3.0774541121528747e-07
0.1 0.36 0 1.878286669582462e-07
0.1 0.37 0 3.358672552736489e-06
0.1 0.38 0 1.5795928396976168e-06
0.1 0.39 0 9.965149470252702e-07
0.1 0.4 0 2.418955337528198e-07
0.1 0.41000000000000003 0 1.955449919930986e-07
0.1 0.42 0 4.7268223620837395e-07
0.1 0.43 0 3.3147251981894213e-07
0.1 0.44 0 4.6445151609686187e-07
0.1 0.45 0 4.876373938484497e-07
0.1 0.46 0 6.745983025530372e-07
0.1 0.47000000000000003 0 5.467703559148211e-07
0.1 0.48 0 6.280025665546627e-07
0.1 0.49 0 4.347733905797365e-07
0.1 0.5 0 1.960304535384673e-07
0.11 0.0 0 1.4911835119388882e-06
0.11 0.01 0 3.7306454724206015e-06
0.11 0.02 0 1.7892458279209972e-06
0.11 0.03 0 2.476980733183104e-07
0.11 0.04 0 3.6285059809567806e-08
0.11 0.05 0 5.773338593825457e-09
0.11 0.06 0 6.358991845990731e-10
0.11 0.07 0 1.3711958765387626e-10
0.11 0.08 0 1.7899652372330383e-09
0.11 0.09 0 1.4450817635913071e-09
0.11 0.1 0 1.633600259294604e-09
0.11 0.11 0 5.525985488059845e-09
0.11 0.12 0 9.969423929031306e-09
0.11 0.13 0 3.1500207458931094e-08
0.11 0.14 0 2.0741540098461142e-08
0.11 0.15 0 1.83970098476829e-08
0.11 0.16 0 1.4625400869334359e-08
0.11 0.17 0 3.4352744843346145e-07
0.11 0.18 0 5.351922159872189e-07
0.11 0.19 0 3.406383568066949e-06
0.11 0.2 0 7.624043181918706e-06
0.11 0.21 0 3.8115249540428734e-07
0.11 0.22 0 2.2640826344540529e-07
0.11 0.23 0 4.249985357608707e-07
0.11 0.24 0 4.422859560124949e-06
0.11 0.25 0 1.4991608671754191e-05
0.11 0.26 0 1.0104475318256985e-05
0.11 0.27 0 4.113199099345818e-06
0.11 0.28 0 2.550630415313723e-06
0.11 0.29 0 4.7174459725238613e-07
0.11 0.3 0 9.489851997625941e-08
0.11 0.31 0 2.1614697593668318e-07
0.11 0.32 0 8.1510819768413e-07
0.11 0.33 0 2.415937410149623e-07
0.11 0.34 0 6.461476088212566e-07
0.11 0.35000000000000003 0 3.201610482699759e-07
0.11 0.36 0 4.348630869022877e-08
0.11 0.37 0 1.4008815688908042e-07
0.11 0.38 0 7.715416187741625e-07
0.11 0.39 0 5.359899683306142e-07
0.11 0.4 0 1.2718930125817148e-06
0.11 0.41000000000000003 0 1.055577000657118e-06
0.11 0.42 0 1.3338611096887517e-07
0.11 0.43 0 8.251713297266375e-08
0.11 0.44 0 3.112048586544557e-08
0.11 0.45 0 1.124373156548541e-08
0.11 0.46 0 1.7673860249955874e-08
0.11 0.47000000000000003 0 1.547963367611495e-07
0.11 0.48 0 6.095052475116868e-07
0.11 0.49 0 1.3891600673695118e-06
0.11 0.5 0 1.7831921336138127e-06
0.12 0.0 0 1.7991232417745366e-05
0.12 0.01 0 1.1575402472330566e-06
0.12 0.02 0 8.20743320367156e-07
0.12 0.03 0 6.868499167521507e-07
0.12 0.04 0 3.2911026267616855e-08
0.12 0.05 0 2.5002116698298504e-09
0.12 0.06 0 2.1246982079518367e-09
0.12 0.07 0 1.4091442379949328e-09
0.12 0.08 0 5.227110276097914e-10
0.12 0.09 0 1.9969576832336783e-09
0.12 0.1 0 1.4219752649894249e-09
0.12 0.11 0 3.225635020295804e-10
0.12 0.12 0 2.5917754806451306e-09
0.12 0.13 0 1.1906193827658918e-08
0.12 0.14 0 1.122860771600844e-09
0.12 0.15 0 1.7933097992369063e-09
0.12 0.16 0 1.8031569653554165e-08
0.12 0.17 0 1.398703256230485e-07
0.12 0.18 0 1.3434056666432753e-07
0.12 0.19 0 8.371030581418257e-08
0.12 0.2 0 1.1134668423277878e-07
0.12 0.21 0 2.068373444096828e-07
0.12 0.22 0 3.982423974694088e-07
0.12 0.23 0 1.5798715796423227e-06
0.12 0.24 0 8.444059994560605e-06
0.12 0.25 0 2.0331007991150946e-05
0.12 0.26 0 1.1331004616743056e-05
0.12 0.27 0 4.621257592814077e-06
0.12 0.28 0 2.1169712199546406e-06
0.12 0.29 0 3.619188425057872e-07
0.12 0.3 0 5.8538597325576456e-08
0.12 0.31 0 4.976473284536325e-07
0.12 0.32 0 1.965690526097855e-06
0.12 0.33 0 1.629515886611309e-05
0.12 0.34 0 3.1095696012148397e-06
0.12 0.35000000000000003 0 2.2963727882538309e-07
0.12 0.36 0 4.141973735808273e-08
0.12 0.37 0 6.330348236862307e-08
0.12 0.38 0 7.64706934938972e-08
0.12 0.39 0 1.0176802562450046e-07
0.12 0.4 0 5.777215737519214e-07
0.12 0.41000000000000003 0 6.855252269574663e-07
0.12 0.42 0 6.357485280892401e-07
0.12 0.43 0 1.3281785893766715e-07
0.12 0.44 0 1.6232055347549614e-07
0.12 0.45 0 2.2905417451596864e-07
0.12 0.46 0 1.9882751126265262e-07
0.12 0.47000000000000003 0 5.1396776949264724e-08
0.12 0.48 0 1.4156056507086447e-06
0.12 0.49 0 8.848196956688428e-06
0.12 0.5 0 2.4861170579507718e-06
0.13 0.0 0 2.6545410429670635e-05
0.13 0.01 0 3.3337991290808055e-06
0.13 0.02 0 2.1658024614642503e-06
0.13 0.03 0 6.595726018157676e-07
0.13 0.04 0 6.755045045316052e-08
0.13 0.05 0 8.807145819903904e-09
0.13 0.06 0 5.546287033406385e-08
0.13 0.07 0 2.3882579066176534e-08
0.13 0.08 0 8.118243583147777e-09
0.13 0.09 0 2.0436790791279186e-08
0.13 0.1 0 9.578997654928064e-09
0.13 0.11 0 1.079691173614767e-08
0.13 0.12 0 8.35212298130525e-10
0.13 0.13 0 1.9544723966208015e-09
0.13 0.14 0 1.3536050120713826e-08
0.13 0.15 0 2.5775355169198165e-08
0.13 0.16 0 9.54759980602742e-08
0.13 0.17 0 5.282279210657749e-07
0.13 0.18 0 1.5744920475263285e-06
0.13 0.19 0 2.615950170571717e-07
0.13 0.2 0 5.54381836377477e-07
0.13 0.21 0 2.5617659404364606e-07
0.13 0.22 0 1.3882366260809572e-07
0.13 0.23 0 2.307492089441758e-06
0.13 0.24 0 7.264523968448442e-06
0.13 0.25 0 2.927029335937845e-06
0.13 0.26 0 9.699847579191195e-06
0.13 0.27 0 1.1445703396166174e-05
0.13 0.28 0 9.601482697079313e-06
0.13 0.29 0 9.691990154731531e-06
0.13 0.3 0 6.664274933005047e-06
0.13 0.31 0 3.2248169866393087e-07
0.13 0.32 0 1.123664670537835e-05
0.13 0.33 0 2.062714524054118e-05
0.13 0.34 0 5.471090726044302e-07
0.13 0.35000000000000003 0 2.462458685296202e-07
0.13 0.36 0 3.032455812184518e-08
0.13 0.37 0 4.142450267479647e-08
0.13 0.38 0 2.4473864848094347e-08
0.13 0.39 0 9.335809021261757e-08
0.13 0.4 0 7.977535319971877e-08
0.13 0.41000000000000003 0 3.867556779416336e-07
0.13 0.42 0 5.933068036251167e-07
0.13 0.43 0 1.1735372407782684e-07
0.13 0.44 0 2.3226700996633286e-07
0.13 0.45 0 3.670852027081132e-06
0.13 0.46 0 3.915627930589745e-06
0.13 0.47000000000000003 0 2.0541686765847323e-06
0.13 0.48 0 7.149739157365587e-07
0.13 0.49 0 6.102319088418789e-07
0.13 0.5 0 4.271079833495233e-07
0.14 0.0 0 1.3593814718671064e-05
0.14 0.01 0 7.002992453406385e-05
0.14 0.02 0 1.4872365685992493e-05
0.14 0.03 0 3.1585872988947425e-06
0.14 0.04 0 1.854536724869616e-06
0.14 0.05 0 2.910143583510984e-07
0.14 0.06 0 5.0949579829380864e-08
0.14 0.07 0 3.583304355081047e-08
0.14 0.08 0 1.2909709014481404e-08
0.14 0.09 0 2.299067317982202e-09
0.14 0.1 0 5.02477332869704e-09
0.14 0.11 0 4.538889684137663e-09
0.14 0.12 0 5.130660145004423e-09
0.14 0.13 0 2.6794141196997464e-09
0.14 0.14 0 1.5712908535892352e-09
0.14 0.15 0 1.3002186825446433e-08
0.14 0.16 0 1.1724832338694364e-07
0.14 0.17 0 2.7923857963807795e-07
0.14 0.18 0 5.12535348381774e-07
0.14 0.19 0 2.711354791079476e-06
0.14 0.2 0 5.688570787572994e-06
0.14 0.21 0 1.3452626256698537e-06
0.14 0.22 0 2.4448904746615595e-06
0.14 0.23 0 4.5294524781969965e-05
0.14 0.24 0 3.899819549714948e-05
0.14 0.25 0 1.555886242518968e-05
0.14 0.26 0 1.0174453051163935e-05
0.14 0.27 0 2.214907082351543e-05
0.14 0.28 0 3.516193336922995e-05
0.14 0.29 0 7.64622581490166e-06
0.14 0.3 0 1.055845496150483e-06
0.14 0.31 0 1.7164221610900631e-06
0.14 0.32 0 6.608010899794182e-06
0.14 0.33 0 3.095658774266433e-05
0.14 0.34 0 2.521965201277233e-06
0.14 0.35000000000000003 0 9.910384229087723e-07
0.14 0.36 0 2.29261689847292e-07
0.14 0.37 0 5.89248914782154e-07
0.14 0.38 0 5.96615979758519e-07
0.14 0.39 0 2.0913413439962692e-07
0.14 0.4 0 1.6041398058509815e-06
0.14 0.41000000000000003 0 1.4145681460829042e-06
0.14 0.42 0 1.7928735055681708e-06
0.14 0.43 0 2.4354031121181525e-06
0.14 0.44 0 2.8317664687926678e-05
0.14 0.45 0 2.908438133029812e-06
0.14 0.46 0 6.564338577074006e-06
0.14 0.47000000000000003 0 1.2603350828367977e-05
0.14 0.48 0 4.450751965692965e-06
0.14 0.49 0 2.4540726549780144e-06
0.14 0.5 0 2.3372468696899942e-06
0.15 0.0 0 3.211049771665834e-05
0.15 0.01 0 5.1660366769384974e-05
0.15 0.02 0 3.586640029287949e-05
0.15 0.03 0 6.190254888171672e-06
0.15 0.04 0 2.93113434551656e-07
0.15 0.05 0 1.3960737423783986e-07
0.15 0.06 0 2.7279910289903863e-07
0.15 0.07 0 3.146372148265168e-08
0.15 0.08 0 1.5073880341355047e-08
0.15 0.09 0 5.922194052902744e-08
0.15 0.1 0 1.3725135391333295e-08
0.15 0.11 0 1.6758672040123252e-08
0.15 0.12 0 2.9340788103435167e-08
0.15 0.13 0 1.502718099788557e-07
0.15 0.14 0 7.699158965109748e-09
0.15 0.15 0 9.369166416922373e-09
0.15 0.16 0 4.181541392028371e-08
0.15 0.17 0 1.4148219720893767e-07
0.15 0.18 0 5.047756993653793e-06
0.15 0.19 0 1.459943084430774e-06
0.15 0.2 0 1.4524998630624108e-06
0.15 0.21 0 5.446702971838287e-06
0.15 0.22 0 2.341924167381019e-05
0.15 0.23 0 2.877533998867194e-06
0.15 0.24 0 8.311592759195487e-06
0.15 0.25 0 9.407247978261465e-06
0.15 0.26 0 1.826496828128955e-05
0.15 0.27 0 2.826367583646365e-05
0.15 0.28 0 1.195613794369166e-05
0.15 0.29 0 2.124496552550971e-06
0.15 0.3 0 1.0304927772639159e-05
0.15 0.31 0 1.5275712275278586e-05
0.15 0.32 0 8.532624118935883e-06
0.15 0.33 0 2.68148891083276e-05
0.15 0.34 0 4.5390333378364876e-05
0.15 0.35000000000000003 0 5.811134358250494e-05
0.15 0.36 0 3.509177529894871e-05
0.15 0.37 0 0.000342315105647471
0.15 0.38 0 3.493276350000517e-05
0.15 0.39 0 8.910768994844908e-06
0.15 0.4 0 6.03909439155542e-06
0.15 0.41000000000000003 0 2.0407984861587296e-05
0.15 0.42 0 5.120946593790622e-06
0.15 0.43 0 2.4300451913260392e-06
0.15 0.44 0 9.768822568861836e-06
0.15 0.45 0 3.3241934525357756e-05
0.15 0.46 0 2.4595686392007015e-06
0.15 0.47000000000000003 0 2.156053956596622e-06
0.15 0.48 0 2.706632239202111e-06
0.15 0.49 0 5.755070033710054e-07
0.15 0.5 0 5.786887799929666e-07
0.16 0.0 0 8.587257893957516e-05
0.16 0.01 0 0.00010039774734841344
0.16 0.02 0 3.219103060726015e-05
0.16 0.03 0 2.555331834892497e-06
0.16 0.04 0 1.5995638425201248e-06
0.16 0.05 0 3.6521784379087228e-06
0.16 0.06 0 5.977692932299405e-06
0.16 0.07 0 6.145851314480198e-07
0.16 0.08 0 4.640400067693644e-07
0.16 0.09 0 9.787262881683591e-07
0.16 0.1 0 2.0204216010603613e-06
0.16 0.11 0 1.3881688561493368e-06
0.16 0.12 0 1.6048653255858956e-06
0.16 0.13 0 2.8881801985524435e-06
0.16 0.14 0 5.578978543544664e-07
0.16 0.15 0 2.1565184523204954e-07
0.16 0.16 0 4.388135680627731e-08
0.16 0.17 0 6.881278418000103e-08
0.16 0.18 0 8.432343172329308e-07
0.16 0.19 0 2.7182977416720093e-06
0.16 0.2 0 7.280998011496246e-06
0.16 0.21 0 1.898463915329952e-05
0.16 0.22 0 0.00011771256010464818
0.16 0.23 0 4.41451224603903e-05
0.16 0.24 0 3.256959407415922e-05
0.16 0.25 0 0.0001696876621166443
0.16 0.26 0 0.00013879419242545318
0.16 0.27 0 8.525438651224894e-05
0.16 0.28 0 8.241055140849326e-06
0.16 0.29 0 3.2167702605600065e-06
0.16 0.3 0 1.4337934900920697e-05
0.16 0.31 0 3.614092391382903e-05
0.16 0.32 0 1.3588674671864479e-05
0.16 0.33 0 1.2267920150546028e-05
0.16 0.34 0 1.6174493625922887e-05
0.16 0.35000000000000003 0 1.5778057707283007e-05
0.16 0.36 0 4.261371506721226e-06
0.16 0.37 0 8.778281593469817e-07
0.16 0.38 0 4.66781009148876e-06
0.16 0.39 0 3.7094758380171054e-06
0.16 0.4 0 6.395247116147039e-07
0.16 0.41000000000000003 0 9.118872654512009e-07
0.16 0.42 0 2.8371321480740934e-06
0.16 0.43 0 2.8485706116520256e-06
0.16 0.44 0 1.280903949932334e-06
0.16 0.45 0 5.16889345675682e-07
0.16 0.46 0 2.5553742558327943e-07
0.16 0.47000000000000003 0 3.5505289509301005e-07
0.16 0.48 0 2.2258881837869645e-06
0.16 0.49 0 3.88148192062087e-07
0.16 0.5 0 7.922552052260684e-07
0.17 0.0 0 0.00014126666250962143
0.17 0.01 0 0.0001242909752997744
0.17 0.02 0 4.15338998267999e-05
0.17 0.03 0 9.984948313214083e-06
0.17 0.04 0 4.042737904761873e-06
0.17 0.05 0 1.978533719656772e-05
0.17 0.06 0 3.569149172544544e-06
0.17 0.07 0 8.91228921672416e-06
0.17 0.08 0 1.737351562057273e-06
0.17 0.09 0 1.4342827532344481e-06
0.17 0.1 0 3.8036190958433986e-07
0.17 0.11 0 9.574577278631852e-07
0.17 0.12 0 5.248417561478351e-07
0.17 0.13 0 1.044763542718247e-06
0.17 0.14 0 2.154834838762053e-07
0.17 0.15 0 2.196409053079974e-08
0.17 0.16 0 3.7393509135439823e-08
0.17 0.17 0 2.581177939073403e-08
0.17 0.18 0 8.862556012356151e-08
0.17 0.19 0 3.942163146320197e-07
0.17 0.2 0 2.0016320501851856e-06
0.17 0.21 0 2.596143201993883e-06
0.17 0.22 0 3.819799135802013e-06
0.17 0.23 0 5.193808710109533e-06
0.17 0.24 0 1.1474365044076629e-05
0.17 0.25 0 1.3699635108325815e-05
0.17 0.26 0 8.165399394088023e-05
0.17 0.27 0 6.515580705587851e-06
0.17 0.28 0 3.54344031245215e-06
0.17 0.29 0 3.3508492860245237e-06
0.17 0.3 0 8.255543945277482e-06
0.17 0.31 0 1.0097335911482366e-05
0.17 0.32 0 1.1965711244731374e-05
0.17 0.33 0 3.9821717189139684e-05
0.17 0.34 0 3.9709200599943315e-06
0.17 0.35000000000000003 0 4.81304387050054e-07
0.17 0.36 0 7.659599733393416e-08
0.17 0.37 0 9.730701176330088e-08
0.17 0.38 0 3.660387236331834e-07
0.17 0.39 0 3.6584591681130305e-06
0.17 0.4 0 1.876349800591231e-06
0.17 0.41000000000000003 0 1.863382810554991e-06
0.17 0.42 0 1.1328391161335001e-05
0.17 0.43 0 1.2918119545191726e-05
0.17 0.44 0 2.7490494424409178e-06
0.17 0.45 0 1.0375489126165991e-06
0.17 0.46 0 1.3615599318049056e-06
0.17 0.47000000000000003 0 2.5765140203901767e-06
0.17 0.48 0 4.619414563062278e-06
0.17 0.49 0 7.699138209105404e-07
0.17 0.5 0 4.488208941447253e-06
0.18 0.0 0 2.918293060663017e-05
0.18 0.01 0 1.7333705131266742e-05
0.18 0.02 0 5.9555612971029246e-06
0.18 0.03 0 1.679531876489027e-06
0.18 0.04 0 1.2021507907588689e-05
0.18 0.05 0 1.295008957608287e-05
0.18 0.06 0 9.153464094401501e-06
0.18 0.07 0 4.603312146689853e-06
0.18 0.08 0 1.998106737907107e-06
0.18 0.09 0 2.794602822145969e-07
0.18 0.1 0 2.505637396676374e-07
0.18 0.11 0 3.155357686538256e-07
0.18 0.12 0 4.4324001766158146e-08
0.18 0.13 0 4.772774286170966e-08
0.18 0.14 0 7.779370771354746e-08
0.18 0.15 0 1.8883024024300898e-08
0.18 0.16 0 1.2175406722356555e-08
0.18 0.17 0 2.834744585438133e-08
0.18 0.18 0 1.2354714764714914e-08
0.18 0.19 0 1.315769903186161e-07
0.18 0.2 0 6.870787870717723e-07
0.18 0.21 0 2.597632752570387e-06
0.18 0.22 0 6.245220940437989e-06
0.18 0.23 0 3.3345145578850416e-06
0.18 0.24 0 2.5354186575626875e-06
0.18 0.25 0 9.958899111934716e-06
0.18 0.26 0 2.687487841623097e-05
0.18 0.27 0 2.19399388120337e-06
0.18 0.28 0 1.3739684584451095e-06
0.18 0.29 0 5.1755216086895e-06
0.18 0.3 0 5.6325541321804785e-05
0.18 0.31 0 0.000359937149092171
0.18 0.32 0 0.00011635832685543718
0.18 0.33 0 0.0002915007093435806
0.18 0.34 0 2.2677183526613923e-05
0.18 0.35000000000000003 0 4.483204569555734e-07
0.18 0.36 0 7.345687493737292e-08
0.18 0.37 0 2.662448949734502e-07
0.18 0.38 0 1.2036134229695222e-06
0.18 0.39 0 1.0218641657110514e-06
0.18 0.4 0 1.5399534288827905e-05
0.18 0.41000000000000003 0 4.2648248577001855e-06
0.18 0.42 0 2.3640697625762045e-06
0.18 0.43 0 1.1019367070337917e-05
0.18 0.44 0 2.3189744730558777e-06
0.18 0.45 0 2.370393929294479e-06
0.18 0.46 0 5.051615044487374e-06
0.18 0.47000000000000003 0 1.8179579991610625e-06
0.18 0.48 0 5.072597295432085e-07
0.18 0.49 0 2.9766409466653995e-06
0.18 0.5 0 3.2584020936814706e-05
0.19 0.0 0 6.305040378671515e-06
0.19 0.01 0 1.06872693266365e-06
0.19 0.02 0 6.329227847091694e-07
0.19 0.03 0 4.3690636031446563e-07
0.19 0.04 0 6.710328895429373e-07
0.19 0.05 0 3.735227854316657e-06
0.19 0.06 0 3.3668274743072045e-06
0.19 0.07 0 3.7178296173930927e-06
0.19 0.08 0 1.4407894465111667e-06
0.19 0.09 0 1.0720634361806124e-06
0.19 0.1 0 9.346161686751396e-08
0.19 0.11 0 5.100596171492176e-07
0.19 0.12 0 4.881495894995038e-07
0.19 0.13 0 1.0079293950857208e-07
0.19 0.14 0 4.272428723794621e-08
0.19 0.15 0 6.90840889054541e-08
0.19 0.16 0 6.738206291197405e-08
0.19 0.17 0 1.45391099321369e-08
0.19 0.18 0 8.777687045099881e-08
0.19 0.19 0 1.2219755156502524e-07
0.19 0.2 0 1.0638140654517969e-07
0.19 0.21 0 8.434830409626487e-08
0.19 0.22 0 8.984917184429811e-08
0.19 0.23 0 2.568459572750387e-07
0.19 0.24 0 6.958045404871415e-07
0.19 0.25 0 3.5182723227910653e-07
0.19 0.26 0 6.946614384889613e-07
0.19 0.27 0 1.076731354064561e-06
0.19 0.28 0 2.8642781477157114e-06
0.19 0.29 0 2.94801114952381e-06
0.19 0.3 0 1.1301521897194936e-05
0.19 0.31 0 8.007850835498535e-05
0.19 0.32 0 1.997277206101353e-05
0.19 0.33 0 4.64588315436732e-05
0.19 0.34 0 8.866428077979598e-06
0.19 0.35000000000000003 0 4.633880901335518e-07
0.19 0.36 0 6.86293682169097e-07
0.19 0.37 0 1.098133937914402e-06
0.19 0.38 0 1.4566214801285247e-06
0.19 0.39 0 5.562168620692762e-06
0.19 0.4 0 2.1395967518318484e-05
0.19 0.41000000000000003 0 1.7256792060869498e-06
0.19 0.42 0 2.677170278301688e-06
0.19 0.43 0 1.7848957113444743e-05
0.19 0.44 0 2.9621192562273743e-05
0.19 0.45 0 1.4046292723343956e-05
0.19 0.46 0 2.0356735447451328e-05
0.19 0.47000000000000003 0 3.660587145557214e-06
0.19 0.48 0 1.473679243813936e-06
0.19 0.49 0 1.314061807480315e-06
0.19 0.5 0 5.673039213734498e-06
0.2 0.0 0 1.8683321280012069e-06
0.2 0.01 0 5.885947100627463e-08
0.2 0.02 0 1.1614971071331928e-07
0.2 0.03 0 7.04792651919282e-08
0.2 0.04 0 2.920096864828263e-07
0.2 0.05 0 2.025605130046206e-06
0.2 0.06 0 5.4744137308856555e-05
0.2 0.07 0 1.2495209673811394e-05
0.2 0.08 0 2.8932465434793974e-06
0.2 0.09 0 6.125799693438491e-06
0.2 0.1 0 5.636062998743717e-06
0.2 0.11 0 0.00016317231957633594
0.2 0.12 0 1.868601372782116e-05
0.2 0.13 0 9.947105337953955e-07
0.2 0.14 0 5.432573081959489e-07
0.2 0.15 0 3.8224080611461804e-07
0.2 0.16 0 1.657573422282686e-07
0.2 0.17 0 1.633603593101069e-08
0.2 0.18 0 8.902115310164e-09
0.2 0.19 0 3.8191679040923115e-08
0.2 0.2 0 9.843257135875539e-08
0.2 0.21 0 2.0387049858466858e-08
0.2 0.22 0 2.251733477904097e-08
0.2 0.23 0 7.348286727435411e-07
0.2 0.24 0 1.548011559660663e-06
0.2 0.25 0 8.788790438344735e-07
0.2 0.26 0 9.37546393507204e-07
0.2 0.27 0 3.478161091519952e-07
0.2 0.28 0 2.3328042806994274e-07
0.2 0.29 0 1.7358059228362304e-06
0.2 0.3 0 1.5363309559923736e-06
0.2 0.31 0 2.2384521157207173e-06
0.2 0.32 0 6.453755224972293e-06
0.2 0.33 0 2.4956621508495446e-06
0.2 0.34 0 1.1033516769607174e-06
0.2 0.35000000000000003 0 7.700542759923583e-06
0.2 0.36 0 4.235215906642143e-06
0.2 0.37 0 8.292185642530682e-06
0.2 0.38 0 3.8063447953223836e-05
0.2 0.39 0 2.5862970356187536e-05
0.2 0.4 0 1.2996253070150506e-05
0.2 0.41000000000000003 0 3.155825499096764e-05
0.2 0.42 0 1.5470504879872507e-05
0.2 0.43 0 1.6393002140995826e-05
0.2 0.44 0 0.00010697267966242595
0.2 0.45 0 0.00010107854178115215
0.2 0.46 0 3.572615425951087e-05
0.2 0.47000000000000003 0 1.2380247729780471e-05
0.2 0.48 0 1.3244561382147803e-05
0.2 0.49 0 9.696624369102613e-07
0.2 0.5 0 1.4160121392622032e-06
0.21 0.0 0 4.544721379424656e-06
0.21 0.01 0 6.651422512867264e-07
0.21 0.02 0 2.579418810091873e-07
0.21 0.03 0 2.3668632553320877e-06
0.21 0.04 0 9.331758687140819e-06
0.21 0.05 0 8.011668384580465e-06
0.21 0.06 0 4.298718119905336e-05
0.21 0.07 0 0.00015684630096208594
0.21 0.08 0 5.8714190464523665e-06
0.21 0.09 0 3.744740675852932e-06
0.21 0.1 0 2.229796539808987e-05
0.21 0.11 0 3.167773356302412e-05
0.21 0.12 0 3.818614336143739e-05
0.21 0.13 0 9.860954987845909e-06
0.21 0.14 0 3.935957455050633e-06
0.21 0.15 0 9.53382678003993e-07
0.21 0.16 0 4.013869378098558e-07
0.21 0.17 0 4.808792657288067e-08
0.21 0.18 0 4.4337860538488826e-08
0.21 0.19 0 4.9849758960041154e-08
0.21 0.2 0 1.1141676957866418e-08
0.21 0.21 0 4.6825452227830185e-09
0.21 0.22 0 4.605060781480363e-08
0.21 0.23 0 1.129557023932388e-06
0.21 0.24 0 1.6404287266023544e-06
0.21 0.25 0 1.0643733573417979e-06
0.21 0.26 0 1.568168089904011e-07
0.21 0.27 0 4.031937736104075e-08
0.21 0.28 0 3.6496860174320124e-07
0.21 0.29 0 1.6579034428549026e-06
0.21 0.3 0 6.171957069385049e-07
0.21 0.31 0 7.771039218512944e-06
0.21 0.32 0 5.4559957164879614e-05
0.21 0.33 0 3.036172737640448e-05
0.21 0.34 0 1.871715283831451e-05
0.21 0.35000000000000003 0 7.087395769701013e-05
0.21 0.36 0 5.666491857870534e-05
0.21 0.37 0 3.368698638244439e-05
0.21 0.38 0 7.390031738250936e-05
0.21 0.39 0 0.0001129220972479954
0.21 0.4 0 6.858499401936536e-05
0.21 0.41000000000000003 0 2.51276361699576e-05
0.21 0.42 0 5.733924088737125e-05
0.21 0.43 0 0.00011502612902405002
0.21 0.44 0 0.0005689886705979015
0.21 0.45 0 7.120773023888244e-05
0.21 0.46 0 0.00010834875347753835
0.21 0.47000000000000003 0 2.8843787005625367e-06
0.21 0.48 0 6.942426174793279e-07
0.21 0.49 0 2.927492641490263e-06
0.21 0.5 0 1.2937321031321992e-07
0.22 0.0 0 2.3562829897270174e-07
0.22 0.01 0 5.661294816287589e-07
0.22 0.02 0 3.933681489695622e-07
0.22 0.03 0 5.493740241808952e-06
0.22 0.04 0 3.1758901811474485e-05
0.22 0.05 0 6.128463666976833e-05
0.22 0.06 0 2.6750986865755272e-05
0.22 0.07 0 1.4893272494680501e-05
0.22 0.08 0 1.0275942863302701e-05
0.22 0.09 0 1.003414532557266e-05
0.22 0.1 0 9.040375222172672e-06
0.22 0.11 0 9.003040579969169e-05
0.22 0.12 0 0.0002594034782512352
0.22 0.13 0 4.228491241771264e-05
0.22 0.14 0 1.8498731740218495e-05
0.22 0.15 0 1.1336464554677724e-05
0.22 0.16 0 9.027177728802951e-07
0.22 0.17 0 1.982207325466325e-07
0.22 0.18 0 5.195325362002655e-07
0.22 0.19 0 1.6905356679171668e-07
0.22 0.2 0 5.15825764904163e-08
0.22 0.21 0 5.214852623390568e-08
0.22 0.22 0 6.355186864272415e-07
0.22 0.23 0 8.481156877332608e-07
0.22 0.24 0 7.058943446104341e-06
0.22 0.25 0 1.000775017260129e-06
0.22 0.26 0 2.0033235572451107e-06
0.22 0.27 0 3.4360986569521152e-06
0.22 0.28 0 2.8136791506957104e-07
0.22 0.29 0 7.759271730630534e-07
0.22 0.3 0 1.2156818224107216e-06
0.22 0.31 0 2.2825965763821978e-05
0.22 0.32 0 7.437958614154635e-05
0.22 0.33 0 0.0001230528435318486
0.22 0.34 0 3.779321228147195e-05
0.22 0.35000000000000003 0 0.00021480712301315787
0.22 0.36 0 0.0007460359794324058
0.22 0.37 0 9.570673114535497e-05
0.22 0.38 0 2.5345146644016905e-05
0.22 0.39 0 0.00010315777621578224
0.22 0.4 0 1.527827978832145e-05
0.22 0.41000000000000003 0 3.926483669335895e-06
0.22 0.42 0 2.199054387298562e-05
0.22 0.43 0 0.00020933984621388858
0.22 0.44 0 2.806704298237716e-05
0.22 0.45 0 2.490980459576844e-06
0.22 0.46 0 1.9722613388732405e-06
0.22 0.47000000000000003 0 5.670038386708805e-07
0.22 0.48 0 4.975157395700251e-07
0.22 0.49 0 2.135674649400434e-07
0.22 0.5 0 7.0861211191843e-07
0.23 0.0 0 1.4962483370969693e-07
0.23 0.01 0 1.6666536052385834e-06
0.23 0.02 0 2.062428555025601e-05
0.23 0.03 0 9.036465447367005e-06
0.23 0.04 0 6.233759265997051e-05
0.23 0.05 0 0.00018067053895391152
0.23 0.06 0 5.0144833710632526e-05
0.23 0.07 0 5.1048446384065125e-05
0.23 0.08 0 1.8798948869418793e-05
0.23 0.09 0 1.7273160015388152e-05
0.23 0.1 0 2.6367806084399164e-05
0.23 0.11 0 4.0256510328032005e-05
0.23 0.12 0 5.5892720103002556e-05
0.23 0.13 0 1.3959305455841791e-05
0.23 0.14 0 8.022199906736434e-06
0.23 0.15 0 3.0047184207170385e-06
0.23 0.16 0 4.260564130270949e-07
0.23 0.17 0 9.733525855309924e-07
0.23 0.18 0 2.557529725377586e-06
0.23 0.19 0 1.6830666582426866e-06
0.23 0.2 0 8.787514465775153e-07
0.23 0.21 0 2.007153784246714e-06
0.23 0.22 0 2.967834684415725e-06
0.23 0.23 0 5.375168651426756e-07
0.23 0.24 0 4.483452143923592e-07
0.23 0.25 0 8.055649568583419e-07
0.23 0.26 0 9.020958255588342e-07
0.23 0.27 0 1.2924572905353007e-06
0.23 0.28 0 2.9340874442972345e-07
0.23 0.29 0 5.319958296053408e-07
0.23 0.3 0 1.3972773441858792e-06
0.23 0.31 0 3.7336365628851414e-06
0.23 0.32 0 2.1083778902915416e-06
0.23 0.33 0 3.1544539550313665e-06
0.23 0.34 0 1.4034805345063898e-05
0.23 0.35000000000000003 0 5.3357275786675144e-05
0.23 0.36 0 0.0002660614205935265
0.23 0.37 0 0.000104201908015831
0.23 0.38 0 0.00020275908851759983
0.23 0.39 0 5.458456242996086e-05
0.23 0.4 0 4.990805378864786e-06
0.23 0.41000000000000003 0 8.29031162542478e-07
0.23 0.42 0 8.700191555531396e-07
0.23 0.43 0 3.775758364822943e-05
0.23 0.44 0 0.0006710647976223322
0.23 0.45 0 2.8544521676298297e-05
0.23 0.46 0 3.886914037386508e-06
0.23 0.47000000000000003 0 8.850427649675348e-06
0.23 0.48 0 1.620635609499361e-05
0.23 0.49 0 5.197625657113244e-06
0.23 0.5 0 1.3296519721374802e-06
0.24 0.0 0 4.457324640620657e-06
0.24 0.01 0 2.8089841386739875e-06
0.24 0.02 0 1.9420983351528115e-06
0.24 0.03 0 6.230412215612779e-06
0.24 0.04 0 9.588530443671931e-06
0.24 0.05 0 2.8028978004605977e-05
0.24 0.06 0 2.385603246800519e-06
0.24 0.07 0 8.545704841008283e-06
0.24 0.08 0 7.28695824224992e-06
0.24 0.09 0 1.3035187941359547e-05
0.24 0.1 0 3.5701918128716673e-06
0.24 0.11 0 3.788951861457055e-06
0.24 0.12 0 4.2796745530744136e-05
0.24 0.13 0 4.004059310405127e-05
0.24 0.14 0 2.9233660761100863e-05
0.24 0.15 0 8.213277848957835e-06
0.24 0.16 0 2.5634203119995303e-05
0.24 0.17 0 1.1841208142636094e-05
0.24 0.18 0 5.397097069761619e-05
0.24 0.19 0 1.777957910883474e-05
0.24 0.2 0 2.6510231769395856e-05
0.24 0.21 0 0.00012593345363669115
0.24 0.22 0 0.0003632555952823226
0.24 0.23 0 1.846619212335679e-05
0.24 0.24 0 3.190910887829476e-05
0.24 0.25 0 1.77733825572746e-05
0.24 0.26 0 1.2680810039191093e-05
0.24 0.27 0 1.3654204741940526e-05
0.24 0.28 0 9.268919907598313e-06
0.24 0.29 0 1.4087102302500424e-05
0.24 0.3 0 7.147267787252939e-06
0.24 0.31 0 1.459745005677409e-05
0.24 0.32 0 2.9373840869652005e-06
0.24 0.33 0 2.696388741587858e-06
0.24 0.34 0 5.60177465508967e-06
0.24 0.35000000000000003 0 1.5678858995459972e-05
0.24 0.36 0 3.5770437186538346e-05
0.24 0.37 0 0.0002859075949106127
0.24 0.38 0 0.00024891694365771194
0.24 0.39 0 3.8560058955661544e-05
0.24 0.4 0 8.066473199965935e-07
0.24 0.41000000000000003 0 1.7964757347902834e-06
0.24 0.42 0 6.726083699102432e-06
0.24 0.43 0 1.3041570224096229e-05
0.24 0.44 0 3.846844988535765e-05
0.24 0.45 0 2.5811660011396916e-05
0.24 0.46 0 1.2055796521563251e-05
0.24 0.47000000000000003 0 6.206614115984545e-06
0.24 0.48 0 3.367021675804031e-06
0.24 0.49 0 1.7371121589768933e-07
0.24 0.5 0 2.8118766860196853e-07
0.25 0.0 0 4.05641806995321e-05
0.25 0.01 0 9.309983467114344e-06
0.25 0.02 0 3.0508391412268e-06
0.25 0.03 0 1.3318012288928137e-06
0.25 0.04 0 7.195678488505916e-06
0.25 0.05 0 3.48887697383647e-05
0.25 0.06 0 7.55782319274545e-06
0.25 0.07 0 1.2760806950626576e-05
0.25 0.08 0 3.1550200698552895e-06
0.25 0.09 0 9.017522539756402e-06
0.25 0.1 0 1.3006739483426755e-05
0.25 0.11 0 2.3796475590125408e-05
0.25 0.12 0 7.194509970097472e-05
0.25 0.13 0 0.0001773076848994302
0.25 0.14 0 5.2786415371986534e-05
0.25 0.15 0 2.543304091716919e-05
0.25 0.16 0 0.000334243376259454
0.25 0.17 0 0.002859609365018635
0.25 0.18 0 6.021979469550675e-05
0.25 0.19 0 2.931034266778761e-05
0.25 0.2 0 2.8623354944592073e-05
0.25 0.21 0 6.587269448602721e-05
0.25 0.22 0 2.7185750590187838e-05
0.25 0.23 0 6.814520319751686e-06
0.25 0.24 0 9.80002843229618e-06
0.25 0.25 0 1.848859534983846e-05
0.25 0.26 0 1.0498177258860566e-05
0.25 0.27 0 5.817823413938509e-06
0.25 0.28 0 2.04084249497116e-05
0.25 0.29 0 4.425222315922536e-06
0.25 0.3 0 2.0780137955824262e-06
0.25 0.31 0 1.5084612103161275e-06
0.25 0.32 0 1.937792770422399e-06
0.25 0.33 0 4.25282759740373e-06
0.25 0.34 0 6.444282041921213e-06
0.25 0.35000000000000003 0 1.0640062205497267e-05
0.25 0.36 0 1.360161261285855e-05
0.25 0.37 0 1.925469008229049e-05
0.25 0.38 0 4.454440103826771e-05
0.25 0.39 0 7.2388745330974775e-06
0.25 0.4 0 5.928031569770686e-06
0.25 0.41000000000000003 0 4.832568756009789e-06
0.25 0.42 0 6.614310709179598e-05
0.25 0.43 0 3.1239226459327246e-05
0.25 0.44 0 3.032456764434699e-05
0.25 0.45 0 0.00010442628852878113
0.25 0.46 0 9.113525112428951e-05
0.25 0.47000000000000003 0 1.8912611697215122e-05
0.25 0.48 0 1.8427616368702538e-06
0.25 0.49 0 1.842739975688603e-06
0.25 0.5 0 4.132249378382642e-07
0.26 0.0 0 2.9707237521101202e-05
0.26 0.01 0 4.655201700596197e-06
0.26 0.02 0 3.073838637242462e-06
0.26 0.03 0 2.8443832460590795e-05
0.26 0.04 0 2.8491431294879458e-05
0.26 0.05 0 9.897719536460347e-06
0.26 0.06 0 6.5275878540740774e-06
0.26 0.07 0 1.8512665298659857e-05
0.26 0.08 0 3.568629278355724e-06
0.26 0.09 0 4.582824072279297e-07
0.26 0.1 0 1.3256375203768555e-05
0.26 0.11 0 9.763882609845208e-05
0.26 0.12 0 7.375714625749447e-05
0.26 0.13 0 0.00014702643342670427
0.26 0.14 0 0.00024578055544765957
0.26 0.15 0 9.798028344506146e-05
0.26 0.16 0 0.000545710937579434
0.26 0.17 0 0.0012945699939841875
0.26 0.18 0 0.00036757048982577316
0.26 0.19 0 4.977339372779122e-06
0.26 0.2 0 1.2956821583564542e-05
0.26 0.21 0 1.5906678177817076e-05
0.26 0.22 0 1.3616714837920712e-05
0.26 0.23 0 4.828682239726238e-06
0.26 0.24 0 1.4018181933788834e-05
0.26 0.25 0 3.472027736408258e-05
0.26 0.26 0 5.5724054098235e-06
0.26 0.27 0 3.6547549309719063e-06
0.26 0.28 0 1.2241837271036849e-06
0.26 0.29 0 1.8907190704645225e-06
0.26 0.3 0 3.6955454334365025e-07
0.26 0.31 0 4.783450906715445e-07
0.26 0.32 0 1.041947436140903e-06
0.26 0.33 0 6.843717113951243e-06
0.26 0.34 0 5.150917088483882e-06
0.26 0.35000000000000003 0 2.0305327437100077e-06
0.26 0.36 0 1.4442390681315725e-05
0.26 0.37 0 2.604415676030427e-05
0.26 0.38 0 4.1704930494098545e-06
0.26 0.39 0 1.0763387340879404e-05
0.26 0.4 0 2.076438092600171e-05
0.26 0.41000000000000003 0 4.568863466484941e-05
0.26 0.42 0 0.00013389003393218525
0.26 0.43 0 1.3042518609194878e-05
0.26 0.44 0 2.698750031307794e-05
0.26 0.45 0 0.00024885179729792556
0.26 0.46 0 0.00010214741812427531
0.26 0.47000000000000003 0 2.6426951694502436e-06
0.26 0.48 0 5.246083103596388e-06
0.26 0.49 0 4.5851329096729454e-05
0.26 0.5 0 6.751197747999615e-06
0.27 0.0 0 0.00011890301411128249
0.27 0.01 0 8.041749990124087e-05
0.27 0.02 0 1.0350278008823542e-05
0.27 0.03 0 3.1937850733489037e-06
0.27 0.04 0 1.2018465221296332e-05
0.27 0.05 0 5.512099191115256e-05
0.27 0.06 0 1.0726734596253373e-05
0.27 0.07 0 6.0379849484402704e-06
0.27 0.08 0 3.015078757661328e-06
0.27 0.09 0 1.4528341607833383e-06
0.27 0.1 0 2.1648888288197224e-06
0.27 0.11 0 0.0001915595027604787
0.27 0.12 0 0.00020948475824976006
0.27 0.13 0 6.759878845639638e-05
0.27 0.14 0 3.0927931170652437e-05
0.27 0.15 0 8.383538730771273e-05
0.27 0.16 0 0.0002470151294119746
0.27 0.17 0 0.00032308137904701916
0.27 0.18 0 1.9649219292344284e-05
0.27 0.19 0 9.0082963020786e-06
0.27 0.2 0 3.2480961177472365e-05
0.27 0.21 0 7.064161698159342e-06
0.27 0.22 0 2.867613854346532e-06
0.27 0.23 0 3.4477362481465492e-06
0.27 0.24 0 7.33706179415474e-06
0.27 0.25 0 1.139118893419214e-05
0.27 0.26 0 3.334808697965873e-06
0.27 0.27 0 2.3924737938761375e-06
0.27 0.28 0 1.3172314099711478e-06
0.27 0.29 0 4.2802016387355646e-07
0.27 0.3 0 9.745493100497184e-08
0.27 0.31 0 1.6955195329937466e-07
0.27 0.32 0 2.9217957908571744e-06
0.27 0.33 0 1.5172590822313021e-06
0.27 0.34 0 2.3698857607364706e-06
0.27 0.35000000000000003 0 1.3555730634382971e-05
0.27 0.36 0 0.00019022772963020888
0.27 0.37 0 0.0005286538515282155
0.27 0.38 0 7.298754604981842e-05
0.27 0.39 0 9.655852416256516e-06
0.27 0.4 0 3.671451983359704e-05
0.27 0.41000000000000003 0 3.2887531528782806e-05
0.27 0.42 0 1.5159281026510556e-05
0.27 0.43 0 1.007390388220038e-05
0.27 0.44 0 2.091185551483547e-05
0.27 0.45 0 1.706050099962663e-05
0.27 0.46 0 2.568500165484726e-05
0.27 0.47000000000000003 0 7.553923403623088e-06
0.27 0.48 0 2.826684865128364e-06
0.27 0.49 0 2.1036797229923702e-05
0.27 0.5 0 5.3410397792694365e-05
0.28 0.0 0 2.436345788963371e-05
0.28 0.01 0 7.885645203820775e-06
0.28 0.02 0 2.2002711892326423e-05
0.28 0.03 0 3.713554610256895e-05
0.28 0.04 0 6.606342372876419e-06
0.28 0.05 0 4.25404590562786e-05
0.28 0.06 0 9.878790084708947e-05
0.28 0.07 0 5.499839713406711e-06
0.28 0.08 0 2.3149008956040946e-06
0.28 0.09 0 1.5413469857081437e-05
0.28 0.1 0 0.00014005991181092187
0.28 0.11 0 0.00011436544457820432
0.28 0.12 0 0.000629226589437998
0.28 0.13 0 0.000339781038658991
0.28 0.14 0 5.839212608658972e-05
0.28 0.15 0 1.756141244124433e-05
0.28 0.16 0 4.5310076776853624e-06
0.28 0.17 0 1.304060049685272e-06
0.28 0.18 0 4.1032551508392965e-06
0.28 0.19 0 5.366657963420373e-06
0.28 0.2 0 8.91533785520454e-06
0.28 0.21 0 2.5039341532262637e-06
0.28 0.22 0 1.4914894297172323e-06
0.28 0.23 0 5.583158399424144e-06
0.28 0.24 0 7.569729099743462e-06
0.28 0.25 0 3.8319511585329814e-05
0.28 0.26 0 3.0657434711450688e-06
0.28 0.27 0 2.9739072979341762e-06
0.28 0.28 0 2.613497987403245e-06
0.28 0.29 0 3.749110291154566e-06
0.28 0.3 0 2.1407793828085068e-06
0.28 0.31 0 4.500381752928376e-06
0.28 0.32 0 8.301281939402615e-06
0.28 0.33 0 8.177139967558556e-06
0.28 0.34 0 4.663947011974294e-05
0.28 0.35000000000000003 0 4.973734040673435e-05
0.28 0.36 0 0.00037757019550317493
0.28 0.37 0 0.005642844344542194
0.28 0.38 0 0.00045635079756752646
0.28 0.39 0 4.1193993318132246e-05
0.28 0.4 0 7.25509978653578e-05
0.28 0.41000000000000003 0 9.629257523216848e-05
0.28 0.42 0 2.3736820149528092e-05
0.28 0.43 0 3.3290410119776162e-06
0.28 0.44 0 1.9201415519632195e-05
0.28 0.45 0 3.283670280834066e-06
0.28 0.46 0 2.7146812118175034e-06
0.28 0.47000000000000003 0 7.174850850702634e-07
0.28 0.48 0 3.418056597150865e-06
0.28 0.49 0 5.730549151871854e-05
0.28 0.5 0 1.1909406555634409e-05
0.29 0.0 0 8.397005010390407e-06
0.29 0.01 0 2.2870905927313353e-06
0.29 0.02 0 3.391984424854119e-06
0.29 0.03 0 3.874815602502431e-05
0.29 0.04 0 2.2283251311925015e-06
0.29 0.05 0 1.6216566653344922e-05
0.29 0.06 0 8.16608788770244e-05
0.29 0.07 0 3.548966827672406e-05
0.29 0.08 0 2.4732558004746653e-05
0.29 0.09 0 5.361904239534206e-05
0.29 0.1 0 0.0002245709594704718
0.29 0.11 0 0.00011522820467341906
0.29 0.12 0 0.00014234873911567888
0.29 0.13 0 2.487977814447961e-05
0.29 0.14 0 1.1690074305845209e-05
0.29 0.15 0 4.374250844849593e-06
0.29 0.16 0 3.5095236713204127e-06
0.29 0.17 0 1.2594635258673578e-05
0.29 0.18 0 8.877115589303858e-06
0.29 0.19 0 7.612770095640809e-06
0.29 0.2 0 1.2517804918376086e-05
0.29 0.21 0 6.050201859732166e-06
0.29 0.22 0 1.1644851845026592e-05
0.29 0.23 0 9.908297268349279e-06
0.29 0.24 0 1.2140662415054387e-05
0.29 0.25 0 6.12353608936821e-06
0.29 0.26 0 4.4928751509353534e-05
0.29 0.27 0 9.885818425857309e-05
0.29 0.28 0 9.274771159082757e-06
0.29 0.29 0 2.260295860560417e-05
0.29 0.3 0 1.083475789727773e-05
0.29 0.31 0 3.29115497775998e-05
0.29 0.32 0 1.1091319196731019e-05
0.29 0.33 0 1.7386726625855527e-06
0.29 0.34 0 1.0926253474814898e-06
0.29 0.35000000000000003 0 2.6112795769090153e-05
0.29 0.36 0 2.9775914275849207e-05
0.29 0.37 0 1.5995840874084005e-05
0.29 0.38 0 2.16109316281448e-05
0.29 0.39 0 1.9093435482718036e-06
0.29 0.4 0 5.052397976882857e-07
0.29 0.41000000000000003 0 9.452208764500225e-07
0.29 0.42 0 8.487944200756091e-06
0.29 0.43 0 1.558457940688803e-05
0.29 0.44 0 0.0001112671039859056
0.29 0.45 0 0.00020923806130550773
0.29 0.46 0 1.4218685645814459e-05
0.29 0.47000000000000003 0 1.161361648909444e-05
0.29 0.48 0 9.350414818726856e-05
0.29 0.49 0 7.260142302762636e-05
0.29 0.5 0 3.440042510343148e-05
0.3 0.0 0 1.0703997266092068e-05
0.3 0.01 0 4.481759632223518e-05
0.3 0.02 0 3.7414735076439894e-05
0.3 0.03 0 0.00012047902836417014
0.3 0.04 0 0.0003811549082378973
0.3 0.05 0 7.477879035278087e-05
0.3 0.06 0 2.01064939768385e-05
0.3 0.07 0 1.9408860995995604e-05
0.3 0.08 0 1.4079421523549718e-05
0.3 0.09 0 0.0001649998085090097
0.3 0.1 0 0.0011783231501961498
0.3 0.11 0 0.00015018627686292128
0.3 0.12 0 3.870677952909229e-05
0.3 0.13 0 3.073718484508765e-05
0.3 0.14 0 3.5844596966243523e-06
0.3 0.15 0 7.435688549420107e-07
0.3 0.16 0 9.048210223934424e-07
0.3 0.17 0 2.4788575319168732e-06
0.3 0.18 0 9.517361506002182e-06
0.3 0.19 0 1.1924964428476082e-05
0.3 0.2 0 2.0218772369822964e-05
0.3 0.21 0 6.067255247639059e-06
0.3 0.22 0 3.005593560654503e-06
0.3 0.23 0 1.6211608663973304e-06
0.3 0.24 0 2.6543966797961466e-07
0.3 0.25 0 6.828732555964225e-07
0.3 0.26 0 3.4877003303655233e-06
0.3 0.27 0 2.600876978172465e-05
0.3 0.28 0 2.819886540963509e-05
0.3 0.29 0 2.317170652480353e-05
0.3 0.3 0 5.650974429973824e-05
0.3 0.31 0 3.5897030613667944e-05
0.3 0.32 0 6.043860678189159e-06
0.3 0.33 0 6.201784356643109e-07
0.3 0.34 0 1.7983425275209903e-06
0.3 0.35000000000000003 0 1.1851754026909959e-05
0.3 0.36 0 9.021611732200975e-06
0.3 0.37 0 1.4893336338133342e-06
0.3 0.38 0 3.5469131213071353e-06
0.3 0.39 0 5.692051225559111e-06
0.3 0.4 0 1.527154310249918e-05
0.3 0.41000000000000003 0 1.3922540178525921e-05
0.3 0.42 0 4.0893797029667014e-05
0.3 0.43 0 0.0004990116884418507
0.3 0.44 0 0.0013039748224901847
0.3 0.45 0 0.00013193414996600172
0.3 0.46 0 1.3577479874102895e-05
0.3 0.47000000000000003 0 2.5787050478593218e-05
0.3 0.48 0 2.3316900469032033e-05
0.3 0.49 0 0.0002768355600231149
0.3 0.5 0 0.00012808229985367375
#STOP
