#MEDIUM_PROPERTIES_DISTRIBUTED
$MSH_TYPE
	 GROUNDWATER_FLOW	
$MMP_TYPE
	 PERMEABILITY	
$DIS_TYPE
	 NEAREST_VALUE	
;hj
$CONVERSION_FACTOR
	 1.0	
$DATA
0.0 0.0 0 2.7767361749105343e-06
0.0 0.01 0 2.1766188194791647e-06
0.0 0.02 0 2.3818557691721916e-06
0.0 0.03 0 2.8696307303230837e-06
0.0 0.04 0 3.433746934757192e-06
0.0 0.05 0 3.964733334027917e-06
0.0 0.06 0 4.422852397531966e-06
0.0 0.07 0 4.976232614988023e-06
0.0 0.08 0 5.226115838910098e-06
0.0 0.09 0 5.321938908693326e-06
0.0 0.1 0 5.996908065811116e-06
0.0 0.11 0 6.11470930774095e-06
0.0 0.12 0 5.246443527447733e-06
0.0 0.13 0 5.653496213153999e-06
0.0 0.14 0 7.2245446047033716e-06
0.0 0.15 0 6.5596008007186e-06
0.0 0.16 0 5.185628030392084e-06
0.0 0.17 0 5.913208742894333e-06
0.0 0.18 0 7.788858068785055e-06
0.0 0.19 0 8.652561196495954e-06
0.0 0.2 0 9.225927550732465e-06
0.0 0.21 0 9.457686943761378e-06
0.0 0.22 0 8.44052495697732e-06
0.0 0.23 0 7.2833085106409625e-06
0.0 0.24 0 6.40947258097761e-06
0.0 0.25 0 6.246341491120811e-06
0.0 0.26 0 7.567195949901008e-06
0.0 0.27 0 8.351511165974603e-06
0.0 0.28 0 6.570537793631154e-06
0.0 0.29 0 5.609880270840572e-06
0.0 0.3 0 6.289932084973127e-06
0.0 0.31 0 6.219366724475768e-06
0.0 0.32 0 5.530478778989065e-06
0.0 0.33 0 5.993906419905988e-06
0.0 0.34 0 6.326193668257285e-06
0.0 0.35000000000000003 0 5.226333386138985e-06
0.0 0.36 0 4.053685313085194e-06
0.0 0.37 0 2.9754941164352165e-06
0.0 0.38 0 1.999996691930489e-06
0.0 0.39 0 1.638959100046532e-06
0.0 0.4 0 1.8603000851427555e-06
0.0 0.41000000000000003 0 2.3967323076451764e-06
0.0 0.42 0 2.8275678271266442e-06
0.0 0.43 0 2.6070089244879015e-06
0.0 0.44 0 2.230496636487041e-06
0.0 0.45 0 2.7079998687449664e-06
0.0 0.46 0 4.015428307059506e-06
0.0 0.47000000000000003 0 4.497925959328974e-06
0.0 0.48 0 4.524746281783396e-06
0.0 0.49 0 5.483427687116941e-06
0.0 0.5 0 6.24114178722653e-06
0.01 0.0 0 3.724109878852585e-06
0.01 0.01 0 3.7151581774111738e-06
0.01 0.02 0 4.6533586464776575e-06
0.01 0.03 0 4.3279578645567475e-06
0.01 0.04 0 4.126397281376666e-06
0.01 0.05 0 4.88330829832569e-06
0.01 0.06 0 4.534360223534054e-06
0.01 0.07 0 3.5201329705890758e-06
0.01 0.08 0 3.816843337242505e-06
0.01 0.09 0 5.518375671865678e-06
0.01 0.1 0 7.735295518342368e-06
0.01 0.11 0 9.620479689010658e-06
0.01 0.12 0 1.0196927177284976e-05
0.01 0.13 0 9.724099529984852e-06
0.01 0.14 0 9.4922180506523e-06
0.01 0.15 0 9.173196673615665e-06
0.01 0.16 0 8.725167849885673e-06
0.01 0.17 0 8.4943247016196e-06
0.01 0.18 0 7.556525972936981e-06
0.01 0.19 0 6.67866746570195e-06
0.01 0.2 0 7.067887639314094e-06
0.01 0.21 0 6.59460266093341e-06
0.01 0.22 0 4.5303327932809315e-06
0.01 0.23 0 3.875599881550126e-06
0.01 0.24 0 4.805151314263304e-06
0.01 0.25 0 5.189188760975339e-06
0.01 0.26 0 4.823910358569441e-06
0.01 0.27 0 5.116439821795533e-06
0.01 0.28 0 4.9832834956736345e-06
0.01 0.29 0 4.335776563297239e-06
0.01 0.3 0 4.8087405399955805e-06
0.01 0.31 0 5.710998263954613e-06
0.01 0.32 0 5.088818418333871e-06
0.01 0.33 0 4.418162076097184e-06
0.01 0.34 0 4.978661250932189e-06
0.01 0.35000000000000003 0 5.986176611295306e-06
0.01 0.36 0 5.817970938752648e-06
0.01 0.37 0 4.145479567016729e-06
0.01 0.38 0 2.7065459347211467e-06
0.01 0.39 0 2.3957561585186205e-06
0.01 0.4 0 2.6411640128432595e-06
0.01 0.41000000000000003 0 2.64151946598879e-06
0.01 0.42 0 2.9004276883619934e-06
0.01 0.43 0 3.938140743596614e-06
0.01 0.44 0 4.4248345623545496e-06
0.01 0.45 0 4.092227770518809e-06
0.01 0.46 0 4.5997949956807495e-06
0.01 0.47000000000000003 0 5.488757774621297e-06
0.01 0.48 0 5.6199952387580465e-06
0.01 0.49 0 6.537658812601714e-06
0.01 0.5 0 9.173042859616086e-06
0.02 0.0 0 3.0889767821797775e-06
0.02 0.01 0 3.193794761379786e-06
0.02 0.02 0 2.9626319971296436e-06
0.02 0.03 0 2.922961418249326e-06
0.02 0.04 0 3.7808552890028282e-06
0.02 0.05 0 4.8284164080820525e-06
0.02 0.06 0 4.1215571164155395e-06
0.02 0.07 0 3.519963729474028e-06
0.02 0.08 0 4.380977844788775e-06
0.02 0.09 0 4.8584342911567756e-06
0.02 0.1 0 4.1364641390734095e-06
0.02 0.11 0 4.6520422474119665e-06
0.02 0.12 0 6.054190898464767e-06
0.02 0.13 0 5.655764520585515e-06
0.02 0.14 0 5.312828588011188e-06
0.02 0.15 0 6.445806270582146e-06
0.02 0.16 0 6.202650864413473e-06
0.02 0.17 0 4.671698554851106e-06
0.02 0.18 0 5.094698000697689e-06
0.02 0.19 0 8.250587727250515e-06
0.02 0.2 0 1.1187656883410621e-05
0.02 0.21 0 9.929734760499152e-06
0.02 0.22 0 7.809669600443819e-06
0.02 0.23 0 7.520681325339548e-06
0.02 0.24 0 7.555657324862527e-06
0.02 0.25 0 6.2753323668324315e-06
0.02 0.26 0 6.014520344506984e-06
0.02 0.27 0 7.846472535843786e-06
0.02 0.28 0 7.83887137030134e-06
0.02 0.29 0 5.581415908661473e-06
0.02 0.3 0 5.6713054543377585e-06
0.02 0.31 0 7.4851952034077926e-06
0.02 0.32 0 6.902098526807734e-06
0.02 0.33 0 6.091190639984252e-06
0.02 0.34 0 7.878467715218595e-06
0.02 0.35000000000000003 0 9.166789026016129e-06
0.02 0.36 0 7.339141875626898e-06
0.02 0.37 0 6.149069158312017e-06
0.02 0.38 0 6.045082739160309e-06
0.02 0.39 0 5.970009465405073e-06
0.02 0.4 0 6.522473367671396e-06
0.02 0.41000000000000003 0 7.91130614380454e-06
0.02 0.42 0 8.683787540672437e-06
0.02 0.43 0 7.873999331912549e-06
0.02 0.44 0 6.372915609931968e-06
0.02 0.45 0 6.084797379011345e-06
0.02 0.46 0 8.246264623397458e-06
0.02 0.47000000000000003 0 1.1198769517558026e-05
0.02 0.48 0 1.1607838497024076e-05
0.02 0.49 0 1.2865572208074239e-05
0.02 0.5 0 1.732301943914744e-05
0.03 0.0 0 4.7795730947604145e-06
0.03 0.01 0 3.9680521083124794e-06
0.03 0.02 0 3.77964548425935e-06
0.03 0.03 0 4.444757932477666e-06
0.03 0.04 0 4.49404171216821e-06
0.03 0.05 0 3.868931481601019e-06
0.03 0.06 0 3.5557455548699244e-06
0.03 0.07 0 3.8002632785245724e-06
0.03 0.08 0 4.3084798796636095e-06
0.03 0.09 0 4.231497399893779e-06
0.03 0.1 0 3.881367158100728e-06
0.03 0.11 0 4.393992859856599e-06
0.03 0.12 0 4.9525421607526405e-06
0.03 0.13 0 4.2497564552347845e-06
0.03 0.14 0 4.293871305454287e-06
0.03 0.15 0 6.034095983593747e-06
0.03 0.16 0 6.413992103503683e-06
0.03 0.17 0 5.0207039955303e-06
0.03 0.18 0 5.285937227517204e-06
0.03 0.19 0 6.805594879189056e-06
0.03 0.2 0 7.4332291925698425e-06
0.03 0.21 0 8.453635430332282e-06
0.03 0.22 0 1.0189492471748335e-05
0.03 0.23 0 9.296665882933339e-06
0.03 0.24 0 7.487009607799513e-06
0.03 0.25 0 7.460471553306712e-06
0.03 0.26 0 8.059490353526474e-06
0.03 0.27 0 7.670862103711221e-06
0.03 0.28 0 6.864119587042937e-06
0.03 0.29 0 6.879180649504266e-06
0.03 0.3 0 8.277846949433264e-06
0.03 0.31 0 9.099385014152992e-06
0.03 0.32 0 7.046202333569514e-06
0.03 0.33 0 5.311400077287831e-06
0.03 0.34 0 5.349056756018456e-06
0.03 0.35000000000000003 0 5.747558669272096e-06
0.03 0.36 0 6.1659115762914515e-06
0.03 0.37 0 7.3530253677389015e-06
0.03 0.38 0 7.159341211253062e-06
0.03 0.39 0 5.873441907017454e-06
0.03 0.4 0 7.487756061794067e-06
0.03 0.41000000000000003 0 1.2097090875484703e-05
0.03 0.42 0 1.155254999659723e-05
0.03 0.43 0 8.803488944042182e-06
0.03 0.44 0 1.0369500675321018e-05
0.03 0.45 0 1.3451023592526635e-05
0.03 0.46 0 1.2563453607106822e-05
0.03 0.47000000000000003 0 1.143824053855963e-05
0.03 0.48 0 1.2544460258184511e-05
0.03 0.49 0 1.392632357487634e-05
0.03 0.5 0 1.4560720304846211e-05
0.04 0.0 0 7.396372641434846e-06
0.04 0.01 0 7.721867600251161e-06
0.04 0.02 0 7.603416773965895e-06
0.04 0.03 0 7.935886179644104e-06
0.04 0.04 0 8.543489803931088e-06
0.04 0.05 0 9.79254154157462e-06
0.04 0.06 0 1.0133935155211802e-05
0.04 0.07 0 7.861752142210681e-06
0.04 0.08 0 6.440364583178296e-06
0.04 0.09 0 7.203323557589793e-06
0.04 0.1 0 7.666468563917608e-06
0.04 0.11 0 6.5669393944684255e-06
0.04 0.12 0 5.642234628384708e-06
0.04 0.13 0 4.771960307660947e-06
0.04 0.14 0 4.078749813651413e-06
0.04 0.15 0 4.414262886149473e-06
0.04 0.16 0 4.944064910576943e-06
0.04 0.17 0 4.343418293382203e-06
0.04 0.18 0 3.9996300140842735e-06
0.04 0.19 0 4.85279639894128e-06
0.04 0.2 0 6.244556195172545e-06
0.04 0.21 0 7.127089438716837e-06
0.04 0.22 0 6.592638033987332e-06
0.04 0.23 0 5.288395512046007e-06
0.04 0.24 0 5.437595626701479e-06
0.04 0.25 0 6.870375620354931e-06
0.04 0.26 0 5.9021989550702035e-06
0.04 0.27 0 3.864702092397379e-06
0.04 0.28 0 3.76960263208657e-06
0.04 0.29 0 4.879828683409618e-06
0.04 0.3 0 5.2083658285835075e-06
0.04 0.31 0 5.0907163064067265e-06
0.04 0.32 0 5.133625855947891e-06
0.04 0.33 0 4.6379396165477015e-06
0.04 0.34 0 4.373827080931783e-06
0.04 0.35000000000000003 0 5.292446459109378e-06
0.04 0.36 0 7.045033354211357e-06
0.04 0.37 0 8.406541011273884e-06
0.04 0.38 0 8.709258835674227e-06
0.04 0.39 0 9.109286366569433e-06
0.04 0.4 0 1.1225951070045638e-05
0.04 0.41000000000000003 0 1.2303188638588908e-05
0.04 0.42 0 9.304338995792897e-06
0.04 0.43 0 8.17165225056852e-06
0.04 0.44 0 1.143060464430384e-05
0.04 0.45 0 1.3218969119646225e-05
0.04 0.46 0 1.0127813548724346e-05
0.04 0.47000000000000003 0 9.553484887692384e-06
0.04 0.48 0 1.0549271505294762e-05
0.04 0.49 0 8.219945272153718e-06
0.04 0.5 0 6.239110798960496e-06
0.05 0.0 0 8.24038722479959e-06
0.05 0.01 0 9.610149453660495e-06
0.05 0.02 0 7.0526121979263865e-06
0.05 0.03 0 6.537292338391893e-06
0.05 0.04 0 8.124494040834752e-06
0.05 0.05 0 7.742520152768012e-06
0.05 0.06 0 5.424773192884716e-06
0.05 0.07 0 4.3208297374490486e-06
0.05 0.08 0 5.031154110388736e-06
0.05 0.09 0 6.879722714265778e-06
0.05 0.1 0 7.233278942778205e-06
0.05 0.11 0 6.002914792212811e-06
0.05 0.12 0 5.484420839656728e-06
0.05 0.13 0 4.974078506917303e-06
0.05 0.14 0 3.8172429839334864e-06
0.05 0.15 0 3.2732495628411307e-06
0.05 0.16 0 3.0737271734332308e-06
0.05 0.17 0 2.3439669902032073e-06
0.05 0.18 0 2.010380743640459e-06
0.05 0.19 0 2.668557047083618e-06
0.05 0.2 0 3.3641700086459147e-06
0.05 0.21 0 3.000216988254633e-06
0.05 0.22 0 2.703377297874438e-06
0.05 0.23 0 2.728503310673915e-06
0.05 0.24 0 2.6751344017289847e-06
0.05 0.25 0 2.7169864721039026e-06
0.05 0.26 0 2.7317276887076042e-06
0.05 0.27 0 2.577360352541897e-06
0.05 0.28 0 2.8200896199431907e-06
0.05 0.29 0 3.4590974504116655e-06
0.05 0.3 0 3.754649670222702e-06
0.05 0.31 0 4.10104453825395e-06
0.05 0.32 0 4.858296314478061e-06
0.05 0.33 0 4.885486182740387e-06
0.05 0.34 0 4.445178885108687e-06
0.05 0.35000000000000003 0 4.555110214934077e-06
0.05 0.36 0 4.632419785514009e-06
0.05 0.37 0 4.4982963352587115e-06
0.05 0.38 0 4.71135070764889e-06
0.05 0.39 0 4.611937184079782e-06
0.05 0.4 0 4.167339900974439e-06
0.05 0.41000000000000003 0 4.430853406489171e-06
0.05 0.42 0 4.830780352609594e-06
0.05 0.43 0 4.39574672963129e-06
0.05 0.44 0 4.3697484832830755e-06
0.05 0.45 0 5.3974795290332056e-06
0.05 0.46 0 6.513402035083529e-06
0.05 0.47000000000000003 0 7.097874042006697e-06
0.05 0.48 0 6.6299916480992446e-06
0.05 0.49 0 4.9558342828207035e-06
0.05 0.5 0 4.1076443187588275e-06
0.06 0.0 0 8.68294274160022e-06
0.06 0.01 0 7.962006954120804e-06
0.06 0.02 0 6.322244252506479e-06
0.06 0.03 0 6.88973780404411e-06
0.06 0.04 0 6.905862921147046e-06
0.06 0.05 0 4.044352272810569e-06
0.06 0.06 0 2.4389046135388143e-06
0.06 0.07 0 2.287768260195602e-06
0.06 0.08 0 2.3732220405962505e-06
0.06 0.09 0 2.6167005573644627e-06
0.06 0.1 0 3.486410908908885e-06
0.06 0.11 0 3.7671293717243743e-06
0.06 0.12 0 2.712839121367531e-06
0.06 0.13 0 1.9317964651512386e-06
0.06 0.14 0 1.6893982177166098e-06
0.06 0.15 0 1.6368461554592087e-06
0.06 0.16 0 1.671410812493435e-06
0.06 0.17 0 1.7628655708368244e-06
0.06 0.18 0 1.9009172765028132e-06
0.06 0.19 0 2.0030781422668845e-06
0.06 0.2 0 1.8986609395274656e-06
0.06 0.21 0 1.961304289685219e-06
0.06 0.22 0 2.5878424252138344e-06
0.06 0.23 0 2.9627159505234525e-06
0.06 0.24 0 2.572308463103947e-06
0.06 0.25 0 2.8018920712004435e-06
0.06 0.26 0 3.427409743905977e-06
0.06 0.27 0 2.5243917257295985e-06
0.06 0.28 0 1.6086656990474069e-06
0.06 0.29 0 1.7404448990161623e-06
0.06 0.3 0 2.152215013488622e-06
0.06 0.31 0 1.914920374885535e-06
0.06 0.32 0 1.7097126123769078e-06
0.06 0.33 0 1.7610338251054149e-06
0.06 0.34 0 1.6627811320147493e-06
0.06 0.35000000000000003 0 1.636028197054192e-06
0.06 0.36 0 1.9762336911043936e-06
0.06 0.37 0 2.355741179707658e-06
0.06 0.38 0 2.270328135719885e-06
0.06 0.39 0 1.9304194595632843e-06
0.06 0.4 0 1.9359547397656322e-06
0.06 0.41000000000000003 0 2.579150013557745e-06
0.06 0.42 0 3.012511553232451e-06
0.06 0.43 0 2.4054804257543507e-06
0.06 0.44 0 2.266955264829402e-06
0.06 0.45 0 3.31266492453066e-06
0.06 0.46 0 4.362802368008268e-06
0.06 0.47000000000000003 0 4.521874466603362e-06
0.06 0.48 0 5.472718197513272e-06
0.06 0.49 0 6.834021463846972e-06
0.06 0.5 0 6.837562415370452e-06
0.07 0.0 0 2.0073279273312526e-06
0.07 0.01 0 1.9733497622064644e-06
0.07 0.02 0 1.7652745461903415e-06
0.07 0.03 0 1.5299914098577272e-06
0.07 0.04 0 1.4121690080026917e-06
0.07 0.05 0 1.4253866063944275e-06
0.07 0.06 0 1.6227297424329268e-06
0.07 0.07 0 1.6953695222237822e-06
0.07 0.08 0 1.4191207962960051e-06
0.07 0.09 0 1.4855960517513875e-06
0.07 0.1 0 2.189844731453277e-06
0.07 0.11 0 2.2667330612951366e-06
0.07 0.12 0 1.5832090900819234e-06
0.07 0.13 0 1.6299206332120844e-06
0.07 0.14 0 2.2622925622742475e-06
0.07 0.15 0 2.237275139377135e-06
0.07 0.16 0 2.0438177400411753e-06
0.07 0.17 0 2.5378677868850704e-06
0.07 0.18 0 2.9411877957291554e-06
0.07 0.19 0 2.6630099051475345e-06
0.07 0.2 0 2.579112788004409e-06
0.07 0.21 0 2.607872406265007e-06
0.07 0.22 0 2.1629399296850103e-06
0.07 0.23 0 1.7216010254166737e-06
0.07 0.24 0 1.946195506576459e-06
0.07 0.25 0 3.2616018592337234e-06
0.07 0.26 0 4.675137189286008e-06
0.07 0.27 0 3.710355810939206e-06
0.07 0.28 0 2.5568150707594722e-06
0.07 0.29 0 2.4747642912215226e-06
0.07 0.3 0 2.3526654999641194e-06
0.07 0.31 0 1.928951951558626e-06
0.07 0.32 0 2.2669060338978905e-06
0.07 0.33 0 3.200036725116486e-06
0.07 0.34 0 2.9445446533953014e-06
0.07 0.35000000000000003 0 2.330881444520979e-06
0.07 0.36 0 2.36666566601478e-06
0.07 0.37 0 2.203888487372712e-06
0.07 0.38 0 1.839282776276947e-06
0.07 0.39 0 2.1307717187575173e-06
0.07 0.4 0 2.892141941372883e-06
0.07 0.41000000000000003 0 3.013425036449975e-06
0.07 0.42 0 2.67338319413329e-06
0.07 0.43 0 2.469049343514965e-06
0.07 0.44 0 2.447643304145884e-06
0.07 0.45 0 2.858821037947174e-06
0.07 0.46 0 3.939223912745437e-06
0.07 0.47000000000000003 0 5.502193913986974e-06
0.07 0.48 0 6.633847780964463e-06
0.07 0.49 0 6.1001063649489e-06
0.07 0.5 0 5.314509541622341e-06
0.08 0.0 0 1.120430471129795e-06
0.08 0.01 0 1.199285035309792e-06
0.08 0.02 0 1.1912251492108606e-06
0.08 0.03 0 1.0935356750455453e-06
0.08 0.04 0 1.220161582165944e-06
0.08 0.05 0 1.4281333996551282e-06
0.08 0.06 0 1.4056941326839827e-06
0.08 0.07 0 1.458483002657014e-06
0.08 0.08 0 1.8540900316602799e-06
0.08 0.09 0 2.5298341749565695e-06
0.08 0.1 0 3.2174704242913696e-06
0.08 0.11 0 3.140165112636501e-06
0.08 0.12 0 2.4462417960669456e-06
0.08 0.13 0 2.2877784666749095e-06
0.08 0.14 0 2.610791324462121e-06
0.08 0.15 0 2.5869744162215566e-06
0.08 0.16 0 2.537896146210572e-06
0.08 0.17 0 2.8573964529183504e-06
0.08 0.18 0 2.605664890896017e-06
0.08 0.19 0 1.936608951365639e-06
0.08 0.2 0 1.7207973266460428e-06
0.08 0.21 0 1.6114437488596226e-06
0.08 0.22 0 1.3342835870376696e-06
0.08 0.23 0 1.300116513400664e-06
0.08 0.24 0 1.4772934320028963e-06
0.08 0.25 0 1.467348430692779e-06
0.08 0.26 0 1.4404143432608953e-06
0.08 0.27 0 1.5323554042779278e-06
0.08 0.28 0 1.379394978061067e-06
0.08 0.29 0 1.104858721073216e-06
0.08 0.3 0 1.0445541163308573e-06
0.08 0.31 0 1.148209469036239e-06
0.08 0.32 0 1.2669171546241782e-06
0.08 0.33 0 1.311737262019411e-06
0.08 0.34 0 1.3494839393125183e-06
0.08 0.35000000000000003 0 1.700150769238355e-06
0.08 0.36 0 2.3343466020864233e-06
0.08 0.37 0 2.2575457080868126e-06
0.08 0.38 0 1.767514311436051e-06
0.08 0.39 0 1.7582938529584958e-06
0.08 0.4 0 1.875393678023292e-06
0.08 0.41000000000000003 0 1.8781018427928957e-06
0.08 0.42 0 2.469802079161226e-06
0.08 0.43 0 3.2174291560432057e-06
0.08 0.44 0 2.4127897170806357e-06
0.08 0.45 0 1.7901129949435512e-06
0.08 0.46 0 2.3924726328253318e-06
0.08 0.47000000000000003 0 3.1379771927061203e-06
0.08 0.48 0 2.4813645404785124e-06
0.08 0.49 0 2.0467927768528102e-06
0.08 0.5 0 2.573913687346432e-06
0.09 0.0 0 7.35912043887534e-07
0.09 0.01 0 7.160729459319767e-07
0.09 0.02 0 7.374667925037749e-07
0.09 0.03 0 7.466758062955571e-07
0.09 0.04 0 7.173048022428292e-07
0.09 0.05 0 6.895189094233265e-07
0.09 0.06 0 7.094338933978644e-07
0.09 0.07 0 8.089364960299656e-07
0.09 0.08 0 8.29545635477727e-07
0.09 0.09 0 7.251348761399597e-07
0.09 0.1 0 8.241327710986161e-07
0.09 0.11 0 1.2104608044358122e-06
0.09 0.12 0 1.2653392339569635e-06
0.09 0.13 0 1.0053434537598757e-06
0.09 0.14 0 1.0449874537617997e-06
0.09 0.15 0 1.1904033087652013e-06
0.09 0.16 0 1.059911786340875e-06
0.09 0.17 0 9.604508038402297e-07
0.09 0.18 0 1.007282977950814e-06
0.09 0.19 0 1.0104284348112552e-06
0.09 0.2 0 1.0245751393334028e-06
0.09 0.21 0 1.0525854251372332e-06
0.09 0.22 0 8.914742162465686e-07
0.09 0.23 0 6.784563389619077e-07
0.09 0.24 0 5.772982183267176e-07
0.09 0.25 0 5.801962641004963e-07
0.09 0.26 0 7.118774032374162e-07
0.09 0.27 0 8.315071928151852e-07
0.09 0.28 0 6.441830021186663e-07
0.09 0.29 0 4.844545472490558e-07
0.09 0.3 0 6.139627296428525e-07
0.09 0.31 0 8.692283585873218e-07
0.09 0.32 0 8.171688695729824e-07
0.09 0.33 0 7.141544232794054e-07
0.09 0.34 0 8.073368404668608e-07
0.09 0.35000000000000003 0 9.840755867860489e-07
0.09 0.36 0 1.1360323460885476e-06
0.09 0.37 0 1.2096711271545168e-06
0.09 0.38 0 1.1707245094537318e-06
0.09 0.39 0 1.1972342133265118e-06
0.09 0.4 0 1.3154517401153108e-06
0.09 0.41000000000000003 0 1.3471102239792536e-06
0.09 0.42 0 1.4130026630527122e-06
0.09 0.43 0 1.6012605633638426e-06
0.09 0.44 0 1.7780068380392218e-06
0.09 0.45 0 2.405073146915658e-06
0.09 0.46 0 4.028855758297531e-06
0.09 0.47000000000000003 0 4.499125045708213e-06
0.09 0.48 0 3.123166229257361e-06
0.09 0.49 0 2.7924193177545215e-06
0.09 0.5 0 3.5476589414842483e-06
0.1 0.0 0 1.1921369092829034e-06
0.1 0.01 0 9.458637564130783e-07
0.1 0.02 0 8.912092541420393e-07
0.1 0.03 0 7.335668302852746e-07
0.1 0.04 0 5.246945490706682e-07
0.1 0.05 0 5.422543147043481e-07
0.1 0.06 0 6.959019779634421e-07
0.1 0.07 0 6.701938754652599e-07
0.1 0.08 0 5.633471576448836e-07
0.1 0.09 0 6.185317273575458e-07
0.1 0.1 0 8.461396386053493e-07
0.1 0.11 0 9.88766413616016e-07
0.1 0.12 0 8.179742483296977e-07
0.1 0.13 0 6.863753140123359e-07
0.1 0.14 0 8.358989324429607e-07
0.1 0.15 0 1.0246346729223961e-06
0.1 0.16 0 8.5656586257942e-07
0.1 0.17 0 6.588714250955723e-07
0.1 0.18 0 5.735782418519952e-07
0.1 0.19 0 4.954606635926842e-07
0.1 0.2 0 5.106121819261556e-07
0.1 0.21 0 6.38697631655608e-07
0.1 0.22 0 5.95924113591955e-07
0.1 0.23 0 4.4559343927319596e-07
0.1 0.24 0 4.5506895022822314e-07
0.1 0.25 0 5.279977915238953e-07
0.1 0.26 0 4.796110310186753e-07
0.1 0.27 0 4.5599803798753944e-07
0.1 0.28 0 5.538838330975864e-07
0.1 0.29 0 6.868034156216326e-07
0.1 0.3 0 8.242065750486613e-07
0.1 0.31 0 9.325817183931896e-07
0.1 0.32 0 8.612655384398062e-07
0.1 0.33 0 7.677376912283204e-07
0.1 0.34 0 8.518586156480821e-07
0.1 0.35000000000000003 0 1.1152415154355662e-06
0.1 0.36 0 1.5131972860111464e-06
0.1 0.37 0 1.7935747975571658e-06
0.1 0.38 0 1.624526734684326e-06
0.1 0.39 0 1.477466301587758e-06
0.1 0.4 0 1.6596705451972811e-06
0.1 0.41000000000000003 0 1.723010125947382e-06
0.1 0.42 0 1.6681466074337687e-06
0.1 0.43 0 2.1572529033245517e-06
0.1 0.44 0 2.9129586944124697e-06
0.1 0.45 0 2.845154309908874e-06
0.1 0.46 0 2.8383170181228716e-06
0.1 0.47000000000000003 0 3.599710504967407e-06
0.1 0.48 0 4.122603622412771e-06
0.1 0.49 0 4.036621165228357e-06
0.1 0.5 0 4.2660192388022436e-06
0.11 0.0 0 2.195217664686625e-06
0.11 0.01 0 2.06616646709777e-06
0.11 0.02 0 1.9125955360572933e-06
0.11 0.03 0 1.565472877593727e-06
0.11 0.04 0 1.3368404961005773e-06
0.11 0.05 0 1.5548882505590727e-06
0.11 0.06 0 1.6713499056453219e-06
0.11 0.07 0 1.3412354150593537e-06
0.11 0.08 0 1.3686877592238667e-06
0.11 0.09 0 1.75697052589652e-06
0.11 0.1 0 1.5165744970559583e-06
0.11 0.11 0 1.0474406886157992e-06
0.11 0.12 0 1.0133039431881668e-06
0.11 0.13 0 1.166613988725054e-06
0.11 0.14 0 1.2676289297682468e-06
0.11 0.15 0 1.52401413049595e-06
0.11 0.16 0 1.7500096493263048e-06
0.11 0.17 0 1.380890481027877e-06
0.11 0.18 0 8.659270581335215e-07
0.11 0.19 0 6.462036351574029e-07
0.11 0.2 0 6.650564342109812e-07
0.11 0.21 0 7.475218537639409e-07
0.11 0.22 0 7.195961872636709e-07
0.11 0.23 0 7.427822920259109e-07
0.11 0.24 0 9.815652761839557e-07
0.11 0.25 0 1.0437312737199637e-06
0.11 0.26 0 7.893585505595317e-07
0.11 0.27 0 8.129617150338651e-07
0.11 0.28 0 1.1201659143464298e-06
0.11 0.29 0 1.072496347782021e-06
0.11 0.3 0 9.619969766149962e-07
0.11 0.31 0 1.4367162697375486e-06
0.11 0.32 0 2.088982535353105e-06
0.11 0.33 0 1.8906956669564344e-06
0.11 0.34 0 1.9037742423372744e-06
0.11 0.35000000000000003 0 2.807038223572959e-06
0.11 0.36 0 3.7530401264290992e-06
0.11 0.37 0 3.7120340161498464e-06
0.11 0.38 0 3.286624538869571e-06
0.11 0.39 0 2.9048325034538775e-06
0.11 0.4 0 2.6389373801550544e-06
0.11 0.41000000000000003 0 2.506704002216674e-06
0.11 0.42 0 2.6857177358726545e-06
0.11 0.43 0 3.3929787836489926e-06
0.11 0.44 0 3.909171516152395e-06
0.11 0.45 0 3.7011069770955587e-06
0.11 0.46 0 4.3010100446201725e-06
0.11 0.47000000000000003 0 6.092667114225378e-06
0.11 0.48 0 6.090366558638624e-06
0.11 0.49 0 5.0500409269574305e-06
0.11 0.5 0 6.2608046544891e-06
0.12 0.0 0 1.5401218861915869e-06
0.12 0.01 0 1.5581411266312423e-06
0.12 0.02 0 1.3119584933364944e-06
0.12 0.03 0 1.3500121637832382e-06
0.12 0.04 0 1.6716740352817718e-06
0.12 0.05 0 2.1224780622756714e-06
0.12 0.06 0 2.4103675216972806e-06
0.12 0.07 0 2.3621352215684243e-06
0.12 0.08 0 2.3459466014976753e-06
0.12 0.09 0 2.2578119549271366e-06
0.12 0.1 0 1.7986059148844446e-06
0.12 0.11 0 1.6271352139649473e-06
0.12 0.12 0 1.9909181334341716e-06
0.12 0.13 0 2.0539646246288044e-06
0.12 0.14 0 1.8005882196590201e-06
0.12 0.15 0 2.3404033529761165e-06
0.12 0.16 0 3.287168034048893e-06
0.12 0.17 0 2.5484004780046937e-06
0.12 0.18 0 1.5974800453522705e-06
0.12 0.19 0 1.4410153421410939e-06
0.12 0.2 0 1.4775630537060576e-06
0.12 0.21 0 1.3977922920060628e-06
0.12 0.22 0 1.5128784580080645e-06
0.12 0.23 0 1.9402215037290945e-06
0.12 0.24 0 2.5518229206148523e-06
0.12 0.25 0 3.177771401086441e-06
0.12 0.26 0 3.5198016279021153e-06
0.12 0.27 0 3.4677965092629622e-06
0.12 0.28 0 2.98722725206102e-06
0.12 0.29 0 2.320363239432194e-06
0.12 0.3 0 2.306942520090947e-06
0.12 0.31 0 3.2311789245845644e-06
0.12 0.32 0 3.592423601714767e-06
0.12 0.33 0 2.773655447478156e-06
0.12 0.34 0 2.729503518312692e-06
0.12 0.35000000000000003 0 3.456007354420044e-06
0.12 0.36 0 3.5484943267864755e-06
0.12 0.37 0 3.646097609902994e-06
0.12 0.38 0 4.676962574757865e-06
0.12 0.39 0 5.212963551587323e-06
0.12 0.4 0 5.340020114199472e-06
0.12 0.41000000000000003 0 7.295732343726167e-06
0.12 0.42 0 9.81778109687051e-06
0.12 0.43 0 9.514686807093701e-06
0.12 0.44 0 9.565402409825977e-06
0.12 0.45 0 1.1745021424417762e-05
0.12 0.46 0 1.2584576894672e-05
0.12 0.47000000000000003 0 1.0638177066254839e-05
0.12 0.48 0 8.809870942138577e-06
0.12 0.49 0 8.349015344612915e-06
0.12 0.5 0 8.741381659503241e-06
0.13 0.0 0 1.5391382588946702e-06
0.13 0.01 0 1.7235139381307538e-06
0.13 0.02 0 1.7005267565376018e-06
0.13 0.03 0 1.909152544037566e-06
0.13 0.04 0 2.251718428672158e-06
0.13 0.05 0 2.6975522105161483e-06
0.13 0.06 0 3.4577199228537122e-06
0.13 0.07 0 3.899694718419064e-06
0.13 0.08 0 4.026842252340183e-06
0.13 0.09 0 5.051357266595265e-06
0.13 0.1 0 6.122349420190252e-06
0.13 0.11 0 5.290271860487722e-06
0.13 0.12 0 4.44911370461091e-06
0.13 0.13 0 4.642436773369534e-06
0.13 0.14 0 5.176585421318439e-06
0.13 0.15 0 6.077803910710285e-06
0.13 0.16 0 6.843772141298704e-06
0.13 0.17 0 5.675478051535782e-06
0.13 0.18 0 4.221313796667976e-06
0.13 0.19 0 3.993257731783777e-06
0.13 0.2 0 4.2505499692207305e-06
0.13 0.21 0 4.526493012323842e-06
0.13 0.22 0 5.089545318315603e-06
0.13 0.23 0 5.135904301094197e-06
0.13 0.24 0 4.758344842429119e-06
0.13 0.25 0 5.310917317039233e-06
0.13 0.26 0 5.9298115531213885e-06
0.13 0.27 0 5.22963923150491e-06
0.13 0.28 0 5.136708124008566e-06
0.13 0.29 0 6.3776473782324625e-06
0.13 0.3 0 6.848969721750617e-06
0.13 0.31 0 6.314614353387092e-06
0.13 0.32 0 6.5055137879762825e-06
0.13 0.33 0 6.802752952660844e-06
0.13 0.34 0 6.268010741512289e-06
0.13 0.35000000000000003 0 5.527464730939755e-06
0.13 0.36 0 5.2143652453724535e-06
0.13 0.37 0 5.75198457928367e-06
0.13 0.38 0 6.4760198350315126e-06
0.13 0.39 0 5.9061334168214595e-06
0.13 0.4 0 5.861137973294894e-06
0.13 0.41000000000000003 0 8.558129409790636e-06
0.13 0.42 0 1.1114838353575953e-05
0.13 0.43 0 9.576633205984234e-06
0.13 0.44 0 9.540976617357577e-06
0.13 0.45 0 1.211800744152378e-05
0.13 0.46 0 1.2278010527448906e-05
0.13 0.47000000000000003 0 1.211040308473693e-05
0.13 0.48 0 1.551256567964137e-05
0.13 0.49 0 1.5747380832638113e-05
0.13 0.5 0 1.0776982412054277e-05
0.14 0.0 0 1.296665597468367e-06
0.14 0.01 0 1.4842143402589581e-06
0.14 0.02 0 1.4994511092789567e-06
0.14 0.03 0 1.6004306479162193e-06
0.14 0.04 0 2.3056679609799024e-06
0.14 0.05 0 3.390981200183824e-06
0.14 0.06 0 3.56116369211052e-06
0.14 0.07 0 2.8021395716230837e-06
0.14 0.08 0 2.461905715739788e-06
0.14 0.09 0 3.0488947755603393e-06
0.14 0.1 0 3.7995142083354603e-06
0.14 0.11 0 3.7784791373325425e-06
0.14 0.12 0 4.322395569857893e-06
0.14 0.13 0 5.590528775189607e-06
0.14 0.14 0 4.770233903633808e-06
0.14 0.15 0 3.416340232079216e-06
0.14 0.16 0 3.881959191853086e-06
0.14 0.17 0 5.129316142214674e-06
0.14 0.18 0 4.900845097057997e-06
0.14 0.19 0 4.6442789306102425e-06
0.14 0.2 0 5.255759092435467e-06
0.14 0.21 0 5.407024236031244e-06
0.14 0.22 0 5.218097060524866e-06
0.14 0.23 0 5.585361590236357e-06
0.14 0.24 0 6.318779259264045e-06
0.14 0.25 0 7.768551162618635e-06
0.14 0.26 0 9.920113319690091e-06
0.14 0.27 0 1.0591569306980484e-05
0.14 0.28 0 1.0128505495205434e-05
0.14 0.29 0 1.0367264689280633e-05
0.14 0.3 0 1.0948910744207449e-05
0.14 0.31 0 1.3135967688251863e-05
0.14 0.32 0 1.801520187215638e-05
0.14 0.33 0 1.8023729973960974e-05
0.14 0.34 0 1.2375313032377262e-05
0.14 0.35000000000000003 0 1.057413667090158e-05
0.14 0.36 0 1.3125146627887358e-05
0.14 0.37 0 1.6095000204590916e-05
0.14 0.38 0 1.6956643895222787e-05
0.14 0.39 0 1.5637345749536063e-05
0.14 0.4 0 1.3217718415487211e-05
0.14 0.41000000000000003 0 1.2806802597662957e-05
0.14 0.42 0 1.340916656185517e-05
0.14 0.43 0 1.141631993852777e-05
0.14 0.44 0 9.966717274040499e-06
0.14 0.45 0 1.2231029282623713e-05
0.14 0.46 0 1.5836505447315074e-05
0.14 0.47000000000000003 0 1.655399200105932e-05
0.14 0.48 0 1.492951902426279e-05
0.14 0.49 0 1.1656406706768276e-05
0.14 0.5 0 9.689024098930198e-06
0.15 0.0 0 1.2328035483796125e-06
0.15 0.01 0 1.6510522108657276e-06
0.15 0.02 0 1.5208216663399829e-06
0.15 0.03 0 1.2744575616053407e-06
0.15 0.04 0 1.5711721558979485e-06
0.15 0.05 0 1.9097148842705897e-06
0.15 0.06 0 1.7828195588572347e-06
0.15 0.07 0 1.776047110691692e-06
0.15 0.08 0 1.8589018612350825e-06
0.15 0.09 0 1.7195734857396896e-06
0.15 0.1 0 1.7723879987150585e-06
0.15 0.11 0 2.256847048786174e-06
0.15 0.12 0 2.734945665357772e-06
0.15 0.13 0 2.7499782440994702e-06
0.15 0.14 0 2.6201200280695003e-06
0.15 0.15 0 2.95371433047031e-06
0.15 0.16 0 3.8189370612676705e-06
0.15 0.17 0 3.862431659941941e-06
0.15 0.18 0 3.0454704173227687e-06
0.15 0.19 0 3.174353052964267e-06
0.15 0.2 0 4.440974321393844e-06
0.15 0.21 0 5.312626245673404e-06
0.15 0.22 0 5.722243293709702e-06
0.15 0.23 0 6.303771338391777e-06
0.15 0.24 0 5.75926654758211e-06
0.15 0.25 0 5.796755177402252e-06
0.15 0.26 0 9.385186890499893e-06
0.15 0.27 0 1.3641404972116502e-05
0.15 0.28 0 1.116139483255379e-05
0.15 0.29 0 9.394455277837488e-06
0.15 0.3 0 1.1323762191795472e-05
0.15 0.31 0 1.1952906586886165e-05
0.15 0.32 0 9.78255210854121e-06
0.15 0.33 0 9.110762345494499e-06
0.15 0.34 0 1.0743162871807267e-05
0.15 0.35000000000000003 0 1.3439003277142388e-05
0.15 0.36 0 1.4807030172341673e-05
0.15 0.37 0 1.358679630074394e-05
0.15 0.38 0 1.1942179071185033e-05
0.15 0.39 0 1.0561047486521655e-05
0.15 0.4 0 9.378987678641283e-06
0.15 0.41000000000000003 0 1.0672312210001791e-05
0.15 0.42 0 1.4421967123210402e-05
0.15 0.43 0 1.3503095123062e-05
0.15 0.44 0 1.0113669729700591e-05
0.15 0.45 0 1.1691903678352377e-05
0.15 0.46 0 1.6591243873144228e-05
0.15 0.47000000000000003 0 1.655846573243707e-05
0.15 0.48 0 1.5566472859398345e-05
0.15 0.49 0 1.8193011983735446e-05
0.15 0.5 0 1.8522048188079906e-05
0.16 0.0 0 1.900706003670866e-06
0.16 0.01 0 2.2131625763368913e-06
0.16 0.02 0 2.0171969522301023e-06
0.16 0.03 0 1.804527356599505e-06
0.16 0.04 0 2.0064703008776164e-06
0.16 0.05 0 2.1471281589043945e-06
0.16 0.06 0 1.939292518643126e-06
0.16 0.07 0 1.699667002456686e-06
0.16 0.08 0 1.2926691826856663e-06
0.16 0.09 0 9.859064608335072e-07
0.16 0.1 0 1.252820907572155e-06
0.16 0.11 0 1.970976586801607e-06
0.16 0.12 0 1.918591248381477e-06
0.16 0.13 0 1.6554948024347541e-06
0.16 0.14 0 2.2551102703759183e-06
0.16 0.15 0 3.1274967647173673e-06
0.16 0.16 0 2.9548100423905515e-06
0.16 0.17 0 2.801908608733351e-06
0.16 0.18 0 3.3577054958422817e-06
0.16 0.19 0 4.062412154834745e-06
0.16 0.2 0 4.509172808186002e-06
0.16 0.21 0 5.007009328889701e-06
0.16 0.22 0 5.688099048475726e-06
0.16 0.23 0 5.860741362188984e-06
0.16 0.24 0 5.254216825867394e-06
0.16 0.25 0 5.741212607919086e-06
0.16 0.26 0 8.78414776000961e-06
0.16 0.27 0 1.058780193129381e-05
0.16 0.28 0 8.427362763718996e-06
0.16 0.29 0 8.885423565312907e-06
0.16 0.3 0 1.2690730753305876e-05
0.16 0.31 0 1.1928155047268166e-05
0.16 0.32 0 9.13998107148249e-06
0.16 0.33 0 1.0778524996629373e-05
0.16 0.34 0 1.3555626794601983e-05
0.16 0.35000000000000003 0 1.238498565163728e-05
0.16 0.36 0 1.2713581032903062e-05
0.16 0.37 0 1.5960866615387697e-05
0.16 0.38 0 1.5220006776329447e-05
0.16 0.39 0 1.118161332557625e-05
0.16 0.4 0 9.424630440440497e-06
0.16 0.41000000000000003 0 1.0184245358314338e-05
0.16 0.42 0 1.2213142345013692e-05
0.16 0.43 0 1.3537721519891662e-05
0.16 0.44 0 1.362299247554309e-05
0.16 0.45 0 1.421350927828184e-05
0.16 0.46 0 1.4240797068484827e-05
0.16 0.47000000000000003 0 1.2750818331467818e-05
0.16 0.48 0 1.3169477185682905e-05
0.16 0.49 0 1.5274972306125183e-05
0.16 0.5 0 1.4305918303535751e-05
0.17 0.0 0 1.468477516750844e-06
0.17 0.01 0 1.6091508249676503e-06
0.17 0.02 0 1.9010026858617664e-06
0.17 0.03 0 1.997791516164775e-06
0.17 0.04 0 2.25877910556725e-06
0.17 0.05 0 2.9931165199787983e-06
0.17 0.06 0 3.4429699595151967e-06
0.17 0.07 0 3.1513094482403204e-06
0.17 0.08 0 2.615832968188305e-06
0.17 0.09 0 2.1811661625142844e-06
0.17 0.1 0 2.175734517498601e-06
0.17 0.11 0 2.4227901821116483e-06
0.17 0.12 0 2.256172540480124e-06
0.17 0.13 0 2.0949213245785022e-06
0.17 0.14 0 2.463446645321643e-06
0.17 0.15 0 2.5361350642908977e-06
0.17 0.16 0 1.9980376169373625e-06
0.17 0.17 0 1.8578956644568224e-06
0.17 0.18 0 1.9939375386341974e-06
0.17 0.19 0 1.8668658195622887e-06
0.17 0.2 0 2.0231509123124342e-06
0.17 0.21 0 2.8907503673776352e-06
0.17 0.22 0 3.4841600032892773e-06
0.17 0.23 0 3.1946616628397063e-06
0.17 0.24 0 3.111627808046734e-06
0.17 0.25 0 3.65383159105824e-06
0.17 0.26 0 5.086983370937258e-06
0.17 0.27 0 7.668646045408656e-06
0.17 0.28 0 9.90462946164065e-06
0.17 0.29 0 1.0812534102812913e-05
0.17 0.3 0 1.1502881199553001e-05
0.17 0.31 0 1.1267811728874642e-05
0.17 0.32 0 1.0435755361110023e-05
0.17 0.33 0 1.0265247396464237e-05
0.17 0.34 0 9.538769161293502e-06
0.17 0.35000000000000003 0 9.167836754064934e-06
0.17 0.36 0 1.2007195243938298e-05
0.17 0.37 0 1.4938474517383447e-05
0.17 0.38 0 1.1769273072114232e-05
0.17 0.39 0 9.496416873491171e-06
0.17 0.4 0 1.088989715827262e-05
0.17 0.41000000000000003 0 1.1431472686407476e-05
0.17 0.42 0 1.0404555516176485e-05
0.17 0.43 0 1.1082939609570867e-05
0.17 0.44 0 1.055638779197142e-05
0.17 0.45 0 7.859188616975305e-06
0.17 0.46 0 7.645840155670781e-06
0.17 0.47000000000000003 0 1.0484366309777595e-05
0.17 0.48 0 1.197131040544127e-05
0.17 0.49 0 1.0347446445353777e-05
0.17 0.5 0 9.684932406957727e-06
0.18 0.0 0 7.280509254391038e-07
0.18 0.01 0 8.693450606925917e-07
0.18 0.02 0 9.070919545893412e-07
0.18 0.03 0 8.719945413294884e-07
0.18 0.04 0 9.936797818665504e-07
0.18 0.05 0 1.35972890914323e-06
0.18 0.06 0 1.6350157922758608e-06
0.18 0.07 0 1.6729479751355735e-06
0.18 0.08 0 1.5674155466113658e-06
0.18 0.09 0 1.1452210688466944e-06
0.18 0.1 0 8.134387726133324e-07
0.18 0.11 0 8.434274651442917e-07
0.18 0.12 0 9.21848165883348e-07
0.18 0.13 0 7.662604662914026e-07
0.18 0.14 0 7.810232927050104e-07
0.18 0.15 0 1.1366152920579343e-06
0.18 0.16 0 1.3174989309190786e-06
0.18 0.17 0 1.089816056603591e-06
0.18 0.18 0 9.78681581343433e-07
0.18 0.19 0 1.072803434703638e-06
0.18 0.2 0 1.3184214489965002e-06
0.18 0.21 0 1.6123493768319185e-06
0.18 0.22 0 1.5919312741871745e-06
0.18 0.23 0 1.3687912274063414e-06
0.18 0.24 0 1.3097954745190754e-06
0.18 0.25 0 1.3591221455546584e-06
0.18 0.26 0 1.5849303336070347e-06
0.18 0.27 0 2.305217186379666e-06
0.18 0.28 0 3.018678737405152e-06
0.18 0.29 0 2.997751931487087e-06
0.18 0.3 0 3.4338929819324364e-06
0.18 0.31 0 4.654222605011936e-06
0.18 0.32 0 4.6803095093498386e-06
0.18 0.33 0 3.901558260086458e-06
0.18 0.34 0 4.1197819626515135e-06
0.18 0.35000000000000003 0 5.043488939274062e-06
0.18 0.36 0 5.6789178554536616e-06
0.18 0.37 0 5.7937420524416444e-06
0.18 0.38 0 5.546901489856014e-06
0.18 0.39 0 5.672264242453417e-06
0.18 0.4 0 6.291435020914211e-06
0.18 0.41000000000000003 0 6.206770360095853e-06
0.18 0.42 0 6.277382769277697e-06
0.18 0.43 0 8.166320341180968e-06
0.18 0.44 0 9.313652139809069e-06
0.18 0.45 0 7.68254087648467e-06
0.18 0.46 0 7.805275239477412e-06
0.18 0.47000000000000003 0 1.0340144397087917e-05
0.18 0.48 0 1.0517792112724955e-05
0.18 0.49 0 9.12166499329227e-06
0.18 0.5 0 9.625318842988124e-06
0.19 0.0 0 2.965932225753868e-07
0.19 0.01 0 2.0408645625772346e-07
0.19 0.02 0 1.5261035195499928e-07
0.19 0.03 0 1.798859430379819e-07
0.19 0.04 0 2.2128928864239956e-07
0.19 0.05 0 2.3586249409981983e-07
0.19 0.06 0 2.5479887151606214e-07
0.19 0.07 0 2.8034174282959116e-07
0.19 0.08 0 2.9877423017151037e-07
0.19 0.09 0 3.325712921373271e-07
0.19 0.1 0 4.4626802816876494e-07
0.19 0.11 0 6.711581199827383e-07
0.19 0.12 0 7.43978480194092e-07
0.19 0.13 0 5.912386411372868e-07
0.19 0.14 0 6.344250765117122e-07
0.19 0.15 0 9.832675476884547e-07
0.19 0.16 0 1.1416414146233378e-06
0.19 0.17 0 1.0449990287829638e-06
0.19 0.18 0 1.2374106071110567e-06
0.19 0.19 0 1.3933251173492533e-06
0.19 0.2 0 1.0885564034798516e-06
0.19 0.21 0 9.424370725795882e-07
0.19 0.22 0 1.083172289360579e-06
0.19 0.23 0 1.1844330430150405e-06
0.19 0.24 0 1.2841336178048081e-06
0.19 0.25 0 1.5671831678794538e-06
0.19 0.26 0 1.7551457004647599e-06
0.19 0.27 0 1.7868021676929239e-06
0.19 0.28 0 1.9056680452201177e-06
0.19 0.29 0 1.9929486298179858e-06
0.19 0.3 0 2.120884629356784e-06
0.19 0.31 0 2.5717440862009255e-06
0.19 0.32 0 3.153080873709341e-06
0.19 0.33 0 3.644816576432064e-06
0.19 0.34 0 4.069346548575939e-06
0.19 0.35000000000000003 0 4.0794679952792275e-06
0.19 0.36 0 4.27638875072314e-06
0.19 0.37 0 5.5359139818648795e-06
0.19 0.38 0 6.103690599389268e-06
0.19 0.39 0 4.651209062866572e-06
0.19 0.4 0 3.8815911936622755e-06
0.19 0.41000000000000003 0 4.2815324763415475e-06
0.19 0.42 0 4.852465171379681e-06
0.19 0.43 0 5.900587159494264e-06
0.19 0.44 0 7.493003946570428e-06
0.19 0.45 0 7.157583099351187e-06
0.19 0.46 0 6.0257712895871e-06
0.19 0.47000000000000003 0 6.366834200189959e-06
0.19 0.48 0 6.443050290535137e-06
0.19 0.49 0 4.881369448977788e-06
0.19 0.5 0 3.81159704483917e-06
0.2 0.0 0 4.02206956200539e-07
0.2 0.01 0 4.0472178633535417e-07
0.2 0.02 0 4.443201150069752e-07
0.2 0.03 0 4.974967674086258e-07
0.2 0.04 0 3.7282222737401196e-07
0.2 0.05 0 2.7073010975384393e-07
0.2 0.06 0 2.836213582742957e-07
0.2 0.07 0 2.9402569484512235e-07
0.2 0.08 0 2.646282436789762e-07
0.2 0.09 0 2.838166263462192e-07
0.2 0.1 0 3.16324423018912e-07
0.2 0.11 0 2.9403563474320735e-07
0.2 0.12 0 2.892032512119227e-07
0.2 0.13 0 3.2671178844221406e-07
0.2 0.14 0 3.5390177045995967e-07
0.2 0.15 0 3.976521376357139e-07
0.2 0.16 0 5.456876516307201e-07
0.2 0.17 0 8.408096090664621e-07
0.2 0.18 0 1.1273833856471262e-06
0.2 0.19 0 1.0871334425626858e-06
0.2 0.2 0 9.456410179927776e-07
0.2 0.21 0 1.041034361747064e-06
0.2 0.22 0 1.0800032905883723e-06
0.2 0.23 0 7.831757363309776e-07
0.2 0.24 0 6.813537234733064e-07
0.2 0.25 0 9.509288508433397e-07
0.2 0.26 0 1.2095452746007396e-06
0.2 0.27 0 1.250624432495101e-06
0.2 0.28 0 1.4869400657586284e-06
0.2 0.29 0 1.4948971406463212e-06
0.2 0.3 0 1.1018602650092235e-06
0.2 0.31 0 1.2393627755822828e-06
0.2 0.32 0 2.426381009051801e-06
0.2 0.33 0 3.6557693402238687e-06
0.2 0.34 0 3.5814112106186753e-06
0.2 0.35000000000000003 0 4.0915921186285835e-06
0.2 0.36 0 5.993591231373046e-06
0.2 0.37 0 7.172582937802562e-06
0.2 0.38 0 5.707214801620438e-06
0.2 0.39 0 4.219151361477134e-06
0.2 0.4 0 4.309431474435526e-06
0.2 0.41000000000000003 0 5.004443633219473e-06
0.2 0.42 0 4.528236894326468e-06
0.2 0.43 0 4.00812353439727e-06
0.2 0.44 0 4.327881253745681e-06
0.2 0.45 0 4.159347627842261e-06
0.2 0.46 0 3.824766660300754e-06
0.2 0.47000000000000003 0 4.958964374782661e-06
0.2 0.48 0 6.045260503939584e-06
0.2 0.49 0 4.531332174207895e-06
0.2 0.5 0 3.7631508134057546e-06
0.21 0.0 0 1.1794474378023103e-07
0.21 0.01 0 1.5224963562179752e-07
0.21 0.02 0 1.802543547975643e-07
0.21 0.03 0 1.984023729589984e-07
0.21 0.04 0 2.047937753574809e-07
0.21 0.05 0 2.147286254424037e-07
0.21 0.06 0 2.312787194889318e-07
0.21 0.07 0 2.142246957730344e-07
0.21 0.08 0 2.0173107138623724e-07
0.21 0.09 0 2.60247807011292e-07
0.21 0.1 0 3.3603304573396025e-07
0.21 0.11 0 3.199590777518339e-07
0.21 0.12 0 2.851155596539902e-07
0.21 0.13 0 2.2852343996773455e-07
0.21 0.14 0 1.43184870662079e-07
0.21 0.15 0 1.295871161081984e-07
0.21 0.16 0 2.364096730384062e-07
0.21 0.17 0 3.929364123275189e-07
0.21 0.18 0 3.6441984914391006e-07
0.21 0.19 0 3.162867780937994e-07
0.21 0.2 0 3.572787930423357e-07
0.21 0.21 0 4.084001575485544e-07
0.21 0.22 0 4.098616364832944e-07
0.21 0.23 0 4.300088252867925e-07
0.21 0.24 0 5.843967553157691e-07
0.21 0.25 0 9.239845969706307e-07
0.21 0.26 0 1.1791026326802794e-06
0.21 0.27 0 1.2393688084461554e-06
0.21 0.28 0 1.3983403436732819e-06
0.21 0.29 0 1.4056240442673542e-06
0.21 0.3 0 1.1756198893728335e-06
0.21 0.31 0 1.3088507574816694e-06
0.21 0.32 0 1.7292739439438894e-06
0.21 0.33 0 1.4610396754529404e-06
0.21 0.34 0 1.0870584256032118e-06
0.21 0.35000000000000003 0 1.3301765889027239e-06
0.21 0.36 0 1.7904425866514867e-06
0.21 0.37 0 1.7191531839523754e-06
0.21 0.38 0 1.6847082491607024e-06
0.21 0.39 0 1.90837520695661e-06
0.21 0.4 0 1.919322486178472e-06
0.21 0.41000000000000003 0 1.9199426279936003e-06
0.21 0.42 0 2.23494450440867e-06
0.21 0.43 0 2.5121311521437275e-06
0.21 0.44 0 2.49039900557047e-06
0.21 0.45 0 2.4207234962630385e-06
0.21 0.46 0 2.528915044147142e-06
0.21 0.47000000000000003 0 2.9033144390140766e-06
0.21 0.48 0 3.156742651470115e-06
0.21 0.49 0 3.031805979409718e-06
0.21 0.5 0 3.170788687951544e-06
0.22 0.0 0 7.480505475157923e-08
0.22 0.01 0 7.366354607893039e-08
0.22 0.02 0 5.5896544999890996e-08
0.22 0.03 0 5.1470812178390444e-08
0.22 0.04 0 6.305880440333477e-08
0.22 0.05 0 7.835340271006653e-08
0.22 0.06 0 9.787274929363144e-08
0.22 0.07 0 1.1244288265328941e-07
0.22 0.08 0 1.0155394011930747e-07
0.22 0.09 0 9.557566468893006e-08
0.22 0.1 0 1.125122470719728e-07
0.22 0.11 0 1.2716312385580308e-07
0.22 0.12 0 1.3604758010373802e-07
0.22 0.13 0 1.6266432899496458e-07
0.22 0.14 0 1.8918918728292878e-07
0.22 0.15 0 2.1412396805859796e-07
0.22 0.16 0 2.761991186801511e-07
0.22 0.17 0 3.2913951506453966e-07
0.22 0.18 0 3.2547236061142173e-07
0.22 0.19 0 3.551813427306592e-07
0.22 0.2 0 4.165874623116771e-07
0.22 0.21 0 4.211997912539147e-07
0.22 0.22 0 4.2351707532681903e-07
0.22 0.23 0 4.5397628929333876e-07
0.22 0.24 0 4.672440250584271e-07
0.22 0.25 0 5.609876041668719e-07
0.22 0.26 0 8.165548167199971e-07
0.22 0.27 0 9.71712677103606e-07
0.22 0.28 0 8.91159003824841e-07
0.22 0.29 0 8.324428861369301e-07
0.22 0.3 0 8.14115715264262e-07
0.22 0.31 0 8.640848417769748e-07
0.22 0.32 0 1.1208475438272754e-06
0.22 0.33 0 1.4348639491870236e-06
0.22 0.34 0 1.4692395652432925e-06
0.22 0.35000000000000003 0 1.3306898817463494e-06
0.22 0.36 0 1.1481788515472791e-06
0.22 0.37 0 1.0769433740606317e-06
0.22 0.38 0 1.2898529266192055e-06
0.22 0.39 0 1.481254903989915e-06
0.22 0.4 0 1.362535175283027e-06
0.22 0.41000000000000003 0 1.5564434878213004e-06
0.22 0.42 0 2.162228637514652e-06
0.22 0.43 0 1.951707162884686e-06
0.22 0.44 0 1.3912021506864585e-06
0.22 0.45 0 1.5688547282181044e-06
0.22 0.46 0 2.348426289274053e-06
0.22 0.47000000000000003 0 3.0468268615170024e-06
0.22 0.48 0 3.992392968595765e-06
0.22 0.49 0 5.2646927600376665e-06
0.22 0.5 0 5.175014794819346e-06
0.23 0.0 0 1.2297875679562815e-07
0.23 0.01 0 1.1094631929991144e-07
0.23 0.02 0 1.1723086098373118e-07
0.23 0.03 0 1.2069607197642226e-07
0.23 0.04 0 1.2932475247048308e-07
0.23 0.05 0 1.6695533128874438e-07
0.23 0.06 0 2.4903164234857627e-07
0.23 0.07 0 2.989328729945347e-07
0.23 0.08 0 2.44978167094096e-07
0.23 0.09 0 2.206657223385268e-07
0.23 0.1 0 2.743361258352797e-07
0.23 0.11 0 2.9430708642954694e-07
0.23 0.12 0 2.696765213031667e-07
0.23 0.13 0 3.3689759862017934e-07
0.23 0.14 0 4.4302360194812765e-07
0.23 0.15 0 4.215514140857748e-07
0.23 0.16 0 4.52180693816302e-07
0.23 0.17 0 6.265406513875696e-07
0.23 0.18 0 6.259782026125664e-07
0.23 0.19 0 4.6990075808277623e-07
0.23 0.2 0 4.853394296655407e-07
0.23 0.21 0 6.83729205861803e-07
0.23 0.22 0 8.663234663033461e-07
0.23 0.23 0 8.651459702220498e-07
0.23 0.24 0 7.873863255159166e-07
0.23 0.25 0 8.436405050868617e-07
0.23 0.26 0 1.0628064257287005e-06
0.23 0.27 0 1.1094706525286542e-06
0.23 0.28 0 9.538511409086039e-07
0.23 0.29 0 9.372573482569267e-07
0.23 0.3 0 9.728884420187425e-07
0.23 0.31 0 9.272057797787081e-07
0.23 0.32 0 1.0082225922576904e-06
0.23 0.33 0 1.1134270596371661e-06
0.23 0.34 0 8.944413609034231e-07
0.23 0.35000000000000003 0 6.840025360650732e-07
0.23 0.36 0 6.759915107356139e-07
0.23 0.37 0 6.634366841818017e-07
0.23 0.38 0 5.815889033791778e-07
0.23 0.39 0 5.811805785132635e-07
0.23 0.4 0 7.0410596626494e-07
0.23 0.41000000000000003 0 1.0085164845830308e-06
0.23 0.42 0 1.510790217465125e-06
0.23 0.43 0 1.656885973854241e-06
0.23 0.44 0 1.3893328754689233e-06
0.23 0.45 0 1.3940791323904377e-06
0.23 0.46 0 1.6317562199116947e-06
0.23 0.47000000000000003 0 1.8124663633789685e-06
0.23 0.48 0 2.3701721731339e-06
0.23 0.49 0 3.5579845544748485e-06
0.23 0.5 0 4.275774659622833e-06
0.24 0.0 0 4.2479163731766816e-07
0.24 0.01 0 5.269946768187749e-07
0.24 0.02 0 5.684171547983422e-07
0.24 0.03 0 3.8218628937240565e-07
0.24 0.04 0 3.431264109938324e-07
0.24 0.05 0 5.448479593389506e-07
0.24 0.06 0 7.848187028139457e-07
0.24 0.07 0 7.528546289588927e-07
0.24 0.08 0 6.603584258408082e-07
0.24 0.09 0 6.787787172092689e-07
0.24 0.1 0 7.800059662651473e-07
0.24 0.11 0 8.3147547546925e-07
0.24 0.12 0 8.012561731663938e-07
0.24 0.13 0 7.987354627984844e-07
0.24 0.14 0 7.660132981593629e-07
0.24 0.15 0 6.918647446981583e-07
0.24 0.16 0 7.866990095771531e-07
0.24 0.17 0 9.919226985497237e-07
0.24 0.18 0 8.831127095918812e-07
0.24 0.19 0 7.594661608777011e-07
0.24 0.2 0 1.0072713453683539e-06
0.24 0.21 0 1.2734629690051936e-06
0.24 0.22 0 1.0650764978127816e-06
0.24 0.23 0 9.521441276400113e-07
0.24 0.24 0 1.0207248439277101e-06
0.24 0.25 0 9.186461447565274e-07
0.24 0.26 0 8.016665942797365e-07
0.24 0.27 0 8.015932361408443e-07
0.24 0.28 0 6.969094163087991e-07
0.24 0.29 0 5.602371754756339e-07
0.24 0.3 0 5.874648139835153e-07
0.24 0.31 0 7.177117175398801e-07
0.24 0.32 0 7.831115567787667e-07
0.24 0.33 0 7.778692685582315e-07
0.24 0.34 0 7.683784659362486e-07
0.24 0.35000000000000003 0 7.801261238638597e-07
0.24 0.36 0 7.542854159131447e-07
0.24 0.37 0 6.399047109790757e-07
0.24 0.38 0 5.998078509424719e-07
0.24 0.39 0 6.913345111578587e-07
0.24 0.4 0 6.544357933622848e-07
0.24 0.41000000000000003 0 5.136620798636102e-07
0.24 0.42 0 5.883244794281015e-07
0.24 0.43 0 8.19478353396715e-07
0.24 0.44 0 7.456259166371643e-07
0.24 0.45 0 5.86041896968102e-07
0.24 0.46 0 6.363431438189531e-07
0.24 0.47000000000000003 0 7.281204801768007e-07
0.24 0.48 0 7.774815759104298e-07
0.24 0.49 0 1.0188378578141815e-06
0.24 0.5 0 1.4116062582567988e-06
0.25 0.0 0 9.73398061709078e-07
0.25 0.01 0 1.1055581789244655e-06
0.25 0.02 0 9.562761128086643e-07
0.25 0.03 0 6.867419034543793e-07
0.25 0.04 0 6.920790438192322e-07
0.25 0.05 0 9.022606434103852e-07
0.25 0.06 0 9.622111282669007e-07
0.25 0.07 0 9.937475695720168e-07
0.25 0.08 0 1.1795224570737e-06
0.25 0.09 0 1.14745164160334e-06
0.25 0.1 0 9.715721796181616e-07
0.25 0.11 0 1.0055324888447757e-06
0.25 0.12 0 1.015348832854729e-06
0.25 0.13 0 8.513466793074821e-07
0.25 0.14 0 8.488801596450993e-07
0.25 0.15 0 1.0115962393750823e-06
0.25 0.16 0 9.849177631674453e-07
0.25 0.17 0 8.040953506829715e-07
0.25 0.18 0 7.197895704382493e-07
0.25 0.19 0 7.247201863145139e-07
0.25 0.2 0 7.087577316949743e-07
0.25 0.21 0 6.228814478051435e-07
0.25 0.22 0 5.99522395658484e-07
0.25 0.23 0 7.299023598898491e-07
0.25 0.24 0 7.50332870996462e-07
0.25 0.25 0 5.428060631799801e-07
0.25 0.26 0 5.235705932030739e-07
0.25 0.27 0 7.649383424244345e-07
0.25 0.28 0 7.712657028739814e-07
0.25 0.29 0 5.329500005707729e-07
0.25 0.3 0 5.173340424430271e-07
0.25 0.31 0 5.967882278121119e-07
0.25 0.32 0 5.246347523451491e-07
0.25 0.33 0 5.121600650012788e-07
0.25 0.34 0 6.47323344551751e-07
0.25 0.35000000000000003 0 6.470429227295405e-07
0.25 0.36 0 5.352297725689425e-07
0.25 0.37 0 5.938418764842012e-07
0.25 0.38 0 7.856914076325941e-07
0.25 0.39 0 7.869494917954845e-07
0.25 0.4 0 6.015561200027591e-07
0.25 0.41000000000000003 0 5.449054660034421e-07
0.25 0.42 0 7.080805247148465e-07
0.25 0.43 0 8.186177050534105e-07
0.25 0.44 0 5.79454817908073e-07
0.25 0.45 0 4.2218044462530186e-07
0.25 0.46 0 4.90465389484523e-07
0.25 0.47000000000000003 0 5.864477458060526e-07
0.25 0.48 0 5.752456796039945e-07
0.25 0.49 0 6.294157918141477e-07
0.25 0.5 0 6.66511529077378e-07
0.26 0.0 0 1.700624421512598e-06
0.26 0.01 0 1.4158294817174525e-06
0.26 0.02 0 1.608847404181651e-06
0.26 0.03 0 1.7418721465579558e-06
0.26 0.04 0 1.4952541922615652e-06
0.26 0.05 0 1.3558242039733224e-06
0.26 0.06 0 1.455745361774503e-06
0.26 0.07 0 1.7280069656258184e-06
0.26 0.08 0 2.0268797723408002e-06
0.26 0.09 0 1.9612756230218267e-06
0.26 0.1 0 1.7986829732702293e-06
0.26 0.11 0 1.9777758094828835e-06
0.26 0.12 0 1.9532090508060465e-06
0.26 0.13 0 1.4900535174562899e-06
0.26 0.14 0 1.4113450753798016e-06
0.26 0.15 0 1.801270553427813e-06
0.26 0.16 0 2.0060490609038126e-06
0.26 0.17 0 1.974422526425263e-06
0.26 0.18 0 1.9176316491182018e-06
0.26 0.19 0 1.400010925580248e-06
0.26 0.2 0 9.077042722810211e-07
0.26 0.21 0 9.195605828588598e-07
0.26 0.22 0 1.3459772825676578e-06
0.26 0.23 0 1.7147346487368128e-06
0.26 0.24 0 1.6594855063258717e-06
0.26 0.25 0 1.4752359442719997e-06
0.26 0.26 0 1.510412438529105e-06
0.26 0.27 0 1.7536741006992328e-06
0.26 0.28 0 1.7288100889968572e-06
0.26 0.29 0 1.5578968822016028e-06
0.26 0.3 0 1.8992857510163073e-06
0.26 0.31 0 2.593344264554714e-06
0.26 0.32 0 2.5876959244467153e-06
0.26 0.33 0 2.1959434331353706e-06
0.26 0.34 0 1.819909567390702e-06
0.26 0.35000000000000003 0 1.3094697954804635e-06
0.26 0.36 0 1.1263870811760784e-06
0.26 0.37 0 1.3798901232027657e-06
0.26 0.38 0 1.3276287094257781e-06
0.26 0.39 0 8.368849178583392e-07
0.26 0.4 0 6.195639143208948e-07
0.26 0.41000000000000003 0 5.822296861907075e-07
0.26 0.42 0 4.827982799098979e-07
0.26 0.43 0 3.878772091526827e-07
0.26 0.44 0 3.458703361956574e-07
0.26 0.45 0 2.9105221239606893e-07
0.26 0.46 0 2.454177091556847e-07
0.26 0.47000000000000003 0 2.515274980253955e-07
0.26 0.48 0 2.956325726865642e-07
0.26 0.49 0 3.479155039511624e-07
0.26 0.5 0 3.886114326067445e-07
0.27 0.0 0 1.6722439301404656e-06
0.27 0.01 0 1.9294959696177737e-06
0.27 0.02 0 2.1247727656976004e-06
0.27 0.03 0 1.6797022426520331e-06
0.27 0.04 0 1.209241585842194e-06
0.27 0.05 0 1.2537169583727407e-06
0.27 0.06 0 1.4742578395648042e-06
0.27 0.07 0 1.3744996149363134e-06
0.27 0.08 0 1.255016173918359e-06
0.27 0.09 0 1.194243955438565e-06
0.27 0.1 0 1.018855866701795e-06
0.27 0.11 0 1.0145559253264828e-06
0.27 0.12 0 1.2449380641899068e-06
0.27 0.13 0 1.2044351465187584e-06
0.27 0.14 0 1.0089059937322232e-06
0.27 0.15 0 1.173794012495639e-06
0.27 0.16 0 1.5530204091987624e-06
0.27 0.17 0 1.568986846196332e-06
0.27 0.18 0 1.369105176854145e-06
0.27 0.19 0 1.2697400843844435e-06
0.27 0.2 0 1.3269761064208484e-06
0.27 0.21 0 1.5648851169888473e-06
0.27 0.22 0 1.7183974893553579e-06
0.27 0.23 0 1.6407835584894477e-06
0.27 0.24 0 1.6766230864939103e-06
0.27 0.25 0 1.7139783841100789e-06
0.27 0.26 0 1.5012056405989508e-06
0.27 0.27 0 1.4487859726274407e-06
0.27 0.28 0 1.6024923096535573e-06
0.27 0.29 0 1.4896984126083893e-06
0.27 0.3 0 1.4201010780715343e-06
0.27 0.31 0 1.9236113763195236e-06
0.27 0.32 0 2.5325111333888084e-06
0.27 0.33 0 2.2442284602472417e-06
0.27 0.34 0 1.651995658130855e-06
0.27 0.35000000000000003 0 1.2137552602572588e-06
0.27 0.36 0 9.362475121107631e-07
0.27 0.37 0 8.515822130342245e-07
0.27 0.38 0 8.509616348983295e-07
0.27 0.39 0 8.569698871633202e-07
0.27 0.4 0 9.07059089011891e-07
0.27 0.41000000000000003 0 8.112506471778813e-07
0.27 0.42 0 5.595939569231324e-07
0.27 0.43 0 4.6506782653068533e-07
0.27 0.44 0 4.944479340764701e-07
0.27 0.45 0 4.293002048538316e-07
0.27 0.46 0 3.739375332111759e-07
0.27 0.47000000000000003 0 5.021180413286822e-07
0.27 0.48 0 6.592854119390564e-07
0.27 0.49 0 5.439511952320815e-07
0.27 0.5 0 4.3028021746796554e-07
0.28 0.0 0 9.752589493471857e-07
0.28 0.01 0 1.1186292476341285e-06
0.28 0.02 0 9.417956949576394e-07
0.28 0.03 0 8.629129845079613e-07
0.28 0.04 0 9.055352102179128e-07
0.28 0.05 0 8.569332372708285e-07
0.28 0.06 0 7.405457721074548e-07
0.28 0.07 0 7.536326075256356e-07
0.28 0.08 0 9.85928452938813e-07
0.28 0.09 0 1.1902872665499912e-06
0.28 0.1 0 1.1069453457407377e-06
0.28 0.11 0 1.1833888159313605e-06
0.28 0.12 0 1.517661786944117e-06
0.28 0.13 0 1.3022820823154514e-06
0.28 0.14 0 8.733266263646359e-07
0.28 0.15 0 9.453989435509884e-07
0.28 0.16 0 1.2582880154383477e-06
0.28 0.17 0 1.1153385556088334e-06
0.28 0.18 0 9.427193262511666e-07
0.28 0.19 0 1.0481942445819812e-06
0.28 0.2 0 1.0366802919743398e-06
0.28 0.21 0 9.08037176641254e-07
0.28 0.22 0 9.9787999266818e-07
0.28 0.23 0 1.1006712163135236e-06
0.28 0.24 0 8.807626426909536e-07
0.28 0.25 0 6.198675280090713e-07
0.28 0.26 0 5.166881126387818e-07
0.28 0.27 0 5.523399658349554e-07
0.28 0.28 0 6.427642284764607e-07
0.28 0.29 0 6.364225881644826e-07
0.28 0.3 0 6.120414190735494e-07
0.28 0.31 0 7.30424727379425e-07
0.28 0.32 0 8.188196772455781e-07
0.28 0.33 0 6.709902581157169e-07
0.28 0.34 0 5.343646188007438e-07
0.28 0.35000000000000003 0 4.811639759522553e-07
0.28 0.36 0 4.674899470421454e-07
0.28 0.37 0 5.945509996562804e-07
0.28 0.38 0 8.652221481583183e-07
0.28 0.39 0 8.788062869694485e-07
0.28 0.4 0 7.133633746729204e-07
0.28 0.41000000000000003 0 7.026924599141491e-07
0.28 0.42 0 6.940878124574364e-07
0.28 0.43 0 5.729607366930095e-07
0.28 0.44 0 4.975432724244413e-07
0.28 0.45 0 4.6052029097219714e-07
0.28 0.46 0 4.274280303782449e-07
0.28 0.47000000000000003 0 4.668209822070889e-07
0.28 0.48 0 5.17171202166264e-07
0.28 0.49 0 4.3704070301768754e-07
0.28 0.5 0 3.4012712624105776e-07
0.29 0.0 0 6.13838225786231e-07
0.29 0.01 0 6.140141174155578e-07
0.29 0.02 0 5.442446755117565e-07
0.29 0.03 0 6.454547890713327e-07
0.29 0.04 0 7.284669263870364e-07
0.29 0.05 0 6.364291200393436e-07
0.29 0.06 0 6.771565843007326e-07
0.29 0.07 0 8.540192315268406e-07
0.29 0.08 0 7.980026814257374e-07
0.29 0.09 0 6.408135545783242e-07
0.29 0.1 0 6.864317119121849e-07
0.29 0.11 0 9.423256865679872e-07
0.29 0.12 0 1.173871399775719e-06
0.29 0.13 0 1.0476313428987686e-06
0.29 0.14 0 7.6730253776125e-07
0.29 0.15 0 6.674415043376925e-07
0.29 0.16 0 7.06772194389472e-07
0.29 0.17 0 7.454420146400559e-07
0.29 0.18 0 8.368674360481868e-07
0.29 0.19 0 9.621227409500097e-07
0.29 0.2 0 9.337448564669107e-07
0.29 0.21 0 9.894498367475105e-07
0.29 0.22 0 1.284134304470759e-06
0.29 0.23 0 1.1632477492220946e-06
0.29 0.24 0 7.383589120977158e-07
0.29 0.25 0 6.990968073261494e-07
0.29 0.26 0 9.111088672432791e-07
0.29 0.27 0 8.600309165403857e-07
0.29 0.28 0 7.272583466587425e-07
0.29 0.29 0 8.109247437821832e-07
0.29 0.3 0 8.91650721209281e-07
0.29 0.31 0 8.638971730880565e-07
0.29 0.32 0 9.465897492532167e-07
0.29 0.33 0 1.014094343927025e-06
0.29 0.34 0 8.296051114586669e-07
0.29 0.35000000000000003 0 6.441628628479926e-07
0.29 0.36 0 6.59317264237837e-07
0.29 0.37 0 8.609816920349573e-07
0.29 0.38 0 9.810108585106196e-07
0.29 0.39 0 8.062773284801294e-07
0.29 0.4 0 7.028324681787214e-07
0.29 0.41000000000000003 0 7.80363170095715e-07
0.29 0.42 0 6.774063130396337e-07
0.29 0.43 0 4.6542599048909553e-07
0.29 0.44 0 4.974913206495904e-07
0.29 0.45 0 6.960077846716102e-07
0.29 0.46 0 6.428988117058131e-07
0.29 0.47000000000000003 0 5.267469246323458e-07
0.29 0.48 0 5.934409205110028e-07
0.29 0.49 0 5.749010115216924e-07
0.29 0.5 0 3.8681983131185317e-07
0.3 0.0 0 5.712060189202193e-07
0.3 0.01 0 7.002163027328061e-07
0.3 0.02 0 6.456283348558792e-07
0.3 0.03 0 5.268136919928857e-07
0.3 0.04 0 4.772812701300653e-07
0.3 0.05 0 5.201138305065253e-07
0.3 0.06 0 6.673487113649987e-07
0.3 0.07 0 6.954150974821648e-07
0.3 0.08 0 4.985437309307545e-07
0.3 0.09 0 4.1982659799071643e-07
0.3 0.1 0 5.13827749413536e-07
0.3 0.11 0 5.721008553803587e-07
0.3 0.12 0 5.600856005789229e-07
0.3 0.13 0 6.367724468436158e-07
0.3 0.14 0 6.47112235268852e-07
0.3 0.15 0 5.063200871917382e-07
0.3 0.16 0 4.4226276342070703e-07
0.3 0.17 0 4.369462548372766e-07
0.3 0.18 0 3.670762809495236e-07
0.3 0.19 0 3.1299462031380027e-07
0.3 0.2 0 3.6161752235850255e-07
0.3 0.21 0 4.962859928353413e-07
0.3 0.22 0 5.921241944866368e-07
0.3 0.23 0 5.463520039614339e-07
0.3 0.24 0 5.150836466595452e-07
0.3 0.25 0 6.550915156887552e-07
0.3 0.26 0 7.984675533654914e-07
0.3 0.27 0 6.95352025032798e-07
0.3 0.28 0 6.895225419558886e-07
0.3 0.29 0 8.718335219989018e-07
0.3 0.3 0 7.45358502860773e-07
0.3 0.31 0 4.893991268091896e-07
0.3 0.32 0 5.118177482540002e-07
0.3 0.33 0 6.543335421041868e-07
0.3 0.34 0 5.671107080128265e-07
0.3 0.35000000000000003 0 4.619455559024082e-07
0.3 0.36 0 4.776195220728434e-07
0.3 0.37 0 4.5210752238281945e-07
0.3 0.38 0 3.772356497963162e-07
0.3 0.39 0 3.61967277651442e-07
0.3 0.4 0 3.7108455133163934e-07
0.3 0.41000000000000003 0 3.5015466664884273e-07
0.3 0.42 0 3.3151513326730207e-07
0.3 0.43 0 3.5027672614318136e-07
0.3 0.44 0 3.877303685618294e-07
0.3 0.45 0 3.495516887771633e-07
0.3 0.46 0 2.555625047077107e-07
0.3 0.47000000000000003 0 2.5159300156639735e-07
0.3 0.48 0 3.7229463447390226e-07
0.3 0.49 0 4.41078422776801e-07
0.3 0.5 0 3.7291810648631845e-07
#STOP
