#MEDIUM_PROPERTIES_DISTRIBUTED
$MSH_TYPE
	 GROUNDWATER_FLOW	
$MMP_TYPE
	 PERMEABILITY	
$DIS_TYPE
	 NEAREST_VALUE	
;hj
$CONVERSION_FACTOR
	 1.0	
$DATA
0.0 0.0 0 6.9156881648918e-06
0.0 0.01 0 1.5015592700444997e-06
0.0 0.02 0 2.779506621496277e-07
0.0 0.03 0 1.5789454471168321e-06
0.0 0.04 0 1.2669831933889472e-06
0.0 0.05 0 8.626333351445548e-07
0.0 0.06 0 2.2505907000057118e-07
0.0 0.07 0 7.100645225353886e-07
0.0 0.08 0 3.6075043789158952e-06
0.0 0.09 0 1.6760894470566424e-05
0.0 0.1 0 7.388360661890827e-06
0.0 0.11 0 1.5061555861095319e-05
0.0 0.12 0 9.834536408965871e-06
0.0 0.13 0 5.624267860000946e-06
0.0 0.14 0 3.3567936005986184e-06
0.0 0.15 0 1.7389497042087302e-06
0.0 0.16 0 1.8383518767379355e-06
0.0 0.17 0 1.2389730355736497e-06
0.0 0.18 0 1.3164507919189942e-06
0.0 0.19 0 2.3021377167602455e-06
0.0 0.2 0 5.710383388448868e-06
0.0 0.21 0 1.10877785499242e-05
0.0 0.22 0 0.00013547134536995498
0.0 0.23 0 7.361034494984147e-05
0.0 0.24 0 4.693109675406917e-05
0.0 0.25 0 1.4533802817071703e-05
0.0 0.26 0 3.580053670177165e-05
0.0 0.27 0 2.0931518561025693e-05
0.0 0.28 0 1.2630839023970205e-05
0.0 0.29 0 1.0695299867729928e-05
0.0 0.3 0 5.31874133991781e-05
0.0 0.31 0 6.104936596382323e-05
0.0 0.32 0 2.060229389867717e-05
0.0 0.33 0 4.898668471949017e-05
0.0 0.34 0 5.396994854092512e-05
0.0 0.35000000000000003 0 4.337597807365869e-05
0.0 0.36 0 1.8162110356655353e-05
0.0 0.37 0 2.0948946862482436e-05
0.0 0.38 0 1.4778972560906848e-05
0.0 0.39 0 8.095613403704237e-06
0.0 0.4 0 1.3672988442230315e-06
0.0 0.41000000000000003 0 1.2899628412157091e-06
0.0 0.42 0 5.501077773524665e-07
0.0 0.43 0 3.1657657958480703e-07
0.0 0.44 0 6.426064388881252e-07
0.0 0.45 0 4.465882717618436e-07
0.0 0.46 0 2.924065594345519e-07
0.0 0.47000000000000003 0 4.1281214471230595e-07
0.0 0.48 0 4.111092025443706e-07
0.0 0.49 0 3.454145121990191e-07
0.0 0.5 0 1.491961442178242e-07
0.01 0.0 0 1.9461525115608126e-08
0.01 0.01 0 1.2866915794164509e-08
0.01 0.02 0 4.622215838200901e-08
0.01 0.03 0 3.4268196635657205e-07
0.01 0.04 0 5.064044730385014e-07
0.01 0.05 0 1.1370168718603735e-06
0.01 0.06 0 3.307777398796795e-07
0.01 0.07 0 1.0598467240081121e-06
0.01 0.08 0 6.613372629134998e-06
0.01 0.09 0 4.559117349437441e-05
0.01 0.1 0 0.00010169631839913213
0.01 0.11 0 4.552101688619255e-05
0.01 0.12 0 1.66184984446762e-05
0.01 0.13 0 2.4209413629930103e-05
0.01 0.14 0 8.125312285819799e-06
0.01 0.15 0 2.3623247527064604e-06
0.01 0.16 0 1.934201916500055e-06
0.01 0.17 0 5.367911880619129e-07
0.01 0.18 0 6.52236174095446e-06
0.01 0.19 0 6.564644137082958e-06
0.01 0.2 0 2.7486971078342277e-05
0.01 0.21 0 1.3549249566104309e-05
0.01 0.22 0 2.2202542010020177e-05
0.01 0.23 0 1.1485399234175385e-05
0.01 0.24 0 2.1974455181957112e-05
0.01 0.25 0 4.983885111315597e-06
0.01 0.26 0 2.9351749331268747e-05
0.01 0.27 0 2.1047102240690872e-05
0.01 0.28 0 1.7467995197136435e-05
0.01 0.29 0 2.342635745897282e-05
0.01 0.3 0 4.636432525574489e-05
0.01 0.31 0 0.0002830449459194326
0.01 0.32 0 0.00014385534803411146
0.01 0.33 0 7.397400675436342e-05
0.01 0.34 0 1.2281984513880517e-05
0.01 0.35000000000000003 0 3.320826502229219e-05
0.01 0.36 0 1.105281720520221e-05
0.01 0.37 0 8.110417429964126e-05
0.01 0.38 0 1.1680667350769111e-05
0.01 0.39 0 1.3088567702308215e-05
0.01 0.4 0 3.34769773423392e-06
0.01 0.41000000000000003 0 4.043267429897094e-06
0.01 0.42 0 7.373199128731851e-07
0.01 0.43 0 6.044728987795904e-07
0.01 0.44 0 1.3209936941364027e-07
0.01 0.45 0 3.0986564675058516e-07
0.01 0.46 0 2.2803516419505576e-07
0.01 0.47000000000000003 0 4.6488717571827886e-07
0.01 0.48 0 5.990473610719462e-07
0.01 0.49 0 2.431735681652657e-07
0.01 0.5 0 1.689254580818577e-07
0.02 0.0 0 2.1253484795843703e-08
0.02 0.01 0 3.450671005041768e-08
0.02 0.02 0 7.649045573009308e-08
0.02 0.03 0 2.612692544794585e-07
0.02 0.04 0 8.690655532780512e-07
0.02 0.05 0 2.609025183042895e-07
0.02 0.06 0 1.9574965314698505e-07
0.02 0.07 0 2.7586512703325626e-07
0.02 0.08 0 3.3538132960641216e-06
0.02 0.09 0 1.0872084908138473e-05
0.02 0.1 0 4.001642446934576e-06
0.02 0.11 0 2.004053315058254e-06
0.02 0.12 0 5.279882844863891e-06
0.02 0.13 0 4.061502013526257e-06
0.02 0.14 0 5.159407877362071e-06
0.02 0.15 0 1.1615313217260498e-05
0.02 0.16 0 5.441772877290961e-05
0.02 0.17 0 5.196042835155632e-05
0.02 0.18 0 3.88803972268499e-05
0.02 0.19 0 2.3982915282757716e-05
0.02 0.2 0 3.8853414351345914e-05
0.02 0.21 0 4.77789818811953e-06
0.02 0.22 0 1.8836577192944137e-06
0.02 0.23 0 2.489007199364087e-06
0.02 0.24 0 2.479558965749102e-06
0.02 0.25 0 2.6003646954163477e-06
0.02 0.26 0 3.0842228251775535e-06
0.02 0.27 0 5.012344240224504e-06
0.02 0.28 0 6.944598214119094e-06
0.02 0.29 0 1.5198083239962316e-05
0.02 0.3 0 5.966905989602615e-05
0.02 0.31 0 0.0005097277241230835
0.02 0.32 0 8.090628393947148e-05
0.02 0.33 0 5.849701105040549e-05
0.02 0.34 0 3.963921106350466e-05
0.02 0.35000000000000003 0 7.626491087531345e-05
0.02 0.36 0 7.581618764526958e-05
0.02 0.37 0 6.592592272223956e-05
0.02 0.38 0 2.685175034122946e-05
0.02 0.39 0 2.5120611730045298e-05
0.02 0.4 0 1.9851095586773066e-06
0.02 0.41000000000000003 0 8.993231747380868e-07
0.02 0.42 0 3.688082473398023e-07
0.02 0.43 0 1.7896334165408337e-07
0.02 0.44 0 4.310338156000144e-07
0.02 0.45 0 6.449987301825313e-07
0.02 0.46 0 2.0969368884307342e-06
0.02 0.47000000000000003 0 5.776430690229684e-06
0.02 0.48 0 5.897780143265162e-06
0.02 0.49 0 2.957491359867246e-06
0.02 0.5 0 2.7047572586850892e-06
0.03 0.0 0 5.39879148552615e-07
0.03 0.01 0 2.833481396175591e-07
0.03 0.02 0 1.0237888792130329e-06
0.03 0.03 0 1.5137011017504122e-06
0.03 0.04 0 1.080514126461947e-06
0.03 0.05 0 6.541677007339213e-07
0.03 0.06 0 1.0562359405427165e-07
0.03 0.07 0 6.739682628902369e-08
0.03 0.08 0 3.059912556683589e-07
0.03 0.09 0 6.466495449234461e-07
0.03 0.1 0 1.4393229592595359e-06
0.03 0.11 0 9.559952757237962e-07
0.03 0.12 0 8.204672059932135e-07
0.03 0.13 0 5.5851935196171145e-06
0.03 0.14 0 1.650754906300282e-05
0.03 0.15 0 4.374374535007188e-05
0.03 0.16 0 4.7112750943102506e-05
0.03 0.17 0 9.787598337657791e-06
0.03 0.18 0 7.0278791918164895e-06
0.03 0.19 0 1.4496110168320667e-05
0.03 0.2 0 5.010518923991323e-05
0.03 0.21 0 8.424449068316797e-05
0.03 0.22 0 3.2487676159822444e-05
0.03 0.23 0 9.09875801072959e-06
0.03 0.24 0 6.371721574586968e-06
0.03 0.25 0 1.0538162676986966e-05
0.03 0.26 0 1.289724449102411e-05
0.03 0.27 0 1.647493623490228e-05
0.03 0.28 0 8.88982990735291e-06
0.03 0.29 0 2.9621782678140265e-05
0.03 0.3 0 0.00010259235215146327
0.03 0.31 0 8.761507528060442e-05
0.03 0.32 0 5.7757696812629966e-05
0.03 0.33 0 2.6834570415609963e-05
0.03 0.34 0 2.1922799280594724e-05
0.03 0.35000000000000003 0 1.2992900472994696e-05
0.03 0.36 0 1.4535464559872374e-05
0.03 0.37 0 2.7326834330873262e-05
0.03 0.38 0 5.200666794825352e-05
0.03 0.39 0 1.41464166176577e-05
0.03 0.4 0 7.830110769620296e-06
0.03 0.41000000000000003 0 2.740356982562432e-06
0.03 0.42 0 2.043910440636645e-06
0.03 0.43 0 2.8827181338077704e-06
0.03 0.44 0 8.907994795939005e-06
0.03 0.45 0 1.0836083072983858e-05
0.03 0.46 0 2.46590845176475e-05
0.03 0.47000000000000003 0 6.291042337999249e-05
0.03 0.48 0 0.0002594064663768238
0.03 0.49 0 0.00015524240145847135
0.03 0.5 0 2.701577685379485e-05
0.04 0.0 0 1.7050800260176475e-07
0.04 0.01 0 4.5459009620650115e-07
0.04 0.02 0 5.730365581306978e-07
0.04 0.03 0 5.404669137119337e-07
0.04 0.04 0 9.175739154905254e-07
0.04 0.05 0 1.3997293713911431e-06
0.04 0.06 0 4.0298949541434e-07
0.04 0.07 0 4.1558955681253923e-07
0.04 0.08 0 4.144288053656228e-07
0.04 0.09 0 2.0744291405362496e-06
0.04 0.1 0 4.854929423186527e-07
0.04 0.11 0 8.462021689111768e-08
0.04 0.12 0 1.76278026588856e-07
0.04 0.13 0 1.3437031125541313e-06
0.04 0.14 0 2.048445201782404e-06
0.04 0.15 0 2.296571055376743e-06
0.04 0.16 0 1.2823884716430227e-06
0.04 0.17 0 2.20609620208794e-06
0.04 0.18 0 7.0562695222624505e-06
0.04 0.19 0 9.240424532970082e-06
0.04 0.2 0 4.615616344759192e-05
0.04 0.21 0 2.9695639640764915e-05
0.04 0.22 0 1.8872214431981704e-05
0.04 0.23 0 4.187367514846819e-05
0.04 0.24 0 7.329844142202643e-05
0.04 0.25 0 6.390288829061656e-05
0.04 0.26 0 6.394723405203784e-05
0.04 0.27 0 1.790898279604901e-05
0.04 0.28 0 2.3732720734128143e-05
0.04 0.29 0 2.7818991659980318e-05
0.04 0.3 0 5.744585167088448e-05
0.04 0.31 0 0.0001587789814138798
0.04 0.32 0 3.4435852712419736e-05
0.04 0.33 0 6.589608809361218e-06
0.04 0.34 0 3.912095348912343e-06
0.04 0.35000000000000003 0 4.048523221054489e-06
0.04 0.36 0 6.252863706611251e-06
0.04 0.37 0 3.6069162385828243e-06
0.04 0.38 0 9.676040415242518e-07
0.04 0.39 0 2.087973929143637e-06
0.04 0.4 0 8.693530729375018e-07
0.04 0.41000000000000003 0 1.5453159475645477e-06
0.04 0.42 0 1.165454623374631e-06
0.04 0.43 0 6.731917912720742e-06
0.04 0.44 0 3.022371549756418e-05
0.04 0.45 0 5.660012501418106e-05
0.04 0.46 0 4.722820810801702e-05
0.04 0.47000000000000003 0 0.0001727321900207598
0.04 0.48 0 0.0005102006300193082
0.04 0.49 0 0.00024125071361556053
0.04 0.5 0 8.586621924886333e-05
0.05 0.0 0 1.5853810919588834e-07
0.05 0.01 0 2.935794890459889e-07
0.05 0.02 0 9.577018551489137e-07
0.05 0.03 0 6.515447168817787e-07
0.05 0.04 0 5.565114854382226e-07
0.05 0.05 0 7.543492106908984e-07
0.05 0.06 0 8.894074495233356e-07
0.05 0.07 0 7.848051341819095e-07
0.05 0.08 0 3.0343696809881764e-06
0.05 0.09 0 2.3505004967153882e-06
0.05 0.1 0 1.303427718927338e-06
0.05 0.11 0 4.4233455809458307e-07
0.05 0.12 0 6.159190465879175e-07
0.05 0.13 0 3.243077586405139e-07
0.05 0.14 0 1.543905524721652e-07
0.05 0.15 0 6.188636698356095e-08
0.05 0.16 0 1.5376753903985592e-07
0.05 0.17 0 3.886399791111259e-07
0.05 0.18 0 5.810706148765196e-07
0.05 0.19 0 3.912355461300986e-06
0.05 0.2 0 9.583742028828e-06
0.05 0.21 0 1.4037921384359601e-05
0.05 0.22 0 1.5865557589275006e-05
0.05 0.23 0 1.7000688134726406e-05
0.05 0.24 0 1.154337479614185e-05
0.05 0.25 0 1.4154880861917865e-05
0.05 0.26 0 1.4160702215518596e-05
0.05 0.27 0 5.4546186344333345e-05
0.05 0.28 0 4.613857499679796e-05
0.05 0.29 0 3.98472604321383e-05
0.05 0.3 0 5.297597460689735e-05
0.05 0.31 0 2.6473279026196312e-05
0.05 0.32 0 4.781540181787046e-06
0.05 0.33 0 3.388665155706166e-06
0.05 0.34 0 1.9503575616464497e-06
0.05 0.35000000000000003 0 1.5807745891163648e-06
0.05 0.36 0 5.674161885365557e-07
0.05 0.37 0 4.930801709090388e-07
0.05 0.38 0 3.373281874857182e-07
0.05 0.39 0 1.5637787696859067e-07
0.05 0.4 0 5.005620154950724e-08
0.05 0.41000000000000003 0 2.6045992354202996e-07
0.05 0.42 0 4.528146718241696e-07
0.05 0.43 0 2.186716159919007e-06
0.05 0.44 0 1.1469198724237249e-05
0.05 0.45 0 4.2716384723693836e-05
0.05 0.46 0 0.0001256498522260445
0.05 0.47000000000000003 0 9.156423878409285e-05
0.05 0.48 0 0.00023564405265631463
0.05 0.49 0 0.00016058634333249028
0.05 0.5 0 4.297465646262741e-05
0.06 0.0 0 1.526930436714188e-06
0.06 0.01 0 2.3196061186669535e-06
0.06 0.02 0 1.6816430861383992e-05
0.06 0.03 0 4.535788501090004e-06
0.06 0.04 0 6.663260587800229e-06
0.06 0.05 0 7.282871766944641e-07
0.06 0.06 0 3.196861673422972e-07
0.06 0.07 0 1.3516904947848164e-07
0.06 0.08 0 3.312640635508155e-07
0.06 0.09 0 1.4818388546791728e-07
0.06 0.1 0 3.5535184859304397e-07
0.06 0.11 0 9.147676223199629e-08
0.06 0.12 0 3.5265376656462234e-07
0.06 0.13 0 3.636721043258748e-07
0.06 0.14 0 2.8205183312143826e-07
0.06 0.15 0 4.7199282149331145e-07
0.06 0.16 0 6.274862601563336e-07
0.06 0.17 0 2.1423411927960006e-06
0.06 0.18 0 6.852620842401336e-06
0.06 0.19 0 1.6832735180478135e-05
0.06 0.2 0 1.3345166085467826e-05
0.06 0.21 0 3.149577564284573e-05
0.06 0.22 0 6.467823896787593e-06
0.06 0.23 0 1.1990972280608914e-05
0.06 0.24 0 2.2348169322313207e-06
0.06 0.25 0 6.62816642827219e-06
0.06 0.26 0 1.8300553438338558e-05
0.06 0.27 0 1.0856086041480224e-05
0.06 0.28 0 1.094478568596061e-06
0.06 0.29 0 4.0003147589366907e-07
0.06 0.3 0 3.88055289859147e-07
0.06 0.31 0 7.942110860632961e-07
0.06 0.32 0 6.987511678259807e-07
0.06 0.33 0 1.3598360935407982e-06
0.06 0.34 0 3.7019932388917763e-06
0.06 0.35000000000000003 0 1.9544061137720844e-06
0.06 0.36 0 8.269998780956585e-07
0.06 0.37 0 1.7255119712712667e-07
0.06 0.38 0 4.75082261208596e-08
0.06 0.39 0 9.606094589531477e-09
0.06 0.4 0 6.168756398309887e-08
0.06 0.41000000000000003 0 7.014847381770642e-07
0.06 0.42 0 6.825127037837717e-06
0.06 0.43 0 1.1084695489504384e-05
0.06 0.44 0 5.5012550932370614e-05
0.06 0.45 0 0.00010030212270436304
0.06 0.46 0 0.00010043296837053574
0.06 0.47000000000000003 0 3.756977477430923e-05
0.06 0.48 0 7.166573891903291e-05
0.06 0.49 0 1.70108167724587e-05
0.06 0.5 0 3.1203064455373454e-06
0.07 0.0 0 2.68362231159814e-06
0.07 0.01 0 4.329921313953212e-06
0.07 0.02 0 1.1491496931941265e-05
0.07 0.03 0 4.921470798179073e-06
0.07 0.04 0 3.2612574065462273e-06
0.07 0.05 0 9.512732449927775e-07
0.07 0.06 0 7.160116514949452e-07
0.07 0.07 0 1.0494593831570692e-07
0.07 0.08 0 4.1716441194805236e-08
0.07 0.09 0 9.765010045739568e-08
0.07 0.1 0 6.032252675540874e-08
0.07 0.11 0 4.361103364030512e-08
0.07 0.12 0 4.356410721914096e-08
0.07 0.13 0 1.0024559682610552e-07
0.07 0.14 0 1.285706821687365e-07
0.07 0.15 0 2.0157181894398357e-07
0.07 0.16 0 4.4582661115625016e-07
0.07 0.17 0 1.153611775828739e-05
0.07 0.18 0 1.1481147325998874e-05
0.07 0.19 0 2.222539783603336e-05
0.07 0.2 0 1.7500562843496665e-05
0.07 0.21 0 3.216942967644808e-05
0.07 0.22 0 2.8970227889393075e-05
0.07 0.23 0 1.2582484507200562e-05
0.07 0.24 0 3.49417722802648e-06
0.07 0.25 0 4.036475096788415e-06
0.07 0.26 0 2.7475745902327317e-06
0.07 0.27 0 7.6005044419459e-07
0.07 0.28 0 2.391969176129017e-07
0.07 0.29 0 4.3799173426925946e-08
0.07 0.3 0 1.6735863892247938e-07
0.07 0.31 0 2.504710256212515e-07
0.07 0.32 0 2.3194931451769085e-07
0.07 0.33 0 2.1853870520623573e-07
0.07 0.34 0 2.989001609772858e-07
0.07 0.35000000000000003 0 2.841100083701864e-07
0.07 0.36 0 2.8146665279059315e-07
0.07 0.37 0 6.465971189884693e-08
0.07 0.38 0 1.0054411133696994e-07
0.07 0.39 0 2.213746984286206e-07
0.07 0.4 0 9.740689217690497e-07
0.07 0.41000000000000003 0 3.1968200622381346e-06
0.07 0.42 0 7.304074182421845e-06
0.07 0.43 0 2.164016758119455e-05
0.07 0.44 0 0.000118826000660755
0.07 0.45 0 7.472436850329932e-05
0.07 0.46 0 3.507977211724459e-05
0.07 0.47000000000000003 0 2.118067235314914e-05
0.07 0.48 0 1.861700529246707e-05
0.07 0.49 0 1.531238299498158e-05
0.07 0.5 0 1.992095404954145e-06
0.08 0.0 0 4.855425309838266e-06
0.08 0.01 0 3.6132801811111144e-06
0.08 0.02 0 7.111064028634604e-06
0.08 0.03 0 1.21896643534302e-06
0.08 0.04 0 5.436148834252342e-07
0.08 0.05 0 6.277949535305133e-07
0.08 0.06 0 6.289279357540941e-07
0.08 0.07 0 3.3911390356216697e-07
0.08 0.08 0 3.160810518619243e-07
0.08 0.09 0 3.129501544977068e-07
0.08 0.1 0 2.832949140204842e-07
0.08 0.11 0 5.827440271342478e-08
0.08 0.12 0 1.979332811274714e-08
0.08 0.13 0 9.223009806031383e-08
0.08 0.14 0 1.162902856466681e-07
0.08 0.15 0 3.917759168580431e-07
0.08 0.16 0 2.275168463628307e-07
0.08 0.17 0 2.984351721409983e-07
0.08 0.18 0 4.6545609920316966e-07
0.08 0.19 0 2.389291630651384e-06
0.08 0.2 0 5.524457266518171e-06
0.08 0.21 0 6.453709195681522e-06
0.08 0.22 0 3.3453688703592556e-06
0.08 0.23 0 3.4632887955405634e-06
0.08 0.24 0 2.5022342192122013e-06
0.08 0.25 0 1.160103358222513e-06
0.08 0.26 0 2.200355529133609e-06
0.08 0.27 0 3.0442834142972188e-06
0.08 0.28 0 1.5785223818884416e-06
0.08 0.29 0 2.3914219508206106e-07
0.08 0.3 0 4.990710750123883e-07
0.08 0.31 0 1.0618627468151935e-06
0.08 0.32 0 2.5999739065341327e-06
0.08 0.33 0 7.427544416333489e-07
0.08 0.34 0 2.7500528957125525e-07
0.08 0.35000000000000003 0 1.217486869585561e-07
0.08 0.36 0 5.4674990470436615e-08
0.08 0.37 0 1.0784357158282269e-07
0.08 0.38 0 5.583461617564349e-07
0.08 0.39 0 8.580191653877036e-07
0.08 0.4 0 2.0748070773557947e-06
0.08 0.41000000000000003 0 3.701630252491995e-06
0.08 0.42 0 7.726723660232443e-06
0.08 0.43 0 9.056647526545366e-06
0.08 0.44 0 5.606896754287671e-06
0.08 0.45 0 5.967014477294738e-06
0.08 0.46 0 3.7197799178743856e-06
0.08 0.47000000000000003 0 3.1355944259943126e-06
0.08 0.48 0 8.264693663125496e-06
0.08 0.49 0 3.1133917823277925e-05
0.08 0.5 0 2.0315576792314937e-05
0.09 0.0 0 2.011316713700801e-06
0.09 0.01 0 1.5082773633134454e-06
0.09 0.02 0 2.869500664279694e-06
0.09 0.03 0 9.547462130822265e-07
0.09 0.04 0 3.112939011347282e-06
0.09 0.05 0 4.57513163650637e-07
0.09 0.06 0 1.9096891568937593e-06
0.09 0.07 0 6.077984260770156e-07
0.09 0.08 0 1.0656522296145614e-06
0.09 0.09 0 7.602031471474888e-07
0.09 0.1 0 3.9169607830291837e-07
0.09 0.11 0 9.118340792916961e-08
0.09 0.12 0 2.9806934595308605e-07
0.09 0.13 0 6.909883265185983e-07
0.09 0.14 0 1.225155748653758e-06
0.09 0.15 0 1.062949145769664e-06
0.09 0.16 0 2.9981739541265086e-07
0.09 0.17 0 7.928905097476694e-07
0.09 0.18 0 5.17046867601174e-07
0.09 0.19 0 8.724400738466982e-07
0.09 0.2 0 4.959510826139729e-07
0.09 0.21 0 5.290750687141926e-07
0.09 0.22 0 5.519261263491066e-07
0.09 0.23 0 2.3445367710637276e-06
0.09 0.24 0 5.990045964372246e-07
0.09 0.25 0 7.931126479802347e-07
0.09 0.26 0 3.9737290064673284e-07
0.09 0.27 0 8.80457871001995e-07
0.09 0.28 0 4.6597753724989055e-07
0.09 0.29 0 4.5397148059519687e-07
0.09 0.3 0 1.3598531293428226e-06
0.09 0.31 0 5.776965092310294e-06
0.09 0.32 0 3.020523598053342e-06
0.09 0.33 0 1.4118348623135104e-06
0.09 0.34 0 7.759568781747352e-07
0.09 0.35000000000000003 0 3.1811566099678173e-07
0.09 0.36 0 7.606817241305652e-07
0.09 0.37 0 1.0749553509929408e-06
0.09 0.38 0 6.670960920422934e-06
0.09 0.39 0 4.002272786433037e-06
0.09 0.4 0 6.684186451954601e-06
0.09 0.41000000000000003 0 8.90246326113056e-06
0.09 0.42 0 2.1296847085270777e-05
0.09 0.43 0 7.817522724157982e-06
0.09 0.44 0 9.659605750298353e-06
0.09 0.45 0 3.2732751371327516e-06
0.09 0.46 0 2.0920734727536613e-06
0.09 0.47000000000000003 0 1.164792809819498e-06
0.09 0.48 0 2.8151412557111864e-06
0.09 0.49 0 5.420672278232138e-06
0.09 0.5 0 1.5401070277049898e-06
0.1 0.0 0 3.2412610456095986e-05
0.1 0.01 0 2.572058535392759e-06
0.1 0.02 0 3.081783957195189e-06
0.1 0.03 0 5.604890530567239e-07
0.1 0.04 0 5.083400746281351e-07
0.1 0.05 0 3.4313663400939095e-07
0.1 0.06 0 1.0062756710680444e-06
0.1 0.07 0 1.2585938307787506e-06
0.1 0.08 0 1.4745229768292382e-06
0.1 0.09 0 5.847696250785346e-07
0.1 0.1 0 2.9700927021330284e-07
0.1 0.11 0 3.7162804568242057e-07
0.1 0.12 0 2.3548598242376615e-07
0.1 0.13 0 6.763192146861931e-07
0.1 0.14 0 4.858749534447123e-07
0.1 0.15 0 9.202728524229918e-07
0.1 0.16 0 3.6776525854916346e-07
0.1 0.17 0 6.821480705803758e-07
0.1 0.18 0 1.5869183792798594e-07
0.1 0.19 0 2.7408668275621944e-07
0.1 0.2 0 5.426050659333156e-08
0.1 0.21 0 5.967677849455746e-08
0.1 0.22 0 7.15610707575134e-08
0.1 0.23 0 1.5556621616215254e-07
0.1 0.24 0 9.322512415872488e-08
0.1 0.25 0 1.6848247159699682e-07
0.1 0.26 0 2.2787403555181792e-07
0.1 0.27 0 1.7169912133542802e-06
0.1 0.28 0 9.50455167737273e-07
0.1 0.29 0 1.1581501518194016e-06
0.1 0.3 0 5.122969001051286e-06
0.1 0.31 0 1.048401716000755e-05
0.1 0.32 0 1.4254186676339384e-05
0.1 0.33 0 2.912023838180841e-06
0.1 0.34 0 2.8285632485445393e-06
0.1 0.35000000000000003 0 2.5162555739366965e-06
0.1 0.36 0 6.614440723904956e-06
0.1 0.37 0 6.233112527033174e-06
0.1 0.38 0 1.399551938105388e-05
0.1 0.39 0 1.6771009987209686e-06
0.1 0.4 0 2.3517893646726755e-06
0.1 0.41000000000000003 0 2.082823109987094e-06
0.1 0.42 0 7.438072228688229e-06
0.1 0.43 0 7.832697607598275e-06
0.1 0.44 0 4.710318627289304e-06
0.1 0.45 0 1.4373779185334725e-06
0.1 0.46 0 4.7347998522093084e-07
0.1 0.47000000000000003 0 4.3938670413066884e-07
0.1 0.48 0 1.5317223243916525e-06
0.1 0.49 0 5.34209137951097e-06
0.1 0.5 0 2.7100241918055818e-06
0.11 0.0 0 5.448125023504796e-05
0.11 0.01 0 5.5525433227439655e-05
0.11 0.02 0 2.5525706071601547e-05
0.11 0.03 0 3.6974145988534274e-06
0.11 0.04 0 1.9629169242515322e-06
0.11 0.05 0 1.091954042172883e-06
0.11 0.06 0 9.299695809358506e-07
0.11 0.07 0 1.0079970337808435e-06
0.11 0.08 0 2.1759138878401363e-07
0.11 0.09 0 5.46383110824425e-07
0.11 0.1 0 2.8392853718949606e-07
0.11 0.11 0 2.1672388127665475e-07
0.11 0.12 0 7.856417309887013e-08
0.11 0.13 0 1.1700445032222054e-07
0.11 0.14 0 9.234906331203548e-08
0.11 0.15 0 2.3146688793019001e-07
0.11 0.16 0 4.445534812295902e-08
0.11 0.17 0 2.8571674308816e-08
0.11 0.18 0 1.6108717354081945e-08
0.11 0.19 0 3.589158973487161e-08
0.11 0.2 0 6.235869463696969e-08
0.11 0.21 0 5.1338378646789e-08
0.11 0.22 0 6.0284067752947e-08
0.11 0.23 0 1.4108962424506067e-07
0.11 0.24 0 2.4889208174577585e-07
0.11 0.25 0 2.4495285228639036e-07
0.11 0.26 0 1.2316625586929747e-06
0.11 0.27 0 2.021522510541984e-06
0.11 0.28 0 2.606646502085408e-06
0.11 0.29 0 5.855070057495741e-07
0.11 0.3 0 3.704896750248765e-06
0.11 0.31 0 1.1548678701992221e-05
0.11 0.32 0 2.2272943720869093e-05
0.11 0.33 0 2.1095792177488694e-06
0.11 0.34 0 1.799116576709804e-06
0.11 0.35000000000000003 0 1.086785119786635e-06
0.11 0.36 0 4.392912273310661e-06
0.11 0.37 0 2.4385327187986855e-06
0.11 0.38 0 3.2130482802898883e-06
0.11 0.39 0 1.88835228191529e-06
0.11 0.4 0 3.852231821488084e-06
0.11 0.41000000000000003 0 1.482602046200648e-05
0.11 0.42 0 9.721266049975166e-06
0.11 0.43 0 6.442287199171039e-06
0.11 0.44 0 1.407793403004984e-06
0.11 0.45 0 1.8559571351631355e-06
0.11 0.46 0 2.6612626569915954e-07
0.11 0.47000000000000003 0 2.553125280157941e-07
0.11 0.48 0 4.4443890273320905e-07
0.11 0.49 0 4.662433735209074e-06
0.11 0.5 0 4.178055471163509e-06
0.12 0.0 0 1.604946824779653e-05
0.12 0.01 0 2.8754208763845326e-06
0.12 0.02 0 9.815537625557716e-07
0.12 0.03 0 6.7685740088056e-07
0.12 0.04 0 1.4934643545928547e-06
0.12 0.05 0 1.5138136896768691e-06
0.12 0.06 0 2.338418800005586e-06
0.12 0.07 0 1.0716321790645214e-06
0.12 0.08 0 1.7382667013598833e-06
0.12 0.09 0 2.145826974004837e-06
0.12 0.1 0 1.3856717168385281e-06
0.12 0.11 0 7.072363291240177e-07
0.12 0.12 0 3.8267954572369476e-07
0.12 0.13 0 1.1721281188318361e-07
0.12 0.14 0 2.9867008510423286e-07
0.12 0.15 0 4.636725148082762e-07
0.12 0.16 0 8.711948313082795e-07
0.12 0.17 0 2.058468624764282e-07
0.12 0.18 0 1.1370516103766062e-08
0.12 0.19 0 1.1260408808933497e-08
0.12 0.2 0 7.91896388434166e-09
0.12 0.21 0 4.722719805459139e-09
0.12 0.22 0 4.268956658276536e-09
0.12 0.23 0 1.4377084836244777e-08
0.12 0.24 0 9.927043520813993e-08
0.12 0.25 0 3.5953406921088413e-07
0.12 0.26 0 4.1305312231853e-07
0.12 0.27 0 9.183293060040814e-07
0.12 0.28 0 6.216810018231105e-07
0.12 0.29 0 3.694276547293063e-07
0.12 0.3 0 1.5412412705966904e-06
0.12 0.31 0 3.386523277701214e-06
0.12 0.32 0 9.088826030831657e-06
0.12 0.33 0 3.2952922673180097e-06
0.12 0.34 0 3.7967018987829637e-06
0.12 0.35000000000000003 0 2.4036424202125844e-06
0.12 0.36 0 2.6472099122258594e-06
0.12 0.37 0 2.0449256946289337e-06
0.12 0.38 0 3.859787853888728e-06
0.12 0.39 0 1.8559331204860372e-06
0.12 0.4 0 2.750723310419981e-06
0.12 0.41000000000000003 0 6.588245954807999e-06
0.12 0.42 0 1.0891654310162852e-05
0.12 0.43 0 1.884060996331636e-05
0.12 0.44 0 6.580680965519417e-06
0.12 0.45 0 4.667039951123812e-06
0.12 0.46 0 5.768733731303606e-07
0.12 0.47000000000000003 0 2.1453555675434723e-07
0.12 0.48 0 3.472399102917343e-07
0.12 0.49 0 1.9678718154287255e-06
0.12 0.5 0 1.928208519022032e-06
0.13 0.0 0 5.951580195416568e-06
0.13 0.01 0 1.0822539193798644e-06
0.13 0.02 0 5.000398999287879e-07
0.13 0.03 0 1.9042063971495814e-07
0.13 0.04 0 6.862861336143493e-07
0.13 0.05 0 1.045831609958147e-06
0.13 0.06 0 8.952398630400125e-07
0.13 0.07 0 6.048242992038329e-07
0.13 0.08 0 9.475508076783523e-07
0.13 0.09 0 2.102819097794157e-06
0.13 0.1 0 1.391336539603904e-06
0.13 0.11 0 3.327556301312904e-07
0.13 0.12 0 1.1810016300006635e-07
0.13 0.13 0 1.6413234309296256e-07
0.13 0.14 0 1.3136110502803464e-07
0.13 0.15 0 2.762951028962087e-07
0.13 0.16 0 1.4859254354416506e-07
0.13 0.17 0 8.851630321337157e-08
0.13 0.18 0 1.49831273995409e-08
0.13 0.19 0 2.3199532387843316e-08
0.13 0.2 0 1.2906492566920056e-08
0.13 0.21 0 2.0450199313358934e-08
0.13 0.22 0 3.337189871591118e-09
0.13 0.23 0 1.098988113565603e-08
0.13 0.24 0 1.21918673339378e-08
0.13 0.25 0 2.9110398184690103e-08
0.13 0.26 0 3.54453388504999e-08
0.13 0.27 0 1.3818895648784266e-07
0.13 0.28 0 1.9113440858649003e-07
0.13 0.29 0 1.6376186514365443e-07
0.13 0.3 0 4.4623202183078566e-07
0.13 0.31 0 1.5741457445891212e-06
0.13 0.32 0 5.93033415683829e-06
0.13 0.33 0 1.658404404101591e-06
0.13 0.34 0 1.0263846849031535e-06
0.13 0.35000000000000003 0 5.91564617103815e-07
0.13 0.36 0 1.8663119607849783e-06
0.13 0.37 0 3.9589579799609486e-06
0.13 0.38 0 1.8456992239104852e-05
0.13 0.39 0 1.0093964774595369e-05
0.13 0.4 0 2.3427219038326933e-05
0.13 0.41000000000000003 0 2.16567379409902e-05
0.13 0.42 0 5.6291956623629914e-05
0.13 0.43 0 1.591736807975659e-05
0.13 0.44 0 3.3971795348487104e-06
0.13 0.45 0 7.550893097899084e-07
0.13 0.46 0 2.023750201257211e-07
0.13 0.47000000000000003 0 2.2511351878880204e-07
0.13 0.48 0 1.2989236982750898e-06
0.13 0.49 0 7.530814609587199e-06
0.13 0.5 0 2.378356080972807e-05
0.14 0.0 0 3.123591539522809e-07
0.14 0.01 0 4.0351713862036756e-07
0.14 0.02 0 3.962140332461388e-07
0.14 0.03 0 7.481126356853787e-07
0.14 0.04 0 8.12535698010578e-07
0.14 0.05 0 1.355066820134494e-06
0.14 0.06 0 1.160319197108736e-06
0.14 0.07 0 3.517183593701856e-07
0.14 0.08 0 8.241525261177358e-08
0.14 0.09 0 3.2988411256508657e-07
0.14 0.1 0 4.848127771154069e-08
0.14 0.11 0 4.644653973018463e-08
0.14 0.12 0 2.9373329309393696e-08
0.14 0.13 0 3.428984690061794e-07
0.14 0.14 0 3.625742175240456e-07
0.14 0.15 0 2.3474396496916697e-07
0.14 0.16 0 7.300190568829031e-08
0.14 0.17 0 1.2434312140730678e-07
0.14 0.18 0 1.1860187279682972e-08
0.14 0.19 0 1.233222012670221e-08
0.14 0.2 0 1.0399208931567581e-08
0.14 0.21 0 2.1106078237442693e-08
0.14 0.22 0 1.5318886486771627e-08
0.14 0.23 0 1.0737007882490249e-08
0.14 0.24 0 2.567565893670605e-08
0.14 0.25 0 2.566698453004844e-08
0.14 0.26 0 5.767234057807093e-08
0.14 0.27 0 8.411218296773382e-08
0.14 0.28 0 2.91239633419304e-07
0.14 0.29 0 6.96526871585522e-08
0.14 0.3 0 4.5599084577138384e-07
0.14 0.31 0 1.1912596895795e-06
0.14 0.32 0 1.3063982374925718e-05
0.14 0.33 0 2.1353803408431355e-06
0.14 0.34 0 1.565002261547988e-06
0.14 0.35000000000000003 0 1.3751371005556586e-06
0.14 0.36 0 5.59440715360156e-06
0.14 0.37 0 4.996151080455853e-06
0.14 0.38 0 3.918627745577619e-06
0.14 0.39 0 2.022704060097868e-06
0.14 0.4 0 4.099120621606938e-06
0.14 0.41000000000000003 0 1.5135964316790331e-05
0.14 0.42 0 3.271201529858309e-05
0.14 0.43 0 5.53591598984534e-05
0.14 0.44 0 2.2663793755895366e-05
0.14 0.45 0 1.7651049139132227e-05
0.14 0.46 0 4.684464204154565e-06
0.14 0.47000000000000003 0 4.229425283533903e-06
0.14 0.48 0 6.019749538033119e-06
0.14 0.49 0 5.213948251916778e-05
0.14 0.5 0 4.638701378161229e-05
0.15 0.0 0 6.515604441464551e-07
0.15 0.01 0 7.631855452601818e-07
0.15 0.02 0 7.516904623665358e-07
0.15 0.03 0 4.297816653917389e-07
0.15 0.04 0 1.6811030103892063e-07
0.15 0.05 0 4.28482848857366e-07
0.15 0.06 0 6.203791746932027e-07
0.15 0.07 0 1.837776202720758e-07
0.15 0.08 0 1.261644973204785e-07
0.15 0.09 0 8.807237472712244e-08
0.15 0.1 0 1.3649093200513796e-07
0.15 0.11 0 1.1513966456481636e-07
0.15 0.12 0 2.04742864458516e-07
0.15 0.13 0 5.991485737988567e-07
0.15 0.14 0 6.565585921832075e-07
0.15 0.15 0 4.629259979881859e-07
0.15 0.16 0 4.0081587511848136e-07
0.15 0.17 0 1.1398292438666896e-07
0.15 0.18 0 2.6299379270851846e-08
0.15 0.19 0 2.3053649689493144e-08
0.15 0.2 0 9.070530233039064e-08
0.15 0.21 0 1.4348065898592996e-07
0.15 0.22 0 1.0499658716396151e-07
0.15 0.23 0 6.094276224865788e-08
0.15 0.24 0 1.8233253017641829e-07
0.15 0.25 0 1.0251491616116472e-07
0.15 0.26 0 1.7664431916577144e-07
0.15 0.27 0 2.576984160624977e-07
0.15 0.28 0 6.753814154687753e-07
0.15 0.29 0 5.595142877479317e-07
0.15 0.3 0 1.635498079400028e-06
0.15 0.31 0 2.4612896724128407e-06
0.15 0.32 0 7.73060771424214e-06
0.15 0.33 0 2.1794302381230384e-06
0.15 0.34 0 1.6015917103527247e-06
0.15 0.35000000000000003 0 1.784445852382198e-06
0.15 0.36 0 1.973309613983072e-06
0.15 0.37 0 6.3091433335852945e-06
0.15 0.38 0 2.1995066449437216e-06
0.15 0.39 0 1.2456183559870138e-06
0.15 0.4 0 1.5852585155068544e-06
0.15 0.41000000000000003 0 2.0260603852040957e-05
0.15 0.42 0 8.075738085399813e-05
0.15 0.43 0 6.23028606715558e-05
0.15 0.44 0 1.2698606939846854e-05
0.15 0.45 0 8.474481829015256e-05
0.15 0.46 0 5.010846022728362e-05
0.15 0.47000000000000003 0 0.00010707792843307539
0.15 0.48 0 4.105964163717026e-05
0.15 0.49 0 0.00013073968511128137
0.15 0.5 0 9.142617588591983e-05
0.16 0.0 0 4.52133976702978e-07
0.16 0.01 0 1.622375564616871e-07
0.16 0.02 0 3.87932785871284e-08
0.16 0.03 0 4.467151393585102e-08
0.16 0.04 0 1.0014921240024244e-07
0.16 0.05 0 1.0444517000786655e-07
0.16 0.06 0 4.160786641242993e-07
0.16 0.07 0 2.0431457023014056e-07
0.16 0.08 0 2.0996073535796608e-07
0.16 0.09 0 2.456812140562235e-07
0.16 0.1 0 6.379761225061228e-07
0.16 0.11 0 4.771149725932578e-07
0.16 0.12 0 3.7659568969698043e-07
0.16 0.13 0 3.474593109425912e-07
0.16 0.14 0 4.4147632950065654e-07
0.16 0.15 0 1.1050396740411567e-07
0.16 0.16 0 2.163561590419917e-08
0.16 0.17 0 1.2086322290593173e-08
0.16 0.18 0 1.5097885998399072e-08
0.16 0.19 0 4.096393063924931e-08
0.16 0.2 0 8.987923841542453e-08
0.16 0.21 0 2.8706799612769697e-07
0.16 0.22 0 4.800441919778529e-07
0.16 0.23 0 5.149639569529006e-07
0.16 0.24 0 5.756730181284526e-07
0.16 0.25 0 1.1378671637408418e-06
0.16 0.26 0 1.1114608320319974e-06
0.16 0.27 0 1.0511999915577422e-06
0.16 0.28 0 6.930380121229829e-07
0.16 0.29 0 2.833548162313611e-06
0.16 0.3 0 1.1206822130577426e-05
0.16 0.31 0 2.9888759443959057e-05
0.16 0.32 0 1.6713941784700963e-05
0.16 0.33 0 1.1935878914005007e-05
0.16 0.34 0 4.650403402597712e-06
0.16 0.35000000000000003 0 1.5119215846451742e-06
0.16 0.36 0 9.00251703806702e-07
0.16 0.37 0 1.2251372813401226e-06
0.16 0.38 0 1.7762647842953193e-06
0.16 0.39 0 1.460348893317089e-06
0.16 0.4 0 4.6483800804016046e-06
0.16 0.41000000000000003 0 2.939422084000148e-05
0.16 0.42 0 5.637637625987677e-05
0.16 0.43 0 1.3416403705371624e-05
0.16 0.44 0 8.663127726282055e-06
0.16 0.45 0 8.838303432540884e-06
0.16 0.46 0 1.1170943681946276e-05
0.16 0.47000000000000003 0 1.1746628885105547e-05
0.16 0.48 0 3.0291908138746554e-05
0.16 0.49 0 0.00010569241001287095
0.16 0.5 0 4.804459146832658e-05
0.17 0.0 0 4.5327447222345524e-07
0.17 0.01 0 1.6021973264786019e-07
0.17 0.02 0 2.3948365165523476e-07
0.17 0.03 0 6.243300210770676e-07
0.17 0.04 0 2.2475838215081159e-07
0.17 0.05 0 3.582490590579359e-07
0.17 0.06 0 3.0996734083374464e-07
0.17 0.07 0 1.888307272136049e-07
0.17 0.08 0 4.7347028250833524e-08
0.17 0.09 0 1.1480698154953164e-07
0.17 0.1 0 1.6057437306377154e-07
0.17 0.11 0 1.731357009817533e-07
0.17 0.12 0 1.378517853263014e-08
0.17 0.13 0 2.6406702684767064e-08
0.17 0.14 0 1.8190028453076317e-08
0.17 0.15 0 9.448281888480036e-09
0.17 0.16 0 2.622930532794884e-09
0.17 0.17 0 9.83091843362378e-09
0.17 0.18 0 3.3014433287071175e-08
0.17 0.19 0 1.1657312186207855e-07
0.17 0.2 0 1.2045601621238854e-07
0.17 0.21 0 2.2632866838274624e-07
0.17 0.22 0 4.1277002151496266e-07
0.17 0.23 0 2.976870861294966e-07
0.17 0.24 0 1.0042658970624303e-06
0.17 0.25 0 7.70278506306153e-07
0.17 0.26 0 1.3990808711280242e-06
0.17 0.27 0 1.0247608666222262e-06
0.17 0.28 0 1.868149077911201e-06
0.17 0.29 0 4.773445406870988e-06
0.17 0.3 0 1.0978603260687468e-05
0.17 0.31 0 8.349018997318864e-06
0.17 0.32 0 2.5319135165036488e-05
0.17 0.33 0 1.315991466032763e-05
0.17 0.34 0 2.531520717931304e-05
0.17 0.35000000000000003 0 3.871822947002299e-06
0.17 0.36 0 1.5435983008263396e-06
0.17 0.37 0 1.373392566803136e-06
0.17 0.38 0 3.195244331763416e-06
0.17 0.39 0 2.184249342602643e-06
0.17 0.4 0 3.014064551522312e-06
0.17 0.41000000000000003 0 1.7003044779270525e-06
0.17 0.42 0 3.1651915814277894e-06
0.17 0.43 0 1.835072741777267e-06
0.17 0.44 0 1.519155609872023e-06
0.17 0.45 0 5.621943109188583e-06
0.17 0.46 0 1.1432276381161472e-05
0.17 0.47000000000000003 0 5.194770446500392e-05
0.17 0.48 0 0.00010733985104843533
0.17 0.49 0 0.0001398421879762185
0.17 0.5 0 3.704560779387012e-05
0.18 0.0 0 3.7556145642687236e-07
0.18 0.01 0 3.6526431539273706e-07
0.18 0.02 0 1.956638716989098e-07
0.18 0.03 0 2.5686520393279e-07
0.18 0.04 0 1.49708408680478e-07
0.18 0.05 0 3.1747532342578666e-07
0.18 0.06 0 3.162388719875465e-07
0.18 0.07 0 3.1566662473506885e-07
0.18 0.08 0 1.321949193251867e-07
0.18 0.09 0 2.4146033235526836e-07
0.18 0.1 0 2.454119847041677e-07
0.18 0.11 0 1.7517422907131476e-07
0.18 0.12 0 6.638414597584095e-08
0.18 0.13 0 6.397318624094437e-08
0.18 0.14 0 5.633689084193519e-08
0.18 0.15 0 4.439031281510994e-08
0.18 0.16 0 5.0831834452775025e-08
0.18 0.17 0 3.8898408852073044e-08
0.18 0.18 0 1.1238752447201292e-07
0.18 0.19 0 1.5698934230579914e-07
0.18 0.2 0 2.613594184289374e-07
0.18 0.21 0 8.392748210262872e-08
0.18 0.22 0 1.219588699309591e-07
0.18 0.23 0 2.7865524733611596e-07
0.18 0.24 0 8.041364424573243e-07
0.18 0.25 0 1.5572516470091922e-07
0.18 0.26 0 2.312614706962275e-07
0.18 0.27 0 7.396120372867821e-07
0.18 0.28 0 5.266812967960853e-06
0.18 0.29 0 2.6054054278054e-06
0.18 0.3 0 2.496283611040241e-06
0.18 0.31 0 3.818321912271619e-06
0.18 0.32 0 4.86789456533693e-06
0.18 0.33 0 3.940242953229703e-06
0.18 0.34 0 7.064977593298404e-06
0.18 0.35000000000000003 0 5.135731735037722e-06
0.18 0.36 0 2.984425901110482e-06
0.18 0.37 0 1.2507451629618786e-06
0.18 0.38 0 1.4099932876540195e-06
0.18 0.39 0 1.4508007384559245e-06
0.18 0.4 0 4.708021413542043e-07
0.18 0.41000000000000003 0 1.7196071183045945e-06
0.18 0.42 0 3.911968587006893e-06
0.18 0.43 0 5.079443832205987e-06
0.18 0.44 0 1.178379171699499e-06
0.18 0.45 0 6.743035180085391e-06
0.18 0.46 0 1.0675656906305216e-05
0.18 0.47000000000000003 0 5.719609130212814e-05
0.18 0.48 0 1.389141130862723e-05
0.18 0.49 0 3.639072147292575e-05
0.18 0.5 0 1.8775092638223673e-05
0.19 0.0 0 4.784926802213889e-07
0.19 0.01 0 3.5220308577336544e-07
0.19 0.02 0 1.8380876836796382e-07
0.19 0.03 0 3.3256420257056807e-07
0.19 0.04 0 2.3554573892700311e-07
0.19 0.05 0 2.3284467605026247e-07
0.19 0.06 0 4.218172617536649e-07
0.19 0.07 0 4.0494092092093215e-07
0.19 0.08 0 3.237797349207155e-07
0.19 0.09 0 7.477960798047317e-08
0.19 0.1 0 1.2788064386781965e-07
0.19 0.11 0 3.735564146030636e-07
0.19 0.12 0 1.3892905879282768e-06
0.19 0.13 0 4.501904642984242e-07
0.19 0.14 0 4.285408559356257e-07
0.19 0.15 0 7.448898876629788e-08
0.19 0.16 0 2.540880138596521e-07
0.19 0.17 0 1.200729503827922e-07
0.19 0.18 0 3.732181945873606e-07
0.19 0.19 0 5.920724721331166e-07
0.19 0.2 0 7.385057539861211e-07
0.19 0.21 0 5.672242363910878e-07
0.19 0.22 0 4.0961490056745507e-07
0.19 0.23 0 5.8660466157188e-07
0.19 0.24 0 5.03794077383324e-07
0.19 0.25 0 3.9493006005440615e-07
0.19 0.26 0 4.232545385701002e-07
0.19 0.27 0 2.742380537565552e-06
0.19 0.28 0 1.8301630246912913e-06
0.19 0.29 0 8.206687653906283e-06
0.19 0.3 0 5.403572572451879e-06
0.19 0.31 0 1.1118869058418556e-05
0.19 0.32 0 2.0820411739193305e-06
0.19 0.33 0 2.205020954663829e-06
0.19 0.34 0 5.135688641671083e-06
0.19 0.35000000000000003 0 1.355544012912723e-05
0.19 0.36 0 2.151821288530647e-06
0.19 0.37 0 1.865713527710429e-06
0.19 0.38 0 1.8593489583583014e-06
0.19 0.39 0 1.5594853017946948e-06
0.19 0.4 0 6.942805218950558e-07
0.19 0.41000000000000003 0 1.0499109668816866e-06
0.19 0.42 0 2.4185063213478525e-06
0.19 0.43 0 1.7917894192968562e-06
0.19 0.44 0 4.811476190735407e-07
0.19 0.45 0 6.031200948264161e-07
0.19 0.46 0 9.55417380434076e-07
0.19 0.47000000000000003 0 5.310754354806978e-07
0.19 0.48 0 7.065635691424203e-07
0.19 0.49 0 1.780868374452587e-06
0.19 0.5 0 4.539980721051613e-06
0.2 0.0 0 2.0336756337198813e-07
0.2 0.01 0 1.7418783445066174e-07
0.2 0.02 0 1.3449612497731026e-07
0.2 0.03 0 1.1551464684895186e-07
0.2 0.04 0 9.517399642146876e-08
0.2 0.05 0 4.395018157131158e-07
0.2 0.06 0 1.1079561247493672e-06
0.2 0.07 0 8.404827746849445e-07
0.2 0.08 0 2.050041022950569e-07
0.2 0.09 0 7.008046339276862e-08
0.2 0.1 0 1.1250338350502807e-07
0.2 0.11 0 1.0607716385880361e-07
0.2 0.12 0 1.9760190947413756e-07
0.2 0.13 0 3.118702085894949e-07
0.2 0.14 0 5.563083318523695e-07
0.2 0.15 0 6.738835758058043e-07
0.2 0.16 0 1.5654427381495054e-06
0.2 0.17 0 8.102686099513812e-07
0.2 0.18 0 8.378084939979533e-07
0.2 0.19 0 5.147200357429979e-07
0.2 0.2 0 1.427171574716497e-06
0.2 0.21 0 1.5956498280265584e-06
0.2 0.22 0 5.123326668077415e-07
0.2 0.23 0 1.253877010398065e-06
0.2 0.24 0 2.7409781162226595e-06
0.2 0.25 0 6.8647761576475445e-06
0.2 0.26 0 5.74284284241047e-06
0.2 0.27 0 1.1759398637702447e-05
0.2 0.28 0 1.5536253550354193e-05
0.2 0.29 0 8.150842122091619e-06
0.2 0.3 0 1.8235437737822636e-06
0.2 0.31 0 2.1573908204928157e-06
0.2 0.32 0 1.0550567285288243e-06
0.2 0.33 0 7.736207377113382e-07
0.2 0.34 0 1.7600234472963894e-06
0.2 0.35000000000000003 0 4.645928677394425e-06
0.2 0.36 0 4.018624412911374e-06
0.2 0.37 0 1.0453067317056686e-06
0.2 0.38 0 6.851569561925608e-07
0.2 0.39 0 2.1269341612410174e-06
0.2 0.4 0 2.1419290971080528e-06
0.2 0.41000000000000003 0 7.409752876395701e-07
0.2 0.42 0 1.3548329508449158e-06
0.2 0.43 0 7.749664580788657e-07
0.2 0.44 0 1.2975962781075062e-06
0.2 0.45 0 7.86993742475877e-07
0.2 0.46 0 6.967547545494994e-07
0.2 0.47000000000000003 0 1.0531372610100584e-06
0.2 0.48 0 1.2071955650416005e-06
0.2 0.49 0 8.433193403104533e-07
0.2 0.5 0 2.818163029856991e-06
0.21 0.0 0 1.62635866677901e-07
0.21 0.01 0 3.5180199276009416e-07
0.21 0.02 0 2.123080645079345e-07
0.21 0.03 0 4.6007800514706466e-07
0.21 0.04 0 2.710049902264682e-07
0.21 0.05 0 7.062280607604844e-07
0.21 0.06 0 4.995024578825593e-07
0.21 0.07 0 1.440806618978798e-07
0.21 0.08 0 7.587175854214231e-08
0.21 0.09 0 1.4551909245037296e-07
0.21 0.1 0 6.050931870070606e-07
0.21 0.11 0 1.238502263858987e-06
0.21 0.12 0 1.4494786005449712e-06
0.21 0.13 0 1.13332422268437e-06
0.21 0.14 0 9.694253074778191e-07
0.21 0.15 0 4.4177513710874915e-07
0.21 0.16 0 2.2683336911784964e-06
0.21 0.17 0 2.6330903833126837e-06
0.21 0.18 0 3.65204920084426e-06
0.21 0.19 0 2.0845093257339544e-06
0.21 0.2 0 2.492821148922084e-06
0.21 0.21 0 1.1254154151920823e-06
0.21 0.22 0 5.854105233082838e-07
0.21 0.23 0 6.232547397824226e-07
0.21 0.24 0 2.0315940403573934e-06
0.21 0.25 0 9.05442937480723e-07
0.21 0.26 0 6.046966896151637e-07
0.21 0.27 0 1.0044109604816266e-06
0.21 0.28 0 3.5893849054118e-06
0.21 0.29 0 1.5429787545491462e-06
0.21 0.3 0 8.935792587851583e-07
0.21 0.31 0 6.883128160924313e-07
0.21 0.32 0 1.0322447612566892e-06
0.21 0.33 0 7.339420200550427e-07
0.21 0.34 0 1.8229958922869895e-06
0.21 0.35000000000000003 0 6.710768612586354e-06
0.21 0.36 0 4.6866731323609215e-06
0.21 0.37 0 1.1408026192521262e-06
0.21 0.38 0 6.903261310219027e-07
0.21 0.39 0 1.6130029490736246e-06
0.21 0.4 0 9.240391831194178e-07
0.21 0.41000000000000003 0 6.166420169709572e-07
0.21 0.42 0 1.3793542515754914e-07
0.21 0.43 0 1.680232665086243e-07
0.21 0.44 0 1.5354384903014773e-07
0.21 0.45 0 1.9988969760526916e-07
0.21 0.46 0 3.0877754792127743e-07
0.21 0.47000000000000003 0 4.869508078018253e-07
0.21 0.48 0 9.709733008319452e-07
0.21 0.49 0 7.321328834832962e-06
0.21 0.5 0 2.8068954796127576e-06
0.22 0.0 0 1.1421241030662398e-06
0.22 0.01 0 8.302993894435424e-07
0.22 0.02 0 4.6671800877523866e-07
0.22 0.03 0 1.8405739517178654e-06
0.22 0.04 0 4.568311014990895e-07
0.22 0.05 0 3.286187378690618e-07
0.22 0.06 0 1.571167945923534e-07
0.22 0.07 0 1.8497177062912807e-07
0.22 0.08 0 2.9034499313649295e-07
0.22 0.09 0 2.3717418990804637e-07
0.22 0.1 0 3.42674837431647e-06
0.22 0.11 0 2.7594671099277785e-06
0.22 0.12 0 5.735988169274735e-06
0.22 0.13 0 7.252582907415032e-07
0.22 0.14 0 5.363271270512391e-07
0.22 0.15 0 3.5704944050344316e-07
0.22 0.16 0 2.6116457895906205e-06
0.22 0.17 0 2.720933267588724e-06
0.22 0.18 0 4.7393210590806205e-06
0.22 0.19 0 7.46513396972613e-07
0.22 0.2 0 1.2482411512939086e-06
0.22 0.21 0 1.1033466679171472e-06
0.22 0.22 0 5.683230351119712e-07
0.22 0.23 0 5.399865247120211e-07
0.22 0.24 0 5.32952462339455e-07
0.22 0.25 0 5.10535106575053e-07
0.22 0.26 0 2.6484291148897804e-07
0.22 0.27 0 3.752038953771068e-07
0.22 0.28 0 4.1544107504448644e-07
0.22 0.29 0 9.536078167329965e-07
0.22 0.3 0 2.2365452433532604e-07
0.22 0.31 0 1.3339919034431319e-06
0.22 0.32 0 3.992832327778532e-06
0.22 0.33 0 1.9959474374451402e-05
0.22 0.34 0 8.94669849722333e-06
0.22 0.35000000000000003 0 3.374625329433153e-06
0.22 0.36 0 5.999999056526341e-07
0.22 0.37 0 1.3437494486024646e-06
0.22 0.38 0 6.057832830718064e-07
0.22 0.39 0 1.321296807648726e-06
0.22 0.4 0 4.4424375179443174e-07
0.22 0.41000000000000003 0 2.057430445820396e-07
0.22 0.42 0 2.1373791897949532e-07
0.22 0.43 0 1.0473016815651591e-07
0.22 0.44 0 2.601283312304076e-07
0.22 0.45 0 3.746366592471988e-07
0.22 0.46 0 5.661792877342471e-07
0.22 0.47000000000000003 0 5.051981870324732e-07
0.22 0.48 0 1.2558672188429481e-06
0.22 0.49 0 6.251287909780941e-07
0.22 0.5 0 9.392688943783988e-07
0.23 0.0 0 2.0285624129628956e-06
0.23 0.01 0 1.804560184682689e-06
0.23 0.02 0 1.9562234636081977e-06
0.23 0.03 0 2.8759508455773596e-06
0.23 0.04 0 3.6761638513072166e-07
0.23 0.05 0 7.20173305937143e-08
0.23 0.06 0 8.349515125716647e-08
0.23 0.07 0 9.558054076183352e-08
0.23 0.08 0 3.7527612583192356e-07
0.23 0.09 0 7.44115389863567e-07
0.23 0.1 0 5.636669802846243e-06
0.23 0.11 0 1.6306321263923045e-06
0.23 0.12 0 1.4021776739221683e-06
0.23 0.13 0 7.329589934962297e-07
0.23 0.14 0 1.2002609236004345e-06
0.23 0.15 0 2.632151825534177e-07
0.23 0.16 0 6.660201775129968e-07
0.23 0.17 0 2.186350291217576e-06
0.23 0.18 0 3.2485814921829603e-06
0.23 0.19 0 5.27802953901861e-07
0.23 0.2 0 3.948519964377546e-07
0.23 0.21 0 7.791948086118999e-07
0.23 0.22 0 5.04744981272303e-07
0.23 0.23 0 1.277684789445646e-07
0.23 0.24 0 3.530269012750495e-08
0.23 0.25 0 9.800440387977014e-08
0.23 0.26 0 6.059945379223203e-08
0.23 0.27 0 2.1812820010031225e-07
0.23 0.28 0 4.0543291236466984e-07
0.23 0.29 0 1.480825329094946e-06
0.23 0.3 0 6.96683502397562e-07
0.23 0.31 0 6.09075194031293e-06
0.23 0.32 0 6.05235163889378e-06
0.23 0.33 0 2.3214433614203078e-05
0.23 0.34 0 1.7203411133731271e-06
0.23 0.35000000000000003 0 1.7002850183750411e-06
0.23 0.36 0 3.1776200193503677e-06
0.23 0.37 0 5.041161500561178e-06
0.23 0.38 0 4.428457534694546e-06
0.23 0.39 0 3.2667305611249715e-06
0.23 0.4 0 2.978822578953589e-06
0.23 0.41000000000000003 0 2.0213006634375484e-06
0.23 0.42 0 1.06617798960454e-06
0.23 0.43 0 2.5251410030791355e-07
0.23 0.44 0 2.6400673516360597e-06
0.23 0.45 0 1.4400201533452114e-06
0.23 0.46 0 1.1401550608098823e-05
0.23 0.47000000000000003 0 1.683412494094198e-06
0.23 0.48 0 2.164347836489409e-06
0.23 0.49 0 4.83171457719668e-07
0.23 0.5 0 6.370424781639447e-07
0.24 0.0 0 1.046097451936438e-06
0.24 0.01 0 5.860706369064558e-07
0.24 0.02 0 1.5070976107177746e-06
0.24 0.03 0 1.1001425303428681e-06
0.24 0.04 0 5.040917609010096e-07
0.24 0.05 0 2.328390728247547e-07
0.24 0.06 0 2.541228907000171e-07
0.24 0.07 0 4.2126799570431975e-07
0.24 0.08 0 8.343013225903567e-07
0.24 0.09 0 9.84508122916236e-07
0.24 0.1 0 3.088408011214753e-06
0.24 0.11 0 1.3566132123504208e-06
0.24 0.12 0 9.117990991720483e-07
0.24 0.13 0 3.8365958243022476e-07
0.24 0.14 0 1.595517324850726e-07
0.24 0.15 0 1.1240305250728288e-07
0.24 0.16 0 2.4469524538258464e-07
0.24 0.17 0 4.3518524037803193e-07
0.24 0.18 0 3.413288430001885e-07
0.24 0.19 0 9.243454829196668e-08
0.24 0.2 0 8.75577175148796e-08
0.24 0.21 0 1.7450643238645584e-07
0.24 0.22 0 1.1696154061706196e-07
0.24 0.23 0 8.094346097554369e-08
0.24 0.24 0 7.875650750998035e-08
0.24 0.25 0 4.6040244915524785e-08
0.24 0.26 0 6.356483439904984e-08
0.24 0.27 0 1.2182687488903524e-07
0.24 0.28 0 1.1288426087948868e-07
0.24 0.29 0 1.7277574497618748e-07
0.24 0.3 0 9.421986484486484e-08
0.24 0.31 0 5.403365256146368e-07
0.24 0.32 0 6.385843135627461e-07
0.24 0.33 0 3.824633063839008e-07
0.24 0.34 0 2.3586655265815981e-07
0.24 0.35000000000000003 0 4.873592863081784e-07
0.24 0.36 0 5.792946617557673e-07
0.24 0.37 0 1.5257034019494905e-06
0.24 0.38 0 3.836120790980643e-06
0.24 0.39 0 7.422233737083775e-06
0.24 0.4 0 9.58413947412804e-06
0.24 0.41000000000000003 0 7.339425889596814e-06
0.24 0.42 0 1.3437946266784102e-05
0.24 0.43 0 6.423750636401548e-06
0.24 0.44 0 3.980169829241919e-06
0.24 0.45 0 3.5296245219667517e-06
0.24 0.46 0 4.927246671803669e-06
0.24 0.47000000000000003 0 8.077009142370004e-07
0.24 0.48 0 6.03342957133917e-07
0.24 0.49 0 1.3389374261987802e-06
0.24 0.5 0 4.7576681457003075e-06
0.25 0.0 0 7.745051518473675e-07
0.25 0.01 0 1.4728911082618908e-06
0.25 0.02 0 8.943050367393232e-07
0.25 0.03 0 7.262056126579322e-07
0.25 0.04 0 2.527511310929201e-07
0.25 0.05 0 1.3667393288739707e-07
0.25 0.06 0 1.9837323995530548e-07
0.25 0.07 0 5.650179601788871e-07
0.25 0.08 0 1.2122736172031172e-06
0.25 0.09 0 2.186272707221431e-06
0.25 0.1 0 6.360829711360205e-06
0.25 0.11 0 2.759908129262167e-06
0.25 0.12 0 2.509688101239335e-06
0.25 0.13 0 7.370529594866738e-07
0.25 0.14 0 1.0921927900467782e-06
0.25 0.15 0 3.7067455688449227e-07
0.25 0.16 0 2.2230250394310123e-07
0.25 0.17 0 8.472693168628976e-08
0.25 0.18 0 1.7571093390589057e-07
0.25 0.19 0 8.471311371640199e-08
0.25 0.2 0 1.711476556426762e-07
0.25 0.21 0 2.957341643383179e-08
0.25 0.22 0 1.2339821297498582e-08
0.25 0.23 0 8.502643240623997e-09
0.25 0.24 0 1.035185092393079e-08
0.25 0.25 0 4.127354127511041e-08
0.25 0.26 0 4.783819621428148e-08
0.25 0.27 0 7.688018119993062e-08
0.25 0.28 0 1.580114159928268e-07
0.25 0.29 0 2.742342311319425e-07
0.25 0.3 0 2.0489816278776324e-07
0.25 0.31 0 5.623291870429365e-07
0.25 0.32 0 9.899430680076652e-08
0.25 0.33 0 2.496101329594788e-07
0.25 0.34 0 6.60961442784656e-08
0.25 0.35000000000000003 0 8.182396350855424e-08
0.25 0.36 0 2.4335588224420534e-07
0.25 0.37 0 1.765316720741309e-06
0.25 0.38 0 4.978696487519227e-06
0.25 0.39 0 2.309425234496555e-06
0.25 0.4 0 4.7298589463355077e-07
0.25 0.41000000000000003 0 1.3806705788031543e-06
0.25 0.42 0 3.817786828957626e-06
0.25 0.43 0 1.0097954381358548e-06
0.25 0.44 0 5.591480184239642e-07
0.25 0.45 0 5.693586747111732e-07
0.25 0.46 0 7.628649235054448e-07
0.25 0.47000000000000003 0 4.358572886673959e-07
0.25 0.48 0 4.787738131515785e-07
0.25 0.49 0 2.8075581732765633e-06
0.25 0.5 0 8.304485978818814e-06
0.26 0.0 0 3.550185420332468e-06
0.26 0.01 0 1.901706874427055e-06
0.26 0.02 0 5.896928107043124e-07
0.26 0.03 0 6.781296117725712e-07
0.26 0.04 0 8.777068709655839e-07
0.26 0.05 0 8.931938315491176e-07
0.26 0.06 0 1.2372312438724904e-06
0.26 0.07 0 3.422702093236038e-06
0.26 0.08 0 1.029756526398731e-05
0.26 0.09 0 6.657161107868111e-06
0.26 0.1 0 7.84400013139866e-06
0.26 0.11 0 2.7511367679495513e-06
0.26 0.12 0 2.5994309120433143e-06
0.26 0.13 0 1.2392109768177067e-06
0.26 0.14 0 2.226237677266332e-06
0.26 0.15 0 4.079977100902817e-07
0.26 0.16 0 9.200865560595986e-07
0.26 0.17 0 5.10405241096036e-07
0.26 0.18 0 1.7267149451288577e-06
0.26 0.19 0 3.124344010969119e-07
0.26 0.2 0 1.0519938775285837e-07
0.26 0.21 0 3.72681859691475e-08
0.26 0.22 0 3.6466342074689294e-08
0.26 0.23 0 4.791247626304474e-08
0.26 0.24 0 8.598487888071374e-08
0.26 0.25 0 1.923089799217879e-07
0.26 0.26 0 1.617008576928324e-07
0.26 0.27 0 6.865602837406501e-07
0.26 0.28 0 4.5205133776236704e-07
0.26 0.29 0 1.6552801002123845e-06
0.26 0.3 0 3.9196514141799915e-07
0.26 0.31 0 4.303920585241231e-07
0.26 0.32 0 1.0390196569501365e-07
0.26 0.33 0 2.954718330065145e-07
0.26 0.34 0 2.371708634479146e-07
0.26 0.35000000000000003 0 1.0318836399133136e-06
0.26 0.36 0 3.911252945180825e-07
0.26 0.37 0 4.554702398851314e-07
0.26 0.38 0 1.1544361777264675e-06
0.26 0.39 0 7.137559652207857e-07
0.26 0.4 0 6.462771440717142e-07
0.26 0.41000000000000003 0 6.398365920810086e-07
0.26 0.42 0 3.1004030702531573e-06
0.26 0.43 0 3.05671561940834e-06
0.26 0.44 0 1.4494983747927757e-06
0.26 0.45 0 1.3900511175794263e-07
0.26 0.46 0 7.225531555044335e-07
0.26 0.47000000000000003 0 2.01450113899116e-07
0.26 0.48 0 5.261975931791024e-07
0.26 0.49 0 2.2833064077536287e-07
0.26 0.5 0 4.7572930295605963e-07
0.27 0.0 0 1.3915412768541101e-05
0.27 0.01 0 2.796669754054139e-06
0.27 0.02 0 1.2059592803545069e-06
0.27 0.03 0 2.0696583082237404e-07
0.27 0.04 0 2.5902765650866677e-07
0.27 0.05 0 2.891476069420261e-07
0.27 0.06 0 1.1087900014649556e-06
0.27 0.07 0 2.3907678402596155e-06
0.27 0.08 0 1.4319492887822996e-06
0.27 0.09 0 2.334036459266924e-06
0.27 0.1 0 5.139524113855857e-06
0.27 0.11 0 2.2028436622083867e-06
0.27 0.12 0 1.7779173178064872e-06
0.27 0.13 0 2.2235015667256285e-06
0.27 0.14 0 3.050205626919135e-06
0.27 0.15 0 3.1200138764160005e-06
0.27 0.16 0 1.1198296356963217e-06
0.27 0.17 0 1.8134034329433413e-06
0.27 0.18 0 1.5816302846911333e-06
0.27 0.19 0 3.41946543806692e-07
0.27 0.2 0 3.0590065688607836e-07
0.27 0.21 0 3.1255328198713624e-07
0.27 0.22 0 1.9084828834011666e-07
0.27 0.23 0 3.6916482067063534e-07
0.27 0.24 0 1.9563156466338183e-07
0.27 0.25 0 5.562603225350134e-07
0.27 0.26 0 2.1576198912548037e-07
0.27 0.27 0 3.546157470585392e-07
0.27 0.28 0 8.341827058522176e-07
0.27 0.29 0 1.1723929819908558e-06
0.27 0.3 0 4.540048637632261e-07
0.27 0.31 0 7.231812242671524e-07
0.27 0.32 0 4.814631047262932e-07
0.27 0.33 0 3.8141531860064927e-07
0.27 0.34 0 2.1339202262246933e-07
0.27 0.35000000000000003 0 1.4199727305225797e-07
0.27 0.36 0 2.0981291607522726e-07
0.27 0.37 0 2.1892221612167686e-07
0.27 0.38 0 4.776902981452188e-07
0.27 0.39 0 1.1306011920044085e-06
0.27 0.4 0 1.5263648205201741e-06
0.27 0.41000000000000003 0 1.1244086429188836e-06
0.27 0.42 0 5.680241040450579e-06
0.27 0.43 0 1.5482748083000419e-06
0.27 0.44 0 4.876879828081787e-07
0.27 0.45 0 1.0961349342587119e-07
0.27 0.46 0 4.20040303846321e-07
0.27 0.47000000000000003 0 9.599396369890517e-07
0.27 0.48 0 9.657380385068862e-07
0.27 0.49 0 1.150653415878996e-07
0.27 0.5 0 1.3475579741591472e-07
0.28 0.0 0 4.482184084899525e-06
0.28 0.01 0 2.7205762267052174e-06
0.28 0.02 0 1.0471376014372475e-06
0.28 0.03 0 6.152001348283034e-07
0.28 0.04 0 3.695195606558085e-07
0.28 0.05 0 1.306329225412581e-06
0.28 0.06 0 5.240934416562132e-06
0.28 0.07 0 7.403325598891928e-06
0.28 0.08 0 1.8446023228561604e-06
0.28 0.09 0 5.694602420963481e-07
0.28 0.1 0 2.2313791662439617e-07
0.28 0.11 0 2.607517444846188e-07
0.28 0.12 0 1.7625273113916978e-07
0.28 0.13 0 3.852895338808105e-07
0.28 0.14 0 6.478106945222037e-07
0.28 0.15 0 3.301120133035133e-07
0.28 0.16 0 1.6975189341799944e-07
0.28 0.17 0 2.242708084305351e-07
0.28 0.18 0 2.2881971012140088e-07
0.28 0.19 0 4.22997633542695e-07
0.28 0.2 0 3.678506783302195e-07
0.28 0.21 0 3.464620929600434e-07
0.28 0.22 0 3.599034847922519e-07
0.28 0.23 0 7.758074547112721e-07
0.28 0.24 0 1.9090200826898114e-06
0.28 0.25 0 3.7299475890810414e-06
0.28 0.26 0 6.379467542391876e-07
0.28 0.27 0 5.023607690631162e-07
0.28 0.28 0 4.511814444103521e-07
0.28 0.29 0 4.286176187970856e-07
0.28 0.3 0 9.438412077453141e-07
0.28 0.31 0 8.198831474877194e-07
0.28 0.32 0 3.920879450672272e-07
0.28 0.33 0 9.443108470898951e-08
0.28 0.34 0 4.622880160883194e-08
0.28 0.35000000000000003 0 1.9318467707617323e-07
0.28 0.36 0 4.5976209560275554e-07
0.28 0.37 0 2.1286673111305584e-07
0.28 0.38 0 5.609646918002815e-07
0.28 0.39 0 9.27250970259777e-07
0.28 0.4 0 1.374943306196835e-06
0.28 0.41000000000000003 0 2.4547854375475757e-06
0.28 0.42 0 1.1187075490421724e-06
0.28 0.43 0 7.515581028312351e-07
0.28 0.44 0 2.5737290641254754e-07
0.28 0.45 0 1.9448914423246717e-07
0.28 0.46 0 2.261574556858372e-06
0.28 0.47000000000000003 0 2.069069323954901e-06
0.28 0.48 0 7.373861586402654e-07
0.28 0.49 0 4.0018353673523205e-07
0.28 0.5 0 3.146490904306086e-07
0.29 0.0 0 6.87607980791099e-07
0.29 0.01 0 1.2269655835862853e-06
0.29 0.02 0 1.338093256745012e-06
0.29 0.03 0 2.52716417255442e-06
0.29 0.04 0 5.798095926108879e-06
0.29 0.05 0 1.684850707411339e-05
0.29 0.06 0 1.987573260129621e-05
0.29 0.07 0 3.449182185319636e-05
0.29 0.08 0 5.715295580049487e-06
0.29 0.09 0 1.0590491766039697e-06
0.29 0.1 0 8.105555912919636e-07
0.29 0.11 0 2.3372548885625124e-07
0.29 0.12 0 4.90083804983074e-07
0.29 0.13 0 2.1692519759721164e-07
0.29 0.14 0 2.601523260896066e-07
0.29 0.15 0 1.8406937500386376e-07
0.29 0.16 0 2.134057410247674e-07
0.29 0.17 0 1.7974853820858395e-07
0.29 0.18 0 3.0764699138555375e-07
0.29 0.19 0 1.6855162257311442e-07
0.29 0.2 0 6.867362882017644e-07
0.29 0.21 0 8.795721204075443e-07
0.29 0.22 0 3.895687912332197e-07
0.29 0.23 0 1.7989531340787954e-07
0.29 0.24 0 3.8340533745557354e-07
0.29 0.25 0 1.0167605341423512e-06
0.29 0.26 0 8.815624810097018e-07
0.29 0.27 0 6.14313323887277e-07
0.29 0.28 0 7.807614494767628e-07
0.29 0.29 0 3.2747274271314106e-06
0.29 0.3 0 1.6623380384188117e-06
0.29 0.31 0 9.137420427723341e-07
0.29 0.32 0 2.3267005362956178e-07
0.29 0.33 0 1.8884584678004e-07
0.29 0.34 0 5.491057254359966e-07
0.29 0.35000000000000003 0 4.583616961592497e-06
0.29 0.36 0 4.607558297272823e-06
0.29 0.37 0 6.207452346114031e-06
0.29 0.38 0 3.239308595559458e-06
0.29 0.39 0 8.52306124355628e-06
0.29 0.4 0 4.409641563042703e-06
0.29 0.41000000000000003 0 8.632177632857319e-07
0.29 0.42 0 5.084284533420181e-07
0.29 0.43 0 6.313281160615052e-07
0.29 0.44 0 1.1727164363008374e-06
0.29 0.45 0 2.6573470509944867e-06
0.29 0.46 0 1.6257148584197514e-05
0.29 0.47000000000000003 0 2.2899445080584298e-05
0.29 0.48 0 4.250113625308474e-05
0.29 0.49 0 3.2290524839038035e-06
0.29 0.5 0 2.028888578050592e-06
0.3 0.0 0 1.1671791583939976e-06
0.3 0.01 0 1.2449515303069176e-06
0.3 0.02 0 4.1275144083588985e-06
0.3 0.03 0 1.0576948285693119e-05
0.3 0.04 0 3.53710503661185e-05
0.3 0.05 0 2.1766116813358216e-05
0.3 0.06 0 4.228601367333846e-05
0.3 0.07 0 1.225191469446194e-05
0.3 0.08 0 3.563488350619029e-06
0.3 0.09 0 1.437708583063386e-06
0.3 0.1 0 1.2607291610575913e-06
0.3 0.11 0 9.580445436162833e-07
0.3 0.12 0 5.585751206415832e-07
0.3 0.13 0 4.958862697499845e-07
0.3 0.14 0 1.5749738659762575e-06
0.3 0.15 0 9.799497354148344e-07
0.3 0.16 0 2.1801626068518105e-07
0.3 0.17 0 4.228176157100476e-07
0.3 0.18 0 3.854285713632343e-07
0.3 0.19 0 8.648626109811068e-07
0.3 0.2 0 5.099764690318557e-07
0.3 0.21 0 1.9907267237262295e-07
0.3 0.22 0 1.1009377301549377e-07
0.3 0.23 0 6.367156211599893e-08
0.3 0.24 0 6.708043002545886e-08
0.3 0.25 0 2.856758904845393e-07
0.3 0.26 0 2.433651174000154e-07
0.3 0.27 0 3.835857109638984e-07
0.3 0.28 0 1.2835526103630357e-06
0.3 0.29 0 1.917801706584876e-06
0.3 0.3 0 4.925422999755581e-06
0.3 0.31 0 3.8185333507113976e-06
0.3 0.32 0 8.569360217658187e-07
0.3 0.33 0 7.369393968383294e-07
0.3 0.34 0 8.3746916770902e-07
0.3 0.35000000000000003 0 8.62336104137951e-06
0.3 0.36 0 2.4467270487908037e-05
0.3 0.37 0 6.916352855659219e-06
0.3 0.38 0 4.065887922877647e-06
0.3 0.39 0 3.0605175659346456e-06
0.3 0.4 0 2.380228546359929e-06
0.3 0.41000000000000003 0 2.8906396227013025e-06
0.3 0.42 0 3.571635144405752e-06
0.3 0.43 0 5.520334451888187e-06
0.3 0.44 0 8.457378231329199e-06
0.3 0.45 0 2.7934782240239874e-06
0.3 0.46 0 5.211432338138744e-06
0.3 0.47000000000000003 0 1.9856649361703593e-06
0.3 0.48 0 1.6809859143286556e-06
0.3 0.49 0 6.744603202740945e-07
0.3 0.5 0 8.679711250594009e-07
#STOP
