#MEDIUM_PROPERTIES_DISTRIBUTED
$MSH_TYPE
	 GROUNDWATER_FLOW	
$MMP_TYPE
	 PERMEABILITY	
$DIS_TYPE
	 NEAREST_VALUE	
;hj
$CONVERSION_FACTOR
	 1.0	
$DATA
0.0 0.0 0 8.692361771535427e-06
0.0 0.01 0 7.558253000904808e-06
0.0 0.02 0 5.629667342251729e-06
0.0 0.03 0 7.67130527916258e-06
0.0 0.04 0 1.095798740099431e-05
0.0 0.05 0 1.0061509802342181e-05
0.0 0.06 0 9.69872645197534e-06
0.0 0.07 0 6.9192800727772515e-06
0.0 0.08 0 5.849722046254766e-06
0.0 0.09 0 5.920967395415073e-06
0.0 0.1 0 6.222277741008487e-06
0.0 0.11 0 6.274053798729352e-06
0.0 0.12 0 6.609664990798056e-06
0.0 0.13 0 6.439814693574572e-06
0.0 0.14 0 5.044231917386231e-06
0.0 0.15 0 6.416802823964494e-06
0.0 0.16 0 7.112880171483762e-06
0.0 0.17 0 7.91193673402892e-06
0.0 0.18 0 1.1097327044504275e-05
0.0 0.19 0 1.1218661191988047e-05
0.0 0.2 0 7.149434111788665e-06
0.0 0.21 0 6.602947285342316e-06
0.0 0.22 0 1.2833834220015394e-05
0.0 0.23 0 1.5924586073338106e-05
0.0 0.24 0 1.874099451246353e-05
0.0 0.25 0 2.0728648512877912e-05
0.0 0.26 0 1.5170856683993435e-05
0.0 0.27 0 1.2747671821052316e-05
0.0 0.28 0 2.0933071061727904e-05
0.0 0.29 0 4.36089459810854e-05
0.0 0.3 0 5.0502376228893944e-05
0.0 0.31 0 5.8770727514265724e-05
0.0 0.32 0 5.903470989175401e-05
0.0 0.33 0 6.52680441451157e-05
0.0 0.34 0 7.949714700486339e-05
0.0 0.35000000000000003 0 6.693371812170994e-05
0.0 0.36 0 4.727600369165223e-05
0.0 0.37 0 3.118587705905936e-05
0.0 0.38 0 1.9697860263159236e-05
0.0 0.39 0 9.102858820052594e-06
0.0 0.4 0 6.705889868244054e-06
0.0 0.41000000000000003 0 5.46147669498352e-06
0.0 0.42 0 3.909781428695547e-06
0.0 0.43 0 4.223133951081812e-06
0.0 0.44 0 4.229478367248713e-06
0.0 0.45 0 3.689692757408442e-06
0.0 0.46 0 5.003284822032036e-06
0.0 0.47000000000000003 0 1.4140274956541707e-05
0.0 0.48 0 1.891779812315055e-05
0.0 0.49 0 1.3213037324585538e-05
0.0 0.5 0 1.0818169658965403e-05
0.01 0.0 0 9.839534566441392e-06
0.01 0.01 0 1.2362004021527868e-05
0.01 0.02 0 1.3478745893238445e-05
0.01 0.03 0 1.0535767509028981e-05
0.01 0.04 0 9.524915986193681e-06
0.01 0.05 0 1.1280783161666786e-05
0.01 0.06 0 1.8920404253067705e-05
0.01 0.07 0 2.472117577045262e-05
0.01 0.08 0 1.4925267368656192e-05
0.01 0.09 0 1.2623438147438843e-05
0.01 0.1 0 1.4313873383505837e-05
0.01 0.11 0 1.8217169798659872e-05
0.01 0.12 0 2.2112115412298914e-05
0.01 0.13 0 2.049074446584211e-05
0.01 0.14 0 1.0351413980064404e-05
0.01 0.15 0 6.695293494071406e-06
0.01 0.16 0 1.3184339577211988e-05
0.01 0.17 0 2.1912373223129556e-05
0.01 0.18 0 2.83927854530823e-05
0.01 0.19 0 3.4589314576157634e-05
0.01 0.2 0 3.216894076454742e-05
0.01 0.21 0 2.1247171174095546e-05
0.01 0.22 0 2.0703634428596126e-05
0.01 0.23 0 3.092948689536139e-05
0.01 0.24 0 3.0966060489103934e-05
0.01 0.25 0 3.405465616251477e-05
0.01 0.26 0 3.2686906602521976e-05
0.01 0.27 0 2.903597016683556e-05
0.01 0.28 0 2.623246771581255e-05
0.01 0.29 0 2.4079424486677976e-05
0.01 0.3 0 2.275450713607975e-05
0.01 0.31 0 2.3750568819022718e-05
0.01 0.32 0 3.0069116289365625e-05
0.01 0.33 0 2.788947478990581e-05
0.01 0.34 0 3.859136504717793e-05
0.01 0.35000000000000003 0 4.698170661089716e-05
0.01 0.36 0 2.368382693843071e-05
0.01 0.37 0 8.370478681060955e-06
0.01 0.38 0 3.935244965986458e-06
0.01 0.39 0 2.7425246024003375e-06
0.01 0.4 0 2.7732325053732633e-06
0.01 0.41000000000000003 0 5.816567166164116e-06
0.01 0.42 0 6.505584749816186e-06
0.01 0.43 0 4.0219706714080435e-06
0.01 0.44 0 3.89070803941659e-06
0.01 0.45 0 5.376336292789298e-06
0.01 0.46 0 7.36143606471889e-06
0.01 0.47000000000000003 0 1.1419039363649856e-05
0.01 0.48 0 2.7296719780414468e-05
0.01 0.49 0 4.11529034336204e-05
0.01 0.5 0 4.2735920295906386e-05
0.02 0.0 0 1.2947456406194112e-05
0.02 0.01 0 1.4606622462894116e-05
0.02 0.02 0 6.693893367107295e-06
0.02 0.03 0 4.424846249764037e-06
0.02 0.04 0 5.244975278035852e-06
0.02 0.05 0 7.22645510863839e-06
0.02 0.06 0 8.455742341884631e-06
0.02 0.07 0 1.3430365706489777e-05
0.02 0.08 0 1.6450358296179696e-05
0.02 0.09 0 1.5093556853044139e-05
0.02 0.1 0 2.191342849872093e-05
0.02 0.11 0 2.1875767203479636e-05
0.02 0.12 0 1.3665030730194741e-05
0.02 0.13 0 8.627332926790614e-06
0.02 0.14 0 7.135532930851915e-06
0.02 0.15 0 4.746864774221601e-06
0.02 0.16 0 5.054755522208183e-06
0.02 0.17 0 1.140637334538141e-05
0.02 0.18 0 1.7640219941425848e-05
0.02 0.19 0 1.845051372718877e-05
0.02 0.2 0 1.280176434862935e-05
0.02 0.21 0 9.294614723000521e-06
0.02 0.22 0 9.579538107996424e-06
0.02 0.23 0 1.8008365217629777e-05
0.02 0.24 0 3.665910772359114e-05
0.02 0.25 0 5.356958214333915e-05
0.02 0.26 0 5.7697793493863816e-05
0.02 0.27 0 2.7001567924706914e-05
0.02 0.28 0 1.464996210300048e-05
0.02 0.29 0 1.2770581141743209e-05
0.02 0.3 0 1.2515545035066482e-05
0.02 0.31 0 1.2549304057044192e-05
0.02 0.32 0 1.6719130755035682e-05
0.02 0.33 0 1.5971798080541452e-05
0.02 0.34 0 6.36531847051431e-06
0.02 0.35000000000000003 0 4.0499657219212125e-06
0.02 0.36 0 3.896290162855575e-06
0.02 0.37 0 4.664128783703368e-06
0.02 0.38 0 7.423691230679648e-06
0.02 0.39 0 1.1010736601189933e-05
0.02 0.4 0 8.071774050407192e-06
0.02 0.41000000000000003 0 4.546038050350535e-06
0.02 0.42 0 5.248312130688408e-06
0.02 0.43 0 5.571495064919459e-06
0.02 0.44 0 5.381475047766181e-06
0.02 0.45 0 5.115176682573053e-06
0.02 0.46 0 5.894936439755392e-06
0.02 0.47000000000000003 0 9.022438476961069e-06
0.02 0.48 0 1.1799149074159228e-05
0.02 0.49 0 9.323950814379118e-06
0.02 0.5 0 4.965368489504487e-06
0.03 0.0 0 1.6420071943134653e-06
0.03 0.01 0 2.0460185630878467e-06
0.03 0.02 0 3.4230330780919272e-06
0.03 0.03 0 3.218524210116335e-06
0.03 0.04 0 3.210836625698209e-06
0.03 0.05 0 3.491496635878017e-06
0.03 0.06 0 3.5217189187795726e-06
0.03 0.07 0 3.629623355285003e-06
0.03 0.08 0 5.874015014004394e-06
0.03 0.09 0 6.3259501551757905e-06
0.03 0.1 0 6.209486168848807e-06
0.03 0.11 0 9.564730201156307e-06
0.03 0.12 0 1.1844707617978587e-05
0.03 0.13 0 1.2146045405349035e-05
0.03 0.14 0 1.2274506651890399e-05
0.03 0.15 0 1.4629351348572591e-05
0.03 0.16 0 1.2834834567711735e-05
0.03 0.17 0 1.1148529555870585e-05
0.03 0.18 0 9.109622334419746e-06
0.03 0.19 0 8.569309095103506e-06
0.03 0.2 0 1.3523514380565645e-05
0.03 0.21 0 1.5328900932951644e-05
0.03 0.22 0 1.439837864647064e-05
0.03 0.23 0 1.4300655441834353e-05
0.03 0.24 0 1.4578834267676328e-05
0.03 0.25 0 1.0755372539910036e-05
0.03 0.26 0 1.105547021023004e-05
0.03 0.27 0 1.4773198090384715e-05
0.03 0.28 0 1.249645672656055e-05
0.03 0.29 0 1.7620905255439197e-05
0.03 0.3 0 3.5921144229060644e-05
0.03 0.31 0 4.7004712603947746e-05
0.03 0.32 0 2.9997081502847864e-05
0.03 0.33 0 2.0248972506229894e-05
0.03 0.34 0 1.4705783350135527e-05
0.03 0.35000000000000003 0 1.3169508035404112e-05
0.03 0.36 0 2.5772668376262895e-05
0.03 0.37 0 3.936941685767165e-05
0.03 0.38 0 3.778878928008835e-05
0.03 0.39 0 2.8818347248129124e-05
0.03 0.4 0 2.6203105396806218e-05
0.03 0.41000000000000003 0 2.5319448343147502e-05
0.03 0.42 0 2.5609268285212407e-05
0.03 0.43 0 2.567554987170117e-05
0.03 0.44 0 2.2392976558637763e-05
0.03 0.45 0 3.1220630009686946e-05
0.03 0.46 0 3.1530214293028836e-05
0.03 0.47000000000000003 0 2.373528451205929e-05
0.03 0.48 0 2.2535010768485198e-05
0.03 0.49 0 2.276145738843093e-05
0.03 0.5 0 1.5930245026196132e-05
0.04 0.0 0 7.276375635029886e-06
0.04 0.01 0 1.0297477854303612e-05
0.04 0.02 0 1.4379137324113034e-05
0.04 0.03 0 1.1043651610390944e-05
0.04 0.04 0 5.775458441731968e-06
0.04 0.05 0 4.782059848159044e-06
0.04 0.06 0 6.47079135240231e-06
0.04 0.07 0 1.168959325829372e-05
0.04 0.08 0 2.09949742021214e-05
0.04 0.09 0 2.9137629649638993e-05
0.04 0.1 0 1.4251524238190555e-05
0.04 0.11 0 5.858772016486145e-06
0.04 0.12 0 3.877414483533989e-06
0.04 0.13 0 5.371524035286231e-06
0.04 0.14 0 1.4924091051623652e-05
0.04 0.15 0 2.8280630268912155e-05
0.04 0.16 0 2.860055737117796e-05
0.04 0.17 0 2.3442552305610328e-05
0.04 0.18 0 2.592982183239906e-05
0.04 0.19 0 2.017410004764913e-05
0.04 0.2 0 1.9032619226172464e-05
0.04 0.21 0 2.853579926330433e-05
0.04 0.22 0 2.8167144224579026e-05
0.04 0.23 0 2.7059043714247215e-05
0.04 0.24 0 3.406192573789761e-05
0.04 0.25 0 3.923869075411848e-05
0.04 0.26 0 2.3927509997399573e-05
0.04 0.27 0 1.8841191381462068e-05
0.04 0.28 0 1.7261296562343547e-05
0.04 0.29 0 1.3942989302057689e-05
0.04 0.3 0 2.092694738983844e-05
0.04 0.31 0 4.246293698999676e-05
0.04 0.32 0 7.477831784845587e-05
0.04 0.33 0 7.199756841202553e-05
0.04 0.34 0 4.653974623780255e-05
0.04 0.35000000000000003 0 2.0113286910584163e-05
0.04 0.36 0 1.2812652249153338e-05
0.04 0.37 0 1.7742664439068727e-05
0.04 0.38 0 2.929023866883147e-05
0.04 0.39 0 5.94469455180731e-05
0.04 0.4 0 7.248716209041821e-05
0.04 0.41000000000000003 0 5.782325780520179e-05
0.04 0.42 0 5.516265326693544e-05
0.04 0.43 0 8.157555282397334e-05
0.04 0.44 0 7.888041296462382e-05
0.04 0.45 0 5.94391356914829e-05
0.04 0.46 0 9.158356590362918e-05
0.04 0.47000000000000003 0 0.00011466099827391713
0.04 0.48 0 0.00010515476986199759
0.04 0.49 0 8.908007415026657e-05
0.04 0.5 0 6.899767674157511e-05
0.05 0.0 0 8.951363843975388e-06
0.05 0.01 0 1.1421383908198564e-05
0.05 0.02 0 1.3807358617968739e-05
0.05 0.03 0 2.08250687784076e-05
0.05 0.04 0 1.9459803165712677e-05
0.05 0.05 0 1.876857989482388e-05
0.05 0.06 0 2.095477879971904e-05
0.05 0.07 0 2.2803213819748892e-05
0.05 0.08 0 2.454422914294459e-05
0.05 0.09 0 2.2753825351645386e-05
0.05 0.1 0 1.8161686865777598e-05
0.05 0.11 0 1.433259734575741e-05
0.05 0.12 0 1.9790889897168018e-05
0.05 0.13 0 2.0586692377910914e-05
0.05 0.14 0 2.1774035696183272e-05
0.05 0.15 0 3.529902609115599e-05
0.05 0.16 0 3.620365136568328e-05
0.05 0.17 0 1.9569709942344182e-05
0.05 0.18 0 1.2885847398842067e-05
0.05 0.19 0 1.6921810453278127e-05
0.05 0.2 0 1.748393355057517e-05
0.05 0.21 0 2.070458112603549e-05
0.05 0.22 0 2.3132063611683305e-05
0.05 0.23 0 1.6628182258493685e-05
0.05 0.24 0 1.518126324574674e-05
0.05 0.25 0 2.19815560850995e-05
0.05 0.26 0 3.3361146056047886e-05
0.05 0.27 0 2.8599518283830558e-05
0.05 0.28 0 2.3542713539822164e-05
0.05 0.29 0 1.7093295932031078e-05
0.05 0.3 0 1.5893459409221787e-05
0.05 0.31 0 1.7726323509414708e-05
0.05 0.32 0 1.154500206547767e-05
0.05 0.33 0 6.699117046461418e-06
0.05 0.34 0 4.7538129507587695e-06
0.05 0.35000000000000003 0 5.293346863327997e-06
0.05 0.36 0 7.533567562114942e-06
0.05 0.37 0 1.3938803824162864e-05
0.05 0.38 0 1.1314631332450835e-05
0.05 0.39 0 4.18705477336571e-06
0.05 0.4 0 3.283032473056291e-06
0.05 0.41000000000000003 0 4.5643831701582796e-06
0.05 0.42 0 7.5703677781351985e-06
0.05 0.43 0 1.3635119856354141e-05
0.05 0.44 0 2.4623292365867726e-05
0.05 0.45 0 1.7545489065372753e-05
0.05 0.46 0 9.316821601812412e-06
0.05 0.47000000000000003 0 9.372758955810232e-06
0.05 0.48 0 1.156345070302947e-05
0.05 0.49 0 1.8242714927697174e-05
0.05 0.5 0 2.3010338256298068e-05
0.06 0.0 0 1.8803542291660842e-05
0.06 0.01 0 1.8423006440126762e-05
0.06 0.02 0 2.1260019732516022e-05
0.06 0.03 0 3.335937016799816e-05
0.06 0.04 0 4.667623328491089e-05
0.06 0.05 0 3.631490169616515e-05
0.06 0.06 0 4.022155145624192e-05
0.06 0.07 0 4.9412138393890187e-05
0.06 0.08 0 7.102998784530015e-05
0.06 0.09 0 0.00012577848964794304
0.06 0.1 0 0.00013354243891939207
0.06 0.11 0 5.201115105022529e-05
0.06 0.12 0 2.122354544297096e-05
0.06 0.13 0 2.6543335602844173e-05
0.06 0.14 0 2.9869130832074058e-05
0.06 0.15 0 2.807106785540944e-05
0.06 0.16 0 2.5427515468250514e-05
0.06 0.17 0 1.8669297718153465e-05
0.06 0.18 0 1.2179853123496944e-05
0.06 0.19 0 9.512828099691461e-06
0.06 0.2 0 7.823862927492132e-06
0.06 0.21 0 4.173843726102523e-06
0.06 0.22 0 3.0805196970178827e-06
0.06 0.23 0 2.535425591466291e-06
0.06 0.24 0 2.4211793963046354e-06
0.06 0.25 0 2.5334944058036554e-06
0.06 0.26 0 1.9283004471586872e-06
0.06 0.27 0 1.3015286910085406e-06
0.06 0.28 0 1.0351107153237956e-06
0.06 0.29 0 1.117157203071801e-06
0.06 0.3 0 1.0613273232398215e-06
0.06 0.31 0 1.6786934563741807e-06
0.06 0.32 0 2.3903546148489476e-06
0.06 0.33 0 1.7225052570788795e-06
0.06 0.34 0 1.413583215542901e-06
0.06 0.35000000000000003 0 1.4959683502530627e-06
0.06 0.36 0 1.4696625875919854e-06
0.06 0.37 0 1.4164903810690362e-06
0.06 0.38 0 2.511970535413999e-06
0.06 0.39 0 2.8838493831903337e-06
0.06 0.4 0 2.1950252482155447e-06
0.06 0.41000000000000003 0 2.330793386693738e-06
0.06 0.42 0 2.3161715582845505e-06
0.06 0.43 0 1.7804680292541415e-06
0.06 0.44 0 1.235622052637019e-06
0.06 0.45 0 1.4343979132511551e-06
0.06 0.46 0 2.5620438948254937e-06
0.06 0.47000000000000003 0 8.562644394051847e-06
0.06 0.48 0 2.0586686025576433e-05
0.06 0.49 0 1.7782926284752473e-05
0.06 0.5 0 1.105268907862844e-05
0.07 0.0 0 0.00024503576410119275
0.07 0.01 0 0.0001807403067932125
0.07 0.02 0 0.0001160697861789462
0.07 0.03 0 8.303573890664122e-05
0.07 0.04 0 9.13196124846811e-05
0.07 0.05 0 8.571347397994249e-05
0.07 0.06 0 7.897287089300587e-05
0.07 0.07 0 0.00014651223283225788
0.07 0.08 0 0.00017524143517918026
0.07 0.09 0 0.0001347106006950332
0.07 0.1 0 0.00012877682541131174
0.07 0.11 0 0.00017273895308208718
0.07 0.12 0 0.00017111018200761135
0.07 0.13 0 0.00016073552079962306
0.07 0.14 0 0.00019124279718553205
0.07 0.15 0 0.0001577361277595786
0.07 0.16 0 0.00012365490541006672
0.07 0.17 0 6.605973718045066e-05
0.07 0.18 0 3.13556783025118e-05
0.07 0.19 0 2.0356615753723857e-05
0.07 0.2 0 1.9532833016016655e-05
0.07 0.21 0 1.9640659616692042e-05
0.07 0.22 0 1.843165166620898e-05
0.07 0.23 0 1.9616225901888277e-05
0.07 0.24 0 1.3895951570082913e-05
0.07 0.25 0 1.428625985919301e-05
0.07 0.26 0 1.7282028098493596e-05
0.07 0.27 0 1.2238636592035928e-05
0.07 0.28 0 7.495697971922166e-06
0.07 0.29 0 7.461591090068743e-06
0.07 0.3 0 8.297336495312507e-06
0.07 0.31 0 5.557152381837007e-06
0.07 0.32 0 4.6911777921012086e-06
0.07 0.33 0 2.6139188658458617e-06
0.07 0.34 0 1.0066785069789136e-06
0.07 0.35000000000000003 0 7.170103586988623e-07
0.07 0.36 0 1.1236014214391454e-06
0.07 0.37 0 2.111617922584855e-06
0.07 0.38 0 3.091618052980226e-06
0.07 0.39 0 4.199439506563993e-06
0.07 0.4 0 2.9219383233600383e-06
0.07 0.41000000000000003 0 1.8378504633802886e-06
0.07 0.42 0 1.3228893844878756e-06
0.07 0.43 0 1.2668583283980595e-06
0.07 0.44 0 2.1516984611663987e-06
0.07 0.45 0 3.356320767849267e-06
0.07 0.46 0 2.984458356606975e-06
0.07 0.47000000000000003 0 1.77876142694735e-06
0.07 0.48 0 1.8532255461236033e-06
0.07 0.49 0 2.493979574559404e-06
0.07 0.5 0 5.314263089775822e-06
0.08 0.0 0 2.3132118586919552e-05
0.08 0.01 0 3.359580622071718e-05
0.08 0.02 0 5.68524354910965e-05
0.08 0.03 0 7.481822963083717e-05
0.08 0.04 0 7.531535476669818e-05
0.08 0.05 0 7.249307376060658e-05
0.08 0.06 0 3.8917287571215166e-05
0.08 0.07 0 2.5860245245218982e-05
0.08 0.08 0 4.812555033282522e-05
0.08 0.09 0 0.00010118691147244037
0.08 0.1 0 0.00015671496711745629
0.08 0.11 0 0.00013531169953727
0.08 0.12 0 0.00011521098753476153
0.08 0.13 0 0.00013445766163505386
0.08 0.14 0 0.00021518840875146911
0.08 0.15 0 0.00020963800271558156
0.08 0.16 0 0.00011205254804325579
0.08 0.17 0 7.100946194504398e-05
0.08 0.18 0 3.769582783472466e-05
0.08 0.19 0 2.821332873375985e-05
0.08 0.2 0 3.022752517339785e-05
0.08 0.21 0 2.655227039436431e-05
0.08 0.22 0 1.5057463056492617e-05
0.08 0.23 0 1.2120100460809997e-05
0.08 0.24 0 1.365073168699868e-05
0.08 0.25 0 1.0365408146676482e-05
0.08 0.26 0 1.274928568611782e-05
0.08 0.27 0 1.742293684655028e-05
0.08 0.28 0 1.4546825983493268e-05
0.08 0.29 0 9.458896433366272e-06
0.08 0.3 0 9.040665335411236e-06
0.08 0.31 0 9.137070845407253e-06
0.08 0.32 0 6.924529784216494e-06
0.08 0.33 0 5.8569130715393375e-06
0.08 0.34 0 3.071660309112247e-06
0.08 0.35000000000000003 0 1.5750936665954892e-06
0.08 0.36 0 1.0635647945467867e-06
0.08 0.37 0 1.0020520544439323e-06
0.08 0.38 0 1.1673938405283035e-06
0.08 0.39 0 1.240255288377754e-06
0.08 0.4 0 1.044985262019076e-06
0.08 0.41000000000000003 0 8.865354927632677e-07
0.08 0.42 0 1.8872312840795907e-06
0.08 0.43 0 3.6395057771801535e-06
0.08 0.44 0 4.1225441892692786e-06
0.08 0.45 0 3.6279132028230956e-06
0.08 0.46 0 2.1893264885542716e-06
0.08 0.47000000000000003 0 1.171675928118121e-06
0.08 0.48 0 1.0968558542007409e-06
0.08 0.49 0 2.010577064257446e-06
0.08 0.5 0 2.2644915075634432e-06
0.09 0.0 0 1.813685150748695e-05
0.09 0.01 0 1.4941353816101358e-05
0.09 0.02 0 1.6488247284538517e-05
0.09 0.03 0 1.4410528204399342e-05
0.09 0.04 0 1.0646234806740625e-05
0.09 0.05 0 9.819753565004995e-06
0.09 0.06 0 1.7840848615508897e-05
0.09 0.07 0 3.207183272118593e-05
0.09 0.08 0 4.2921857821351344e-05
0.09 0.09 0 2.7204109352023732e-05
0.09 0.1 0 1.303833549738595e-05
0.09 0.11 0 1.4317623160522811e-05
0.09 0.12 0 2.0455953503402397e-05
0.09 0.13 0 2.840945182409002e-05
0.09 0.14 0 3.732480449079157e-05
0.09 0.15 0 4.3251165648495974e-05
0.09 0.16 0 2.3682453969006292e-05
0.09 0.17 0 1.3869737621344683e-05
0.09 0.18 0 1.5353277064320675e-05
0.09 0.19 0 1.603593023405653e-05
0.09 0.2 0 2.522698907292651e-05
0.09 0.21 0 4.8872778810198856e-05
0.09 0.22 0 6.043844247790677e-05
0.09 0.23 0 3.9990172272749954e-05
0.09 0.24 0 4.0546049611685346e-05
0.09 0.25 0 5.3773740305049984e-05
0.09 0.26 0 5.1564790417778e-05
0.09 0.27 0 5.516059961442807e-05
0.09 0.28 0 4.673830615782001e-05
0.09 0.29 0 3.765530601671733e-05
0.09 0.3 0 2.9103101020471406e-05
0.09 0.31 0 2.4455002730469055e-05
0.09 0.32 0 2.0748866049173174e-05
0.09 0.33 0 2.3545370829093844e-05
0.09 0.34 0 3.266822696483237e-05
0.09 0.35000000000000003 0 3.388878564185392e-05
0.09 0.36 0 4.516080316156455e-05
0.09 0.37 0 3.979793747201669e-05
0.09 0.38 0 2.2181742606754365e-05
0.09 0.39 0 1.5401645058353358e-05
0.09 0.4 0 1.557866100082053e-05
0.09 0.41000000000000003 0 1.1251721748040676e-05
0.09 0.42 0 7.098438974104402e-06
0.09 0.43 0 9.536211104024191e-06
0.09 0.44 0 1.2391236262744133e-05
0.09 0.45 0 1.8150032574396865e-05
0.09 0.46 0 2.7260289519387725e-05
0.09 0.47000000000000003 0 2.287889144545144e-05
0.09 0.48 0 1.150118258286887e-05
0.09 0.49 0 1.0088285890636164e-05
0.09 0.5 0 1.9876464892746716e-05
0.1 0.0 0 8.999790021547992e-05
0.1 0.01 0 6.360007751604735e-05
0.1 0.02 0 5.0019320308374744e-05
0.1 0.03 0 4.742450587791368e-05
0.1 0.04 0 4.541641480154391e-05
0.1 0.05 0 4.5484455636434236e-05
0.1 0.06 0 2.5492740535689623e-05
0.1 0.07 0 8.791664069118514e-06
0.1 0.08 0 4.29282150051815e-06
0.1 0.09 0 6.535362089094336e-06
0.1 0.1 0 9.06772506637362e-06
0.1 0.11 0 9.836739829225303e-06
0.1 0.12 0 1.2965225957989199e-05
0.1 0.13 0 1.1653803507513983e-05
0.1 0.14 0 8.949839942397702e-06
0.1 0.15 0 9.337940437699527e-06
0.1 0.16 0 1.297743812832079e-05
0.1 0.17 0 1.1185490298279404e-05
0.1 0.18 0 1.0942005003736322e-05
0.1 0.19 0 1.040147135691378e-05
0.1 0.2 0 6.3247441259028775e-06
0.1 0.21 0 5.20899656657037e-06
0.1 0.22 0 6.1597429484305435e-06
0.1 0.23 0 8.046825634003753e-06
0.1 0.24 0 7.4826310630236024e-06
0.1 0.25 0 7.981446896852185e-06
0.1 0.26 0 1.1169192313729107e-05
0.1 0.27 0 2.9204915337892227e-05
0.1 0.28 0 8.601309705693964e-05
0.1 0.29 0 8.903767525503149e-05
0.1 0.3 0 5.633653512037865e-05
0.1 0.31 0 3.1529236533862276e-05
0.1 0.32 0 2.3409238404179355e-05
0.1 0.33 0 3.0037191441909465e-05
0.1 0.34 0 6.889813705228343e-05
0.1 0.35000000000000003 0 7.587736897556384e-05
0.1 0.36 0 3.117832051560492e-05
0.1 0.37 0 1.987037086544288e-05
0.1 0.38 0 1.681382199558892e-05
0.1 0.39 0 1.823437334264813e-05
0.1 0.4 0 2.5588823427178913e-05
0.1 0.41000000000000003 0 3.566219660816054e-05
0.1 0.42 0 2.5417388982838887e-05
0.1 0.43 0 1.7669420301090375e-05
0.1 0.44 0 2.1785395863703382e-05
0.1 0.45 0 2.424205330451284e-05
0.1 0.46 0 3.1438851689254596e-05
0.1 0.47000000000000003 0 3.4934105903736716e-05
0.1 0.48 0 2.899874974912688e-05
0.1 0.49 0 1.8260287812925597e-05
0.1 0.5 0 1.3001708101001308e-05
0.11 0.0 0 2.9092642945696404e-05
0.11 0.01 0 1.6277123476321592e-05
0.11 0.02 0 1.2353486387227623e-05
0.11 0.03 0 2.4379051115460566e-05
0.11 0.04 0 3.7049413754858056e-05
0.11 0.05 0 3.53701188779427e-05
0.11 0.06 0 4.482859545735396e-05
0.11 0.07 0 5.538311830532432e-05
0.11 0.08 0 3.94380211944448e-05
0.11 0.09 0 2.3827288075107664e-05
0.11 0.1 0 2.2705997316984294e-05
0.11 0.11 0 1.4399916510463694e-05
0.11 0.12 0 9.380099706067889e-06
0.11 0.13 0 7.854433273173471e-06
0.11 0.14 0 6.655520820570759e-06
0.11 0.15 0 7.2689160127606195e-06
0.11 0.16 0 9.500455184806543e-06
0.11 0.17 0 1.0166110160698462e-05
0.11 0.18 0 6.216013592560952e-06
0.11 0.19 0 5.514198739333196e-06
0.11 0.2 0 6.907498108537752e-06
0.11 0.21 0 1.162232559334462e-05
0.11 0.22 0 1.6058660865546682e-05
0.11 0.23 0 8.272638793512325e-06
0.11 0.24 0 3.1659752084795923e-06
0.11 0.25 0 1.737623500022384e-06
0.11 0.26 0 1.5613336428695054e-06
0.11 0.27 0 1.602661011530205e-06
0.11 0.28 0 3.270984344820388e-06
0.11 0.29 0 5.986225780080255e-06
0.11 0.3 0 5.032020900248566e-06
0.11 0.31 0 5.062577354134997e-06
0.11 0.32 0 6.145100913553723e-06
0.11 0.33 0 6.687255590742342e-06
0.11 0.34 0 6.385484575763713e-06
0.11 0.35000000000000003 0 7.506461756482147e-06
0.11 0.36 0 4.719276844561823e-06
0.11 0.37 0 2.369990618623306e-06
0.11 0.38 0 2.4425209985561e-06
0.11 0.39 0 3.407742135683107e-06
0.11 0.4 0 5.303059823761586e-06
0.11 0.41000000000000003 0 5.6986022840360635e-06
0.11 0.42 0 4.145970207095075e-06
0.11 0.43 0 2.391301537526456e-06
0.11 0.44 0 2.671857136433972e-06
0.11 0.45 0 5.2317760590833626e-06
0.11 0.46 0 1.0205820690339099e-05
0.11 0.47000000000000003 0 1.641285150682457e-05
0.11 0.48 0 1.0124644112674188e-05
0.11 0.49 0 5.1345021009315305e-06
0.11 0.5 0 4.006678177467022e-06
0.12 0.0 0 1.576019636204541e-05
0.12 0.01 0 1.705986578910218e-05
0.12 0.02 0 9.034089422176947e-06
0.12 0.03 0 3.7791602536858518e-06
0.12 0.04 0 4.328709369998217e-06
0.12 0.05 0 5.194036522037087e-06
0.12 0.06 0 4.994832520306052e-06
0.12 0.07 0 4.598318027726466e-06
0.12 0.08 0 4.401588425045305e-06
0.12 0.09 0 4.378059898751546e-06
0.12 0.1 0 5.474709791470573e-06
0.12 0.11 0 7.369896265369803e-06
0.12 0.12 0 5.222020977279925e-06
0.12 0.13 0 3.2436901737734895e-06
0.12 0.14 0 1.4932523482035487e-06
0.12 0.15 0 7.893966669331103e-07
0.12 0.16 0 8.006916554450676e-07
0.12 0.17 0 1.1995139301062843e-06
0.12 0.18 0 1.7304122275381274e-06
0.12 0.19 0 1.689846529811842e-06
0.12 0.2 0 1.1622463897487234e-06
0.12 0.21 0 5.607453886351535e-07
0.12 0.22 0 8.333443673815757e-07
0.12 0.23 0 2.752232458169239e-06
0.12 0.24 0 4.339545633576819e-06
0.12 0.25 0 3.0794615731164566e-06
0.12 0.26 0 1.7385739468627565e-06
0.12 0.27 0 1.0317975532162663e-06
0.12 0.28 0 7.037586855802835e-07
0.12 0.29 0 1.1559546017924923e-06
0.12 0.3 0 1.6672913057994977e-06
0.12 0.31 0 1.5445511503941757e-06
0.12 0.32 0 1.8632401063735305e-06
0.12 0.33 0 2.8785337914105365e-06
0.12 0.34 0 4.711788066395637e-06
0.12 0.35000000000000003 0 6.18753058500754e-06
0.12 0.36 0 7.051847491613062e-06
0.12 0.37 0 4.722641554963485e-06
0.12 0.38 0 3.6128703698931862e-06
0.12 0.39 0 3.3222972695230438e-06
0.12 0.4 0 3.254496137766368e-06
0.12 0.41000000000000003 0 4.604150973891377e-06
0.12 0.42 0 4.982757147694932e-06
0.12 0.43 0 3.8701243331641945e-06
0.12 0.44 0 2.8378700005529317e-06
0.12 0.45 0 2.722249739096529e-06
0.12 0.46 0 1.937456465892783e-06
0.12 0.47000000000000003 0 1.871855406323045e-06
0.12 0.48 0 3.094526027715507e-06
0.12 0.49 0 2.9303105803278458e-06
0.12 0.5 0 2.473748244310821e-06
0.13 0.0 0 2.485847957615837e-06
0.13 0.01 0 2.2838357538472727e-06
0.13 0.02 0 2.641424288725245e-06
0.13 0.03 0 2.5491336040592756e-06
0.13 0.04 0 2.64524980811086e-06
0.13 0.05 0 3.76713142389505e-06
0.13 0.06 0 3.429580583383698e-06
0.13 0.07 0 2.419036882870927e-06
0.13 0.08 0 1.1794896544998746e-06
0.13 0.09 0 7.427716908985208e-07
0.13 0.1 0 1.0822588782923264e-06
0.13 0.11 0 2.8500227794296888e-06
0.13 0.12 0 4.433985697941519e-06
0.13 0.13 0 2.758027645763701e-06
0.13 0.14 0 1.4894570631393667e-06
0.13 0.15 0 7.460473386391418e-07
0.13 0.16 0 9.156452343669685e-07
0.13 0.17 0 1.965067393662557e-06
0.13 0.18 0 1.97592683799657e-06
0.13 0.19 0 8.344363703902403e-07
0.13 0.2 0 4.778147272831641e-07
0.13 0.21 0 4.7472195719245373e-07
0.13 0.22 0 3.686337917495179e-07
0.13 0.23 0 4.141378884868333e-07
0.13 0.24 0 4.189824729689482e-07
0.13 0.25 0 2.8989752941037307e-07
0.13 0.26 0 2.4249915227891413e-07
0.13 0.27 0 3.753869329362217e-07
0.13 0.28 0 7.959616634216379e-07
0.13 0.29 0 1.3993051592571946e-06
0.13 0.3 0 2.0599017029568694e-06
0.13 0.31 0 1.353399688857018e-06
0.13 0.32 0 8.503356243458216e-07
0.13 0.33 0 7.946105952044234e-07
0.13 0.34 0 1.0770559246160814e-06
0.13 0.35000000000000003 0 1.989589532816224e-06
0.13 0.36 0 2.524898046702984e-06
0.13 0.37 0 1.5473532975409388e-06
0.13 0.38 0 6.500411541039976e-07
0.13 0.39 0 5.488787502314752e-07
0.13 0.4 0 5.123345238806515e-07
0.13 0.41000000000000003 0 5.922744739732263e-07
0.13 0.42 0 1.190938067016227e-06
0.13 0.43 0 1.7994054249182844e-06
0.13 0.44 0 1.7909053148990688e-06
0.13 0.45 0 1.863255304339642e-06
0.13 0.46 0 2.1529190871686668e-06
0.13 0.47000000000000003 0 1.1877734522190808e-06
0.13 0.48 0 8.106696489345156e-07
0.13 0.49 0 9.398985545753837e-07
0.13 0.5 0 9.102560347047235e-07
0.14 0.0 0 2.063960882572804e-06
0.14 0.01 0 2.481421140650137e-06
0.14 0.02 0 1.4843523695887506e-06
0.14 0.03 0 7.930097939976337e-07
0.14 0.04 0 6.494294241340741e-07
0.14 0.05 0 1.1565349157158716e-06
0.14 0.06 0 1.9069989754359383e-06
0.14 0.07 0 1.915168258449303e-06
0.14 0.08 0 2.1516209823135034e-06
0.14 0.09 0 1.5528554138315697e-06
0.14 0.1 0 9.960446673645109e-07
0.14 0.11 0 8.543747548785458e-07
0.14 0.12 0 8.747352260198466e-07
0.14 0.13 0 6.559420039296979e-07
0.14 0.14 0 6.331013511426361e-07
0.14 0.15 0 8.176385031551075e-07
0.14 0.16 0 5.806902639107427e-07
0.14 0.17 0 5.668885900646285e-07
0.14 0.18 0 8.153441238789735e-07
0.14 0.19 0 8.285357299458082e-07
0.14 0.2 0 4.240847657437118e-07
0.14 0.21 0 2.5302741136585213e-07
0.14 0.22 0 2.436456661703855e-07
0.14 0.23 0 3.1884381899356906e-07
0.14 0.24 0 6.379528541576293e-07
0.14 0.25 0 7.451887449285857e-07
0.14 0.26 0 5.729166932402389e-07
0.14 0.27 0 3.4111179258470727e-07
0.14 0.28 0 1.8815387892880123e-07
0.14 0.29 0 1.3107416577837038e-07
0.14 0.3 0 1.5655550907286324e-07
0.14 0.31 0 2.5986337096038474e-07
0.14 0.32 0 3.453932922224441e-07
0.14 0.33 0 5.767016088174235e-07
0.14 0.34 0 5.425191340429398e-07
0.14 0.35000000000000003 0 3.38273447669757e-07
0.14 0.36 0 4.03015039778518e-07
0.14 0.37 0 9.497109718433233e-07
0.14 0.38 0 2.1050775440690974e-06
0.14 0.39 0 3.9323018430856575e-06
0.14 0.4 0 8.338641096870902e-06
0.14 0.41000000000000003 0 7.351204449636262e-06
0.14 0.42 0 4.948505576291755e-06
0.14 0.43 0 4.30887935803925e-06
0.14 0.44 0 3.4301764152558686e-06
0.14 0.45 0 2.573162761693988e-06
0.14 0.46 0 2.9070688538898395e-06
0.14 0.47000000000000003 0 5.639815671284206e-06
0.14 0.48 0 8.573642434185211e-06
0.14 0.49 0 1.0407320202675171e-05
0.14 0.5 0 5.866405452034399e-06
0.15 0.0 0 3.159581672143788e-07
0.15 0.01 0 3.495383238890883e-07
0.15 0.02 0 4.6798760570621106e-07
0.15 0.03 0 4.190358154917149e-07
0.15 0.04 0 2.6323273611746683e-07
0.15 0.05 0 2.3063004450809769e-07
0.15 0.06 0 4.4588488825880527e-07
0.15 0.07 0 5.676647679075609e-07
0.15 0.08 0 4.5854256205743784e-07
0.15 0.09 0 4.1710054877191804e-07
0.15 0.1 0 3.0274703335881466e-07
0.15 0.11 0 3.342165826466663e-07
0.15 0.12 0 6.162602691780694e-07
0.15 0.13 0 9.231557707855169e-07
0.15 0.14 0 5.428373421744951e-07
0.15 0.15 0 3.6841716358955287e-07
0.15 0.16 0 4.287807735443207e-07
0.15 0.17 0 5.210713881290762e-07
0.15 0.18 0 7.276906439986188e-07
0.15 0.19 0 6.978918830195861e-07
0.15 0.2 0 5.269259908747926e-07
0.15 0.21 0 3.1138453976447304e-07
0.15 0.22 0 1.728150956683816e-07
0.15 0.23 0 9.802662779969772e-08
0.15 0.24 0 1.0337430272908773e-07
0.15 0.25 0 1.8063491936028843e-07
0.15 0.26 0 2.0574526027992426e-07
0.15 0.27 0 2.557618033690331e-07
0.15 0.28 0 2.761427028488518e-07
0.15 0.29 0 2.470449564363187e-07
0.15 0.3 0 2.7720094715360023e-07
0.15 0.31 0 4.7435682750318855e-07
0.15 0.32 0 5.232640704542553e-07
0.15 0.33 0 3.6244243305014064e-07
0.15 0.34 0 4.438423555631708e-07
0.15 0.35000000000000003 0 4.365174257790029e-07
0.15 0.36 0 3.419946454101951e-07
0.15 0.37 0 3.4005889715741314e-07
0.15 0.38 0 4.627953128668115e-07
0.15 0.39 0 5.865729467517426e-07
0.15 0.4 0 8.598762580831858e-07
0.15 0.41000000000000003 0 1.6186327637031714e-06
0.15 0.42 0 1.8995831665643271e-06
0.15 0.43 0 2.229991948928394e-06
0.15 0.44 0 2.2434254636327524e-06
0.15 0.45 0 2.1440285203284737e-06
0.15 0.46 0 2.0809247089079284e-06
0.15 0.47000000000000003 0 1.7523228744244998e-06
0.15 0.48 0 1.4552063797743605e-06
0.15 0.49 0 1.7887750267786024e-06
0.15 0.5 0 3.6993280525893926e-06
0.16 0.0 0 2.276780335048e-07
0.16 0.01 0 4.899694673121218e-07
0.16 0.02 0 5.175849829252336e-07
0.16 0.03 0 5.102204641046071e-07
0.16 0.04 0 4.1307244952259876e-07
0.16 0.05 0 3.1692086977457255e-07
0.16 0.06 0 3.662821259973989e-07
0.16 0.07 0 7.794132948136964e-07
0.16 0.08 0 1.153001056685237e-06
0.16 0.09 0 1.6384583864010624e-06
0.16 0.1 0 1.9935785700440947e-06
0.16 0.11 0 1.270925011477378e-06
0.16 0.12 0 7.946715960374152e-07
0.16 0.13 0 7.348771781842251e-07
0.16 0.14 0 1.1192326916635598e-06
0.16 0.15 0 1.5332636387303612e-06
0.16 0.16 0 1.7964097732775459e-06
0.16 0.17 0 1.387257685696556e-06
0.16 0.18 0 1.2939932567583352e-06
0.16 0.19 0 1.6360663651950604e-06
0.16 0.2 0 1.178367923147385e-06
0.16 0.21 0 8.360933267581114e-07
0.16 0.22 0 7.611054006122005e-07
0.16 0.23 0 7.354185696508884e-07
0.16 0.24 0 5.992794781409428e-07
0.16 0.25 0 7.889646816457227e-07
0.16 0.26 0 9.551732872880646e-07
0.16 0.27 0 6.50934264264463e-07
0.16 0.28 0 5.910168700549452e-07
0.16 0.29 0 5.093828911270856e-07
0.16 0.3 0 4.3450204551834667e-07
0.16 0.31 0 6.229125247740279e-07
0.16 0.32 0 1.7966777024401404e-06
0.16 0.33 0 2.6880610010201454e-06
0.16 0.34 0 1.4513270854083583e-06
0.16 0.35000000000000003 0 5.67304965865404e-07
0.16 0.36 0 2.0026319144487256e-07
0.16 0.37 0 1.5456664777476124e-07
0.16 0.38 0 2.101726187069235e-07
0.16 0.39 0 3.034514923168021e-07
0.16 0.4 0 2.7032204881513397e-07
0.16 0.41000000000000003 0 1.6083138107163328e-07
0.16 0.42 0 7.424667384204668e-08
0.16 0.43 0 4.6126260494445056e-08
0.16 0.44 0 7.192861870199722e-08
0.16 0.45 0 1.044784985789437e-07
0.16 0.46 0 1.6656278214715306e-07
0.16 0.47000000000000003 0 3.020165766795193e-07
0.16 0.48 0 3.3555497366304744e-07
0.16 0.49 0 1.8314891946943102e-07
0.16 0.5 0 1.2492742475207025e-07
0.17 0.0 0 1.6562661295087462e-06
0.17 0.01 0 2.5439112680284155e-06
0.17 0.02 0 4.082832808414376e-06
0.17 0.03 0 6.102950137406548e-06
0.17 0.04 0 7.567709669638364e-06
0.17 0.05 0 6.095068417866571e-06
0.17 0.06 0 4.692087488554291e-06
0.17 0.07 0 5.378586716076757e-06
0.17 0.08 0 9.192959134278776e-06
0.17 0.09 0 1.182276662596666e-05
0.17 0.1 0 1.5085169326795968e-05
0.17 0.11 0 1.354011172160602e-05
0.17 0.12 0 1.188251914228154e-05
0.17 0.13 0 1.276918783086968e-05
0.17 0.14 0 9.281120358775829e-06
0.17 0.15 0 5.6754203195080085e-06
0.17 0.16 0 3.793721069738848e-06
0.17 0.17 0 2.360580078678894e-06
0.17 0.18 0 8.425135585761081e-07
0.17 0.19 0 6.183216248623184e-07
0.17 0.2 0 9.659028079403786e-07
0.17 0.21 0 1.1584158797835018e-06
0.17 0.22 0 1.2358386744652724e-06
0.17 0.23 0 1.1516236412095329e-06
0.17 0.24 0 9.083617776107045e-07
0.17 0.25 0 7.03025527869658e-07
0.17 0.26 0 9.698000194676515e-07
0.17 0.27 0 8.999711075121206e-07
0.17 0.28 0 4.997669854007893e-07
0.17 0.29 0 3.736436211378559e-07
0.17 0.3 0 3.1007037099871436e-07
0.17 0.31 0 2.578244713445398e-07
0.17 0.32 0 1.6895573881985425e-07
0.17 0.33 0 1.239135028855693e-07
0.17 0.34 0 1.1658971532613182e-07
0.17 0.35000000000000003 0 2.203977420757551e-07
0.17 0.36 0 4.62010938567725e-07
0.17 0.37 0 6.393103236149316e-07
0.17 0.38 0 8.589315128638463e-07
0.17 0.39 0 6.527438078014004e-07
0.17 0.4 0 4.178142871842482e-07
0.17 0.41000000000000003 0 4.0762870296723667e-07
0.17 0.42 0 5.790016974828319e-07
0.17 0.43 0 4.940224684224723e-07
0.17 0.44 0 3.9673086997883096e-07
0.17 0.45 0 4.3367137945729013e-07
0.17 0.46 0 2.7387428478690894e-07
0.17 0.47000000000000003 0 1.8828509456813236e-07
0.17 0.48 0 1.7957964677406094e-07
0.17 0.49 0 1.76074235660694e-07
0.17 0.5 0 1.4376832432238604e-07
0.18 0.0 0 1.0200735082296283e-06
0.18 0.01 0 1.282951590805989e-06
0.18 0.02 0 2.1502564604246727e-06
0.18 0.03 0 2.2656361674691715e-06
0.18 0.04 0 2.0913777090962915e-06
0.18 0.05 0 1.3006562134798041e-06
0.18 0.06 0 8.564152757809754e-07
0.18 0.07 0 1.1591467197954097e-06
0.18 0.08 0 2.72824141717381e-06
0.18 0.09 0 6.196498871644183e-06
0.18 0.1 0 9.46099431037646e-06
0.18 0.11 0 9.637119146962935e-06
0.18 0.12 0 4.180757864527732e-06
0.18 0.13 0 3.42226677690715e-06
0.18 0.14 0 8.344842207731227e-06
0.18 0.15 0 1.780275564225219e-05
0.18 0.16 0 1.9763287920381473e-05
0.18 0.17 0 1.59325141695657e-05
0.18 0.18 0 1.0148962488704251e-05
0.18 0.19 0 3.962755088514298e-06
0.18 0.2 0 2.759063654631521e-06
0.18 0.21 0 2.690261260732652e-06
0.18 0.22 0 2.9827377850474737e-06
0.18 0.23 0 4.528344415117061e-06
0.18 0.24 0 5.937712596526413e-06
0.18 0.25 0 4.851043611461358e-06
0.18 0.26 0 2.859200041472631e-06
0.18 0.27 0 2.504180509135703e-06
0.18 0.28 0 2.3056458392089037e-06
0.18 0.29 0 2.5302199972864872e-06
0.18 0.3 0 2.097289092999911e-06
0.18 0.31 0 1.1426963983738799e-06
0.18 0.32 0 8.773391675308018e-07
0.18 0.33 0 7.096641545401534e-07
0.18 0.34 0 4.533268362890282e-07
0.18 0.35000000000000003 0 2.7106980190226455e-07
0.18 0.36 0 2.577325473408328e-07
0.18 0.37 0 1.6835728050864044e-07
0.18 0.38 0 1.0646638772861823e-07
0.18 0.39 0 1.3665085033979077e-07
0.18 0.4 0 1.6408642776244894e-07
0.18 0.41000000000000003 0 1.6196664275722507e-07
0.18 0.42 0 1.4130001576556466e-07
0.18 0.43 0 9.36822803738968e-08
0.18 0.44 0 3.1840874584470045e-08
0.18 0.45 0 2.005970105883624e-08
0.18 0.46 0 3.666852435856691e-08
0.18 0.47000000000000003 0 8.972673660167112e-08
0.18 0.48 0 2.0587734978624325e-07
0.18 0.49 0 1.947583616130596e-07
0.18 0.5 0 8.697655431445243e-08
0.19 0.0 0 7.772196153994824e-06
0.19 0.01 0 4.210771404214297e-06
0.19 0.02 0 2.6224727159172775e-06
0.19 0.03 0 1.7603273382196341e-06
0.19 0.04 0 1.3877463665467834e-06
0.19 0.05 0 1.9713081227599572e-06
0.19 0.06 0 1.8036711618102483e-06
0.19 0.07 0 1.4355498750230461e-06
0.19 0.08 0 1.4782996687703063e-06
0.19 0.09 0 1.3378210689186486e-06
0.19 0.1 0 8.568743275978697e-07
0.19 0.11 0 9.289521646899619e-07
0.19 0.12 0 1.9859039310754947e-06
0.19 0.13 0 2.737071462840908e-06
0.19 0.14 0 4.130509707895983e-06
0.19 0.15 0 6.082062517573948e-06
0.19 0.16 0 5.903203544028704e-06
0.19 0.17 0 3.68173496534754e-06
0.19 0.18 0 2.147558391558007e-06
0.19 0.19 0 1.4805210759339467e-06
0.19 0.2 0 1.3718814472496353e-06
0.19 0.21 0 2.3222609157362596e-06
0.19 0.22 0 2.7887274789493003e-06
0.19 0.23 0 2.8340604162007545e-06
0.19 0.24 0 2.8030819381359905e-06
0.19 0.25 0 2.711008586094197e-06
0.19 0.26 0 3.2291154475607735e-06
0.19 0.27 0 3.865657207062668e-06
0.19 0.28 0 3.677598665625104e-06
0.19 0.29 0 3.237588310195314e-06
0.19 0.3 0 6.151452393673743e-06
0.19 0.31 0 7.324884567327579e-06
0.19 0.32 0 3.395791087015444e-06
0.19 0.33 0 1.558550449830523e-06
0.19 0.34 0 9.298100203437793e-07
0.19 0.35000000000000003 0 7.388229943115997e-07
0.19 0.36 0 9.295271516066566e-07
0.19 0.37 0 1.7606265371451414e-06
0.19 0.38 0 1.3838004976037951e-06
0.19 0.39 0 7.562264738947249e-07
0.19 0.4 0 5.468323581475693e-07
0.19 0.41000000000000003 0 4.766037836388217e-07
0.19 0.42 0 6.005618625575597e-07
0.19 0.43 0 8.787106457327946e-07
0.19 0.44 0 1.1276864175685516e-06
0.19 0.45 0 8.717545050892318e-07
0.19 0.46 0 7.459669946871403e-07
0.19 0.47000000000000003 0 6.144844751071379e-07
0.19 0.48 0 6.184687442912359e-07
0.19 0.49 0 7.539948709869515e-07
0.19 0.5 0 5.278414943899114e-07
0.2 0.0 0 4.2969040275402255e-06
0.2 0.01 0 2.6698857559720577e-06
0.2 0.02 0 2.079389153067131e-06
0.2 0.03 0 2.678658149855454e-06
0.2 0.04 0 2.3730919774992906e-06
0.2 0.05 0 1.941443514871528e-06
0.2 0.06 0 2.3498230620342552e-06
0.2 0.07 0 1.97267048636022e-06
0.2 0.08 0 2.0591328259485912e-06
0.2 0.09 0 3.1832788609983317e-06
0.2 0.1 0 4.3570236744993014e-06
0.2 0.11 0 2.9601263089796707e-06
0.2 0.12 0 1.9216645108333622e-06
0.2 0.13 0 1.6784240192509753e-06
0.2 0.14 0 1.66579305934386e-06
0.2 0.15 0 2.400207392461087e-06
0.2 0.16 0 2.653070464137379e-06
0.2 0.17 0 3.3110642922968503e-06
0.2 0.18 0 5.226558269856589e-06
0.2 0.19 0 6.9662370667753535e-06
0.2 0.2 0 5.214244522712028e-06
0.2 0.21 0 3.1673613653535887e-06
0.2 0.22 0 2.3503080032772513e-06
0.2 0.23 0 2.0119912240384425e-06
0.2 0.24 0 3.958594561047341e-06
0.2 0.25 0 5.793424308668932e-06
0.2 0.26 0 3.1086249275765665e-06
0.2 0.27 0 1.409013919507451e-06
0.2 0.28 0 1.1500832690700685e-06
0.2 0.29 0 1.1771444055780764e-06
0.2 0.3 0 1.3260824809760177e-06
0.2 0.31 0 2.5854017205704065e-06
0.2 0.32 0 2.535997471104781e-06
0.2 0.33 0 1.2720219015046855e-06
0.2 0.34 0 6.54412728709237e-07
0.2 0.35000000000000003 0 4.995473866518098e-07
0.2 0.36 0 5.87925509739387e-07
0.2 0.37 0 8.91375966086525e-07
0.2 0.38 0 1.1871736734854642e-06
0.2 0.39 0 7.885369660355264e-07
0.2 0.4 0 6.634574523570474e-07
0.2 0.41000000000000003 0 7.822354304825574e-07
0.2 0.42 0 1.375366067406476e-06
0.2 0.43 0 2.771412050967727e-06
0.2 0.44 0 2.8988214846431408e-06
0.2 0.45 0 1.9451703294895e-06
0.2 0.46 0 1.7535466664708888e-06
0.2 0.47000000000000003 0 2.842087127213756e-06
0.2 0.48 0 3.032216961834087e-06
0.2 0.49 0 2.922451456027872e-06
0.2 0.5 0 2.067908335444664e-06
0.21 0.0 0 4.1839210245694646e-07
0.21 0.01 0 3.4379185947500046e-07
0.21 0.02 0 2.285769745405092e-07
0.21 0.03 0 1.7179872042197993e-07
0.21 0.04 0 1.8792427565267946e-07
0.21 0.05 0 1.808317755951185e-07
0.21 0.06 0 2.615559972942007e-07
0.21 0.07 0 4.900004295180263e-07
0.21 0.08 0 5.547296487593601e-07
0.21 0.09 0 4.889277054741558e-07
0.21 0.1 0 3.692069030055168e-07
0.21 0.11 0 4.748554109827496e-07
0.21 0.12 0 1.0875281086886751e-06
0.21 0.13 0 2.8063042484605105e-06
0.21 0.14 0 3.3515049050879084e-06
0.21 0.15 0 2.64494453702585e-06
0.21 0.16 0 2.2080535835789563e-06
0.21 0.17 0 1.3933453593006761e-06
0.21 0.18 0 1.663534699026025e-06
0.21 0.19 0 3.5050066074735844e-06
0.21 0.2 0 7.007366037567637e-06
0.21 0.21 0 1.0005251844144263e-05
0.21 0.22 0 1.4391398981902844e-05
0.21 0.23 0 1.2121604509540115e-05
0.21 0.24 0 5.88423853756506e-06
0.21 0.25 0 5.699424624482879e-06
0.21 0.26 0 5.477463876910589e-06
0.21 0.27 0 3.2636812781153628e-06
0.21 0.28 0 1.7881383172742056e-06
0.21 0.29 0 1.7397491947512538e-06
0.21 0.3 0 2.1810831443025615e-06
0.21 0.31 0 2.5308465899888367e-06
0.21 0.32 0 2.214449450584883e-06
0.21 0.33 0 9.031851526787194e-07
0.21 0.34 0 4.614530985405509e-07
0.21 0.35000000000000003 0 3.642711574662895e-07
0.21 0.36 0 4.7182917116445427e-07
0.21 0.37 0 8.365549604189859e-07
0.21 0.38 0 1.1830492229946854e-06
0.21 0.39 0 8.020165825127452e-07
0.21 0.4 0 3.400141815369428e-07
0.21 0.41000000000000003 0 2.1068265408391838e-07
0.21 0.42 0 1.4047779590410168e-07
0.21 0.43 0 2.4175119482703243e-07
0.21 0.44 0 1.0377655138534143e-06
0.21 0.45 0 2.8230206750875388e-06
0.21 0.46 0 2.7112192419966514e-06
0.21 0.47000000000000003 0 1.7723944905533625e-06
0.21 0.48 0 1.2699422380147227e-06
0.21 0.49 0 8.633218908783336e-07
0.21 0.5 0 1.4410036003396922e-06
0.22 0.0 0 4.331547706704834e-07
0.22 0.01 0 6.322583946304529e-07
0.22 0.02 0 6.1786704040211e-07
0.22 0.03 0 5.338232018724249e-07
0.22 0.04 0 4.3408103227624557e-07
0.22 0.05 0 4.131076179955717e-07
0.22 0.06 0 4.1557861506940596e-07
0.22 0.07 0 5.809268982139051e-07
0.22 0.08 0 6.176304166101355e-07
0.22 0.09 0 6.075175054003969e-07
0.22 0.1 0 6.824769303727686e-07
0.22 0.11 0 4.616356312371164e-07
0.22 0.12 0 3.902769839732006e-07
0.22 0.13 0 7.545746169220349e-07
0.22 0.14 0 2.255174603462e-06
0.22 0.15 0 3.6041509645826216e-06
0.22 0.16 0 4.836888470389573e-06
0.22 0.17 0 5.065090067303945e-06
0.22 0.18 0 3.3749536744037876e-06
0.22 0.19 0 3.7707190810278913e-06
0.22 0.2 0 4.838337553974882e-06
0.22 0.21 0 3.929144492509291e-06
0.22 0.22 0 2.3513184374982368e-06
0.22 0.23 0 2.6407861513329005e-06
0.22 0.24 0 3.3557251173719104e-06
0.22 0.25 0 3.4298570826019037e-06
0.22 0.26 0 3.4410704715701617e-06
0.22 0.27 0 2.348378849224327e-06
0.22 0.28 0 1.7489403837974959e-06
0.22 0.29 0 1.3960560391145052e-06
0.22 0.3 0 1.4653490092208102e-06
0.22 0.31 0 2.20495554066351e-06
0.22 0.32 0 4.654664754025326e-06
0.22 0.33 0 5.473962086784996e-06
0.22 0.34 0 2.624613329490347e-06
0.22 0.35000000000000003 0 1.4430650277042226e-06
0.22 0.36 0 8.176532084918034e-07
0.22 0.37 0 7.953920934887878e-07
0.22 0.38 0 1.4693444833830342e-06
0.22 0.39 0 2.4048549422321576e-06
0.22 0.4 0 1.8247819910763118e-06
0.22 0.41000000000000003 0 1.6813161034740087e-06
0.22 0.42 0 3.380803842641199e-06
0.22 0.43 0 5.203896978157337e-06
0.22 0.44 0 8.118303855055408e-06
0.22 0.45 0 1.0433895794214571e-05
0.22 0.46 0 8.225396997665365e-06
0.22 0.47000000000000003 0 5.396958065168635e-06
0.22 0.48 0 6.350292830176575e-06
0.22 0.49 0 1.092427845579743e-05
0.22 0.5 0 1.3248647753164318e-05
0.23 0.0 0 5.74319818750942e-07
0.23 0.01 0 7.434867022810198e-07
0.23 0.02 0 1.0723947542759694e-06
0.23 0.03 0 1.211794193565976e-06
0.23 0.04 0 1.3570420101170907e-06
0.23 0.05 0 1.2620045287555812e-06
0.23 0.06 0 1.47384794176731e-06
0.23 0.07 0 3.450070032868263e-06
0.23 0.08 0 1.1421062848921303e-05
0.23 0.09 0 1.191289891820862e-05
0.23 0.1 0 7.733688349791235e-06
0.23 0.11 0 6.096263941984409e-06
0.23 0.12 0 4.804030410007098e-06
0.23 0.13 0 5.989940020257057e-06
0.23 0.14 0 1.1657282901899518e-05
0.23 0.15 0 1.90883054263872e-05
0.23 0.16 0 1.5265433968769805e-05
0.23 0.17 0 1.479220183581317e-05
0.23 0.18 0 1.4644236389604527e-05
0.23 0.19 0 1.5550327257521143e-05
0.23 0.2 0 2.7383479072808413e-05
0.23 0.21 0 4.442431343997086e-05
0.23 0.22 0 4.283754885636471e-05
0.23 0.23 0 1.9313455905421165e-05
0.23 0.24 0 8.162241223121536e-06
0.23 0.25 0 5.198087763829354e-06
0.23 0.26 0 8.719796603930032e-06
0.23 0.27 0 1.5707694911744573e-05
0.23 0.28 0 1.3656951724224133e-05
0.23 0.29 0 1.1579176921795623e-05
0.23 0.3 0 8.027634983550088e-06
0.23 0.31 0 5.191993664632346e-06
0.23 0.32 0 5.275801248064577e-06
0.23 0.33 0 1.2446093359266585e-05
0.23 0.34 0 2.5296109154491154e-05
0.23 0.35000000000000003 0 4.059319586138196e-05
0.23 0.36 0 6.26316328438276e-05
0.23 0.37 0 4.0414117523392666e-05
0.23 0.38 0 2.3225747984333866e-05
0.23 0.39 0 2.4250573193115744e-05
0.23 0.4 0 3.491777679382751e-05
0.23 0.41000000000000003 0 2.750851528746557e-05
0.23 0.42 0 1.8869138956257073e-05
0.23 0.43 0 1.6314900851114947e-05
0.23 0.44 0 1.6681280413042963e-05
0.23 0.45 0 2.9493686563947493e-05
0.23 0.46 0 3.9299400894805584e-05
0.23 0.47000000000000003 0 3.1454026935557647e-05
0.23 0.48 0 1.6445588084968485e-05
0.23 0.49 0 9.433778054761863e-06
0.23 0.5 0 8.221325986416663e-06
0.24 0.0 0 1.976787299608973e-05
0.24 0.01 0 9.556281317011864e-06
0.24 0.02 0 8.20047473487762e-06
0.24 0.03 0 5.782454658529595e-06
0.24 0.04 0 5.403567732420391e-06
0.24 0.05 0 8.947443570959412e-06
0.24 0.06 0 1.2165432155366628e-05
0.24 0.07 0 1.0354638401775143e-05
0.24 0.08 0 1.0849935040893087e-05
0.24 0.09 0 1.7733835041221938e-05
0.24 0.1 0 2.1041632164579375e-05
0.24 0.11 0 3.2402536270798594e-05
0.24 0.12 0 4.8653300041560075e-05
0.24 0.13 0 5.646145605850036e-05
0.24 0.14 0 6.62925587829913e-05
0.24 0.15 0 7.458436931861817e-05
0.24 0.16 0 6.701406908454e-05
0.24 0.17 0 4.41037960531596e-05
0.24 0.18 0 3.644000460143402e-05
0.24 0.19 0 2.932899371626098e-05
0.24 0.2 0 3.618566184041684e-05
0.24 0.21 0 4.804919075652978e-05
0.24 0.22 0 4.13285026332915e-05
0.24 0.23 0 3.727250257007897e-05
0.24 0.24 0 3.030291824375496e-05
0.24 0.25 0 1.8218625485368053e-05
0.24 0.26 0 1.2750239517537167e-05
0.24 0.27 0 3.0406222866419462e-05
0.24 0.28 0 7.354326147453824e-05
0.24 0.29 0 7.903096036605401e-05
0.24 0.3 0 5.982129286083086e-05
0.24 0.31 0 3.337534082610299e-05
0.24 0.32 0 2.4847368253680477e-05
0.24 0.33 0 3.714051235723384e-05
0.24 0.34 0 7.593372201926198e-05
0.24 0.35000000000000003 0 5.552872400698101e-05
0.24 0.36 0 2.9200774066405966e-05
0.24 0.37 0 2.678611510062479e-05
0.24 0.38 0 3.9832539493670726e-05
0.24 0.39 0 9.303004785156342e-05
0.24 0.4 0 0.0001510314472450034
0.24 0.41000000000000003 0 0.00012449533973665265
0.24 0.42 0 5.432938233453246e-05
0.24 0.43 0 2.8086263207921707e-05
0.24 0.44 0 2.0616452714039315e-05
0.24 0.45 0 2.9960691355883283e-05
0.24 0.46 0 5.726484666451992e-05
0.24 0.47000000000000003 0 3.789774675903725e-05
0.24 0.48 0 1.577878303917817e-05
0.24 0.49 0 7.947558587362665e-06
0.24 0.5 0 5.904303025841635e-06
0.25 0.0 0 9.302852265281253e-05
0.25 0.01 0 6.730144249916667e-05
0.25 0.02 0 8.731036360195336e-05
0.25 0.03 0 0.000261743840956171
0.25 0.04 0 0.0004361150252704335
0.25 0.05 0 0.00041845641203211794
0.25 0.06 0 0.0002487272124373149
0.25 0.07 0 0.00011683689723057211
0.25 0.08 0 6.80578310165653e-05
0.25 0.09 0 8.260090961668661e-05
0.25 0.1 0 0.00015726516275200536
0.25 0.11 0 0.00023196203129036196
0.25 0.12 0 0.00027295792865806434
0.25 0.13 0 0.00015901012594831445
0.25 0.14 0 0.00011108550110833793
0.25 0.15 0 0.00014790346669122417
0.25 0.16 0 0.0002552938371194904
0.25 0.17 0 0.0004027839497880011
0.25 0.18 0 0.00044622462875475215
0.25 0.19 0 0.00028722439334893647
0.25 0.2 0 0.00013312343140220779
0.25 0.21 0 0.000180649393965116
0.25 0.22 0 0.0002941951430095468
0.25 0.23 0 0.00021460194603631057
0.25 0.24 0 0.00012581876252670222
0.25 0.25 0 0.00010474304932136696
0.25 0.26 0 0.00012394276153290196
0.25 0.27 0 0.00020714352467926346
0.25 0.28 0 0.0005992112448206204
0.25 0.29 0 0.0008904359913405652
0.25 0.3 0 0.0007861285540044004
0.25 0.31 0 0.0006368595967328166
0.25 0.32 0 0.00045943953013082
0.25 0.33 0 0.00039813403051123175
0.25 0.34 0 0.0004322178045363868
0.25 0.35000000000000003 0 0.0004603307353031717
0.25 0.36 0 0.0002403137737745584
0.25 0.37 0 9.902106607411313e-05
0.25 0.38 0 3.760819180611394e-05
0.25 0.39 0 2.8248586908776426e-05
0.25 0.4 0 5.3977301946813156e-05
0.25 0.41000000000000003 0 8.039989582218865e-05
0.25 0.42 0 7.964228255770935e-05
0.25 0.43 0 7.651530030369487e-05
0.25 0.44 0 7.976874386730204e-05
0.25 0.45 0 5.0829848413529295e-05
0.25 0.46 0 4.340362540366369e-05
0.25 0.47000000000000003 0 4.4739541591889926e-05
0.25 0.48 0 2.963024861042408e-05
0.25 0.49 0 2.784119834285971e-05
0.25 0.5 0 3.717226641193059e-05
0.26 0.0 0 6.40654358740953e-05
0.26 0.01 0 7.408033281056097e-05
0.26 0.02 0 6.316683238609377e-05
0.26 0.03 0 7.740159514033515e-05
0.26 0.04 0 0.00014997427933352832
0.26 0.05 0 0.0002623397633752027
0.26 0.06 0 0.0004214856604914922
0.26 0.07 0 0.00032411504231417537
0.26 0.08 0 0.0001975170032126257
0.26 0.09 0 0.00016251693764763686
0.26 0.1 0 0.00018868402749647162
0.26 0.11 0 0.00020440093258091525
0.26 0.12 0 0.00022075279652355556
0.26 0.13 0 0.00020013257926507842
0.26 0.14 0 8.845530126616542e-05
0.26 0.15 0 6.630947668071349e-05
0.26 0.16 0 8.429720125710614e-05
0.26 0.17 0 9.442527755626735e-05
0.26 0.18 0 9.245676191178603e-05
0.26 0.19 0 0.00010953782612449229
0.26 0.2 0 9.749002915674367e-05
0.26 0.21 0 6.842418332558657e-05
0.26 0.22 0 0.00013429427409543642
0.26 0.23 0 0.0003465454501914998
0.26 0.24 0 0.0005608995674517748
0.26 0.25 0 0.00042223149538253715
0.26 0.26 0 0.0001908980480832147
0.26 0.27 0 9.557528634361967e-05
0.26 0.28 0 9.274511839964372e-05
0.26 0.29 0 0.00014801528252977173
0.26 0.3 0 0.00013192090076645648
0.26 0.31 0 9.587117843965338e-05
0.26 0.32 0 6.112039348083508e-05
0.26 0.33 0 5.6145655029396804e-05
0.26 0.34 0 9.895953116093525e-05
0.26 0.35000000000000003 0 0.0001632019665621586
0.26 0.36 0 0.0001675473626872686
0.26 0.37 0 0.00014858652457614663
0.26 0.38 0 0.00017140947569429225
0.26 0.39 0 0.0001162672038841766
0.26 0.4 0 0.00010592930247122727
0.26 0.41000000000000003 0 0.00017311302361727832
0.26 0.42 0 0.00019398909494984542
0.26 0.43 0 0.0001399696248642466
0.26 0.44 0 0.00010676691255603409
0.26 0.45 0 9.745426406875064e-05
0.26 0.46 0 7.266962247004665e-05
0.26 0.47000000000000003 0 9.014712361798998e-05
0.26 0.48 0 9.999631240585288e-05
0.26 0.49 0 6.67134468720175e-05
0.26 0.5 0 4.812375714162515e-05
0.27 0.0 0 8.406491982813605e-05
0.27 0.01 0 7.450253813798883e-05
0.27 0.02 0 4.2540477079729254e-05
0.27 0.03 0 2.6789270425502253e-05
0.27 0.04 0 3.4134778715586434e-05
0.27 0.05 0 4.933409072885418e-05
0.27 0.06 0 6.796842233257927e-05
0.27 0.07 0 7.274001179965557e-05
0.27 0.08 0 2.917295508868908e-05
0.27 0.09 0 1.5220146445852196e-05
0.27 0.1 0 2.250060434865038e-05
0.27 0.11 0 5.274031350390624e-05
0.27 0.12 0 6.857304625482854e-05
0.27 0.13 0 6.497008068014309e-05
0.27 0.14 0 4.354093141094462e-05
0.27 0.15 0 2.485680443529295e-05
0.27 0.16 0 4.72437488497041e-05
0.27 0.17 0 0.00015139953232675422
0.27 0.18 0 0.0002435822738415118
0.27 0.19 0 0.000132579292282895
0.27 0.2 0 6.0705581074398493e-05
0.27 0.21 0 3.935623375898896e-05
0.27 0.22 0 4.810486774927731e-05
0.27 0.23 0 9.195872798602157e-05
0.27 0.24 0 0.00010067619786855904
0.27 0.25 0 9.710023558983163e-05
0.27 0.26 0 8.513036243406265e-05
0.27 0.27 0 8.034525648173917e-05
0.27 0.28 0 9.802430055880608e-05
0.27 0.29 0 0.0001371300003938874
0.27 0.3 0 0.00011923758373017263
0.27 0.31 0 6.338722105866582e-05
0.27 0.32 0 4.681865711529271e-05
0.27 0.33 0 2.907875979834401e-05
0.27 0.34 0 2.881864206779458e-05
0.27 0.35000000000000003 0 6.126026958817235e-05
0.27 0.36 0 9.772190955045028e-05
0.27 0.37 0 5.629848040730281e-05
0.27 0.38 0 2.8078113367365687e-05
0.27 0.39 0 2.5721348099568278e-05
0.27 0.4 0 2.1539834470337548e-05
0.27 0.41000000000000003 0 2.5596098852725e-05
0.27 0.42 0 3.1521405594397707e-05
0.27 0.43 0 2.8535397971690762e-05
0.27 0.44 0 2.3290913874142894e-05
0.27 0.45 0 2.0801878216799324e-05
0.27 0.46 0 1.8637993455340763e-05
0.27 0.47000000000000003 0 1.571235331831509e-05
0.27 0.48 0 2.208370507121391e-05
0.27 0.49 0 3.036353339363137e-05
0.27 0.5 0 4.488535766630032e-05
0.28 0.0 0 8.69265297473649e-05
0.28 0.01 0 0.00010295402391984316
0.28 0.02 0 5.093951766869483e-05
0.28 0.03 0 1.8539120163282383e-05
0.28 0.04 0 1.2594229561311483e-05
0.28 0.05 0 1.758038862429704e-05
0.28 0.06 0 1.762107287109847e-05
0.28 0.07 0 2.0740740156404826e-05
0.28 0.08 0 2.8410042015111944e-05
0.28 0.09 0 2.3163458459612076e-05
0.28 0.1 0 2.227619376680094e-05
0.28 0.11 0 3.0463269879415053e-05
0.28 0.12 0 4.289410461616365e-05
0.28 0.13 0 4.214134114630054e-05
0.28 0.14 0 5.0333639094871595e-05
0.28 0.15 0 4.858139395936631e-05
0.28 0.16 0 3.486806270711804e-05
0.28 0.17 0 3.0511144004823595e-05
0.28 0.18 0 2.710073126250899e-05
0.28 0.19 0 3.386081015524314e-05
0.28 0.2 0 3.9678703913410926e-05
0.28 0.21 0 3.396156892545041e-05
0.28 0.22 0 2.3029402854411376e-05
0.28 0.23 0 2.5273773630331204e-05
0.28 0.24 0 3.1619315866621355e-05
0.28 0.25 0 2.942637976955993e-05
0.28 0.26 0 3.958142630173782e-05
0.28 0.27 0 4.1113657908137526e-05
0.28 0.28 0 3.2624758734341934e-05
0.28 0.29 0 3.043035940269144e-05
0.28 0.3 0 3.5634613744763255e-05
0.28 0.31 0 2.797640378896355e-05
0.28 0.32 0 2.4433320349649214e-05
0.28 0.33 0 3.396128436570084e-05
0.28 0.34 0 2.12994486476615e-05
0.28 0.35000000000000003 0 9.244544031498544e-06
0.28 0.36 0 5.8556463900075736e-06
0.28 0.37 0 6.864849950163952e-06
0.28 0.38 0 9.000458497245646e-06
0.28 0.39 0 1.0517867144619826e-05
0.28 0.4 0 8.024344081785431e-06
0.28 0.41000000000000003 0 3.80150087218955e-06
0.28 0.42 0 2.6529897553748867e-06
0.28 0.43 0 1.9924235517895234e-06
0.28 0.44 0 2.165326187392539e-06
0.28 0.45 0 3.624564025860544e-06
0.28 0.46 0 7.4606460576146985e-06
0.28 0.47000000000000003 0 1.7052883694724603e-05
0.28 0.48 0 4.295177396409646e-05
0.28 0.49 0 7.884537956024017e-05
0.28 0.5 0 6.280347035833307e-05
0.29 0.0 0 2.5467147240404932e-05
0.29 0.01 0 2.3641991327893498e-05
0.29 0.02 0 2.328699939578459e-05
0.29 0.03 0 1.1948504125681177e-05
0.29 0.04 0 5.180807884521862e-06
0.29 0.05 0 4.845020177656168e-06
0.29 0.06 0 9.775498103744493e-06
0.29 0.07 0 1.3543325777408902e-05
0.29 0.08 0 1.580729935064319e-05
0.29 0.09 0 1.3276295722438604e-05
0.29 0.1 0 1.1250860702126935e-05
0.29 0.11 0 1.889934864208637e-05
0.29 0.12 0 4.268911585403009e-05
0.29 0.13 0 7.710850734118699e-05
0.29 0.14 0 6.149488240314067e-05
0.29 0.15 0 2.7475482946913682e-05
0.29 0.16 0 9.737175821797605e-06
0.29 0.17 0 8.760419484311156e-06
0.29 0.18 0 1.4850740653860293e-05
0.29 0.19 0 1.8776000591272976e-05
0.29 0.2 0 2.6570454033727063e-05
0.29 0.21 0 3.338630083999901e-05
0.29 0.22 0 3.2036328909634334e-05
0.29 0.23 0 3.408442017794157e-05
0.29 0.24 0 8.288785320868204e-05
0.29 0.25 0 0.0001696270822157788
0.29 0.26 0 0.00020228639192494888
0.29 0.27 0 0.0002150482565988884
0.29 0.28 0 0.00011912640437228506
0.29 0.29 0 6.202245174539619e-05
0.29 0.3 0 6.485328374184705e-05
0.29 0.31 0 0.00012395984329942016
0.29 0.32 0 0.00011975057115955158
0.29 0.33 0 6.43579434970112e-05
0.29 0.34 0 3.217215479516458e-05
0.29 0.35000000000000003 0 1.8771709854394866e-05
0.29 0.36 0 2.2230391096590564e-05
0.29 0.37 0 2.855792141571575e-05
0.29 0.38 0 3.741144977275169e-05
0.29 0.39 0 5.022879352312918e-05
0.29 0.4 0 6.586358776548678e-05
0.29 0.41000000000000003 0 5.6917781068149046e-05
0.29 0.42 0 4.929518469752205e-05
0.29 0.43 0 5.575889450007508e-05
0.29 0.44 0 3.996741112463969e-05
0.29 0.45 0 3.5152620495603376e-05
0.29 0.46 0 3.345016679084014e-05
0.29 0.47000000000000003 0 2.3905530555966828e-05
0.29 0.48 0 1.847392880650039e-05
0.29 0.49 0 3.271397454237045e-05
0.29 0.5 0 6.690523762637791e-05
0.3 0.0 0 3.683369401113921e-05
0.3 0.01 0 6.547143133296161e-05
0.3 0.02 0 9.004280221903651e-05
0.3 0.03 0 8.678714346932536e-05
0.3 0.04 0 5.717803152875483e-05
0.3 0.05 0 3.470450396745782e-05
0.3 0.06 0 2.5865733395577616e-05
0.3 0.07 0 2.9701647550042832e-05
0.3 0.08 0 4.8127198924223646e-05
0.3 0.09 0 0.00011039902674628253
0.3 0.1 0 0.0001426589805620326
0.3 0.11 0 0.00015462171273775192
0.3 0.12 0 0.00016114404455038622
0.3 0.13 0 0.00013540196831359646
0.3 0.14 0 0.0001853443039231643
0.3 0.15 0 0.00046346412854097584
0.3 0.16 0 0.0009829506957326724
0.3 0.17 0 0.0009064186494410115
0.3 0.18 0 0.0009065772247746604
0.3 0.19 0 0.0006287244607655455
0.3 0.2 0 0.00027390153854600505
0.3 0.21 0 0.00019687468244980965
0.3 0.22 0 0.00023790886484260253
0.3 0.23 0 0.00036572323908240945
0.3 0.24 0 0.0006329879920039877
0.3 0.25 0 0.0013394343478218918
0.3 0.26 0 0.001317949402952317
0.3 0.27 0 0.0009438113714672683
0.3 0.28 0 0.0008254719502198163
0.3 0.29 0 0.0006988616724194601
0.3 0.3 0 0.0006838650514598208
0.3 0.31 0 0.0006775618112146415
0.3 0.32 0 0.0008153389498056724
0.3 0.33 0 0.0009184188527349696
0.3 0.34 0 0.0008219982821553675
0.3 0.35000000000000003 0 0.00029793610318584523
0.3 0.36 0 8.981031048345266e-05
0.3 0.37 0 5.8236643301842225e-05
0.3 0.38 0 4.1934552869255784e-05
0.3 0.39 0 3.81040079063888e-05
0.3 0.4 0 4.815085619075782e-05
0.3 0.41000000000000003 0 6.568897041020334e-05
0.3 0.42 0 5.99726261136546e-05
0.3 0.43 0 7.114913221547025e-05
0.3 0.44 0 8.362624846083287e-05
0.3 0.45 0 5.67435667851973e-05
0.3 0.46 0 6.417982767863851e-05
0.3 0.47000000000000003 0 9.92880229229034e-05
0.3 0.48 0 9.83358350437424e-05
0.3 0.49 0 4.501225685715246e-05
0.3 0.5 0 1.9774943583414187e-05
#STOP
