#MEDIUM_PROPERTIES_DISTRIBUTED
$MSH_TYPE
	 GROUNDWATER_FLOW	
$MMP_TYPE
	 PERMEABILITY	
$DIS_TYPE
	 NEAREST_VALUE	
;hj
$CONVERSION_FACTOR
	 1.0	
$DATA
0.0 0.0 0 0.00021391177362350326
0.0 0.01 0 0.00015099676309798666
0.0 0.02 0 4.4158245707896066e-05
0.0 0.03 0 1.5882644903688382e-05
0.0 0.04 0 1.9920653289662234e-05
0.0 0.05 0 5.197677831432968e-06
0.0 0.06 0 5.484276014929439e-06
0.0 0.07 0 0.00050664019955089
0.0 0.08 0 0.00011841162224061148
0.0 0.09 0 0.00011380914205061463
0.0 0.1 0 0.0007651663628146145
0.0 0.11 0 0.0002688465164943989
0.0 0.12 0 0.0011964152120169393
0.0 0.13 0 0.00021803334059420775
0.0 0.14 0 0.000788192189432739
0.0 0.15 0 0.0001846891771383365
0.0 0.16 0 0.0004838368484773764
0.0 0.17 0 2.2940381435134367e-05
0.0 0.18 0 4.089596981397974e-06
0.0 0.19 0 2.4384021650843227e-05
0.0 0.2 0 0.00011318354058907191
0.0 0.21 0 2.4293174427294304e-05
0.0 0.22 0 4.672745350929706e-05
0.0 0.23 0 3.769691457367558e-05
0.0 0.24 0 4.611369876867315e-05
0.0 0.25 0 9.591613372225476e-06
0.0 0.26 0 2.7784871963957087e-06
0.0 0.27 0 1.4756133579156953e-05
0.0 0.28 0 1.4849671841674092e-06
0.0 0.29 0 6.595235786806575e-06
0.0 0.3 0 0.00010008996749644189
0.0 0.31 0 0.00013814389350977387
0.0 0.32 0 0.0005538587840960594
0.0 0.33 0 8.752096864185796e-05
0.0 0.34 0 0.0001473594647501193
0.0 0.35000000000000003 0 3.059783539698411e-05
0.0 0.36 0 2.1057327471791114e-05
0.0 0.37 0 3.117343072681175e-05
0.0 0.38 0 1.1088465519621967e-05
0.0 0.39 0 5.769523551618236e-07
0.0 0.4 0 1.2400323433109036e-07
0.0 0.41000000000000003 0 2.215558949491209e-08
0.0 0.42 0 1.0485369871011808e-07
0.0 0.43 0 1.2420134667820422e-07
0.0 0.44 0 7.415312158117762e-08
0.0 0.45 0 9.607140474578044e-07
0.0 0.46 0 3.174772370599015e-05
0.0 0.47000000000000003 0 0.00024883498468024963
0.0 0.48 0 0.0006640173618959105
0.0 0.49 0 0.00013775869058865595
0.0 0.5 0 2.5225661326953418e-05
0.01 0.0 0 2.9460164909091604e-06
0.01 0.01 0 9.948256158798869e-07
0.01 0.02 0 2.7963717773583073e-06
0.01 0.03 0 4.663295729433335e-06
0.01 0.04 0 3.812182285631822e-05
0.01 0.05 0 9.898009705038127e-05
0.01 0.06 0 2.2403000796085327e-05
0.01 0.07 0 5.8506997019857155e-05
0.01 0.08 0 0.0001368322546070871
0.01 0.09 0 6.199975715580663e-05
0.01 0.1 0 0.00025043904935119303
0.01 0.11 0 0.0007342216817707876
0.01 0.12 0 0.001522752652439292
0.01 0.13 0 8.117499443903855e-05
0.01 0.14 0 0.00026157109359587746
0.01 0.15 0 0.00034364571649685095
0.01 0.16 0 4.4281812603867894e-05
0.01 0.17 0 2.271139208551336e-05
0.01 0.18 0 5.4250975508578095e-05
0.01 0.19 0 3.700813021165816e-05
0.01 0.2 0 6.65344609118242e-05
0.01 0.21 0 0.00015579274004261522
0.01 0.22 0 0.000118933776608156
0.01 0.23 0 8.476789837894697e-06
0.01 0.24 0 8.695036310409632e-06
0.01 0.25 0 1.7158381300420727e-06
0.01 0.26 0 3.3950524067644506e-07
0.01 0.27 0 5.854855832254207e-07
0.01 0.28 0 2.3806303724922716e-06
0.01 0.29 0 1.5073521800809716e-06
0.01 0.3 0 3.5096508440843006e-06
0.01 0.31 0 7.168643270966389e-06
0.01 0.32 0 2.177634595293225e-06
0.01 0.33 0 5.018848967481546e-06
0.01 0.34 0 3.972225959764809e-05
0.01 0.35000000000000003 0 3.245645856001224e-06
0.01 0.36 0 3.57834654985452e-06
0.01 0.37 0 1.1713714651579594e-05
0.01 0.38 0 2.65960671984229e-06
0.01 0.39 0 4.3468431191908236e-07
0.01 0.4 0 4.63749834929942e-07
0.01 0.41000000000000003 0 3.9943516762163794e-08
0.01 0.42 0 7.302383388529848e-08
0.01 0.43 0 2.16974466580701e-08
0.01 0.44 0 1.1735816820841723e-08
0.01 0.45 0 2.935825895915339e-07
0.01 0.46 0 2.488708978247196e-05
0.01 0.47000000000000003 0 0.00019402129546520206
0.01 0.48 0 0.0011675221079902062
0.01 0.49 0 0.005083027835349312
0.01 0.5 0 0.0006963662457768317
0.02 0.0 0 3.759684895541215e-07
0.02 0.01 0 2.699180076621462e-07
0.02 0.02 0 1.2129069765695485e-06
0.02 0.03 0 4.949401979050626e-06
0.02 0.04 0 4.744453171518951e-05
0.02 0.05 0 2.8746499691408777e-05
0.02 0.06 0 3.0098355960022816e-05
0.02 0.07 0 3.2095900608271083e-06
0.02 0.08 0 3.0375865077051334e-05
0.02 0.09 0 0.0001073085704139049
0.02 0.1 0 2.5647914222271505e-05
0.02 0.11 0 6.51910183271563e-05
0.02 0.12 0 1.726738468935662e-05
0.02 0.13 0 1.3874489243777682e-05
0.02 0.14 0 9.922037603563067e-05
0.02 0.15 0 0.0002411881359826836
0.02 0.16 0 0.00015898715701859607
0.02 0.17 0 0.00016530471650706295
0.02 0.18 0 0.0008299268636375958
0.02 0.19 0 0.0015079024994667156
0.02 0.2 0 0.004954228737633171
0.02 0.21 0 0.039467421124004386
0.02 0.22 0 0.07914022372316395
0.02 0.23 0 9.428650837860889e-05
0.02 0.24 0 1.4326233287240069e-05
0.02 0.25 0 9.31872735849257e-06
0.02 0.26 0 2.5660656435519272e-05
0.02 0.27 0 4.545818301322378e-07
0.02 0.28 0 2.1472999140727112e-08
0.02 0.29 0 1.2319233162748314e-07
0.02 0.3 0 9.394686287229721e-06
0.02 0.31 0 6.325683172987911e-05
0.02 0.32 0 1.7052057128410247e-05
0.02 0.33 0 4.2559600869766056e-07
0.02 0.34 0 1.0127326884404846e-07
0.02 0.35000000000000003 0 2.035641384445059e-06
0.02 0.36 0 1.0188410439897019e-06
0.02 0.37 0 5.1382092899204295e-06
0.02 0.38 0 6.5570237421392565e-06
0.02 0.39 0 4.497335293771381e-07
0.02 0.4 0 1.4642474971952806e-06
0.02 0.41000000000000003 0 1.950822868188813e-07
0.02 0.42 0 1.7502952482707562e-08
0.02 0.43 0 1.4661944937042264e-08
0.02 0.44 0 1.1028177663226116e-07
0.02 0.45 0 9.207908791931049e-07
0.02 0.46 0 2.3859320372101196e-05
0.02 0.47000000000000003 0 5.651766481341175e-06
0.02 0.48 0 2.0998851005805394e-05
0.02 0.49 0 8.971744293955405e-05
0.02 0.5 0 0.00010599017909996176
0.03 0.0 0 5.184743883598669e-06
0.03 0.01 0 1.8762761490325766e-06
0.03 0.02 0 1.528609455691154e-05
0.03 0.03 0 1.4716618479150785e-06
0.03 0.04 0 8.254855631064211e-07
0.03 0.05 0 2.8014590593796495e-07
0.03 0.06 0 5.250747371940714e-06
0.03 0.07 0 1.909754724361772e-05
0.03 0.08 0 1.0841458633666484e-05
0.03 0.09 0 8.116073541700665e-06
0.03 0.1 0 1.4658019086512792e-05
0.03 0.11 0 3.742897853913484e-05
0.03 0.12 0 2.2368467660189105e-05
0.03 0.13 0 1.3317068690225076e-05
0.03 0.14 0 1.0011155983976776e-05
0.03 0.15 0 8.908314028639037e-05
0.03 0.16 0 0.0003347240297617726
0.03 0.17 0 3.570355507751693e-05
0.03 0.18 0 0.0007691900928015481
0.03 0.19 0 0.01927080048550419
0.03 0.2 0 0.007412753295606744
0.03 0.21 0 0.07680293547035925
0.03 0.22 0 0.011597232106586513
0.03 0.23 0 0.00034122013558321587
0.03 0.24 0 0.0002815560472891522
0.03 0.25 0 2.3274861432944723e-06
0.03 0.26 0 9.062392425041543e-07
0.03 0.27 0 3.780415631512439e-07
0.03 0.28 0 1.276025503242297e-07
0.03 0.29 0 6.260592587992385e-07
0.03 0.3 0 3.394107378977988e-06
0.03 0.31 0 4.743577518076648e-06
0.03 0.32 0 2.4532172556794294e-06
0.03 0.33 0 2.6007514156952288e-06
0.03 0.34 0 1.2409148645005575e-06
0.03 0.35000000000000003 0 3.982993239652459e-07
0.03 0.36 0 2.2215002191169036e-06
0.03 0.37 0 3.411701031818217e-05
0.03 0.38 0 1.9176318709308464e-05
0.03 0.39 0 3.8109755803773656e-05
0.03 0.4 0 0.00017774669852066793
0.03 0.41000000000000003 0 1.0669776403362353e-05
0.03 0.42 0 3.5709633268980514e-06
0.03 0.43 0 5.400850517757999e-07
0.03 0.44 0 1.216511817443613e-06
0.03 0.45 0 9.410577400286043e-06
0.03 0.46 0 7.814979943517621e-06
0.03 0.47000000000000003 0 1.431743308124725e-05
0.03 0.48 0 1.4550853708172837e-05
0.03 0.49 0 3.146869499334979e-05
0.03 0.5 0 1.1848735287531242e-05
0.04 0.0 0 7.690909687749234e-06
0.04 0.01 0 1.5912267171980119e-06
0.04 0.02 0 3.1751378273455263e-06
0.04 0.03 0 2.8137204730246308e-06
0.04 0.04 0 1.1313752512361039e-06
0.04 0.05 0 2.6275435364850045e-07
0.04 0.06 0 1.800812871007124e-07
0.04 0.07 0 8.68581047755793e-07
0.04 0.08 0 1.3513349313927174e-06
0.04 0.09 0 2.1518176294729648e-06
0.04 0.1 0 5.081758958294018e-06
0.04 0.11 0 4.213931448906851e-05
0.04 0.12 0 4.596218324207115e-05
0.04 0.13 0 0.00010363842831108166
0.04 0.14 0 0.00038365010369491873
0.04 0.15 0 0.00022424805444873575
0.04 0.16 0 6.465243228385301e-06
0.04 0.17 0 4.7660848031241835e-05
0.04 0.18 0 0.00033977854560905793
0.04 0.19 0 0.00020011071850041065
0.04 0.2 0 0.0005999605307996698
0.04 0.21 0 0.001030246353713946
0.04 0.22 0 0.0008118586716122269
0.04 0.23 0 9.84878877590661e-05
0.04 0.24 0 2.0600033062402384e-05
0.04 0.25 0 4.6614972170707466e-05
0.04 0.26 0 2.801565068278847e-06
0.04 0.27 0 7.755536455933941e-07
0.04 0.28 0 1.0765275285228115e-06
0.04 0.29 0 1.5935668550201027e-06
0.04 0.3 0 1.944702246180562e-05
0.04 0.31 0 3.426284999699526e-06
0.04 0.32 0 2.1903073788778155e-07
0.04 0.33 0 5.702670348597556e-07
0.04 0.34 0 2.0100580687708968e-07
0.04 0.35000000000000003 0 6.344139127059923e-08
0.04 0.36 0 2.888279598392121e-07
0.04 0.37 0 2.379026146564517e-07
0.04 0.38 0 1.070992565427831e-06
0.04 0.39 0 1.866324109658966e-05
0.04 0.4 0 4.030088174305068e-05
0.04 0.41000000000000003 0 4.665865302863438e-06
0.04 0.42 0 1.5995419415984708e-06
0.04 0.43 0 8.27739232309581e-07
0.04 0.44 0 2.939313768546172e-07
0.04 0.45 0 7.535007395971982e-06
0.04 0.46 0 1.8056984107651887e-05
0.04 0.47000000000000003 0 3.199781742664832e-05
0.04 0.48 0 7.267324186353311e-06
0.04 0.49 0 8.406124439418363e-06
0.04 0.5 0 1.6620801597280744e-05
0.05 0.0 0 9.075380430412167e-07
0.05 0.01 0 5.445468067879509e-07
0.05 0.02 0 2.878274010679264e-07
0.05 0.03 0 6.332381256527003e-07
0.05 0.04 0 3.978005871908932e-08
0.05 0.05 0 7.545233812216257e-07
0.05 0.06 0 1.3908481959329394e-06
0.05 0.07 0 1.211769377067995e-07
0.05 0.08 0 2.0598085696170226e-08
0.05 0.09 0 2.60733156486505e-07
0.05 0.1 0 2.5178414491912966e-06
0.05 0.11 0 1.0439390585395369e-05
0.05 0.12 0 1.2789099528343953e-06
0.05 0.13 0 8.516096402962252e-06
0.05 0.14 0 9.827001869762288e-05
0.05 0.15 0 0.0003641008257570058
0.05 0.16 0 0.00034782904574357973
0.05 0.17 0 1.4025058135956925e-05
0.05 0.18 0 2.7570626219713497e-05
0.05 0.19 0 1.6052231891736947e-05
0.05 0.2 0 7.058190957580774e-06
0.05 0.21 0 2.070924541785195e-05
0.05 0.22 0 5.2601445937507746e-05
0.05 0.23 0 9.247425586668564e-05
0.05 0.24 0 1.1436080116197495e-05
0.05 0.25 0 1.0347272225539532e-05
0.05 0.26 0 3.651879156563475e-07
0.05 0.27 0 3.9308316277236107e-07
0.05 0.28 0 1.2143898397331295e-06
0.05 0.29 0 8.218826916321114e-06
0.05 0.3 0 5.430300663705915e-07
0.05 0.31 0 8.678575655529214e-08
0.05 0.32 0 4.2010659397120894e-08
0.05 0.33 0 1.6273389435501144e-08
0.05 0.34 0 5.405755858392939e-08
0.05 0.35000000000000003 0 1.3961693238987364e-07
0.05 0.36 0 8.37140862446645e-07
0.05 0.37 0 9.964733747313686e-06
0.05 0.38 0 4.849610737450166e-05
0.05 0.39 0 1.0965388419070248e-05
0.05 0.4 0 7.674250721530898e-05
0.05 0.41000000000000003 0 0.000189712654594336
0.05 0.42 0 1.0696827143320676e-05
0.05 0.43 0 9.66961404759475e-06
0.05 0.44 0 6.071454166965744e-06
0.05 0.45 0 2.192992335424489e-06
0.05 0.46 0 5.687636182586672e-06
0.05 0.47000000000000003 0 0.00036984201918182204
0.05 0.48 0 0.00019463600349651673
0.05 0.49 0 1.2515744715092554e-05
0.05 0.5 0 1.2023221591337477e-06
0.06 0.0 0 2.367247527867597e-06
0.06 0.01 0 2.7437251494801913e-07
0.06 0.02 0 4.794216562534609e-08
0.06 0.03 0 7.79330764813844e-08
0.06 0.04 0 2.6332780420849816e-08
0.06 0.05 0 5.3180234874327994e-08
0.06 0.06 0 6.80918713795968e-09
0.06 0.07 0 1.294762236982424e-08
0.06 0.08 0 2.9511675065758436e-08
0.06 0.09 0 1.6710375580859174e-06
0.06 0.1 0 1.7976145782824907e-06
0.06 0.11 0 2.668810590590925e-07
0.06 0.12 0 1.6812721394108336e-06
0.06 0.13 0 3.088376658204893e-05
0.06 0.14 0 2.87229590843653e-05
0.06 0.15 0 0.00017118373902587028
0.06 0.16 0 1.0607997597526454e-05
0.06 0.17 0 3.964343917911828e-05
0.06 0.18 0 0.00010423972435039935
0.06 0.19 0 5.803230249162837e-06
0.06 0.2 0 1.0723861794647647e-05
0.06 0.21 0 2.5333621510850563e-05
0.06 0.22 0 2.1999695713636044e-05
0.06 0.23 0 7.260263891492037e-05
0.06 0.24 0 9.976794466890155e-06
0.06 0.25 0 2.694493472913757e-05
0.06 0.26 0 3.0557570565527845e-07
0.06 0.27 0 1.5689092697840063e-07
0.06 0.28 0 2.1539261538611946e-06
0.06 0.29 0 9.692786395037367e-06
0.06 0.3 0 1.678312183585045e-06
0.06 0.31 0 1.1407891918206892e-06
0.06 0.32 0 1.2804303809148338e-06
0.06 0.33 0 1.0105319635998805e-06
0.06 0.34 0 2.434056081603375e-07
0.06 0.35000000000000003 0 1.191601485512086e-06
0.06 0.36 0 1.668872357850611e-05
0.06 0.37 0 1.3808705356028938e-05
0.06 0.38 0 2.2353919707856075e-06
0.06 0.39 0 2.1434550273443797e-05
0.06 0.4 0 1.549595064304964e-05
0.06 0.41000000000000003 0 7.634989793706818e-05
0.06 0.42 0 2.530815668871761e-05
0.06 0.43 0 9.058055316869408e-08
0.06 0.44 0 1.1317700321291056e-07
0.06 0.45 0 1.7268727336165765e-06
0.06 0.46 0 1.0077536001734691e-06
0.06 0.47000000000000003 0 1.2118089502048749e-05
0.06 0.48 0 4.384672192941403e-06
0.06 0.49 0 1.008073208952797e-05
0.06 0.5 0 1.0954660693696974e-05
0.07 0.0 0 4.191769085032665e-08
0.07 0.01 0 1.4569303689191863e-07
0.07 0.02 0 8.656799316228435e-08
0.07 0.03 0 2.527082575370943e-07
0.07 0.04 0 4.7416219991616945e-08
0.07 0.05 0 1.2115969534050302e-07
0.07 0.06 0 4.175066422073196e-07
0.07 0.07 0 1.9079278372046128e-07
0.07 0.08 0 1.1410218345577919e-08
0.07 0.09 0 1.3656775750711166e-07
0.07 0.1 0 7.002358756876142e-07
0.07 0.11 0 1.2541058463404081e-05
0.07 0.12 0 4.049743112941869e-05
0.07 0.13 0 3.382281152619462e-05
0.07 0.14 0 5.034843590098731e-06
0.07 0.15 0 1.5853792433555327e-05
0.07 0.16 0 1.8443114341874442e-06
0.07 0.17 0 2.6659059302622773e-06
0.07 0.18 0 8.760492339171716e-08
0.07 0.19 0 3.305767950398262e-07
0.07 0.2 0 7.4517125071997785e-06
0.07 0.21 0 1.3498085270891915e-05
0.07 0.22 0 1.1487229371945352e-05
0.07 0.23 0 2.5305074218810272e-06
0.07 0.24 0 6.84707058801072e-07
0.07 0.25 0 5.960154145710981e-06
0.07 0.26 0 1.7724875601047796e-06
0.07 0.27 0 5.140122046084456e-07
0.07 0.28 0 1.9779755010493427e-07
0.07 0.29 0 2.7350157345084646e-07
0.07 0.3 0 2.866583220196367e-07
0.07 0.31 0 2.195268942040603e-06
0.07 0.32 0 8.256935505580527e-06
0.07 0.33 0 8.370188226092761e-05
0.07 0.34 0 6.527501506633864e-06
0.07 0.35000000000000003 0 0.00019564623364483463
0.07 0.36 0 4.23136294009436e-05
0.07 0.37 0 5.4040911766289624e-06
0.07 0.38 0 3.999109300585831e-06
0.07 0.39 0 8.155389660723705e-05
0.07 0.4 0 0.00011328548641691357
0.07 0.41000000000000003 0 2.696780852845642e-05
0.07 0.42 0 5.238644460555455e-06
0.07 0.43 0 2.1105566950181045e-05
0.07 0.44 0 9.987188520706228e-05
0.07 0.45 0 5.2769887244637646e-05
0.07 0.46 0 7.94464471342536e-05
0.07 0.47000000000000003 0 0.00023805369906614683
0.07 0.48 0 0.0005078235816511498
0.07 0.49 0 0.00016171233685021114
0.07 0.5 0 3.6059309363542076e-05
0.08 0.0 0 1.3767287817161097e-07
0.08 0.01 0 1.051891318854219e-07
0.08 0.02 0 3.399429992835846e-07
0.08 0.03 0 4.6833966684254603e-07
0.08 0.04 0 4.4206851493427183e-07
0.08 0.05 0 7.880520399671866e-07
0.08 0.06 0 3.792496184525015e-08
0.08 0.07 0 1.0930482354843712e-08
0.08 0.08 0 2.1733631722233564e-08
0.08 0.09 0 1.2860465559642048e-08
0.08 0.1 0 9.122136393518355e-08
0.08 0.11 0 2.4830608004716507e-07
0.08 0.12 0 2.544279258772333e-06
0.08 0.13 0 0.0001306965741002573
0.08 0.14 0 3.887024000868137e-06
0.08 0.15 0 7.682350069284347e-06
0.08 0.16 0 2.2014991412316036e-06
0.08 0.17 0 9.685326743200792e-06
0.08 0.18 0 1.2758247198098784e-06
0.08 0.19 0 3.284728144885277e-06
0.08 0.2 0 3.5604793649869227e-06
0.08 0.21 0 6.814235653148806e-06
0.08 0.22 0 1.8133906572555913e-06
0.08 0.23 0 7.57490385757289e-07
0.08 0.24 0 4.325502048244307e-07
0.08 0.25 0 8.503812592746812e-07
0.08 0.26 0 9.859615732700898e-07
0.08 0.27 0 3.355117256756058e-07
0.08 0.28 0 2.682045107177484e-07
0.08 0.29 0 1.1019681350255695e-06
0.08 0.3 0 7.807144232513442e-07
0.08 0.31 0 8.411667279399995e-06
0.08 0.32 0 1.8330316263247432e-05
0.08 0.33 0 0.00015387843041761567
0.08 0.34 0 0.00011951743060105545
0.08 0.35000000000000003 0 6.880914196765729e-05
0.08 0.36 0 1.96715135203848e-06
0.08 0.37 0 1.4199897224744173e-05
0.08 0.38 0 6.118405885611234e-05
0.08 0.39 0 0.00034696660957381903
0.08 0.4 0 0.0003924901973127519
0.08 0.41000000000000003 0 0.00017878047121125734
0.08 0.42 0 1.26870911948292e-05
0.08 0.43 0 0.0001843359425412038
0.08 0.44 0 0.00021280521838535653
0.08 0.45 0 0.0004952710844649002
0.08 0.46 0 0.0018327110786599138
0.08 0.47000000000000003 0 0.0005268953424712467
0.08 0.48 0 0.0003085749154661423
0.08 0.49 0 9.12642236456999e-05
0.08 0.5 0 0.00011934519904693549
0.09 0.0 0 3.909433559693439e-07
0.09 0.01 0 9.969387054648301e-07
0.09 0.02 0 5.119745411494377e-07
0.09 0.03 0 2.905028619954258e-07
0.09 0.04 0 2.8697025207532605e-07
0.09 0.05 0 2.731391245438425e-08
0.09 0.06 0 7.365713037463422e-09
0.09 0.07 0 1.8516350128430453e-09
0.09 0.08 0 1.7050915540806654e-09
0.09 0.09 0 9.036139600789713e-08
0.09 0.1 0 1.6784048928971018e-07
0.09 0.11 0 8.151583038105746e-07
0.09 0.12 0 3.870801160017899e-06
0.09 0.13 0 0.00016223659862402758
0.09 0.14 0 0.0006476845265410761
0.09 0.15 0 7.552220281467907e-05
0.09 0.16 0 2.5237711578263545e-06
0.09 0.17 0 6.185473990744371e-06
0.09 0.18 0 5.596865246728855e-07
0.09 0.19 0 6.215393259786904e-06
0.09 0.2 0 1.3686160627059252e-05
0.09 0.21 0 2.768428864883309e-05
0.09 0.22 0 7.511966190019247e-06
0.09 0.23 0 6.264820081454066e-06
0.09 0.24 0 2.857304915551791e-06
0.09 0.25 0 1.816826883461465e-06
0.09 0.26 0 3.109109793976765e-06
0.09 0.27 0 2.9513001642541206e-07
0.09 0.28 0 1.272977176382658e-07
0.09 0.29 0 1.7267270895169182e-06
0.09 0.3 0 2.5187354678828253e-06
0.09 0.31 0 0.00014521230705927615
0.09 0.32 0 0.0001457566016176531
0.09 0.33 0 0.00016437510223760748
0.09 0.34 0 5.193217811588735e-05
0.09 0.35000000000000003 0 0.0003014472065126884
0.09 0.36 0 3.994354622879883e-05
0.09 0.37 0 1.0309249705122936e-05
0.09 0.38 0 6.583627067106917e-05
0.09 0.39 0 0.0007328452211487703
0.09 0.4 0 4.505006277338709e-05
0.09 0.41000000000000003 0 0.0009740038430505822
0.09 0.42 0 0.0004886048468080945
0.09 0.43 0 0.0005765257919762989
0.09 0.44 0 0.0007103259464691141
0.09 0.45 0 0.00037624189981616947
0.09 0.46 0 7.207796242139236e-05
0.09 0.47000000000000003 0 4.361776995837638e-05
0.09 0.48 0 3.924241130743417e-05
0.09 0.49 0 7.097375544294205e-05
0.09 0.5 0 5.316159588554097e-06
0.1 0.0 0 9.146780320739894e-08
0.1 0.01 0 2.3378224715970995e-06
0.1 0.02 0 3.3004212829010877e-06
0.1 0.03 0 3.7675427259083956e-06
0.1 0.04 0 1.1722974865361862e-06
0.1 0.05 0 6.905337255905171e-07
0.1 0.06 0 1.599364537787541e-08
0.1 0.07 0 5.839036603252339e-09
0.1 0.08 0 1.7792474550786847e-09
0.1 0.09 0 2.024004973351766e-09
0.1 0.1 0 3.5082942007986505e-09
0.1 0.11 0 7.059498593715878e-08
0.1 0.12 0 8.078732915261147e-07
0.1 0.13 0 5.17853539387939e-06
0.1 0.14 0 3.3758759721410016e-06
0.1 0.15 0 1.3581850651117149e-06
0.1 0.16 0 7.739605710631755e-07
0.1 0.17 0 6.387082249856557e-08
0.1 0.18 0 3.239479865534323e-08
0.1 0.19 0 2.978401255853593e-06
0.1 0.2 0 5.556683346476577e-07
0.1 0.21 0 1.211395015725376e-07
0.1 0.22 0 8.363690918542798e-08
0.1 0.23 0 6.434805031061855e-07
0.1 0.24 0 2.1901258566902257e-06
0.1 0.25 0 4.822939763453726e-07
0.1 0.26 0 5.884716820335058e-08
0.1 0.27 0 3.709190312026737e-07
0.1 0.28 0 1.9949651047557514e-07
0.1 0.29 0 6.841983236691004e-06
0.1 0.3 0 8.447365579729849e-07
0.1 0.31 0 3.216273470587048e-06
0.1 0.32 0 0.00031781848958439655
0.1 0.33 0 0.0011437127098584425
0.1 0.34 0 0.0001121152572722243
0.1 0.35000000000000003 0 0.00035738988911452214
0.1 0.36 0 0.00010035917667499495
0.1 0.37 0 2.5457388801685983e-05
0.1 0.38 0 8.838814895528668e-05
0.1 0.39 0 7.36885473557278e-05
0.1 0.4 0 9.4952827660108e-05
0.1 0.41000000000000003 0 5.263497856724873e-05
0.1 0.42 0 1.2787584742927911e-05
0.1 0.43 0 0.00014946416111948606
0.1 0.44 0 4.8818757185384406e-05
0.1 0.45 0 0.000203345905025306
0.1 0.46 0 3.258814104001868e-05
0.1 0.47000000000000003 0 2.5731201733901758e-05
0.1 0.48 0 6.470604026647966e-06
0.1 0.49 0 1.2119707548594477e-05
0.1 0.5 0 2.159185141514067e-06
0.11 0.0 0 1.15789276065323e-07
0.11 0.01 0 2.7726652935024664e-07
0.11 0.02 0 3.955126209046507e-07
0.11 0.03 0 1.193777202791381e-06
0.11 0.04 0 1.675181113035725e-06
0.11 0.05 0 5.175052399028162e-07
0.11 0.06 0 8.771262726293104e-09
0.11 0.07 0 1.6821130821112608e-08
0.11 0.08 0 3.20621989586878e-08
0.11 0.09 0 4.464714863743576e-08
0.11 0.1 0 5.408060173246008e-08
0.11 0.11 0 4.047067986103403e-07
0.11 0.12 0 4.535844455828319e-07
0.11 0.13 0 3.570032901087778e-05
0.11 0.14 0 1.1528953854234209e-05
0.11 0.15 0 6.258083123888382e-07
0.11 0.16 0 5.042833840632301e-07
0.11 0.17 0 5.840155934424448e-08
0.11 0.18 0 2.588678945346687e-07
0.11 0.19 0 3.67449534023973e-06
0.11 0.2 0 1.1831480455265365e-06
0.11 0.21 0 2.54560411506306e-07
0.11 0.22 0 1.1740635425941206e-07
0.11 0.23 0 4.1462375953399013e-07
0.11 0.24 0 9.7197396493309e-08
0.11 0.25 0 1.2432041373497936e-07
0.11 0.26 0 1.3562473665571319e-07
0.11 0.27 0 3.1906790936188603e-07
0.11 0.28 0 1.5422239447453987e-07
0.11 0.29 0 1.8391424170635545e-07
0.11 0.3 0 8.098490585827344e-07
0.11 0.31 0 7.949184879432545e-06
0.11 0.32 0 2.318285521776154e-06
0.11 0.33 0 3.3423193798499318e-06
0.11 0.34 0 5.692343741992049e-06
0.11 0.35000000000000003 0 6.2286069473744045e-06
0.11 0.36 0 1.0355001963478103e-05
0.11 0.37 0 2.852986467310144e-05
0.11 0.38 0 2.5116073549554093e-05
0.11 0.39 0 3.298867078764951e-05
0.11 0.4 0 2.234109291696069e-05
0.11 0.41000000000000003 0 1.7163190730830765e-05
0.11 0.42 0 3.382491635237796e-05
0.11 0.43 0 4.177057526053109e-05
0.11 0.44 0 3.4735692110938647e-06
0.11 0.45 0 1.1639888530117658e-05
0.11 0.46 0 3.1455249266383336e-06
0.11 0.47000000000000003 0 8.509471183738302e-06
0.11 0.48 0 1.322380982356392e-06
0.11 0.49 0 4.09686400740321e-06
0.11 0.5 0 4.774601600258093e-06
0.12 0.0 0 4.600524190977077e-08
0.12 0.01 0 9.017344515954191e-08
0.12 0.02 0 3.8374486838471045e-08
0.12 0.03 0 2.336521068730983e-07
0.12 0.04 0 5.5716349772637385e-08
0.12 0.05 0 1.0710281769526667e-07
0.12 0.06 0 1.4916083615504566e-07
0.12 0.07 0 2.7950770589956475e-08
0.12 0.08 0 4.275266175837068e-08
0.12 0.09 0 5.912680890364704e-08
0.12 0.1 0 2.1340544178379278e-08
0.12 0.11 0 1.4861899952005146e-06
0.12 0.12 0 6.439547470414774e-07
0.12 0.13 0 6.0730022832826e-07
0.12 0.14 0 1.8501046446247192e-07
0.12 0.15 0 2.963143042133057e-08
0.12 0.16 0 5.1324244113699425e-08
0.12 0.17 0 3.6432978921348666e-08
0.12 0.18 0 1.7604647958715162e-07
0.12 0.19 0 1.620915701898345e-07
0.12 0.2 0 1.6841442104989319e-07
0.12 0.21 0 4.813024742644366e-07
0.12 0.22 0 5.227824342823983e-07
0.12 0.23 0 4.700661586046618e-06
0.12 0.24 0 5.29338458198631e-07
0.12 0.25 0 2.7734229653566166e-07
0.12 0.26 0 3.7484117645432716e-07
0.12 0.27 0 3.34891678471499e-07
0.12 0.28 0 3.4615898101640594e-06
0.12 0.29 0 4.268261264145911e-06
0.12 0.3 0 1.6246100130916107e-06
0.12 0.31 0 1.5769696129254504e-06
0.12 0.32 0 1.0839948046664238e-06
0.12 0.33 0 5.04935558573393e-05
0.12 0.34 0 4.546263243147099e-05
0.12 0.35000000000000003 0 8.608850932544886e-05
0.12 0.36 0 6.909870769188665e-05
0.12 0.37 0 0.00033790769610215023
0.12 0.38 0 0.0002998353390835379
0.12 0.39 0 5.120750114303127e-05
0.12 0.4 0 3.868426409213588e-05
0.12 0.41000000000000003 0 3.751105293608932e-05
0.12 0.42 0 1.4028903814145123e-05
0.12 0.43 0 1.787977812296783e-05
0.12 0.44 0 5.2497743957309976e-06
0.12 0.45 0 1.1026241833109396e-06
0.12 0.46 0 2.213151052459978e-06
0.12 0.47000000000000003 0 1.53207890752796e-05
0.12 0.48 0 4.351208790745816e-05
0.12 0.49 0 1.7517916236111363e-05
0.12 0.5 0 3.0264743349255525e-06
0.13 0.0 0 2.4255170949850782e-08
0.13 0.01 0 2.194341678612725e-07
0.13 0.02 0 1.7780547619420655e-07
0.13 0.03 0 2.200123744217409e-07
0.13 0.04 0 2.1210373545001597e-06
0.13 0.05 0 6.729569787551033e-07
0.13 0.06 0 4.711114999351029e-07
0.13 0.07 0 4.74868638584788e-07
0.13 0.08 0 5.85023887657594e-07
0.13 0.09 0 1.8255639629033827e-07
0.13 0.1 0 5.378502806099444e-08
0.13 0.11 0 1.1598077673422311e-07
0.13 0.12 0 6.241738105249497e-08
0.13 0.13 0 2.916756885690142e-08
0.13 0.14 0 4.330684741407192e-09
0.13 0.15 0 1.8190956239620506e-09
0.13 0.16 0 6.996161054333527e-09
0.13 0.17 0 2.7482614271167604e-07
0.13 0.18 0 2.7282008695184065e-07
0.13 0.19 0 2.1843512486377448e-07
0.13 0.2 0 3.796870225942874e-08
0.13 0.21 0 9.117390795075919e-07
0.13 0.22 0 4.803854745521721e-07
0.13 0.23 0 6.147760253751167e-07
0.13 0.24 0 1.2470168104074416e-06
0.13 0.25 0 1.6916868765664961e-07
0.13 0.26 0 7.584222803461713e-07
0.13 0.27 0 3.670641492764039e-07
0.13 0.28 0 8.40353770310196e-07
0.13 0.29 0 6.845266481769269e-06
0.13 0.3 0 1.0502158032769795e-05
0.13 0.31 0 4.381112828126436e-06
0.13 0.32 0 1.7318147659892205e-06
0.13 0.33 0 1.8863290734427117e-06
0.13 0.34 0 1.7765930591726679e-06
0.13 0.35000000000000003 0 1.873676877196277e-06
0.13 0.36 0 1.9273278690453425e-05
0.13 0.37 0 0.000302659728481812
0.13 0.38 0 3.449871626433614e-05
0.13 0.39 0 7.269050493351058e-05
0.13 0.4 0 3.1226864657651576e-06
0.13 0.41000000000000003 0 4.329347061278155e-06
0.13 0.42 0 3.814639010850403e-05
0.13 0.43 0 1.9392740602789727e-05
0.13 0.44 0 3.975888357821725e-05
0.13 0.45 0 3.4855798567985305e-06
0.13 0.46 0 2.400051826018769e-06
0.13 0.47000000000000003 0 4.6287298872931e-06
0.13 0.48 0 2.393889521466297e-05
0.13 0.49 0 0.0002719930765871892
0.13 0.5 0 1.973665084191207e-05
0.14 0.0 0 1.6264816464524616e-06
0.14 0.01 0 3.2377881106497115e-06
0.14 0.02 0 3.3534063811607865e-06
0.14 0.03 0 6.947997229204075e-06
0.14 0.04 0 8.16988526492517e-06
0.14 0.05 0 8.885794617683463e-06
0.14 0.06 0 1.6618609502024232e-05
0.14 0.07 0 9.959120355849313e-06
0.14 0.08 0 1.5008411202749503e-06
0.14 0.09 0 2.736376587466201e-07
0.14 0.1 0 3.7494654198312225e-06
0.14 0.11 0 2.0605303910606334e-06
0.14 0.12 0 7.505925348436688e-07
0.14 0.13 0 2.6790906271451892e-08
0.14 0.14 0 2.188243782620093e-09
0.14 0.15 0 7.647015764949785e-08
0.14 0.16 0 1.9904030505429874e-08
0.14 0.17 0 6.37585648824997e-08
0.14 0.18 0 1.713216524134807e-08
0.14 0.19 0 4.667183897177275e-08
0.14 0.2 0 2.4941319239659453e-07
0.14 0.21 0 2.0007173926525326e-07
0.14 0.22 0 1.1597391198208622e-06
0.14 0.23 0 2.6992135127796784e-07
0.14 0.24 0 5.6190890448187534e-08
0.14 0.25 0 5.334078613666251e-08
0.14 0.26 0 1.0305845968918287e-07
0.14 0.27 0 7.303480630990835e-07
0.14 0.28 0 8.939828458955191e-07
0.14 0.29 0 1.7469435921639542e-07
0.14 0.3 0 2.378367293856077e-06
0.14 0.31 0 3.5951460291439894e-06
0.14 0.32 0 3.920612482937191e-06
0.14 0.33 0 4.755698529695414e-06
0.14 0.34 0 7.453796064925041e-06
0.14 0.35000000000000003 0 1.5299879479610314e-05
0.14 0.36 0 0.00018188815637292397
0.14 0.37 0 0.0013510476928280469
0.14 0.38 0 1.771464677954087e-05
0.14 0.39 0 0.00027855302585303685
0.14 0.4 0 7.4323171459105e-05
0.14 0.41000000000000003 0 5.269540030007884e-06
0.14 0.42 0 7.002088373560825e-05
0.14 0.43 0 0.00012702515729592524
0.14 0.44 0 0.0004473139137562424
0.14 0.45 0 5.964760476907949e-05
0.14 0.46 0 1.5663899478598824e-05
0.14 0.47000000000000003 0 3.585105900619122e-06
0.14 0.48 0 4.718866861752246e-06
0.14 0.49 0 1.8814365496981608e-05
0.14 0.5 0 1.350669953940334e-05
0.15 0.0 0 1.1565789125077575e-07
0.15 0.01 0 6.466063204621256e-08
0.15 0.02 0 1.8429192311181505e-07
0.15 0.03 0 2.7475278526558187e-07
0.15 0.04 0 7.043022212232969e-07
0.15 0.05 0 3.075373971121804e-06
0.15 0.06 0 6.764785965571167e-06
0.15 0.07 0 2.92402311291471e-06
0.15 0.08 0 6.778499818164125e-06
0.15 0.09 0 3.4231561454880453e-06
0.15 0.1 0 6.23174284536129e-06
0.15 0.11 0 2.8872538328937274e-06
0.15 0.12 0 4.5881192439934695e-06
0.15 0.13 0 1.2787385644010265e-06
0.15 0.14 0 1.172967778233933e-06
0.15 0.15 0 1.8071696035353623e-06
0.15 0.16 0 1.2264451648937492e-07
0.15 0.17 0 1.367795543384231e-07
0.15 0.18 0 1.9133584229072113e-07
0.15 0.19 0 5.129482484598457e-08
0.15 0.2 0 2.0011162854343473e-07
0.15 0.21 0 3.9594275809178315e-07
0.15 0.22 0 8.955686084118364e-08
0.15 0.23 0 6.28059749700451e-08
0.15 0.24 0 5.7245129694026926e-08
0.15 0.25 0 8.111472166605749e-07
0.15 0.26 0 5.663130561833739e-06
0.15 0.27 0 8.482769425996338e-06
0.15 0.28 0 4.404458562127072e-06
0.15 0.29 0 5.0128087807364195e-06
0.15 0.3 0 8.403534476661028e-06
0.15 0.31 0 3.5671577669703137e-06
0.15 0.32 0 1.2102643981877588e-05
0.15 0.33 0 4.2997147055186396e-05
0.15 0.34 0 6.80309542262174e-05
0.15 0.35000000000000003 0 8.872854196840857e-06
0.15 0.36 0 8.034615028104418e-06
0.15 0.37 0 0.00010347690218211249
0.15 0.38 0 0.000167574802126263
0.15 0.39 0 0.000317011038206704
0.15 0.4 0 0.0005963530896982729
0.15 0.41000000000000003 0 4.9057385972929346e-05
0.15 0.42 0 4.648026238537759e-05
0.15 0.43 0 7.037256823941434e-05
0.15 0.44 0 9.088886490245056e-05
0.15 0.45 0 0.00018339695269477035
0.15 0.46 0 0.000557476752271091
0.15 0.47000000000000003 0 0.0002533612399619006
0.15 0.48 0 5.782033711295153e-06
0.15 0.49 0 1.8657915043740977e-06
0.15 0.5 0 1.6106050334541704e-06
0.16 0.0 0 1.7959462636190208e-06
0.16 0.01 0 5.092608726833723e-07
0.16 0.02 0 6.089284572350105e-07
0.16 0.03 0 5.880307034723278e-07
0.16 0.04 0 4.79047261403408e-07
0.16 0.05 0 3.862242426699838e-07
0.16 0.06 0 3.128838120891179e-07
0.16 0.07 0 3.8862188750868775e-08
0.16 0.08 0 9.639625540426688e-09
0.16 0.09 0 2.3523476859615056e-07
0.16 0.1 0 8.527315376967864e-07
0.16 0.11 0 2.532143242391275e-07
0.16 0.12 0 5.528121967092234e-07
0.16 0.13 0 9.68915113299811e-07
0.16 0.14 0 3.605589844842781e-06
0.16 0.15 0 3.1856474002190673e-06
0.16 0.16 0 1.3653295767174935e-06
0.16 0.17 0 7.977815153993621e-07
0.16 0.18 0 3.7408194815893864e-07
0.16 0.19 0 1.019521435065038e-07
0.16 0.2 0 5.853332786654899e-08
0.16 0.21 0 5.96333541130569e-08
0.16 0.22 0 4.718734911993174e-07
0.16 0.23 0 1.1846360017631006e-06
0.16 0.24 0 4.152891073633334e-06
0.16 0.25 0 8.541169418306058e-06
0.16 0.26 0 9.79168673921077e-05
0.16 0.27 0 0.003353664485655325
0.16 0.28 0 0.0037531143587860344
0.16 0.29 0 0.0010569466646664176
0.16 0.3 0 0.00017978140889521375
0.16 0.31 0 0.0002572251872998435
0.16 0.32 0 0.00047964586741799204
0.16 0.33 0 0.0014397733233372874
0.16 0.34 0 0.000597857309106069
0.16 0.35000000000000003 0 2.852146767783699e-05
0.16 0.36 0 2.5567511171179625e-05
0.16 0.37 0 1.7776764165163944e-05
0.16 0.38 0 0.0003977112254712509
0.16 0.39 0 0.0002903008837595576
0.16 0.4 0 0.000322427496123589
0.16 0.41000000000000003 0 0.000766908038347197
0.16 0.42 0 0.00014685089275723114
0.16 0.43 0 0.0002825208453070261
0.16 0.44 0 0.0002541520460381286
0.16 0.45 0 0.00028517799151159793
0.16 0.46 0 0.0015895408875616288
0.16 0.47000000000000003 0 0.0010530096795079657
0.16 0.48 0 0.00019645804008736398
0.16 0.49 0 7.459906777657238e-06
0.16 0.5 0 2.3368305822848762e-06
0.17 0.0 0 3.299583436811857e-08
0.17 0.01 0 1.0318156260225543e-08
0.17 0.02 0 1.0828905988709195e-07
0.17 0.03 0 1.9282777444195986e-07
0.17 0.04 0 1.382070201691841e-07
0.17 0.05 0 2.2007627813575137e-08
0.17 0.06 0 2.4486087316624777e-08
0.17 0.07 0 6.447539064757831e-08
0.17 0.08 0 4.843366672810887e-08
0.17 0.09 0 9.00991051048355e-08
0.17 0.1 0 7.493288663484524e-09
0.17 0.11 0 3.546447565967774e-08
0.17 0.12 0 1.3663559318930544e-06
0.17 0.13 0 1.9331449793276378e-07
0.17 0.14 0 4.195262607739068e-07
0.17 0.15 0 2.9352125833639406e-07
0.17 0.16 0 1.4279433111104804e-06
0.17 0.17 0 5.946928796530323e-07
0.17 0.18 0 3.0422512235964395e-07
0.17 0.19 0 2.6958078416675816e-08
0.17 0.2 0 5.593426585647902e-09
0.17 0.21 0 3.561236356320782e-08
0.17 0.22 0 4.2483504392318873e-07
0.17 0.23 0 3.753873836596544e-07
0.17 0.24 0 2.884933003796462e-05
0.17 0.25 0 3.233578655710768e-05
0.17 0.26 0 0.00010129504873509168
0.17 0.27 0 0.0167755029802202
0.17 0.28 0 0.016790361661568585
0.17 0.29 0 0.021688896937950206
0.17 0.3 0 0.005353383674531045
0.17 0.31 0 0.0021972831653657757
0.17 0.32 0 0.00508340335647509
0.17 0.33 0 0.0022668927266609536
0.17 0.34 0 0.001907173590951873
0.17 0.35000000000000003 0 0.0007622991476146224
0.17 0.36 0 0.0066990977785497
0.17 0.37 0 0.006557490716996126
0.17 0.38 0 0.0017938424922537904
0.17 0.39 0 0.0007000467161324346
0.17 0.4 0 0.0005658448464029555
0.17 0.41000000000000003 0 6.820761506787061e-05
0.17 0.42 0 0.00010335153635400157
0.17 0.43 0 0.0007320495902121732
0.17 0.44 0 0.0012404931788736904
0.17 0.45 0 0.0007858183589605141
0.17 0.46 0 0.0011755924282927405
0.17 0.47000000000000003 0 0.00018074849565268719
0.17 0.48 0 0.0005512390852249882
0.17 0.49 0 0.0009706275431608155
0.17 0.5 0 0.0004476841241399452
0.18 0.0 0 1.142956326759665e-07
0.18 0.01 0 1.7238841057264905e-08
0.18 0.02 0 1.547238923246014e-07
0.18 0.03 0 7.76745610304422e-09
0.18 0.04 0 1.1732351989863694e-08
0.18 0.05 0 4.835890190163947e-08
0.18 0.06 0 4.903650276121777e-08
0.18 0.07 0 6.861119298410679e-08
0.18 0.08 0 3.364266610177815e-08
0.18 0.09 0 5.9497930366994185e-09
0.18 0.1 0 1.257691824576193e-08
0.18 0.11 0 5.468801603847487e-09
0.18 0.12 0 1.85864081575334e-08
0.18 0.13 0 9.970145836348036e-09
0.18 0.14 0 2.3726368575567327e-08
0.18 0.15 0 3.1367350027208755e-09
0.18 0.16 0 1.640192709194821e-09
0.18 0.17 0 1.0891263738596824e-08
0.18 0.18 0 6.075051762283924e-08
0.18 0.19 0 2.1301703762251306e-07
0.18 0.2 0 1.6516338928440035e-07
0.18 0.21 0 7.319702374154367e-08
0.18 0.22 0 3.604720415413857e-07
0.18 0.23 0 1.0632017574609949e-06
0.18 0.24 0 2.355315244634168e-06
0.18 0.25 0 1.6119700116957333e-06
0.18 0.26 0 7.611015461905665e-06
0.18 0.27 0 3.994584836104712e-05
0.18 0.28 0 0.00034661798862133905
0.18 0.29 0 0.0002558865718714309
0.18 0.3 0 0.0027081346405949023
0.18 0.31 0 0.0005891906103068817
0.18 0.32 0 0.00047268043316426255
0.18 0.33 0 0.00032805681363797814
0.18 0.34 0 0.00021321424274757552
0.18 0.35000000000000003 0 0.0007113603488963971
0.18 0.36 0 0.0015304975790353783
0.18 0.37 0 0.005369159649936867
0.18 0.38 0 0.006911857610846907
0.18 0.39 0 0.0005469538749544071
0.18 0.4 0 0.00019220763497374997
0.18 0.41000000000000003 0 0.0002583904585891782
0.18 0.42 0 8.776200935009975e-05
0.18 0.43 0 0.00018428697853641791
0.18 0.44 0 0.0002287248499810407
0.18 0.45 0 0.00024543636663019563
0.18 0.46 0 0.0005735431121820934
0.18 0.47000000000000003 0 0.0009521286152413895
0.18 0.48 0 0.0021852302671947358
0.18 0.49 0 0.0002459439063663961
0.18 0.5 0 0.005304769913705498
0.19 0.0 0 5.652550289723727e-07
0.19 0.01 0 1.7182555108659179e-07
0.19 0.02 0 1.0883130706241597e-07
0.19 0.03 0 1.5379923244141447e-07
0.19 0.04 0 1.6237200920337725e-09
0.19 0.05 0 4.963332157602691e-10
0.19 0.06 0 1.7451280591435624e-09
0.19 0.07 0 6.903391782365881e-11
0.19 0.08 0 3.2111616884525935e-10
0.19 0.09 0 3.2231343584479464e-10
0.19 0.1 0 1.8344427092091254e-09
0.19 0.11 0 2.1044798650901425e-08
0.19 0.12 0 1.1932084507292256e-07
0.19 0.13 0 2.1532178286172428e-08
0.19 0.14 0 1.1401899057556907e-08
0.19 0.15 0 4.427829729018021e-09
0.19 0.16 0 4.318442982490244e-08
0.19 0.17 0 2.96032613404427e-08
0.19 0.18 0 7.1620615038686605e-09
0.19 0.19 0 3.365204886944284e-08
0.19 0.2 0 2.299765289023913e-08
0.19 0.21 0 6.742885395561211e-08
0.19 0.22 0 4.1269982237695134e-07
0.19 0.23 0 1.4145608079021638e-07
0.19 0.24 0 4.90706677583167e-07
0.19 0.25 0 4.929135378165163e-06
0.19 0.26 0 1.4966677056664e-05
0.19 0.27 0 1.9363685653910904e-06
0.19 0.28 0 1.3023225795267162e-05
0.19 0.29 0 2.2800360148818353e-05
0.19 0.3 0 0.0008586253715728695
0.19 0.31 0 0.0012788268806234043
0.19 0.32 0 0.004673682721384063
0.19 0.33 0 0.0017932468806606365
0.19 0.34 0 0.00043918683806258005
0.19 0.35000000000000003 0 0.0013493871384512863
0.19 0.36 0 0.0006868309738157071
0.19 0.37 0 0.005737306297664333
0.19 0.38 0 0.015142383904098364
0.19 0.39 0 0.001775569546611548
0.19 0.4 0 0.0009837232923575066
0.19 0.41000000000000003 0 0.0005039241455391841
0.19 0.42 0 0.00011858146159173031
0.19 0.43 0 0.0001821041896403297
0.19 0.44 0 0.001912140603603671
0.19 0.45 0 0.011758681260745477
0.19 0.46 0 0.01808619439717171
0.19 0.47000000000000003 0 0.0019175845258443003
0.19 0.48 0 0.00307584022768112
0.19 0.49 0 0.00045388398081275006
0.19 0.5 0 0.0007710252220717343
0.2 0.0 0 5.59327558840814e-08
0.2 0.01 0 8.57002314042884e-08
0.2 0.02 0 3.3311851711212005e-08
0.2 0.03 0 8.183582257466435e-08
0.2 0.04 0 2.373048604461231e-08
0.2 0.05 0 1.3896363046197426e-08
0.2 0.06 0 5.383188425759238e-08
0.2 0.07 0 2.792380088707295e-09
0.2 0.08 0 4.539006391074436e-09
0.2 0.09 0 9.013767419705506e-09
0.2 0.1 0 4.4172777070349954e-07
0.2 0.11 0 7.262704228339341e-08
0.2 0.12 0 4.829374344491592e-08
0.2 0.13 0 6.482994935526147e-08
0.2 0.14 0 4.246358072056346e-08
0.2 0.15 0 3.913776833089185e-08
0.2 0.16 0 5.7285226535913205e-08
0.2 0.17 0 3.224661298802577e-08
0.2 0.18 0 6.120640534203365e-08
0.2 0.19 0 1.6861343225063194e-08
0.2 0.2 0 3.978053717818847e-08
0.2 0.21 0 2.038867945325585e-07
0.2 0.22 0 4.953110070168682e-08
0.2 0.23 0 2.7235915434019325e-07
0.2 0.24 0 5.805742597116034e-07
0.2 0.25 0 2.347529525482972e-06
0.2 0.26 0 3.756723701401417e-05
0.2 0.27 0 1.9464671517860253e-06
0.2 0.28 0 5.521785641867656e-06
0.2 0.29 0 7.06396009723513e-05
0.2 0.3 0 0.0013400278779749138
0.2 0.31 0 0.0001264650522514454
0.2 0.32 0 4.352961362836306e-05
0.2 0.33 0 7.3378764126308634e-06
0.2 0.34 0 1.698266295336503e-05
0.2 0.35000000000000003 0 5.1391843921638995e-05
0.2 0.36 0 0.0002379399417982071
0.2 0.37 0 0.00046631631061282126
0.2 0.38 0 0.00043380689508407697
0.2 0.39 0 0.0001165202758538405
0.2 0.4 0 0.00017063895541077784
0.2 0.41000000000000003 0 0.00022354538792008003
0.2 0.42 0 0.0007068675305956849
0.2 0.43 0 0.00045782416423651644
0.2 0.44 0 0.0010410906672986948
0.2 0.45 0 0.0024420786409793437
0.2 0.46 0 0.0008935737826580986
0.2 0.47000000000000003 0 0.02217379784548983
0.2 0.48 0 0.07263914125877802
0.2 0.49 0 0.001882744412605127
0.2 0.5 0 0.003765863856294053
0.21 0.0 0 1.120783461023136e-06
0.21 0.01 0 1.1580343570172301e-06
0.21 0.02 0 1.9134899896333252e-06
0.21 0.03 0 1.6186678894164613e-06
0.21 0.04 0 4.481525550490987e-06
0.21 0.05 0 3.878712989857828e-07
0.21 0.06 0 2.1236929478598548e-07
0.21 0.07 0 3.7303774769687083e-07
0.21 0.08 0 7.393123646601252e-08
0.21 0.09 0 1.771930438769046e-07
0.21 0.1 0 1.1526127998744679e-06
0.21 0.11 0 2.943360458236638e-07
0.21 0.12 0 2.1087108889267036e-08
0.21 0.13 0 6.204724504398867e-09
0.21 0.14 0 1.4084212595702415e-08
0.21 0.15 0 1.3206088717832802e-08
0.21 0.16 0 5.953867249602374e-08
0.21 0.17 0 4.6812840633762345e-08
0.21 0.18 0 7.624032380134967e-08
0.21 0.19 0 1.499858863229161e-07
0.21 0.2 0 4.2094670091162415e-07
0.21 0.21 0 1.5525069820706788e-07
0.21 0.22 0 1.9319629608555314e-06
0.21 0.23 0 3.5604885125451113e-06
0.21 0.24 0 1.4150807398379656e-06
0.21 0.25 0 4.0921937765175895e-06
0.21 0.26 0 1.4092025519482564e-06
0.21 0.27 0 7.050957073624214e-07
0.21 0.28 0 8.335120125218338e-06
0.21 0.29 0 6.646437306817351e-06
0.21 0.3 0 2.8908904209051266e-05
0.21 0.31 0 0.0001087472510177089
0.21 0.32 0 4.386335974351108e-05
0.21 0.33 0 3.619349764518552e-06
0.21 0.34 0 5.1792807544783635e-06
0.21 0.35000000000000003 0 3.7560054035596e-05
0.21 0.36 0 0.0003240030507976055
0.21 0.37 0 0.0003052292161608072
0.21 0.38 0 0.00011423269822340142
0.21 0.39 0 3.002211194106677e-05
0.21 0.4 0 0.0002529022745494442
0.21 0.41000000000000003 0 0.0010044041751725982
0.21 0.42 0 0.0002715131112038778
0.21 0.43 0 4.502552120807207e-05
0.21 0.44 0 0.003454515333608435
0.21 0.45 0 0.0027492090039288246
0.21 0.46 0 0.00045609010670693
0.21 0.47000000000000003 0 0.006004099169200985
0.21 0.48 0 0.0005462052974147582
0.21 0.49 0 7.217655988682255e-05
0.21 0.5 0 0.00020013052027101038
0.22 0.0 0 6.756151536721372e-07
0.22 0.01 0 1.2256768364626094e-07
0.22 0.02 0 2.0925570926212986e-07
0.22 0.03 0 9.057984423160173e-08
0.22 0.04 0 5.454130509351223e-09
0.22 0.05 0 1.557463685474106e-07
0.22 0.06 0 3.60143118485335e-07
0.22 0.07 0 1.1281547814253342e-06
0.22 0.08 0 1.4666030246071592e-06
0.22 0.09 0 5.416725182280367e-07
0.22 0.1 0 1.1728815820550266e-06
0.22 0.11 0 1.1665786334886962e-06
0.22 0.12 0 3.89003890838366e-07
0.22 0.13 0 2.6927396829878364e-07
0.22 0.14 0 9.958876678447764e-08
0.22 0.15 0 2.578431337177001e-07
0.22 0.16 0 8.634912116671835e-07
0.22 0.17 0 6.469367190722043e-07
0.22 0.18 0 3.4243681990221848e-06
0.22 0.19 0 3.886529929939986e-07
0.22 0.2 0 9.74736012035157e-07
0.22 0.21 0 1.114684289964447e-06
0.22 0.22 0 1.311930520440153e-06
0.22 0.23 0 2.3690017937695283e-06
0.22 0.24 0 6.502491426005133e-06
0.22 0.25 0 5.985450824137582e-05
0.22 0.26 0 8.791420845359005e-06
0.22 0.27 0 1.4451006632082908e-06
0.22 0.28 0 1.0594806784149254e-05
0.22 0.29 0 0.00018364154316025333
0.22 0.3 0 2.2505961198336587e-05
0.22 0.31 0 1.0972711336520502e-05
0.22 0.32 0 4.039314088006611e-06
0.22 0.33 0 3.6973306200168135e-06
0.22 0.34 0 6.853506555634058e-05
0.22 0.35000000000000003 0 6.995892926327364e-05
0.22 0.36 0 5.8783375592409485e-05
0.22 0.37 0 8.007509927403818e-05
0.22 0.38 0 0.00040539028406203826
0.22 0.39 0 0.00016792924676754413
0.22 0.4 0 0.0007744326038071907
0.22 0.41000000000000003 0 0.00010698986591619628
0.22 0.42 0 0.00022255993703348988
0.22 0.43 0 0.00033640952859569437
0.22 0.44 0 0.00020882154498610072
0.22 0.45 0 0.0017431907299679087
0.22 0.46 0 0.0036055462587183396
0.22 0.47000000000000003 0 0.0004774229985641288
0.22 0.48 0 0.00012248917789422202
0.22 0.49 0 3.482858063199497e-05
0.22 0.5 0 2.2830244927028776e-05
0.23 0.0 0 7.493171387357325e-08
0.23 0.01 0 1.338896295659642e-08
0.23 0.02 0 2.2075249938202042e-08
0.23 0.03 0 1.965120149770806e-08
0.23 0.04 0 1.0048563438528802e-07
0.23 0.05 0 1.0003939554831667e-07
0.23 0.06 0 4.5917363200812833e-07
0.23 0.07 0 5.542865884343506e-06
0.23 0.08 0 3.513451505048802e-06
0.23 0.09 0 0.00017702479850854788
0.23 0.1 0 0.00040847528439504256
0.23 0.11 0 5.054121791971489e-06
0.23 0.12 0 6.152915593251261e-07
0.23 0.13 0 2.1437849491729498e-06
0.23 0.14 0 2.4153990421622856e-07
0.23 0.15 0 6.464012328067734e-08
0.23 0.16 0 1.8732472196554045e-08
0.23 0.17 0 2.8684440363617833e-08
0.23 0.18 0 1.0213326234829401e-07
0.23 0.19 0 6.993492128854499e-08
0.23 0.2 0 6.832256990401318e-07
0.23 0.21 0 1.9585587493712488e-07
0.23 0.22 0 1.1688689555857432e-07
0.23 0.23 0 1.1242194604417476e-06
0.23 0.24 0 4.781653686753504e-07
0.23 0.25 0 1.005175814676047e-06
0.23 0.26 0 4.6718245082903945e-05
0.23 0.27 0 8.954146276281993e-05
0.23 0.28 0 8.759675542913703e-05
0.23 0.29 0 0.00014865505703847584
0.23 0.3 0 5.85706153596889e-06
0.23 0.31 0 2.238054111744234e-06
0.23 0.32 0 1.5328513254110175e-05
0.23 0.33 0 1.2726050622548887e-05
0.23 0.34 0 9.776268879869158e-06
0.23 0.35000000000000003 0 5.3459008337434195e-06
0.23 0.36 0 9.834748417833946e-05
0.23 0.37 0 1.8491669711021705e-05
0.23 0.38 0 1.092621582515388e-06
0.23 0.39 0 3.969615859156859e-06
0.23 0.4 0 8.435200378479336e-06
0.23 0.41000000000000003 0 0.00011519824831387005
0.23 0.42 0 2.055186672045333e-05
0.23 0.43 0 9.362332692886308e-06
0.23 0.44 0 0.00025848614199612335
0.23 0.45 0 9.123705283722791e-05
0.23 0.46 0 0.0004345561940982636
0.23 0.47000000000000003 0 0.0006546005042807597
0.23 0.48 0 7.842369604495596e-05
0.23 0.49 0 3.364877100299354e-05
0.23 0.5 0 5.57463904647417e-05
0.24 0.0 0 1.1233093102764395e-08
0.24 0.01 0 2.4463953578035524e-08
0.24 0.02 0 4.813125599525901e-09
0.24 0.03 0 1.7966002382198366e-08
0.24 0.04 0 1.0229832672368593e-07
0.24 0.05 0 8.419052447268272e-08
0.24 0.06 0 2.1515168861681556e-07
0.24 0.07 0 1.2055825503025958e-05
0.24 0.08 0 5.596252886089592e-05
0.24 0.09 0 5.113201461315643e-05
0.24 0.1 0 6.636479502179302e-05
0.24 0.11 0 1.7279085919273122e-05
0.24 0.12 0 1.5819702223378827e-05
0.24 0.13 0 6.433219930280529e-05
0.24 0.14 0 1.0505779848683834e-05
0.24 0.15 0 1.0035037554840156e-07
0.24 0.16 0 6.177088028861701e-07
0.24 0.17 0 1.294403540027166e-05
0.24 0.18 0 2.0362846931348194e-06
0.24 0.19 0 1.1151535801276242e-06
0.24 0.2 0 2.495436147337355e-06
0.24 0.21 0 9.087249538609836e-06
0.24 0.22 0 5.775780267675856e-06
0.24 0.23 0 2.06889776822404e-06
0.24 0.24 0 8.335473738664964e-06
0.24 0.25 0 2.4657432644892837e-05
0.24 0.26 0 2.449808548580588e-06
0.24 0.27 0 7.455074489616094e-06
0.24 0.28 0 1.2172480871084786e-05
0.24 0.29 0 3.3129223411012028e-06
0.24 0.3 0 1.522586739491947e-05
0.24 0.31 0 8.247115035600946e-06
0.24 0.32 0 1.3857359817552608e-06
0.24 0.33 0 1.57856895086104e-07
0.24 0.34 0 9.64799681345524e-08
0.24 0.35000000000000003 0 1.855552818856381e-06
0.24 0.36 0 7.125880360170453e-06
0.24 0.37 0 1.624325080659686e-06
0.24 0.38 0 2.9579390045293847e-07
0.24 0.39 0 6.400198749145283e-07
0.24 0.4 0 1.4251505095763918e-06
0.24 0.41000000000000003 0 8.22302669927591e-06
0.24 0.42 0 1.9323973169098205e-06
0.24 0.43 0 3.470920136860039e-05
0.24 0.44 0 0.00040292034920903796
0.24 0.45 0 0.0002813063669237883
0.24 0.46 0 0.00084087071979308
0.24 0.47000000000000003 0 0.00013311965240037478
0.24 0.48 0 0.0004060046289090473
0.24 0.49 0 7.857431360111827e-05
0.24 0.5 0 1.7188019985442456e-06
0.25 0.0 0 1.915477098480485e-09
0.25 0.01 0 2.4581110721111033e-08
0.25 0.02 0 4.2220244043415423e-08
0.25 0.03 0 1.634017616133901e-08
0.25 0.04 0 1.6290241906245086e-08
0.25 0.05 0 1.367851274986075e-07
0.25 0.06 0 2.582088144569121e-07
0.25 0.07 0 6.127814353703333e-07
0.25 0.08 0 1.1783762828332515e-05
0.25 0.09 0 1.6063106488360297e-05
0.25 0.1 0 6.533558595377276e-05
0.25 0.11 0 9.347095224740152e-06
0.25 0.12 0 3.519829626819264e-06
0.25 0.13 0 4.774841240269746e-06
0.25 0.14 0 1.3682751247310003e-05
0.25 0.15 0 2.9525433323664863e-05
0.25 0.16 0 3.245163555199498e-05
0.25 0.17 0 1.9459519458941134e-05
0.25 0.18 0 4.937840825628484e-06
0.25 0.19 0 7.212750320298538e-06
0.25 0.2 0 1.7357810664164663e-06
0.25 0.21 0 6.065410691397118e-06
0.25 0.22 0 1.8174836700018383e-06
0.25 0.23 0 1.9236366824920845e-05
0.25 0.24 0 2.8615817450131006e-05
0.25 0.25 0 3.317515692812431e-06
0.25 0.26 0 4.6846116380868293e-07
0.25 0.27 0 5.175415099560652e-07
0.25 0.28 0 4.593080946496367e-06
0.25 0.29 0 1.541528540230111e-05
0.25 0.3 0 5.376826795817917e-05
0.25 0.31 0 5.3270398901740954e-05
0.25 0.32 0 2.591257860608119e-05
0.25 0.33 0 1.6840829534729053e-06
0.25 0.34 0 1.0679701543477275e-06
0.25 0.35000000000000003 0 3.493531302045754e-06
0.25 0.36 0 5.246584587290968e-06
0.25 0.37 0 4.443530373303867e-06
0.25 0.38 0 4.835385610131908e-06
0.25 0.39 0 3.376318262762874e-05
0.25 0.4 0 1.305114912516685e-05
0.25 0.41000000000000003 0 1.0212209015747703e-05
0.25 0.42 0 6.792738021335631e-05
0.25 0.43 0 0.0012103509364549713
0.25 0.44 0 6.040102241554493e-05
0.25 0.45 0 0.00017758291563994694
0.25 0.46 0 0.00026763381336674367
0.25 0.47000000000000003 0 6.658196888341887e-05
0.25 0.48 0 4.03744809873736e-05
0.25 0.49 0 1.2596628755273598e-06
0.25 0.5 0 7.004338597804342e-07
0.26 0.0 0 5.06200863927504e-09
0.26 0.01 0 1.3029367629613789e-08
0.26 0.02 0 1.3701791793756858e-08
0.26 0.03 0 1.0789633049652392e-07
0.26 0.04 0 4.185992281000334e-08
0.26 0.05 0 5.781657104185537e-08
0.26 0.06 0 5.585055499535218e-07
0.26 0.07 0 3.6204964486905344e-07
0.26 0.08 0 7.599634279262552e-07
0.26 0.09 0 1.3514338109604171e-06
0.26 0.1 0 4.2785045963772754e-07
0.26 0.11 0 1.8435757021448324e-06
0.26 0.12 0 5.87058411916878e-06
0.26 0.13 0 2.6984249223460446e-06
0.26 0.14 0 4.7303501815766855e-06
0.26 0.15 0 8.371659546970526e-06
0.26 0.16 0 8.359188337667569e-05
0.26 0.17 0 2.892136423937272e-05
0.26 0.18 0 1.4477585729085178e-06
0.26 0.19 0 3.555661922623601e-06
0.26 0.2 0 1.8793806170141837e-05
0.26 0.21 0 3.089744885473041e-05
0.26 0.22 0 1.335107945786316e-05
0.26 0.23 0 1.6286218212934043e-05
0.26 0.24 0 5.098692435452389e-05
0.26 0.25 0 0.0001270327612810728
0.26 0.26 0 6.965484925198482e-05
0.26 0.27 0 1.709239858860632e-05
0.26 0.28 0 1.6274104382556625e-05
0.26 0.29 0 9.727822824654652e-06
0.26 0.3 0 7.859156375095053e-06
0.26 0.31 0 1.4433388309268875e-05
0.26 0.32 0 1.2131915195778141e-05
0.26 0.33 0 0.00018317832670194833
0.26 0.34 0 3.6604597279639176e-05
0.26 0.35000000000000003 0 5.41956184657025e-06
0.26 0.36 0 3.738992201119617e-06
0.26 0.37 0 2.8174959107708417e-07
0.26 0.38 0 4.631685327695045e-06
0.26 0.39 0 6.722887371624992e-06
0.26 0.4 0 2.4308607924419568e-06
0.26 0.41000000000000003 0 1.9839437334343697e-05
0.26 0.42 0 7.547197016788764e-06
0.26 0.43 0 0.00015933894402372098
0.26 0.44 0 0.0003210643201561617
0.26 0.45 0 0.00014434592006738517
0.26 0.46 0 0.00037049901992829186
0.26 0.47000000000000003 0 5.657045443177915e-05
0.26 0.48 0 2.486667752188185e-05
0.26 0.49 0 2.0752710013830987e-05
0.26 0.5 0 1.1549966037105133e-06
0.27 0.0 0 3.211435427281906e-08
0.27 0.01 0 3.949310160560404e-08
0.27 0.02 0 1.1549658280484678e-08
0.27 0.03 0 3.645780470596539e-08
0.27 0.04 0 3.1105039233679286e-07
0.27 0.05 0 3.40637242715164e-07
0.27 0.06 0 2.1662012199617738e-07
0.27 0.07 0 4.395943328080756e-08
0.27 0.08 0 1.4210656251750663e-07
0.27 0.09 0 4.453701334345741e-06
0.27 0.1 0 4.169903872595104e-06
0.27 0.11 0 5.165717635533685e-06
0.27 0.12 0 2.0670928906585337e-06
0.27 0.13 0 1.850883011019637e-05
0.27 0.14 0 0.0016764375026051784
0.27 0.15 0 0.000311646005641212
0.27 0.16 0 0.0005004083665423989
0.27 0.17 0 0.00019261614638465616
0.27 0.18 0 6.22107124167983e-05
0.27 0.19 0 0.00010085333641492431
0.27 0.2 0 5.387817983023936e-05
0.27 0.21 0 6.981747687754216e-06
0.27 0.22 0 9.935695702223428e-07
0.27 0.23 0 5.528158711864112e-07
0.27 0.24 0 1.3819498835033177e-05
0.27 0.25 0 2.335613751693898e-06
0.27 0.26 0 2.752419024560102e-06
0.27 0.27 0 0.0003494925889527214
0.27 0.28 0 4.13938597730577e-05
0.27 0.29 0 3.0041388751025544e-05
0.27 0.3 0 7.75669902745715e-06
0.27 0.31 0 2.698170139211852e-06
0.27 0.32 0 2.778492960178843e-06
0.27 0.33 0 1.7132693132459592e-05
0.27 0.34 0 0.0001364344631102536
0.27 0.35000000000000003 0 9.913727908967468e-06
0.27 0.36 0 6.78042258188779e-07
0.27 0.37 0 3.2881121025882435e-07
0.27 0.38 0 9.084402886250214e-07
0.27 0.39 0 9.277339801214142e-06
0.27 0.4 0 1.9568795104959926e-05
0.27 0.41000000000000003 0 2.391843037791886e-06
0.27 0.42 0 3.629236911192833e-05
0.27 0.43 0 3.143665582047103e-05
0.27 0.44 0 1.3659482468362268e-05
0.27 0.45 0 9.314992212046612e-05
0.27 0.46 0 0.0002899145437522028
0.27 0.47000000000000003 0 0.000555014347925328
0.27 0.48 0 2.6303612952565578e-05
0.27 0.49 0 1.7143921427770976e-05
0.27 0.5 0 7.352915493597294e-07
0.28 0.0 0 2.2068380421501286e-05
0.28 0.01 0 3.4708916115536854e-06
0.28 0.02 0 1.8799013077707792e-06
0.28 0.03 0 1.3573373871454762e-07
0.28 0.04 0 3.294050070231165e-07
0.28 0.05 0 2.5016914694800546e-07
0.28 0.06 0 2.234704518098836e-08
0.28 0.07 0 3.530464324360312e-07
0.28 0.08 0 1.0202698538392586e-05
0.28 0.09 0 8.216874070708803e-05
0.28 0.1 0 3.491217980970431e-05
0.28 0.11 0 9.35250663274113e-05
0.28 0.12 0 0.00010918315506990577
0.28 0.13 0 6.974848366987575e-05
0.28 0.14 0 0.00015607089754762063
0.28 0.15 0 0.002047445063483872
0.28 0.16 0 0.000557072573132972
0.28 0.17 0 0.00012142165616617875
0.28 0.18 0 0.00020504777678857666
0.28 0.19 0 3.0333257457268557e-05
0.28 0.2 0 8.769010882969571e-05
0.28 0.21 0 5.308848908981956e-05
0.28 0.22 0 9.576792008459843e-05
0.28 0.23 0 0.00013346698630477657
0.28 0.24 0 0.00010780286136508337
0.28 0.25 0 6.7075801446350044e-06
0.28 0.26 0 1.6689743575660025e-05
0.28 0.27 0 0.0004247681408614847
0.28 0.28 0 0.0002982472855841852
0.28 0.29 0 8.075640507510995e-05
0.28 0.3 0 7.02533188280852e-05
0.28 0.31 0 0.0002073475325966556
0.28 0.32 0 4.493308263787633e-05
0.28 0.33 0 2.4471572533280236e-05
0.28 0.34 0 1.8296441164802378e-05
0.28 0.35000000000000003 0 2.3642107292570727e-05
0.28 0.36 0 3.9265218404339343e-05
0.28 0.37 0 1.6584416934981402e-05
0.28 0.38 0 4.021139423346876e-06
0.28 0.39 0 1.0142723029923993e-05
0.28 0.4 0 3.253354647080762e-05
0.28 0.41000000000000003 0 4.82975831776609e-06
0.28 0.42 0 7.468764748835799e-05
0.28 0.43 0 3.182385658615916e-05
0.28 0.44 0 4.1089951702558705e-05
0.28 0.45 0 0.0004969763000026263
0.28 0.46 0 3.0295119547186187e-05
0.28 0.47000000000000003 0 4.676092069226137e-05
0.28 0.48 0 6.865877967052227e-06
0.28 0.49 0 4.263223482780918e-06
0.28 0.5 0 1.3422564025818697e-05
0.29 0.0 0 4.882165803676108e-05
0.29 0.01 0 5.712321425236255e-06
0.29 0.02 0 1.1505068110070082e-05
0.29 0.03 0 1.313820144902458e-05
0.29 0.04 0 1.6658110246006797e-06
0.29 0.05 0 4.5043914320818436e-07
0.29 0.06 0 1.180160786293995e-06
0.29 0.07 0 1.5993611012162826e-05
0.29 0.08 0 0.0002645997078152249
0.29 0.09 0 0.00010826048227625213
0.29 0.1 0 5.831701612389778e-06
0.29 0.11 0 1.574326805790785e-05
0.29 0.12 0 8.736754496725192e-06
0.29 0.13 0 4.878821888599364e-06
0.29 0.14 0 1.2434500705568297e-05
0.29 0.15 0 1.867725341045852e-05
0.29 0.16 0 8.272176250187662e-05
0.29 0.17 0 0.00031888835477682063
0.29 0.18 0 0.0011052256132738842
0.29 0.19 0 0.00045021948795307776
0.29 0.2 0 0.0015162552807378388
0.29 0.21 0 0.0014731997397885532
0.29 0.22 0 0.002617449400249405
0.29 0.23 0 0.0006318988340703954
0.29 0.24 0 5.427312525045165e-05
0.29 0.25 0 1.1677020958231292e-05
0.29 0.26 0 7.421757876158893e-06
0.29 0.27 0 1.6714702382994136e-05
0.29 0.28 0 2.0978436717612385e-05
0.29 0.29 0 2.9744712551776987e-05
0.29 0.3 0 6.782735944818718e-05
0.29 0.31 0 1.4670283650351008e-05
0.29 0.32 0 3.9792709599363834e-06
0.29 0.33 0 1.5509286752042474e-05
0.29 0.34 0 0.002003718134707808
0.29 0.35000000000000003 0 0.0040855208476768545
0.29 0.36 0 0.0006807347734505356
0.29 0.37 0 0.0005166864876624318
0.29 0.38 0 0.0007688497602320134
0.29 0.39 0 0.00021542400206463102
0.29 0.4 0 0.00011111058656328728
0.29 0.41000000000000003 0 3.3415321614443645e-05
0.29 0.42 0 4.053912542605486e-05
0.29 0.43 0 2.089118011456862e-05
0.29 0.44 0 8.986503135950085e-05
0.29 0.45 0 0.0009221113161137343
0.29 0.46 0 0.00028553386410646307
0.29 0.47000000000000003 0 3.539810287247133e-05
0.29 0.48 0 4.656860397582262e-05
0.29 0.49 0 5.858150850954558e-05
0.29 0.5 0 8.923507654214215e-05
0.3 0.0 0 5.608104525442808e-06
0.3 0.01 0 1.9905519711439554e-06
0.3 0.02 0 1.0034068961055748e-06
0.3 0.03 0 3.8082204837192265e-07
0.3 0.04 0 7.131867699850865e-08
0.3 0.05 0 3.83566444516611e-09
0.3 0.06 0 4.4112756034069526e-08
0.3 0.07 0 1.4851762140062453e-06
0.3 0.08 0 1.5390649721959353e-05
0.3 0.09 0 3.641735754240169e-05
0.3 0.1 0 1.5252480352889097e-05
0.3 0.11 0 3.0669998240645124e-06
0.3 0.12 0 3.689840440626879e-06
0.3 0.13 0 2.4939108476841502e-06
0.3 0.14 0 3.7562574512012854e-06
0.3 0.15 0 5.722136636841721e-06
0.3 0.16 0 3.7973707049330016e-06
0.3 0.17 0 1.6349180878707391e-06
0.3 0.18 0 0.00014398899814728326
0.3 0.19 0 0.0010726514817698584
0.3 0.2 0 0.0003711055544995896
0.3 0.21 0 0.00028347572565453043
0.3 0.22 0 5.1183818096197075e-06
0.3 0.23 0 4.017770900285471e-06
0.3 0.24 0 1.4821378153727686e-06
0.3 0.25 0 7.228014831046612e-07
0.3 0.26 0 1.3310280198765038e-05
0.3 0.27 0 4.118089403908762e-06
0.3 0.28 0 1.5305098098843745e-05
0.3 0.29 0 2.1857307431946028e-05
0.3 0.3 0 1.4579497124144396e-05
0.3 0.31 0 1.959963786196178e-05
0.3 0.32 0 0.00028706539441860013
0.3 0.33 0 0.00010294839685931045
0.3 0.34 0 0.00031980478054086813
0.3 0.35000000000000003 0 0.0002121760646006952
0.3 0.36 0 0.0011064807131858864
0.3 0.37 0 0.003973039495207389
0.3 0.38 0 0.0014308801496970324
0.3 0.39 0 0.0004289033679445132
0.3 0.4 0 0.00010976959366680666
0.3 0.41000000000000003 0 0.00026158899216961734
0.3 0.42 0 0.0004507367915020093
0.3 0.43 0 0.0005846072080277529
0.3 0.44 0 0.0006281297768940714
0.3 0.45 0 0.0008165615542178558
0.3 0.46 0 0.0002729868417451474
0.3 0.47000000000000003 0 5.665263854636886e-05
0.3 0.48 0 0.0002216267809755623
0.3 0.49 0 0.00037568382318163714
0.3 0.5 0 0.0004554006398000463
#STOP
