#MEDIUM_PROPERTIES_DISTRIBUTED
$MSH_TYPE
	 GROUNDWATER_FLOW	
$MMP_TYPE
	 PERMEABILITY	
$DIS_TYPE
	 NEAREST_VALUE	
;hj
$CONVERSION_FACTOR
	 1.0	
$DATA
0.0 0.0 0 1.670046170214954e-06
0.0 0.01 0 2.0870642052408343e-06
0.0 0.02 0 2.053625245562004e-06
0.0 0.03 0 2.404311098788923e-06
0.0 0.04 0 2.9600650367345453e-06
0.0 0.05 0 2.100224726695492e-06
0.0 0.06 0 2.348039434659513e-06
0.0 0.07 0 2.770709946718232e-06
0.0 0.08 0 2.762429983796756e-06
0.0 0.09 0 2.306493143790844e-06
0.0 0.1 0 2.080154078355409e-06
0.0 0.11 0 2.381687554790068e-06
0.0 0.12 0 2.1174827566067904e-06
0.0 0.13 0 1.8312632785028967e-06
0.0 0.14 0 1.4486617544600905e-06
0.0 0.15 0 1.8323176472227804e-06
0.0 0.16 0 1.4303610291116649e-06
0.0 0.17 0 1.5326297322554975e-06
0.0 0.18 0 1.9034264543081346e-06
0.0 0.19 0 1.8714139342075702e-06
0.0 0.2 0 2.476875375423296e-06
0.0 0.21 0 2.132051954907516e-06
0.0 0.22 0 1.4004129399193058e-06
0.0 0.23 0 1.5046598444812562e-06
0.0 0.24 0 1.2452167644907459e-06
0.0 0.25 0 1.116900287635681e-06
0.0 0.26 0 1.1950764511285625e-06
0.0 0.27 0 1.4906448462657231e-06
0.0 0.28 0 1.426681669004284e-06
0.0 0.29 0 1.5909797384112733e-06
0.0 0.3 0 1.2600879648615926e-06
0.0 0.31 0 1.5460561115852706e-06
0.0 0.32 0 1.475422965275258e-06
0.0 0.33 0 1.0634102413690455e-06
0.0 0.34 0 9.828123071156266e-07
0.0 0.35000000000000003 0 1.4571560355730897e-06
0.0 0.36 0 1.5538060608004351e-06
0.0 0.37 0 1.5196277602082625e-06
0.0 0.38 0 1.2709456476728733e-06
0.0 0.39 0 1.2907554960631172e-06
0.0 0.4 0 1.243508887949459e-06
0.0 0.41000000000000003 0 1.1932545815923197e-06
0.0 0.42 0 1.1561137741811368e-06
0.0 0.43 0 1.5574914768508657e-06
0.0 0.44 0 1.7764681146807756e-06
0.0 0.45 0 1.839492043063578e-06
0.0 0.46 0 1.886028020580254e-06
0.0 0.47000000000000003 0 1.8662420393303555e-06
0.0 0.48 0 2.694912987860442e-06
0.0 0.49 0 2.1024767738397867e-06
0.0 0.5 0 1.8301658014070497e-06
0.01 0.0 0 1.6386785532116247e-06
0.01 0.01 0 1.6930398620436035e-06
0.01 0.02 0 2.016696989543097e-06
0.01 0.03 0 2.073546374489672e-06
0.01 0.04 0 2.1861648736784546e-06
0.01 0.05 0 2.01119073412021e-06
0.01 0.06 0 1.59173350578386e-06
0.01 0.07 0 1.789160948606997e-06
0.01 0.08 0 1.6033301078747604e-06
0.01 0.09 0 1.2533299895471752e-06
0.01 0.1 0 1.32673650329415e-06
0.01 0.11 0 1.4625760399559368e-06
0.01 0.12 0 1.3232512967898845e-06
0.01 0.13 0 1.7595389311553386e-06
0.01 0.14 0 1.564585478334216e-06
0.01 0.15 0 1.7635969266323065e-06
0.01 0.16 0 1.8746076284006889e-06
0.01 0.17 0 1.5917038865322669e-06
0.01 0.18 0 1.6826358170847308e-06
0.01 0.19 0 1.8997572376867514e-06
0.01 0.2 0 1.6789447366461455e-06
0.01 0.21 0 1.1708603472531402e-06
0.01 0.22 0 1.0240500361069774e-06
0.01 0.23 0 9.72200252904193e-07
0.01 0.24 0 1.079463182866837e-06
0.01 0.25 0 1.3183918275921957e-06
0.01 0.26 0 1.5573009354286933e-06
0.01 0.27 0 2.0087005804513914e-06
0.01 0.28 0 1.9357199677974375e-06
0.01 0.29 0 1.6158604471028457e-06
0.01 0.3 0 1.7739703646622427e-06
0.01 0.31 0 1.5699954171357669e-06
0.01 0.32 0 1.8013307578624158e-06
0.01 0.33 0 1.7192860786970724e-06
0.01 0.34 0 1.5529507715316636e-06
0.01 0.35000000000000003 0 1.5915473449825234e-06
0.01 0.36 0 1.392902515335486e-06
0.01 0.37 0 1.697061618241703e-06
0.01 0.38 0 1.317724268065273e-06
0.01 0.39 0 1.1350356778067572e-06
0.01 0.4 0 1.3182761144786074e-06
0.01 0.41000000000000003 0 1.4645850208656065e-06
0.01 0.42 0 1.216503146115758e-06
0.01 0.43 0 1.5081974890366777e-06
0.01 0.44 0 1.9957764295456374e-06
0.01 0.45 0 1.8898408511684547e-06
0.01 0.46 0 2.1294020435291663e-06
0.01 0.47000000000000003 0 1.914228338735116e-06
0.01 0.48 0 1.6951712570565036e-06
0.01 0.49 0 1.7174659232200145e-06
0.01 0.5 0 1.5568972638129663e-06
0.02 0.0 0 2.237493116719294e-06
0.02 0.01 0 2.0657408110811427e-06
0.02 0.02 0 1.8056361181421758e-06
0.02 0.03 0 1.8024242793463606e-06
0.02 0.04 0 1.7442348750200922e-06
0.02 0.05 0 1.8157810372628728e-06
0.02 0.06 0 1.931452692682588e-06
0.02 0.07 0 1.6997703912147858e-06
0.02 0.08 0 1.4310988483303193e-06
0.02 0.09 0 1.2609598851874142e-06
0.02 0.1 0 1.0209462316451064e-06
0.02 0.11 0 1.0389318792687683e-06
0.02 0.12 0 1.2378335801294847e-06
0.02 0.13 0 1.7042047127399081e-06
0.02 0.14 0 1.6174152520613549e-06
0.02 0.15 0 1.7439858706065734e-06
0.02 0.16 0 1.4680306816792594e-06
0.02 0.17 0 1.254696028304641e-06
0.02 0.18 0 1.3053299331222883e-06
0.02 0.19 0 1.290547884446056e-06
0.02 0.2 0 1.5048763654646494e-06
0.02 0.21 0 1.1626952201925369e-06
0.02 0.22 0 1.1012745686706928e-06
0.02 0.23 0 1.1245661614069624e-06
0.02 0.24 0 1.0295335378980098e-06
0.02 0.25 0 1.0513400615107276e-06
0.02 0.26 0 1.1994755808336132e-06
0.02 0.27 0 1.655323788724614e-06
0.02 0.28 0 2.2077211526214724e-06
0.02 0.29 0 1.8520468377063414e-06
0.02 0.3 0 1.7927570401908685e-06
0.02 0.31 0 1.54944328167366e-06
0.02 0.32 0 1.477953224703708e-06
0.02 0.33 0 1.4403454961894341e-06
0.02 0.34 0 1.7671138685099294e-06
0.02 0.35000000000000003 0 1.8131238820731325e-06
0.02 0.36 0 1.8911469174256646e-06
0.02 0.37 0 1.5631916134411192e-06
0.02 0.38 0 1.383029365054154e-06
0.02 0.39 0 1.3744289776349282e-06
0.02 0.4 0 1.3958578986391262e-06
0.02 0.41000000000000003 0 1.355411919608479e-06
0.02 0.42 0 2.0771298714560053e-06
0.02 0.43 0 1.8959779223795719e-06
0.02 0.44 0 1.884948651510806e-06
0.02 0.45 0 1.8146604269788376e-06
0.02 0.46 0 2.3787664043559483e-06
0.02 0.47000000000000003 0 2.4050479062702655e-06
0.02 0.48 0 2.2317944005425546e-06
0.02 0.49 0 1.6158099862034525e-06
0.02 0.5 0 1.47549122908903e-06
0.03 0.0 0 1.882098221948643e-06
0.03 0.01 0 1.356527357752723e-06
0.03 0.02 0 1.3364910235873413e-06
0.03 0.03 0 1.4623158333256625e-06
0.03 0.04 0 1.745215369687617e-06
0.03 0.05 0 1.890005539990632e-06
0.03 0.06 0 1.4835226513000237e-06
0.03 0.07 0 1.4618441860926359e-06
0.03 0.08 0 1.1497484797424083e-06
0.03 0.09 0 1.2921160579252473e-06
0.03 0.1 0 8.85291389188047e-07
0.03 0.11 0 8.215347914113138e-07
0.03 0.12 0 9.461653422445424e-07
0.03 0.13 0 1.1131018265047857e-06
0.03 0.14 0 1.1972779389596068e-06
0.03 0.15 0 1.2810963950172393e-06
0.03 0.16 0 1.2914942474823796e-06
0.03 0.17 0 1.451525217262258e-06
0.03 0.18 0 1.7805439829477363e-06
0.03 0.19 0 1.3023900738378804e-06
0.03 0.2 0 1.0587113947827905e-06
0.03 0.21 0 1.0687518742453138e-06
0.03 0.22 0 8.903813344024982e-07
0.03 0.23 0 9.73411299124419e-07
0.03 0.24 0 1.3116694956551227e-06
0.03 0.25 0 1.3194117424947238e-06
0.03 0.26 0 1.4308648188258664e-06
0.03 0.27 0 1.4090894900559736e-06
0.03 0.28 0 1.4692954681009067e-06
0.03 0.29 0 1.4679609350919707e-06
0.03 0.3 0 1.3531248006501895e-06
0.03 0.31 0 1.3342039044969058e-06
0.03 0.32 0 1.872483706868611e-06
0.03 0.33 0 1.5378910150485175e-06
0.03 0.34 0 1.3350154429213104e-06
0.03 0.35000000000000003 0 1.676639737553488e-06
0.03 0.36 0 1.964088284161136e-06
0.03 0.37 0 2.128782891183425e-06
0.03 0.38 0 1.7559522184072413e-06
0.03 0.39 0 1.6008641387984848e-06
0.03 0.4 0 1.702502444406599e-06
0.03 0.41000000000000003 0 1.5237600578804342e-06
0.03 0.42 0 1.878209875211651e-06
0.03 0.43 0 2.0303896117704287e-06
0.03 0.44 0 2.4446517459318144e-06
0.03 0.45 0 2.232349100375285e-06
0.03 0.46 0 2.7856546146074067e-06
0.03 0.47000000000000003 0 2.0161101433307762e-06
0.03 0.48 0 2.134605690996236e-06
0.03 0.49 0 1.678914329023568e-06
0.03 0.5 0 1.3332433795121234e-06
0.04 0.0 0 1.4534626861948e-06
0.04 0.01 0 1.2223889755883358e-06
0.04 0.02 0 1.4731902775971903e-06
0.04 0.03 0 1.152780496722165e-06
0.04 0.04 0 1.646663064943581e-06
0.04 0.05 0 1.9055476739787195e-06
0.04 0.06 0 1.5323446997060619e-06
0.04 0.07 0 1.9239786851391372e-06
0.04 0.08 0 1.8895008884278206e-06
0.04 0.09 0 1.3077392357466586e-06
0.04 0.1 0 1.043063831628162e-06
0.04 0.11 0 8.707963413201156e-07
0.04 0.12 0 7.758840187411762e-07
0.04 0.13 0 9.080021149774233e-07
0.04 0.14 0 1.1152614600309899e-06
0.04 0.15 0 1.3097084277206903e-06
0.04 0.16 0 1.351442665006959e-06
0.04 0.17 0 1.3432763835245922e-06
0.04 0.18 0 1.2110043655067476e-06
0.04 0.19 0 1.3297363287938249e-06
0.04 0.2 0 9.901919661401672e-07
0.04 0.21 0 8.681001066880092e-07
0.04 0.22 0 9.141137298069542e-07
0.04 0.23 0 1.0605733539570958e-06
0.04 0.24 0 1.1646265310245881e-06
0.04 0.25 0 1.199223415430762e-06
0.04 0.26 0 1.2966397924313872e-06
0.04 0.27 0 1.458076113098869e-06
0.04 0.28 0 1.4671320572183933e-06
0.04 0.29 0 1.4595203484504488e-06
0.04 0.3 0 1.2196361909774594e-06
0.04 0.31 0 1.0634259251853647e-06
0.04 0.32 0 1.0093116125991615e-06
0.04 0.33 0 1.1313788700522987e-06
0.04 0.34 0 1.1368729752443487e-06
0.04 0.35000000000000003 0 1.43589471361243e-06
0.04 0.36 0 1.4659862058037854e-06
0.04 0.37 0 1.6665353301910384e-06
0.04 0.38 0 1.8236310757240319e-06
0.04 0.39 0 1.6678955728420405e-06
0.04 0.4 0 2.07076226946596e-06
0.04 0.41000000000000003 0 2.505372383689301e-06
0.04 0.42 0 2.379852584035637e-06
0.04 0.43 0 1.9870893529037934e-06
0.04 0.44 0 1.9765998228598814e-06
0.04 0.45 0 1.4161462431149987e-06
0.04 0.46 0 1.4909515652245221e-06
0.04 0.47000000000000003 0 2.5555981849073213e-06
0.04 0.48 0 2.94367125801686e-06
0.04 0.49 0 2.8991076432693427e-06
0.04 0.5 0 2.8070056960346766e-06
0.05 0.0 0 1.1505296061095492e-06
0.05 0.01 0 9.179109587639496e-07
0.05 0.02 0 1.0423105055360965e-06
0.05 0.03 0 1.0572386689692048e-06
0.05 0.04 0 1.106193194678268e-06
0.05 0.05 0 1.0909466603674286e-06
0.05 0.06 0 1.1955537962413433e-06
0.05 0.07 0 1.2637057515976314e-06
0.05 0.08 0 1.2094253965031698e-06
0.05 0.09 0 1.4617827748397638e-06
0.05 0.1 0 1.556418326358548e-06
0.05 0.11 0 1.2755538692601869e-06
0.05 0.12 0 9.64317037510221e-07
0.05 0.13 0 8.006712395526735e-07
0.05 0.14 0 9.822752738843019e-07
0.05 0.15 0 8.969382767156583e-07
0.05 0.16 0 1.02460190190242e-06
0.05 0.17 0 9.457752084950736e-07
0.05 0.18 0 9.019084751592525e-07
0.05 0.19 0 9.721155071687988e-07
0.05 0.2 0 1.013507037026023e-06
0.05 0.21 0 1.0615843158662785e-06
0.05 0.22 0 1.0700534945011585e-06
0.05 0.23 0 1.4273056846532544e-06
0.05 0.24 0 1.6593333776362213e-06
0.05 0.25 0 1.5715949550327613e-06
0.05 0.26 0 1.6277106883393596e-06
0.05 0.27 0 2.019695692550573e-06
0.05 0.28 0 1.9986141282285687e-06
0.05 0.29 0 1.839804118446235e-06
0.05 0.3 0 1.7127261780173896e-06
0.05 0.31 0 1.9302840768625927e-06
0.05 0.32 0 1.2941653965722011e-06
0.05 0.33 0 1.341997601896015e-06
0.05 0.34 0 1.3080628054904415e-06
0.05 0.35000000000000003 0 1.5673794089415934e-06
0.05 0.36 0 1.3847846556746833e-06
0.05 0.37 0 1.5801446738065944e-06
0.05 0.38 0 1.8686850052663293e-06
0.05 0.39 0 2.224186155955967e-06
0.05 0.4 0 2.4188070405346656e-06
0.05 0.41000000000000003 0 2.3003516528767773e-06
0.05 0.42 0 2.496716379255215e-06
0.05 0.43 0 3.1332490415835403e-06
0.05 0.44 0 2.581065587951855e-06
0.05 0.45 0 2.104323121290305e-06
0.05 0.46 0 2.1734471259096223e-06
0.05 0.47000000000000003 0 2.6525353984630194e-06
0.05 0.48 0 3.2614363123496076e-06
0.05 0.49 0 3.2686630832818267e-06
0.05 0.5 0 3.1032797630430407e-06
0.06 0.0 0 1.3581187374755718e-06
0.06 0.01 0 1.344238665151071e-06
0.06 0.02 0 1.1183527999251778e-06
0.06 0.03 0 9.66337802541338e-07
0.06 0.04 0 8.584933767927165e-07
0.06 0.05 0 9.737245813429916e-07
0.06 0.06 0 1.2255413191568532e-06
0.06 0.07 0 1.6352720932839885e-06
0.06 0.08 0 1.2578490349801288e-06
0.06 0.09 0 1.5141118844007452e-06
0.06 0.1 0 1.4542600278065096e-06
0.06 0.11 0 1.0737026746505272e-06
0.06 0.12 0 1.158112973813289e-06
0.06 0.13 0 1.2697109405687352e-06
0.06 0.14 0 1.1410179405609836e-06
0.06 0.15 0 9.90414910627951e-07
0.06 0.16 0 7.577923185820992e-07
0.06 0.17 0 7.561396478908309e-07
0.06 0.18 0 8.517583175040187e-07
0.06 0.19 0 1.0209976823906212e-06
0.06 0.2 0 1.1986178444058603e-06
0.06 0.21 0 1.5680715693118455e-06
0.06 0.22 0 1.556889177152521e-06
0.06 0.23 0 1.4303699581339112e-06
0.06 0.24 0 1.7715687739619078e-06
0.06 0.25 0 1.668799194471908e-06
0.06 0.26 0 2.0628210757757148e-06
0.06 0.27 0 2.256029425462004e-06
0.06 0.28 0 2.729845191105398e-06
0.06 0.29 0 3.0469671943426384e-06
0.06 0.3 0 2.40425091146141e-06
0.06 0.31 0 2.2377534140165694e-06
0.06 0.32 0 1.9875928906848855e-06
0.06 0.33 0 2.0352293513479585e-06
0.06 0.34 0 1.8378090140824397e-06
0.06 0.35000000000000003 0 1.916444380042584e-06
0.06 0.36 0 1.8937916354610947e-06
0.06 0.37 0 1.7641059705711048e-06
0.06 0.38 0 1.5544152156870936e-06
0.06 0.39 0 1.750960091618308e-06
0.06 0.4 0 2.5149315738699116e-06
0.06 0.41000000000000003 0 2.1147527599629383e-06
0.06 0.42 0 2.2181255639639418e-06
0.06 0.43 0 2.4808922001012835e-06
0.06 0.44 0 1.7268537541372033e-06
0.06 0.45 0 1.7098646206188316e-06
0.06 0.46 0 2.027614929376276e-06
0.06 0.47000000000000003 0 2.740633091423153e-06
0.06 0.48 0 3.3927142583077503e-06
0.06 0.49 0 3.481401396993121e-06
0.06 0.5 0 3.1192342897087187e-06
0.07 0.0 0 1.116302290856574e-06
0.07 0.01 0 1.2175363324889517e-06
0.07 0.02 0 1.3842028155670894e-06
0.07 0.03 0 1.219092248947809e-06
0.07 0.04 0 1.076534279892623e-06
0.07 0.05 0 1.4355834691152112e-06
0.07 0.06 0 1.0676821524558289e-06
0.07 0.07 0 1.0699222237345575e-06
0.07 0.08 0 1.2447003614996517e-06
0.07 0.09 0 1.2148100036757302e-06
0.07 0.1 0 1.3683691516276585e-06
0.07 0.11 0 1.922286009304207e-06
0.07 0.12 0 1.7012334487649823e-06
0.07 0.13 0 1.5102955902384115e-06
0.07 0.14 0 1.095411563844099e-06
0.07 0.15 0 1.0528272262128509e-06
0.07 0.16 0 9.929232794049327e-07
0.07 0.17 0 1.0276108166621394e-06
0.07 0.18 0 1.1859918954757486e-06
0.07 0.19 0 1.4622256279709586e-06
0.07 0.2 0 1.2799427779060265e-06
0.07 0.21 0 1.306709435134379e-06
0.07 0.22 0 1.4908273845453065e-06
0.07 0.23 0 1.5207377670728135e-06
0.07 0.24 0 1.5990387753075016e-06
0.07 0.25 0 1.8757768831336504e-06
0.07 0.26 0 1.869532122160284e-06
0.07 0.27 0 1.9465556765504146e-06
0.07 0.28 0 1.6581403015524182e-06
0.07 0.29 0 2.4212808775178916e-06
0.07 0.3 0 3.0880678820390832e-06
0.07 0.31 0 2.309190029498054e-06
0.07 0.32 0 2.2667871892923675e-06
0.07 0.33 0 2.4102939540699928e-06
0.07 0.34 0 1.961863767282317e-06
0.07 0.35000000000000003 0 2.1530818467998843e-06
0.07 0.36 0 2.225021188951789e-06
0.07 0.37 0 1.8480122120864244e-06
0.07 0.38 0 2.933877906393123e-06
0.07 0.39 0 2.3000390199576607e-06
0.07 0.4 0 2.155386175911181e-06
0.07 0.41000000000000003 0 1.972451350267358e-06
0.07 0.42 0 1.8120580590509763e-06
0.07 0.43 0 1.4468928489033202e-06
0.07 0.44 0 1.5643754258845634e-06
0.07 0.45 0 1.5138267175103042e-06
0.07 0.46 0 1.709651168576534e-06
0.07 0.47000000000000003 0 2.1250902168986307e-06
0.07 0.48 0 2.6295756725615604e-06
0.07 0.49 0 2.638810806852021e-06
0.07 0.5 0 3.567241462961793e-06
0.08 0.0 0 1.2354285194707325e-06
0.08 0.01 0 1.617646669228022e-06
0.08 0.02 0 1.4027375030556322e-06
0.08 0.03 0 1.4931907783594826e-06
0.08 0.04 0 1.2219271268379469e-06
0.08 0.05 0 1.1625133246609834e-06
0.08 0.06 0 1.1511661028389708e-06
0.08 0.07 0 1.3579660083976001e-06
0.08 0.08 0 1.5658487512610325e-06
0.08 0.09 0 1.5822372275031057e-06
0.08 0.1 0 1.5267284888385621e-06
0.08 0.11 0 1.6776139954464333e-06
0.08 0.12 0 1.8855833919228206e-06
0.08 0.13 0 1.783017739301654e-06
0.08 0.14 0 1.4357477959563886e-06
0.08 0.15 0 1.2697999598083272e-06
0.08 0.16 0 1.0477962691157634e-06
0.08 0.17 0 1.1362875746940205e-06
0.08 0.18 0 1.1513980851958266e-06
0.08 0.19 0 1.3267776013841761e-06
0.08 0.2 0 1.8853588527963929e-06
0.08 0.21 0 1.8859377883456162e-06
0.08 0.22 0 1.6833829912067015e-06
0.08 0.23 0 1.6150255066195836e-06
0.08 0.24 0 1.5800320402556895e-06
0.08 0.25 0 1.6329163188046597e-06
0.08 0.26 0 1.4479110083005962e-06
0.08 0.27 0 1.482070629732593e-06
0.08 0.28 0 1.675547816313114e-06
0.08 0.29 0 1.890055890189491e-06
0.08 0.3 0 1.8181059640653901e-06
0.08 0.31 0 2.4652393931164465e-06
0.08 0.32 0 2.1555387194975542e-06
0.08 0.33 0 2.0139556962658505e-06
0.08 0.34 0 2.4024067182365256e-06
0.08 0.35000000000000003 0 2.677224363215147e-06
0.08 0.36 0 2.724611625201812e-06
0.08 0.37 0 2.8812205494771052e-06
0.08 0.38 0 2.4708942308920735e-06
0.08 0.39 0 1.7824643478262966e-06
0.08 0.4 0 1.8296642400473554e-06
0.08 0.41000000000000003 0 1.8055073746246552e-06
0.08 0.42 0 1.9391384418961615e-06
0.08 0.43 0 1.6196714665615117e-06
0.08 0.44 0 1.5282568004784775e-06
0.08 0.45 0 1.4442863016162335e-06
0.08 0.46 0 1.403201167590504e-06
0.08 0.47000000000000003 0 1.3882255511491622e-06
0.08 0.48 0 2.58356408519334e-06
0.08 0.49 0 3.3831714972402477e-06
0.08 0.5 0 3.77388497809936e-06
0.09 0.0 0 9.203373729505285e-07
0.09 0.01 0 9.978568437086153e-07
0.09 0.02 0 1.3711439119069032e-06
0.09 0.03 0 1.6273302587609557e-06
0.09 0.04 0 1.8239108722876876e-06
0.09 0.05 0 1.198225913053946e-06
0.09 0.06 0 1.0083570179353448e-06
0.09 0.07 0 1.0426287774420905e-06
0.09 0.08 0 1.1622592796673329e-06
0.09 0.09 0 1.1832306522695136e-06
0.09 0.1 0 1.8760910549810648e-06
0.09 0.11 0 1.8366014318533954e-06
0.09 0.12 0 1.6840680409723263e-06
0.09 0.13 0 1.7772478679571462e-06
0.09 0.14 0 1.3253664666151536e-06
0.09 0.15 0 1.1929208820044099e-06
0.09 0.16 0 1.4289291516617802e-06
0.09 0.17 0 1.675938496940677e-06
0.09 0.18 0 1.8052351453746048e-06
0.09 0.19 0 1.6002337172155063e-06
0.09 0.2 0 1.8076183338718844e-06
0.09 0.21 0 1.9574059149771806e-06
0.09 0.22 0 2.1470732101334862e-06
0.09 0.23 0 1.7524147800957382e-06
0.09 0.24 0 1.8514034673961636e-06
0.09 0.25 0 1.8070588218977546e-06
0.09 0.26 0 1.3538607771942753e-06
0.09 0.27 0 1.79811856422084e-06
0.09 0.28 0 1.8664839964526008e-06
0.09 0.29 0 2.362398521641861e-06
0.09 0.3 0 2.2814682567563608e-06
0.09 0.31 0 2.059567062347328e-06
0.09 0.32 0 2.2988937340077542e-06
0.09 0.33 0 2.201410760249777e-06
0.09 0.34 0 2.185224605722669e-06
0.09 0.35000000000000003 0 2.06329369576499e-06
0.09 0.36 0 2.317372526342236e-06
0.09 0.37 0 3.0154552178112787e-06
0.09 0.38 0 2.74799987257374e-06
0.09 0.39 0 2.2373224494979924e-06
0.09 0.4 0 2.3508862597437636e-06
0.09 0.41000000000000003 0 2.339089311568388e-06
0.09 0.42 0 1.932770183454467e-06
0.09 0.43 0 2.197771385547014e-06
0.09 0.44 0 2.122825373765759e-06
0.09 0.45 0 1.862039648286339e-06
0.09 0.46 0 1.968786103697636e-06
0.09 0.47000000000000003 0 1.8823103932980034e-06
0.09 0.48 0 1.789182776688827e-06
0.09 0.49 0 2.421996682157496e-06
0.09 0.5 0 2.859873401626045e-06
0.1 0.0 0 1.1661185939328924e-06
0.1 0.01 0 1.1168243685902383e-06
0.1 0.02 0 1.322209505755732e-06
0.1 0.03 0 1.354143116387169e-06
0.1 0.04 0 1.2438959471315947e-06
0.1 0.05 0 1.2300309928681106e-06
0.1 0.06 0 1.0588806609532205e-06
0.1 0.07 0 9.361833382311955e-07
0.1 0.08 0 1.2343012230840658e-06
0.1 0.09 0 1.3163286835203071e-06
0.1 0.1 0 1.5848332882038786e-06
0.1 0.11 0 1.610044287457112e-06
0.1 0.12 0 1.9262621101571226e-06
0.1 0.13 0 1.7558651649021134e-06
0.1 0.14 0 1.8132458704095805e-06
0.1 0.15 0 1.912057689445217e-06
0.1 0.16 0 2.196307716439573e-06
0.1 0.17 0 1.9423552336376692e-06
0.1 0.18 0 2.1127730423548316e-06
0.1 0.19 0 1.625427607614336e-06
0.1 0.2 0 1.7243436416648158e-06
0.1 0.21 0 2.024357751328746e-06
0.1 0.22 0 2.2412271757009247e-06
0.1 0.23 0 1.7632817254852677e-06
0.1 0.24 0 1.4398484478099042e-06
0.1 0.25 0 1.468898404873659e-06
0.1 0.26 0 1.6206830811510577e-06
0.1 0.27 0 2.113781520261953e-06
0.1 0.28 0 1.7439793786751156e-06
0.1 0.29 0 2.1737479823940794e-06
0.1 0.3 0 2.5827914522699947e-06
0.1 0.31 0 1.8864800760698235e-06
0.1 0.32 0 1.8298051861811844e-06
0.1 0.33 0 2.363939004017772e-06
0.1 0.34 0 2.273547619853622e-06
0.1 0.35000000000000003 0 2.0821928432468548e-06
0.1 0.36 0 1.9254988475041178e-06
0.1 0.37 0 1.7170223801419436e-06
0.1 0.38 0 1.7740762349555824e-06
0.1 0.39 0 2.3102269568857727e-06
0.1 0.4 0 2.1510082992794166e-06
0.1 0.41000000000000003 0 2.2405652625981613e-06
0.1 0.42 0 2.1660227899827955e-06
0.1 0.43 0 1.8955085133061984e-06
0.1 0.44 0 1.938360310251739e-06
0.1 0.45 0 1.7343720069706826e-06
0.1 0.46 0 1.8374922062248988e-06
0.1 0.47000000000000003 0 2.0333242748638087e-06
0.1 0.48 0 1.970746306942022e-06
0.1 0.49 0 2.0337353356948483e-06
0.1 0.5 0 1.980823021748355e-06
0.11 0.0 0 1.0875639657275507e-06
0.11 0.01 0 1.1191546396417421e-06
0.11 0.02 0 9.753012918044258e-07
0.11 0.03 0 9.474720029219965e-07
0.11 0.04 0 1.1080705871681665e-06
0.11 0.05 0 1.3064423180925537e-06
0.11 0.06 0 1.1864422488375882e-06
0.11 0.07 0 9.875765173715823e-07
0.11 0.08 0 1.0485271244569515e-06
0.11 0.09 0 1.2780462740460388e-06
0.11 0.1 0 1.1932675273636625e-06
0.11 0.11 0 1.7287006159754583e-06
0.11 0.12 0 1.872890492458e-06
0.11 0.13 0 1.8214425954741202e-06
0.11 0.14 0 1.6019153515340602e-06
0.11 0.15 0 1.453060730074594e-06
0.11 0.16 0 1.8765622964246466e-06
0.11 0.17 0 2.2769683802494377e-06
0.11 0.18 0 2.072833734794321e-06
0.11 0.19 0 2.052161216077697e-06
0.11 0.2 0 2.093681989608829e-06
0.11 0.21 0 1.7185007055316032e-06
0.11 0.22 0 1.6026577016099477e-06
0.11 0.23 0 1.5184500367038833e-06
0.11 0.24 0 1.4148237233974935e-06
0.11 0.25 0 1.3886782413095144e-06
0.11 0.26 0 1.210267051617915e-06
0.11 0.27 0 1.3760276531462672e-06
0.11 0.28 0 1.7615318285300858e-06
0.11 0.29 0 2.3762315705702744e-06
0.11 0.3 0 2.456545829508749e-06
0.11 0.31 0 2.8513091243960343e-06
0.11 0.32 0 2.923017081899486e-06
0.11 0.33 0 2.3373493556695665e-06
0.11 0.34 0 2.4545753818559223e-06
0.11 0.35000000000000003 0 2.2550864495556897e-06
0.11 0.36 0 1.957422355287313e-06
0.11 0.37 0 1.8280512397340408e-06
0.11 0.38 0 1.8469226898709524e-06
0.11 0.39 0 1.9788860125966495e-06
0.11 0.4 0 1.7286097507349517e-06
0.11 0.41000000000000003 0 1.8181464714603026e-06
0.11 0.42 0 1.8090262224767362e-06
0.11 0.43 0 1.743161968771084e-06
0.11 0.44 0 1.985599912331832e-06
0.11 0.45 0 2.072571439136117e-06
0.11 0.46 0 2.181893868588226e-06
0.11 0.47000000000000003 0 1.913574879301492e-06
0.11 0.48 0 1.7991304735302822e-06
0.11 0.49 0 2.098497237154547e-06
0.11 0.5 0 1.8752597299655248e-06
0.12 0.0 0 1.1080804317328598e-06
0.12 0.01 0 1.0312987445849543e-06
0.12 0.02 0 1.0291106899355366e-06
0.12 0.03 0 8.531443354783926e-07
0.12 0.04 0 1.143471345940333e-06
0.12 0.05 0 1.1225597780717918e-06
0.12 0.06 0 8.682437228510197e-07
0.12 0.07 0 1.0762704279365747e-06
0.12 0.08 0 9.396864883105145e-07
0.12 0.09 0 1.1203186784769195e-06
0.12 0.1 0 1.4558572461476739e-06
0.12 0.11 0 1.7543426720526074e-06
0.12 0.12 0 1.8419965457945876e-06
0.12 0.13 0 2.011161030887818e-06
0.12 0.14 0 1.836890008172213e-06
0.12 0.15 0 1.5736250651222618e-06
0.12 0.16 0 1.6336730681072344e-06
0.12 0.17 0 1.6174996057991626e-06
0.12 0.18 0 1.584097159221654e-06
0.12 0.19 0 1.9555699711152206e-06
0.12 0.2 0 1.9235308806901126e-06
0.12 0.21 0 2.403572572640892e-06
0.12 0.22 0 1.6321857991141674e-06
0.12 0.23 0 1.5594225090127843e-06
0.12 0.24 0 1.4110939519705288e-06
0.12 0.25 0 1.6268990918778324e-06
0.12 0.26 0 1.4691291219194497e-06
0.12 0.27 0 1.7555776696094537e-06
0.12 0.28 0 1.769496946865843e-06
0.12 0.29 0 2.144761448434347e-06
0.12 0.3 0 1.8626127550023867e-06
0.12 0.31 0 1.7516855971053995e-06
0.12 0.32 0 2.276952831326421e-06
0.12 0.33 0 2.83875242667065e-06
0.12 0.34 0 3.1925727128566326e-06
0.12 0.35000000000000003 0 2.8264885323743253e-06
0.12 0.36 0 2.0302631030190514e-06
0.12 0.37 0 2.038291545802334e-06
0.12 0.38 0 2.0613228612729677e-06
0.12 0.39 0 1.7323395421410793e-06
0.12 0.4 0 1.7461008084643336e-06
0.12 0.41000000000000003 0 1.7977375760098464e-06
0.12 0.42 0 2.0303507922453053e-06
0.12 0.43 0 2.1006722143664983e-06
0.12 0.44 0 2.4882894001894928e-06
0.12 0.45 0 2.0926430218210326e-06
0.12 0.46 0 2.155450638225654e-06
0.12 0.47000000000000003 0 1.8209423956292552e-06
0.12 0.48 0 1.6035234413397985e-06
0.12 0.49 0 1.907396891360543e-06
0.12 0.5 0 2.1376191722785372e-06
0.13 0.0 0 1.002791518051792e-06
0.13 0.01 0 8.704807721640773e-07
0.13 0.02 0 9.136878608575408e-07
0.13 0.03 0 1.2546752548519087e-06
0.13 0.04 0 1.3311247912366027e-06
0.13 0.05 0 1.1118226533461142e-06
0.13 0.06 0 9.158390128382129e-07
0.13 0.07 0 7.92164807154029e-07
0.13 0.08 0 9.375019050899218e-07
0.13 0.09 0 1.185487051194756e-06
0.13 0.1 0 1.3265673670644355e-06
0.13 0.11 0 1.640058380406661e-06
0.13 0.12 0 1.6741751864283752e-06
0.13 0.13 0 1.4013692035566288e-06
0.13 0.14 0 1.2963956381819372e-06
0.13 0.15 0 1.1457551955930754e-06
0.13 0.16 0 1.5394821140412037e-06
0.13 0.17 0 1.4489769215974969e-06
0.13 0.18 0 1.476111192907401e-06
0.13 0.19 0 1.6608035978450141e-06
0.13 0.2 0 1.3591987285022307e-06
0.13 0.21 0 1.501477809073363e-06
0.13 0.22 0 1.423466452626605e-06
0.13 0.23 0 1.4334980415294052e-06
0.13 0.24 0 1.606580028718637e-06
0.13 0.25 0 1.7083146978544558e-06
0.13 0.26 0 1.4066534117582848e-06
0.13 0.27 0 1.6048433028264598e-06
0.13 0.28 0 1.5413897177970765e-06
0.13 0.29 0 1.6069554075246562e-06
0.13 0.3 0 2.11206969178862e-06
0.13 0.31 0 2.484077410381378e-06
0.13 0.32 0 2.1724276719330037e-06
0.13 0.33 0 2.96094067994398e-06
0.13 0.34 0 2.4638000263425506e-06
0.13 0.35000000000000003 0 2.613278968172473e-06
0.13 0.36 0 2.8103005370926584e-06
0.13 0.37 0 2.5898906950514884e-06
0.13 0.38 0 2.3552432813970836e-06
0.13 0.39 0 2.429674619445316e-06
0.13 0.4 0 2.5178832054450015e-06
0.13 0.41000000000000003 0 2.0883854573885605e-06
0.13 0.42 0 1.7579032534561643e-06
0.13 0.43 0 1.8497088125712075e-06
0.13 0.44 0 2.179481388315609e-06
0.13 0.45 0 2.0452081343165464e-06
0.13 0.46 0 1.8851603740173134e-06
0.13 0.47000000000000003 0 1.818796799814676e-06
0.13 0.48 0 1.7534989948429083e-06
0.13 0.49 0 1.8759527677540495e-06
0.13 0.5 0 1.644737992943427e-06
0.14 0.0 0 1.39660771401711e-06
0.14 0.01 0 1.3177871047550106e-06
0.14 0.02 0 1.3191655085744476e-06
0.14 0.03 0 1.1365272540084348e-06
0.14 0.04 0 1.2293636559420338e-06
0.14 0.05 0 1.1798014858800064e-06
0.14 0.06 0 1.1558533630598034e-06
0.14 0.07 0 1.1150752754189185e-06
0.14 0.08 0 1.170332154202612e-06
0.14 0.09 0 1.1751345527414426e-06
0.14 0.1 0 1.005190512009887e-06
0.14 0.11 0 1.0654467292812816e-06
0.14 0.12 0 1.25950433588912e-06
0.14 0.13 0 9.486794438298928e-07
0.14 0.14 0 1.0372097771745724e-06
0.14 0.15 0 9.287538265846921e-07
0.14 0.16 0 1.1896518718322002e-06
0.14 0.17 0 1.1441134140812528e-06
0.14 0.18 0 1.0372342759962587e-06
0.14 0.19 0 1.1075019209802735e-06
0.14 0.2 0 1.315414545383295e-06
0.14 0.21 0 1.2749620390076499e-06
0.14 0.22 0 1.0205428132722307e-06
0.14 0.23 0 1.1240717265456623e-06
0.14 0.24 0 1.1771657535862907e-06
0.14 0.25 0 1.0846685306125056e-06
0.14 0.26 0 1.1735046442231762e-06
0.14 0.27 0 1.2205560163289403e-06
0.14 0.28 0 1.6598522353296322e-06
0.14 0.29 0 1.688214408013472e-06
0.14 0.3 0 1.6365666279307108e-06
0.14 0.31 0 1.8955248652437612e-06
0.14 0.32 0 2.466270519084128e-06
0.14 0.33 0 2.5181925549739653e-06
0.14 0.34 0 2.376017513052362e-06
0.14 0.35000000000000003 0 2.303271806861712e-06
0.14 0.36 0 2.3000801807345617e-06
0.14 0.37 0 1.9988215527769834e-06
0.14 0.38 0 1.8630690411471004e-06
0.14 0.39 0 2.0705501850158062e-06
0.14 0.4 0 2.2953356852846336e-06
0.14 0.41000000000000003 0 2.0753559824975165e-06
0.14 0.42 0 1.9420592173638555e-06
0.14 0.43 0 1.7518249864190561e-06
0.14 0.44 0 1.8205131881388625e-06
0.14 0.45 0 2.053034424207821e-06
0.14 0.46 0 1.3058888078061727e-06
0.14 0.47000000000000003 0 1.3174394285693598e-06
0.14 0.48 0 1.2917124642530354e-06
0.14 0.49 0 1.4485762545069548e-06
0.14 0.5 0 1.5086623429086997e-06
0.15 0.0 0 1.204545747862067e-06
0.15 0.01 0 1.3494706432738412e-06
0.15 0.02 0 1.3203365860119288e-06
0.15 0.03 0 1.2701098977616367e-06
0.15 0.04 0 1.2554072828391867e-06
0.15 0.05 0 1.4553313016588794e-06
0.15 0.06 0 1.2950463239410575e-06
0.15 0.07 0 1.2912967050441353e-06
0.15 0.08 0 1.4608531358972527e-06
0.15 0.09 0 9.653369176122173e-07
0.15 0.1 0 8.719791367940513e-07
0.15 0.11 0 7.414643565470452e-07
0.15 0.12 0 9.104052740680249e-07
0.15 0.13 0 8.835567850319955e-07
0.15 0.14 0 9.332975388475469e-07
0.15 0.15 0 8.345488818156071e-07
0.15 0.16 0 8.986558026532978e-07
0.15 0.17 0 8.04442515743537e-07
0.15 0.18 0 7.848242383905547e-07
0.15 0.19 0 8.550143429378808e-07
0.15 0.2 0 9.615358060758227e-07
0.15 0.21 0 1.0420633308380628e-06
0.15 0.22 0 9.279921114188236e-07
0.15 0.23 0 8.019792427407154e-07
0.15 0.24 0 1.0217295199000285e-06
0.15 0.25 0 1.2132702037180856e-06
0.15 0.26 0 1.3359088614051895e-06
0.15 0.27 0 1.3365175024736058e-06
0.15 0.28 0 1.3874276646671124e-06
0.15 0.29 0 1.4645511337963922e-06
0.15 0.3 0 1.487210129717568e-06
0.15 0.31 0 1.3769063866206367e-06
0.15 0.32 0 1.8470355570639971e-06
0.15 0.33 0 2.197700775245631e-06
0.15 0.34 0 1.9268480204644125e-06
0.15 0.35000000000000003 0 2.090888058894159e-06
0.15 0.36 0 1.931617439425876e-06
0.15 0.37 0 1.7335048362658563e-06
0.15 0.38 0 2.141605599460315e-06
0.15 0.39 0 1.724750686217318e-06
0.15 0.4 0 2.2254896737746136e-06
0.15 0.41000000000000003 0 2.3200673493414132e-06
0.15 0.42 0 1.919094168191467e-06
0.15 0.43 0 1.6225661098578925e-06
0.15 0.44 0 1.5663907142936648e-06
0.15 0.45 0 1.3687029100883693e-06
0.15 0.46 0 1.0951768361763835e-06
0.15 0.47000000000000003 0 1.1498000992289331e-06
0.15 0.48 0 1.1650128843077548e-06
0.15 0.49 0 1.8143073485639635e-06
0.15 0.5 0 1.929970302752876e-06
0.16 0.0 0 1.5282922310052911e-06
0.16 0.01 0 1.3817588583959226e-06
0.16 0.02 0 1.115240332397532e-06
0.16 0.03 0 1.3624448211924507e-06
0.16 0.04 0 1.541652795785205e-06
0.16 0.05 0 1.5960806895638148e-06
0.16 0.06 0 1.4625566150408023e-06
0.16 0.07 0 1.5340528193530127e-06
0.16 0.08 0 1.5890016515322648e-06
0.16 0.09 0 1.1673363167962483e-06
0.16 0.1 0 1.0337187069802797e-06
0.16 0.11 0 1.0205432643245545e-06
0.16 0.12 0 9.994008993585424e-07
0.16 0.13 0 9.822300515435774e-07
0.16 0.14 0 7.873522898582591e-07
0.16 0.15 0 6.845359662574994e-07
0.16 0.16 0 8.056289516288529e-07
0.16 0.17 0 9.348105914911479e-07
0.16 0.18 0 9.534224784348478e-07
0.16 0.19 0 1.170262794940736e-06
0.16 0.2 0 1.1332952149513868e-06
0.16 0.21 0 9.737750687454022e-07
0.16 0.22 0 8.531754532262536e-07
0.16 0.23 0 7.773937508642907e-07
0.16 0.24 0 8.744758093672341e-07
0.16 0.25 0 1.0502977445659681e-06
0.16 0.26 0 9.757038843476424e-07
0.16 0.27 0 1.2203095028666777e-06
0.16 0.28 0 1.5257765515629426e-06
0.16 0.29 0 1.3021274874232476e-06
0.16 0.3 0 1.2100294150028316e-06
0.16 0.31 0 1.5056294852297233e-06
0.16 0.32 0 1.4317003666352421e-06
0.16 0.33 0 1.505234597011567e-06
0.16 0.34 0 1.6176512444022157e-06
0.16 0.35000000000000003 0 1.6258542423311577e-06
0.16 0.36 0 2.0289628074738885e-06
0.16 0.37 0 1.912840623161227e-06
0.16 0.38 0 1.5577288595592466e-06
0.16 0.39 0 1.6600574752735794e-06
0.16 0.4 0 2.1079511986226075e-06
0.16 0.41000000000000003 0 2.2513601203572873e-06
0.16 0.42 0 1.6690172618326851e-06
0.16 0.43 0 1.4291467995175116e-06
0.16 0.44 0 1.2272546027466273e-06
0.16 0.45 0 1.200866732449363e-06
0.16 0.46 0 9.875349427582408e-07
0.16 0.47000000000000003 0 1.0960098121258348e-06
0.16 0.48 0 1.2530961028190035e-06
0.16 0.49 0 1.6021426733341712e-06
0.16 0.5 0 1.8513253767325877e-06
0.17 0.0 0 1.4638077700914307e-06
0.17 0.01 0 1.2248291966412462e-06
0.17 0.02 0 1.1301390628660345e-06
0.17 0.03 0 1.473109421820392e-06
0.17 0.04 0 1.5918329135888395e-06
0.17 0.05 0 1.66973525206024e-06
0.17 0.06 0 1.992320824917401e-06
0.17 0.07 0 1.8253761439367984e-06
0.17 0.08 0 2.1543018669871704e-06
0.17 0.09 0 1.9820829661579677e-06
0.17 0.1 0 1.9560143424550428e-06
0.17 0.11 0 1.4196151202507852e-06
0.17 0.12 0 1.3266682156850901e-06
0.17 0.13 0 1.1506453107239992e-06
0.17 0.14 0 1.0974084906385472e-06
0.17 0.15 0 1.1373287209203696e-06
0.17 0.16 0 1.1949661198194756e-06
0.17 0.17 0 1.7541559913083242e-06
0.17 0.18 0 1.4254483141479026e-06
0.17 0.19 0 1.4216641940848532e-06
0.17 0.2 0 1.2882026856053947e-06
0.17 0.21 0 1.1478106371716487e-06
0.17 0.22 0 8.064402734113943e-07
0.17 0.23 0 7.766517040728172e-07
0.17 0.24 0 9.195327593550931e-07
0.17 0.25 0 1.0526812420086038e-06
0.17 0.26 0 8.710243685437536e-07
0.17 0.27 0 1.0388948423692535e-06
0.17 0.28 0 9.474172210784473e-07
0.17 0.29 0 1.1882485265814413e-06
0.17 0.3 0 1.2427814256287484e-06
0.17 0.31 0 1.4660343278441843e-06
0.17 0.32 0 1.617689150009428e-06
0.17 0.33 0 1.765560794802301e-06
0.17 0.34 0 1.3223249849947877e-06
0.17 0.35000000000000003 0 1.0748511120068171e-06
0.17 0.36 0 1.3483461294457388e-06
0.17 0.37 0 1.4805156261210846e-06
0.17 0.38 0 1.3244375582171298e-06
0.17 0.39 0 1.5246244909353106e-06
0.17 0.4 0 1.4834045665899279e-06
0.17 0.41000000000000003 0 1.6023822978895467e-06
0.17 0.42 0 1.4036096980155581e-06
0.17 0.43 0 1.3748518312548369e-06
0.17 0.44 0 1.3596941006150131e-06
0.17 0.45 0 1.2851814318101227e-06
0.17 0.46 0 1.0530731801919741e-06
0.17 0.47000000000000003 0 1.198243962754273e-06
0.17 0.48 0 1.3610107090749605e-06
0.17 0.49 0 1.6994221289032465e-06
0.17 0.5 0 1.7978376833993682e-06
0.18 0.0 0 1.551325546261161e-06
0.18 0.01 0 1.700495359994225e-06
0.18 0.02 0 1.8505165069469636e-06
0.18 0.03 0 1.911906353220578e-06
0.18 0.04 0 2.0958758289967745e-06
0.18 0.05 0 2.316498838331289e-06
0.18 0.06 0 2.0271812575101763e-06
0.18 0.07 0 1.6446935547203738e-06
0.18 0.08 0 2.2936432291331455e-06
0.18 0.09 0 2.4315264497050017e-06
0.18 0.1 0 2.4172641647937746e-06
0.18 0.11 0 1.8822432642066906e-06
0.18 0.12 0 1.9860461255755013e-06
0.18 0.13 0 2.0177262902534768e-06
0.18 0.14 0 1.7960350966364177e-06
0.18 0.15 0 1.7051427933936307e-06
0.18 0.16 0 1.481340282059186e-06
0.18 0.17 0 1.2536267253654702e-06
0.18 0.18 0 1.2565086887421693e-06
0.18 0.19 0 1.1393653384005355e-06
0.18 0.2 0 1.1775279333313065e-06
0.18 0.21 0 1.1495926549073622e-06
0.18 0.22 0 1.1792558904391518e-06
0.18 0.23 0 1.0938695755709554e-06
0.18 0.24 0 9.172785178492618e-07
0.18 0.25 0 8.147855428184035e-07
0.18 0.26 0 8.653214852810142e-07
0.18 0.27 0 1.1001502123439878e-06
0.18 0.28 0 1.1116247341997575e-06
0.18 0.29 0 1.6535324881777713e-06
0.18 0.3 0 1.5134316711391681e-06
0.18 0.31 0 1.421235491329141e-06
0.18 0.32 0 1.5764192895215659e-06
0.18 0.33 0 1.5949601374014291e-06
0.18 0.34 0 1.4089304885370863e-06
0.18 0.35000000000000003 0 1.3384232595215721e-06
0.18 0.36 0 1.3074412238484192e-06
0.18 0.37 0 1.2611705143448208e-06
0.18 0.38 0 1.2665463521647505e-06
0.18 0.39 0 1.5660848751636322e-06
0.18 0.4 0 1.5981583035829351e-06
0.18 0.41000000000000003 0 1.941015747291047e-06
0.18 0.42 0 1.370806095595836e-06
0.18 0.43 0 1.3617255109098307e-06
0.18 0.44 0 1.2003607756406077e-06
0.18 0.45 0 1.2244580182750569e-06
0.18 0.46 0 1.4041250417262536e-06
0.18 0.47000000000000003 0 1.7021788754897433e-06
0.18 0.48 0 1.9203650226039182e-06
0.18 0.49 0 1.948473076332346e-06
0.18 0.5 0 1.773252847243531e-06
0.19 0.0 0 1.1946852074297106e-06
0.19 0.01 0 1.1108306476565633e-06
0.19 0.02 0 1.0670498603463064e-06
0.19 0.03 0 1.3809366274598825e-06
0.19 0.04 0 1.8010060454768046e-06
0.19 0.05 0 2.1022455273119585e-06
0.19 0.06 0 1.8964625645186295e-06
0.19 0.07 0 1.661162743130825e-06
0.19 0.08 0 2.338531600618857e-06
0.19 0.09 0 2.482427145689324e-06
0.19 0.1 0 2.5376952349877714e-06
0.19 0.11 0 2.979297565671271e-06
0.19 0.12 0 2.3227281980669933e-06
0.19 0.13 0 1.985880988504564e-06
0.19 0.14 0 1.928929810213806e-06
0.19 0.15 0 1.4640178287828344e-06
0.19 0.16 0 1.4687071932173806e-06
0.19 0.17 0 1.2952659954838967e-06
0.19 0.18 0 1.1360858945712486e-06
0.19 0.19 0 1.5226538703728345e-06
0.19 0.2 0 1.518754706737361e-06
0.19 0.21 0 1.393871324505654e-06
0.19 0.22 0 1.8671686816033385e-06
0.19 0.23 0 1.7607961833295381e-06
0.19 0.24 0 1.5921770922771444e-06
0.19 0.25 0 1.3867466568232824e-06
0.19 0.26 0 1.258133724480387e-06
0.19 0.27 0 1.5563104952081834e-06
0.19 0.28 0 2.340669285136826e-06
0.19 0.29 0 1.646717098986073e-06
0.19 0.3 0 1.3035062416599695e-06
0.19 0.31 0 1.3815468378278172e-06
0.19 0.32 0 1.6826246470758727e-06
0.19 0.33 0 1.6396161748209845e-06
0.19 0.34 0 2.0109289395839485e-06
0.19 0.35000000000000003 0 1.725543801351925e-06
0.19 0.36 0 1.7958693492031047e-06
0.19 0.37 0 1.35462582977275e-06
0.19 0.38 0 1.3631840972713802e-06
0.19 0.39 0 1.6792441413745233e-06
0.19 0.4 0 1.5490756733776732e-06
0.19 0.41000000000000003 0 2.127188012646509e-06
0.19 0.42 0 1.6820816043707198e-06
0.19 0.43 0 1.2636928137512667e-06
0.19 0.44 0 1.3241940949065198e-06
0.19 0.45 0 1.4960407050522106e-06
0.19 0.46 0 1.938048934452758e-06
0.19 0.47000000000000003 0 2.2021170595220715e-06
0.19 0.48 0 2.1635206686667235e-06
0.19 0.49 0 2.2008786663828202e-06
0.19 0.5 0 1.881267798401156e-06
0.2 0.0 0 9.783752656858934e-07
0.2 0.01 0 8.991676127970388e-07
0.2 0.02 0 8.362908960161937e-07
0.2 0.03 0 1.115045526018751e-06
0.2 0.04 0 1.6964555638707863e-06
0.2 0.05 0 1.5620146128798507e-06
0.2 0.06 0 2.1595397100278586e-06
0.2 0.07 0 2.3425251432959197e-06
0.2 0.08 0 2.037901530184926e-06
0.2 0.09 0 1.978948072023039e-06
0.2 0.1 0 2.09596384639892e-06
0.2 0.11 0 2.187939647174696e-06
0.2 0.12 0 2.2042616545546044e-06
0.2 0.13 0 2.1308302639511513e-06
0.2 0.14 0 2.066530541844495e-06
0.2 0.15 0 1.8220216586861345e-06
0.2 0.16 0 1.494002854652629e-06
0.2 0.17 0 1.370144604745342e-06
0.2 0.18 0 1.4605219961763732e-06
0.2 0.19 0 1.2571323300315346e-06
0.2 0.2 0 1.3891891424327489e-06
0.2 0.21 0 1.7513093995301666e-06
0.2 0.22 0 1.7146613467979703e-06
0.2 0.23 0 1.8501889185760187e-06
0.2 0.24 0 2.22590844864328e-06
0.2 0.25 0 2.2877239002338374e-06
0.2 0.26 0 2.1306815005645847e-06
0.2 0.27 0 2.287507322896266e-06
0.2 0.28 0 2.6779294704013227e-06
0.2 0.29 0 2.626497150751293e-06
0.2 0.3 0 2.4094016641687314e-06
0.2 0.31 0 2.1214054125673247e-06
0.2 0.32 0 2.126647902064895e-06
0.2 0.33 0 1.8594316989071856e-06
0.2 0.34 0 2.096272802285367e-06
0.2 0.35000000000000003 0 1.7570359228736249e-06
0.2 0.36 0 2.093923737762535e-06
0.2 0.37 0 2.220212524639734e-06
0.2 0.38 0 1.966219728214877e-06
0.2 0.39 0 2.0267817103278582e-06
0.2 0.4 0 2.439028825930183e-06
0.2 0.41000000000000003 0 2.252614872282343e-06
0.2 0.42 0 1.900097106836873e-06
0.2 0.43 0 1.5560071858897549e-06
0.2 0.44 0 1.5890488862662956e-06
0.2 0.45 0 1.534604554083499e-06
0.2 0.46 0 1.5895124459421583e-06
0.2 0.47000000000000003 0 1.6631567931085232e-06
0.2 0.48 0 2.0733315616789072e-06
0.2 0.49 0 1.8303642627616286e-06
0.2 0.5 0 1.5989624420679382e-06
0.21 0.0 0 1.319755233823648e-06
0.21 0.01 0 1.1750741230495845e-06
0.21 0.02 0 1.2954962793305568e-06
0.21 0.03 0 1.334607484439786e-06
0.21 0.04 0 1.3629628278507966e-06
0.21 0.05 0 1.2981365582004524e-06
0.21 0.06 0 1.5596251009954959e-06
0.21 0.07 0 1.446492724855679e-06
0.21 0.08 0 1.6825462627152904e-06
0.21 0.09 0 1.9950398232352563e-06
0.21 0.1 0 2.339205147701431e-06
0.21 0.11 0 3.131473832904941e-06
0.21 0.12 0 2.825450368435051e-06
0.21 0.13 0 2.5597923688904395e-06
0.21 0.14 0 2.772379613720829e-06
0.21 0.15 0 2.2957307916562344e-06
0.21 0.16 0 1.9281386210125035e-06
0.21 0.17 0 1.3796499347382618e-06
0.21 0.18 0 1.4724546769368682e-06
0.21 0.19 0 1.639376204790189e-06
0.21 0.2 0 1.6003702279220443e-06
0.21 0.21 0 1.7246279704257353e-06
0.21 0.22 0 1.912433453824507e-06
0.21 0.23 0 2.5817145368075875e-06
0.21 0.24 0 2.4629270971194474e-06
0.21 0.25 0 2.416057464888918e-06
0.21 0.26 0 2.905850583867897e-06
0.21 0.27 0 3.385359838943126e-06
0.21 0.28 0 3.1704278140748765e-06
0.21 0.29 0 2.5076949292521484e-06
0.21 0.3 0 2.8573989289126855e-06
0.21 0.31 0 2.1994448310890064e-06
0.21 0.32 0 1.8714287517424093e-06
0.21 0.33 0 2.0911386639602604e-06
0.21 0.34 0 1.8625078881185139e-06
0.21 0.35000000000000003 0 2.0762906332023487e-06
0.21 0.36 0 2.2204289902572836e-06
0.21 0.37 0 2.237035691122323e-06
0.21 0.38 0 1.964514472074692e-06
0.21 0.39 0 2.2579729139351397e-06
0.21 0.4 0 2.17042127307395e-06
0.21 0.41000000000000003 0 2.058181262484807e-06
0.21 0.42 0 1.4591443850445096e-06
0.21 0.43 0 1.6150770507858426e-06
0.21 0.44 0 1.785592128184633e-06
0.21 0.45 0 1.5063851861499449e-06
0.21 0.46 0 1.397503473515146e-06
0.21 0.47000000000000003 0 1.5982363290929515e-06
0.21 0.48 0 1.7445505171399004e-06
0.21 0.49 0 1.603816386855083e-06
0.21 0.5 0 1.45151832412943e-06
0.22 0.0 0 1.4906279077353405e-06
0.22 0.01 0 1.3805134061624826e-06
0.22 0.02 0 1.7684637833781834e-06
0.22 0.03 0 1.389020971912605e-06
0.22 0.04 0 1.4835490794606918e-06
0.22 0.05 0 1.3713407164929365e-06
0.22 0.06 0 1.495927561954078e-06
0.22 0.07 0 1.164610777883341e-06
0.22 0.08 0 1.5844757954421277e-06
0.22 0.09 0 1.886239698322202e-06
0.22 0.1 0 2.380736050515384e-06
0.22 0.11 0 2.510024369305089e-06
0.22 0.12 0 1.99264232291629e-06
0.22 0.13 0 1.6907547698619552e-06
0.22 0.14 0 1.923050217146536e-06
0.22 0.15 0 1.8739914860557216e-06
0.22 0.16 0 2.270380750435005e-06
0.22 0.17 0 2.03867268210183e-06
0.22 0.18 0 1.5948994574253645e-06
0.22 0.19 0 1.6721842234632098e-06
0.22 0.2 0 1.6454398526765818e-06
0.22 0.21 0 1.4763993629281365e-06
0.22 0.22 0 1.4354105183029114e-06
0.22 0.23 0 1.9411328389662023e-06
0.22 0.24 0 2.1319502698027115e-06
0.22 0.25 0 2.579482971786237e-06
0.22 0.26 0 2.8308271685907283e-06
0.22 0.27 0 2.845802787123959e-06
0.22 0.28 0 3.2654073192060226e-06
0.22 0.29 0 2.657072664175841e-06
0.22 0.3 0 2.323838605772865e-06
0.22 0.31 0 2.3097443886865835e-06
0.22 0.32 0 2.0983071520477633e-06
0.22 0.33 0 2.0598313800203467e-06
0.22 0.34 0 1.866403770472813e-06
0.22 0.35000000000000003 0 2.2489684620158346e-06
0.22 0.36 0 2.2662541539591253e-06
0.22 0.37 0 2.4507944960539347e-06
0.22 0.38 0 2.338658384492819e-06
0.22 0.39 0 2.5455854881102334e-06
0.22 0.4 0 2.063653419515041e-06
0.22 0.41000000000000003 0 2.3880598910412763e-06
0.22 0.42 0 2.7074646378486345e-06
0.22 0.43 0 2.5222188277137976e-06
0.22 0.44 0 2.199298503977156e-06
0.22 0.45 0 2.1869239088480952e-06
0.22 0.46 0 1.5276138123846172e-06
0.22 0.47000000000000003 0 1.7357978167242001e-06
0.22 0.48 0 1.465680030280988e-06
0.22 0.49 0 1.736882257221496e-06
0.22 0.5 0 1.5250870220438413e-06
0.23 0.0 0 1.613264328676753e-06
0.23 0.01 0 1.662665530827806e-06
0.23 0.02 0 1.4380641736262093e-06
0.23 0.03 0 1.5201631836420182e-06
0.23 0.04 0 1.5067878651568108e-06
0.23 0.05 0 1.3275464049035175e-06
0.23 0.06 0 1.2877139021871977e-06
0.23 0.07 0 1.3671715371373402e-06
0.23 0.08 0 1.4962581333379177e-06
0.23 0.09 0 1.8183707383748654e-06
0.23 0.1 0 1.966396738881629e-06
0.23 0.11 0 1.804993963751813e-06
0.23 0.12 0 1.9042803970339805e-06
0.23 0.13 0 1.6438979336598097e-06
0.23 0.14 0 1.6803095630253454e-06
0.23 0.15 0 1.7049476903380982e-06
0.23 0.16 0 2.147679282133985e-06
0.23 0.17 0 2.594660332960425e-06
0.23 0.18 0 2.595990796424132e-06
0.23 0.19 0 1.941038818966199e-06
0.23 0.2 0 1.8794668817623021e-06
0.23 0.21 0 1.8882301162763783e-06
0.23 0.22 0 1.6796753395114586e-06
0.23 0.23 0 1.4293982877839329e-06
0.23 0.24 0 1.4932558748155053e-06
0.23 0.25 0 2.1850375292476952e-06
0.23 0.26 0 2.5141168227853724e-06
0.23 0.27 0 2.335391473112367e-06
0.23 0.28 0 3.039339334008457e-06
0.23 0.29 0 2.804283372246968e-06
0.23 0.3 0 2.6258940092257143e-06
0.23 0.31 0 2.438939479168977e-06
0.23 0.32 0 2.386929001751148e-06
0.23 0.33 0 2.408727853802832e-06
0.23 0.34 0 2.139042548961071e-06
0.23 0.35000000000000003 0 2.2812317395144246e-06
0.23 0.36 0 1.912113323131905e-06
0.23 0.37 0 2.203998201909605e-06
0.23 0.38 0 2.1313554051306556e-06
0.23 0.39 0 2.4707477665228406e-06
0.23 0.4 0 2.8621661975342427e-06
0.23 0.41000000000000003 0 3.159944952639174e-06
0.23 0.42 0 3.213925618543611e-06
0.23 0.43 0 3.2333294721313327e-06
0.23 0.44 0 2.6333952178842227e-06
0.23 0.45 0 2.5910851005674776e-06
0.23 0.46 0 2.0730309267075436e-06
0.23 0.47000000000000003 0 1.737115706837977e-06
0.23 0.48 0 1.318801946508514e-06
0.23 0.49 0 1.4203703002958168e-06
0.23 0.5 0 1.4249561339425689e-06
0.24 0.0 0 2.5172428911199048e-06
0.24 0.01 0 2.4609207512797458e-06
0.24 0.02 0 1.8442483161510476e-06
0.24 0.03 0 1.8388311532732506e-06
0.24 0.04 0 1.6090889580597132e-06
0.24 0.05 0 1.7230662560961345e-06
0.24 0.06 0 1.4179116860839423e-06
0.24 0.07 0 1.5383584370478066e-06
0.24 0.08 0 1.6364694762459563e-06
0.24 0.09 0 1.5796506742234972e-06
0.24 0.1 0 1.5867108098848594e-06
0.24 0.11 0 1.6045358318072352e-06
0.24 0.12 0 1.4154509965933112e-06
0.24 0.13 0 1.3343271037399384e-06
0.24 0.14 0 1.2103721421641322e-06
0.24 0.15 0 1.6733645744156793e-06
0.24 0.16 0 1.7678229686182967e-06
0.24 0.17 0 1.9580138507937992e-06
0.24 0.18 0 2.146156119182806e-06
0.24 0.19 0 2.4254110234014796e-06
0.24 0.2 0 1.9764954543359543e-06
0.24 0.21 0 1.9260166133142347e-06
0.24 0.22 0 1.9100798939953916e-06
0.24 0.23 0 1.737833836432601e-06
0.24 0.24 0 1.778702221523253e-06
0.24 0.25 0 1.702500427720893e-06
0.24 0.26 0 2.249408470309296e-06
0.24 0.27 0 2.3805767685322413e-06
0.24 0.28 0 2.6267341842837904e-06
0.24 0.29 0 2.145203511385321e-06
0.24 0.3 0 2.5741371013348604e-06
0.24 0.31 0 2.4387025889654724e-06
0.24 0.32 0 2.2515084296903995e-06
0.24 0.33 0 2.5950160912963507e-06
0.24 0.34 0 2.6194537194182615e-06
0.24 0.35000000000000003 0 2.3448899828974713e-06
0.24 0.36 0 2.483808457628785e-06
0.24 0.37 0 2.5293399748374666e-06
0.24 0.38 0 2.373666201426921e-06
0.24 0.39 0 2.104115675598586e-06
0.24 0.4 0 2.1639238169565502e-06
0.24 0.41000000000000003 0 2.065778005700363e-06
0.24 0.42 0 2.110391220817659e-06
0.24 0.43 0 2.2491200534157416e-06
0.24 0.44 0 2.3419472887976738e-06
0.24 0.45 0 2.256072744386096e-06
0.24 0.46 0 1.8323846990602748e-06
0.24 0.47000000000000003 0 1.7368054291687607e-06
0.24 0.48 0 1.6718141862926207e-06
0.24 0.49 0 1.683168859722066e-06
0.24 0.5 0 1.7177274954836268e-06
0.25 0.0 0 2.7838850535246992e-06
0.25 0.01 0 2.475298704359531e-06
0.25 0.02 0 2.3437443937130125e-06
0.25 0.03 0 2.285689143693348e-06
0.25 0.04 0 2.004685040668191e-06
0.25 0.05 0 2.3352271402667335e-06
0.25 0.06 0 2.2030767899332877e-06
0.25 0.07 0 1.7552837443821985e-06
0.25 0.08 0 1.765872214446129e-06
0.25 0.09 0 1.7576129847961123e-06
0.25 0.1 0 1.5318547419954737e-06
0.25 0.11 0 1.4775371152530298e-06
0.25 0.12 0 1.461498499716334e-06
0.25 0.13 0 1.2694081351863778e-06
0.25 0.14 0 1.2661791725141273e-06
0.25 0.15 0 1.2813751729425457e-06
0.25 0.16 0 1.4580780876068393e-06
0.25 0.17 0 2.2991448380763164e-06
0.25 0.18 0 2.03943466042885e-06
0.25 0.19 0 2.4741789220080235e-06
0.25 0.2 0 2.9380958332720796e-06
0.25 0.21 0 2.336063203164023e-06
0.25 0.22 0 1.8084795953850473e-06
0.25 0.23 0 1.6711082902313065e-06
0.25 0.24 0 1.7701868814465208e-06
0.25 0.25 0 1.819678071563793e-06
0.25 0.26 0 2.0762239096424143e-06
0.25 0.27 0 2.4433491404637128e-06
0.25 0.28 0 2.4162227229895326e-06
0.25 0.29 0 2.086956971629129e-06
0.25 0.3 0 2.034679367815113e-06
0.25 0.31 0 2.312147294113483e-06
0.25 0.32 0 2.315498013606724e-06
0.25 0.33 0 2.433642382505661e-06
0.25 0.34 0 2.4011121713765125e-06
0.25 0.35000000000000003 0 2.168953457790206e-06
0.25 0.36 0 2.4096554948463224e-06
0.25 0.37 0 2.0239276093699644e-06
0.25 0.38 0 2.2011547992286356e-06
0.25 0.39 0 2.176264861149334e-06
0.25 0.4 0 1.7651193995215485e-06
0.25 0.41000000000000003 0 1.8501844094556217e-06
0.25 0.42 0 1.973416311635172e-06
0.25 0.43 0 1.6379145590411571e-06
0.25 0.44 0 1.7030380950429732e-06
0.25 0.45 0 1.4949688151807229e-06
0.25 0.46 0 1.3865671176643127e-06
0.25 0.47000000000000003 0 1.486712550200391e-06
0.25 0.48 0 1.5769540096184228e-06
0.25 0.49 0 1.4495681357942033e-06
0.25 0.5 0 1.8530509333450328e-06
0.26 0.0 0 2.3042198315200833e-06
0.26 0.01 0 2.3763347074477673e-06
0.26 0.02 0 2.7299729842149837e-06
0.26 0.03 0 3.0631560259128557e-06
0.26 0.04 0 3.0062914432528896e-06
0.26 0.05 0 2.715762717504129e-06
0.26 0.06 0 2.1995809595175085e-06
0.26 0.07 0 1.6991650269778573e-06
0.26 0.08 0 1.6080341008793605e-06
0.26 0.09 0 1.6126796160137793e-06
0.26 0.1 0 1.933926881910054e-06
0.26 0.11 0 1.416685543780482e-06
0.26 0.12 0 1.2545232505471059e-06
0.26 0.13 0 1.0802567183656279e-06
0.26 0.14 0 1.1288477717027503e-06
0.26 0.15 0 1.3127770412545605e-06
0.26 0.16 0 1.4094254546714314e-06
0.26 0.17 0 1.912964371440162e-06
0.26 0.18 0 2.0911709959589814e-06
0.26 0.19 0 1.6476539293957657e-06
0.26 0.2 0 1.6228989787936843e-06
0.26 0.21 0 1.5916201962959496e-06
0.26 0.22 0 1.889266201144463e-06
0.26 0.23 0 1.641629527504306e-06
0.26 0.24 0 1.6251452269294906e-06
0.26 0.25 0 1.6190089513139835e-06
0.26 0.26 0 2.1448651054865115e-06
0.26 0.27 0 1.745943617162714e-06
0.26 0.28 0 1.7022316651076117e-06
0.26 0.29 0 1.7073673192488455e-06
0.26 0.3 0 1.5552077559257543e-06
0.26 0.31 0 2.071962117481949e-06
0.26 0.32 0 2.3429939234269198e-06
0.26 0.33 0 2.4153929033444434e-06
0.26 0.34 0 2.6278643701190666e-06
0.26 0.35000000000000003 0 2.5373165319554965e-06
0.26 0.36 0 2.0443351527060508e-06
0.26 0.37 0 2.080523511652083e-06
0.26 0.38 0 2.072185191127443e-06
0.26 0.39 0 2.2866920433271636e-06
0.26 0.4 0 1.947775536107708e-06
0.26 0.41000000000000003 0 1.6831361909247751e-06
0.26 0.42 0 1.6101346975308826e-06
0.26 0.43 0 1.9943803025614234e-06
0.26 0.44 0 1.4068839568406794e-06
0.26 0.45 0 1.2033298647044188e-06
0.26 0.46 0 1.1921309127969607e-06
0.26 0.47000000000000003 0 1.1104827186635474e-06
0.26 0.48 0 1.2075990915551974e-06
0.26 0.49 0 1.3367711820006786e-06
0.26 0.5 0 2.089509938262783e-06
0.27 0.0 0 2.549369575394533e-06
0.27 0.01 0 2.7950154760622397e-06
0.27 0.02 0 2.6226055538140205e-06
0.27 0.03 0 2.2119608895540934e-06
0.27 0.04 0 2.6183997637713775e-06
0.27 0.05 0 2.2307864183534825e-06
0.27 0.06 0 2.0116445900575725e-06
0.27 0.07 0 1.4410048590203354e-06
0.27 0.08 0 1.5342664549311164e-06
0.27 0.09 0 1.579761172688317e-06
0.27 0.1 0 2.07940203128133e-06
0.27 0.11 0 2.228593867853789e-06
0.27 0.12 0 1.7652283325686282e-06
0.27 0.13 0 1.4363010028790397e-06
0.27 0.14 0 1.449675665263904e-06
0.27 0.15 0 1.5656218807671868e-06
0.27 0.16 0 1.6173045936705206e-06
0.27 0.17 0 1.2875855039752987e-06
0.27 0.18 0 1.2610008555712302e-06
0.27 0.19 0 1.3266047004048153e-06
0.27 0.2 0 1.3650870287573705e-06
0.27 0.21 0 1.4353436845066302e-06
0.27 0.22 0 1.943328934345445e-06
0.27 0.23 0 1.4116288693260566e-06
0.27 0.24 0 1.452341825175629e-06
0.27 0.25 0 1.5038429896205676e-06
0.27 0.26 0 1.5539253122875893e-06
0.27 0.27 0 1.3628041658414227e-06
0.27 0.28 0 1.4591799802992948e-06
0.27 0.29 0 1.460306528569357e-06
0.27 0.3 0 1.5877495124861428e-06
0.27 0.31 0 1.6712057540225979e-06
0.27 0.32 0 1.6907757935925147e-06
0.27 0.33 0 2.3476402012933815e-06
0.27 0.34 0 2.9552741526491188e-06
0.27 0.35000000000000003 0 2.24310522764258e-06
0.27 0.36 0 2.078417283696024e-06
0.27 0.37 0 1.7784567245527262e-06
0.27 0.38 0 1.9251100985708634e-06
0.27 0.39 0 2.002496939032183e-06
0.27 0.4 0 1.6268444724782666e-06
0.27 0.41000000000000003 0 1.8240789063033625e-06
0.27 0.42 0 1.2800908936426334e-06
0.27 0.43 0 1.2928008656443274e-06
0.27 0.44 0 1.1339276193919708e-06
0.27 0.45 0 1.0714403497886683e-06
0.27 0.46 0 1.0189375276659184e-06
0.27 0.47000000000000003 0 1.1721376351510105e-06
0.27 0.48 0 1.2538454971863434e-06
0.27 0.49 0 1.4028281809763523e-06
0.27 0.5 0 1.4819604069402738e-06
0.28 0.0 0 3.1096513272681285e-06
0.28 0.01 0 3.409592007958901e-06
0.28 0.02 0 2.587715827816502e-06
0.28 0.03 0 2.2161082752581874e-06
0.28 0.04 0 1.943783413027237e-06
0.28 0.05 0 1.9596340096328084e-06
0.28 0.06 0 1.9815414480403052e-06
0.28 0.07 0 1.5345224131869063e-06
0.28 0.08 0 1.4758983058702654e-06
0.28 0.09 0 1.8450230658268041e-06
0.28 0.1 0 1.7280540544105749e-06
0.28 0.11 0 1.754979762969266e-06
0.28 0.12 0 1.8856974061977222e-06
0.28 0.13 0 1.79627517774143e-06
0.28 0.14 0 1.6214371239805534e-06
0.28 0.15 0 1.52025499177192e-06
0.28 0.16 0 1.5379179518230193e-06
0.28 0.17 0 1.6612471510724517e-06
0.28 0.18 0 1.3503812426893086e-06
0.28 0.19 0 9.88615326338306e-07
0.28 0.2 0 1.4107844819853067e-06
0.28 0.21 0 1.4129069374675174e-06
0.28 0.22 0 1.1038810706949468e-06
0.28 0.23 0 1.037825325030377e-06
0.28 0.24 0 1.3287857678607295e-06
0.28 0.25 0 1.28782068176647e-06
0.28 0.26 0 1.2393646858801755e-06
0.28 0.27 0 1.1926059017004858e-06
0.28 0.28 0 1.279141856445835e-06
0.28 0.29 0 1.3347251773373909e-06
0.28 0.3 0 1.3454002653094051e-06
0.28 0.31 0 1.3053758728802794e-06
0.28 0.32 0 1.4458600299680188e-06
0.28 0.33 0 1.9217425540919553e-06
0.28 0.34 0 2.43050429108358e-06
0.28 0.35000000000000003 0 2.158922131254413e-06
0.28 0.36 0 1.8774589027402458e-06
0.28 0.37 0 1.6874166489181329e-06
0.28 0.38 0 1.2931049724235294e-06
0.28 0.39 0 1.346437863754484e-06
0.28 0.4 0 1.2943209135209644e-06
0.28 0.41000000000000003 0 1.362268588515472e-06
0.28 0.42 0 1.3720343012796396e-06
0.28 0.43 0 1.2274851949804268e-06
0.28 0.44 0 1.1982628454791505e-06
0.28 0.45 0 1.2447325600019523e-06
0.28 0.46 0 1.0249436305666166e-06
0.28 0.47000000000000003 0 8.849718594094877e-07
0.28 0.48 0 1.2103236417315861e-06
0.28 0.49 0 1.1149039909995156e-06
0.28 0.5 0 1.1516692373022726e-06
0.29 0.0 0 2.0894757551676192e-06
0.29 0.01 0 2.3175649405079207e-06
0.29 0.02 0 2.185783715924067e-06
0.29 0.03 0 2.1115832975518234e-06
0.29 0.04 0 2.0376973818907866e-06
0.29 0.05 0 2.0582465814509234e-06
0.29 0.06 0 2.234433026689856e-06
0.29 0.07 0 1.7852114337450292e-06
0.29 0.08 0 1.3453843942579391e-06
0.29 0.09 0 1.4802005963952028e-06
0.29 0.1 0 1.269153382155745e-06
0.29 0.11 0 1.517249131913943e-06
0.29 0.12 0 1.422122653354142e-06
0.29 0.13 0 2.144977471659523e-06
0.29 0.14 0 1.961174034578791e-06
0.29 0.15 0 1.9237336996688133e-06
0.29 0.16 0 1.6458641425163923e-06
0.29 0.17 0 1.8058243254618193e-06
0.29 0.18 0 1.5999137643133601e-06
0.29 0.19 0 1.320847531605349e-06
0.29 0.2 0 1.4668567308659593e-06
0.29 0.21 0 1.2657219648039614e-06
0.29 0.22 0 1.0807371317149875e-06
0.29 0.23 0 1.1136473628858282e-06
0.29 0.24 0 1.0985942182140134e-06
0.29 0.25 0 1.4412811261984467e-06
0.29 0.26 0 1.4945721389729876e-06
0.29 0.27 0 1.2321055495884922e-06
0.29 0.28 0 1.2417890670107173e-06
0.29 0.29 0 1.2069409169026102e-06
0.29 0.3 0 1.212212029046324e-06
0.29 0.31 0 1.251405263864651e-06
0.29 0.32 0 1.4950894043137545e-06
0.29 0.33 0 1.6921433032900047e-06
0.29 0.34 0 1.5287847954798675e-06
0.29 0.35000000000000003 0 1.4062578600625195e-06
0.29 0.36 0 1.3717369873867836e-06
0.29 0.37 0 1.410470301783949e-06
0.29 0.38 0 1.2838578716413378e-06
0.29 0.39 0 1.3738900876841022e-06
0.29 0.4 0 1.5141412309162903e-06
0.29 0.41000000000000003 0 1.3508411003216835e-06
0.29 0.42 0 1.1964710217971623e-06
0.29 0.43 0 1.200636267595823e-06
0.29 0.44 0 1.068446373939307e-06
0.29 0.45 0 9.528516636220673e-07
0.29 0.46 0 9.091431441968027e-07
0.29 0.47000000000000003 0 8.787374292818162e-07
0.29 0.48 0 9.903727739183759e-07
0.29 0.49 0 1.0504486381233974e-06
0.29 0.5 0 1.4435560383137042e-06
0.3 0.0 0 1.7125691796636518e-06
0.3 0.01 0 1.9505723004864975e-06
0.3 0.02 0 2.186650990797703e-06
0.3 0.03 0 1.8581757596892012e-06
0.3 0.04 0 2.167453114073092e-06
0.3 0.05 0 1.9834736337373342e-06
0.3 0.06 0 1.548685842038621e-06
0.3 0.07 0 1.6138331675596671e-06
0.3 0.08 0 1.7600038204148286e-06
0.3 0.09 0 1.631352341568635e-06
0.3 0.1 0 1.4441791898746755e-06
0.3 0.11 0 1.7826318558669284e-06
0.3 0.12 0 1.9109725827909596e-06
0.3 0.13 0 1.9157933096701218e-06
0.3 0.14 0 1.4242010852889423e-06
0.3 0.15 0 1.4094508830746512e-06
0.3 0.16 0 1.5735995327503266e-06
0.3 0.17 0 1.2828761376339154e-06
0.3 0.18 0 1.198787081380959e-06
0.3 0.19 0 1.2354604583882094e-06
0.3 0.2 0 1.297621993528097e-06
0.3 0.21 0 1.3104945386950628e-06
0.3 0.22 0 1.0679324136940439e-06
0.3 0.23 0 9.460020638094994e-07
0.3 0.24 0 8.695683390249988e-07
0.3 0.25 0 1.1817993320130106e-06
0.3 0.26 0 1.0643540823999465e-06
0.3 0.27 0 8.842829240667511e-07
0.3 0.28 0 8.900138672833666e-07
0.3 0.29 0 1.0501363413532362e-06
0.3 0.3 0 1.1323648900614697e-06
0.3 0.31 0 1.1237570758710637e-06
0.3 0.32 0 1.3299599182278174e-06
0.3 0.33 0 1.3107904561664635e-06
0.3 0.34 0 1.1598072292417122e-06
0.3 0.35000000000000003 0 1.3214270848796365e-06
0.3 0.36 0 1.2643336861864965e-06
0.3 0.37 0 1.4636914491493197e-06
0.3 0.38 0 1.4174095906514935e-06
0.3 0.39 0 1.3997777185323833e-06
0.3 0.4 0 1.4383568812755985e-06
0.3 0.41000000000000003 0 1.5100192014455931e-06
0.3 0.42 0 1.5116322296823003e-06
0.3 0.43 0 1.3601130814750892e-06
0.3 0.44 0 1.6982756559624715e-06
0.3 0.45 0 1.5711413969623212e-06
0.3 0.46 0 1.5403961452365323e-06
0.3 0.47000000000000003 0 1.323190246091921e-06
0.3 0.48 0 1.3236176382663433e-06
0.3 0.49 0 1.3403724942334798e-06
0.3 0.5 0 1.4129002967951277e-06
#STOP
