#MEDIUM_PROPERTIES_DISTRIBUTED
$MSH_TYPE
	 GROUNDWATER_FLOW	
$MMP_TYPE
	 PERMEABILITY	
$DIS_TYPE
	 NEAREST_VALUE	
;hj
$CONVERSION_FACTOR
	 1.0	
$DATA
0.0 0.0 0 7.826653900285259e-07
0.0 0.01 0 2.410087126335958e-06
0.0 0.02 0 9.669054831999486e-07
0.0 0.03 0 4.4474933631343727e-07
0.0 0.04 0 3.2648774306125364e-07
0.0 0.05 0 2.5006943471103596e-07
0.0 0.06 0 1.7783739185147735e-07
0.0 0.07 0 2.748065154623645e-07
0.0 0.08 0 1.633740727303554e-07
0.0 0.09 0 1.7441919765675668e-07
0.0 0.1 0 8.737243788755211e-08
0.0 0.11 0 8.890036331604629e-08
0.0 0.12 0 1.3531647769334951e-07
0.0 0.13 0 1.3048995382685248e-07
0.0 0.14 0 2.0326744829803707e-07
0.0 0.15 0 6.946074034302369e-08
0.0 0.16 0 1.6758464826894751e-07
0.0 0.17 0 1.1812567046465264e-07
0.0 0.18 0 2.384475903277354e-07
0.0 0.19 0 6.533344877543243e-07
0.0 0.2 0 4.92683866070376e-07
0.0 0.21 0 9.466633913181559e-07
0.0 0.22 0 9.29777572031572e-07
0.0 0.23 0 5.692527378192222e-07
0.0 0.24 0 4.680583665606851e-07
0.0 0.25 0 3.896243667898994e-07
0.0 0.26 0 6.015356948170911e-07
0.0 0.27 0 8.797238828879741e-07
0.0 0.28 0 9.065976728498033e-07
0.0 0.29 0 2.319105944429664e-06
0.0 0.3 0 8.682294722947562e-07
0.0 0.31 0 7.48002145410519e-07
0.0 0.32 0 6.214028812581625e-07
0.0 0.33 0 3.9511493438293973e-07
0.0 0.34 0 4.864638178506079e-07
0.0 0.35000000000000003 0 4.7329463483571336e-07
0.0 0.36 0 5.727078657020244e-07
0.0 0.37 0 4.568798071767701e-07
0.0 0.38 0 8.344225129166859e-07
0.0 0.39 0 8.951304743402143e-07
0.0 0.4 0 2.028797562616186e-06
0.0 0.41000000000000003 0 1.9425863952279392e-06
0.0 0.42 0 3.57236204215256e-06
0.0 0.43 0 3.901041278562594e-06
0.0 0.44 0 6.575596158188058e-06
0.0 0.45 0 1.8867183025027593e-06
0.0 0.46 0 1.2868330485108457e-06
0.0 0.47000000000000003 0 1.1150741341992847e-06
0.0 0.48 0 7.370538520965192e-07
0.0 0.49 0 6.959061713217635e-07
0.0 0.5 0 6.11678021909316e-07
0.01 0.0 0 1.455022056484138e-06
0.01 0.01 0 1.6641934029669496e-06
0.01 0.02 0 8.554296425039286e-07
0.01 0.03 0 6.124452628210939e-07
0.01 0.04 0 3.1309235255681237e-07
0.01 0.05 0 2.0311909514204333e-07
0.01 0.06 0 4.762412614989066e-07
0.01 0.07 0 4.3071226195160035e-07
0.01 0.08 0 1.4488279083276777e-07
0.01 0.09 0 7.266790968718074e-08
0.01 0.1 0 9.135226044382797e-08
0.01 0.11 0 1.1125829433346707e-07
0.01 0.12 0 2.5317808989744554e-07
0.01 0.13 0 3.4456231509350777e-07
0.01 0.14 0 2.5947773217839766e-07
0.01 0.15 0 2.2469451271000016e-07
0.01 0.16 0 1.714934519805526e-07
0.01 0.17 0 1.0682186991236373e-07
0.01 0.18 0 2.5814634623660266e-07
0.01 0.19 0 6.348616661812137e-07
0.01 0.2 0 3.874614436473142e-07
0.01 0.21 0 6.433196539913033e-07
0.01 0.22 0 8.37813767171509e-07
0.01 0.23 0 8.506628290282585e-07
0.01 0.24 0 1.1952869512449213e-06
0.01 0.25 0 8.8062346097073e-07
0.01 0.26 0 1.104301005919543e-06
0.01 0.27 0 8.808570811529326e-07
0.01 0.28 0 1.4679591107429136e-06
0.01 0.29 0 1.6354834019438229e-06
0.01 0.3 0 1.1884268063545027e-06
0.01 0.31 0 2.185531405612752e-06
0.01 0.32 0 1.7341335881577363e-06
0.01 0.33 0 1.6991354668470851e-06
0.01 0.34 0 1.5586621324092608e-06
0.01 0.35000000000000003 0 7.188610348849797e-07
0.01 0.36 0 7.279020968216312e-07
0.01 0.37 0 7.312826691524439e-07
0.01 0.38 0 7.709224339230923e-07
0.01 0.39 0 5.922126076454935e-07
0.01 0.4 0 7.532699832991298e-07
0.01 0.41000000000000003 0 1.9947448298484174e-06
0.01 0.42 0 1.57154792188338e-06
0.01 0.43 0 4.0278678800413525e-06
0.01 0.44 0 1.897310722829246e-06
0.01 0.45 0 1.6923459117540396e-06
0.01 0.46 0 1.417533744056538e-06
0.01 0.47000000000000003 0 8.010986029045607e-07
0.01 0.48 0 1.4573599853937814e-06
0.01 0.49 0 1.7098028606180513e-06
0.01 0.5 0 1.0877838337560035e-06
0.02 0.0 0 2.089441745249629e-06
0.02 0.01 0 2.1918740737579408e-06
0.02 0.02 0 1.1571910720505589e-06
0.02 0.03 0 9.597708291380287e-07
0.02 0.04 0 4.625973287504166e-07
0.02 0.05 0 4.638485417494639e-07
0.02 0.06 0 3.2843508844096876e-07
0.02 0.07 0 2.0521857962030493e-07
0.02 0.08 0 1.2102849679415148e-07
0.02 0.09 0 9.837626015951083e-08
0.02 0.1 0 7.393258786599027e-08
0.02 0.11 0 7.904544964621104e-08
0.02 0.12 0 3.913186625715357e-07
0.02 0.13 0 3.4685278310284774e-07
0.02 0.14 0 2.331024729252611e-07
0.02 0.15 0 1.577276506365135e-07
0.02 0.16 0 1.3789242328232217e-07
0.02 0.17 0 2.0665436062917388e-07
0.02 0.18 0 3.8660201056433704e-07
0.02 0.19 0 6.124675919018315e-07
0.02 0.2 0 8.371228096149027e-07
0.02 0.21 0 7.134656735661098e-07
0.02 0.22 0 6.37230592921939e-07
0.02 0.23 0 9.450010916668847e-07
0.02 0.24 0 8.122046188382711e-07
0.02 0.25 0 1.4832536328552182e-06
0.02 0.26 0 3.0879814513629694e-06
0.02 0.27 0 3.1597743836277244e-06
0.02 0.28 0 3.4282525013873484e-06
0.02 0.29 0 7.91036864835427e-06
0.02 0.3 0 5.395583401860334e-06
0.02 0.31 0 4.103321855906423e-06
0.02 0.32 0 4.757350619219322e-06
0.02 0.33 0 1.980277075779708e-06
0.02 0.34 0 9.71458395434548e-07
0.02 0.35000000000000003 0 1.1145488445409998e-06
0.02 0.36 0 7.334508102728447e-07
0.02 0.37 0 6.390874484093562e-07
0.02 0.38 0 8.660673648963527e-07
0.02 0.39 0 7.138621440054767e-07
0.02 0.4 0 9.509566307630588e-07
0.02 0.41000000000000003 0 1.0151378636664248e-06
0.02 0.42 0 8.353928868929525e-07
0.02 0.43 0 9.462632687718592e-07
0.02 0.44 0 1.7144570422799974e-06
0.02 0.45 0 1.206214652682714e-06
0.02 0.46 0 1.6265250711614964e-06
0.02 0.47000000000000003 0 1.4437555030667425e-06
0.02 0.48 0 2.6975277945618215e-06
0.02 0.49 0 2.986631123932237e-06
0.02 0.5 0 1.9052747298265802e-06
0.03 0.0 0 3.3657603489365264e-06
0.03 0.01 0 4.4807636181907e-06
0.03 0.02 0 1.507196600125381e-06
0.03 0.03 0 6.56814242989269e-07
0.03 0.04 0 8.085076596137316e-07
0.03 0.05 0 6.796295225437322e-07
0.03 0.06 0 5.352113839703103e-07
0.03 0.07 0 8.067700034457569e-07
0.03 0.08 0 6.414392075940529e-07
0.03 0.09 0 5.846565548488812e-07
0.03 0.1 0 5.362856846916267e-07
0.03 0.11 0 3.877871107061145e-07
0.03 0.12 0 3.1052686569903233e-07
0.03 0.13 0 2.8585265844709865e-07
0.03 0.14 0 3.3952811274257304e-07
0.03 0.15 0 3.075756522697346e-07
0.03 0.16 0 1.1650509837864568e-07
0.03 0.17 0 2.747685804959771e-07
0.03 0.18 0 2.245744935758257e-07
0.03 0.19 0 4.256414949242357e-07
0.03 0.2 0 6.890507397551649e-07
0.03 0.21 0 6.694042049675408e-07
0.03 0.22 0 5.207486216297535e-07
0.03 0.23 0 4.95605044961982e-07
0.03 0.24 0 5.517052778464597e-07
0.03 0.25 0 7.81035849406114e-07
0.03 0.26 0 2.365454097126891e-06
0.03 0.27 0 2.961680525069091e-06
0.03 0.28 0 1.2129611211459702e-06
0.03 0.29 0 9.94995755639522e-07
0.03 0.3 0 2.3587753839064688e-06
0.03 0.31 0 5.802527422846089e-07
0.03 0.32 0 8.684063876864051e-07
0.03 0.33 0 3.7491212977912145e-07
0.03 0.34 0 5.586271560961894e-07
0.03 0.35000000000000003 0 4.838532598800296e-07
0.03 0.36 0 4.372688773865638e-07
0.03 0.37 0 9.412082900474215e-07
0.03 0.38 0 7.612300583317327e-07
0.03 0.39 0 2.293274017676288e-06
0.03 0.4 0 9.717173380436221e-07
0.03 0.41000000000000003 0 5.383431022643227e-07
0.03 0.42 0 7.687270693632255e-07
0.03 0.43 0 1.6702495058197312e-06
0.03 0.44 0 1.9479098955407844e-06
0.03 0.45 0 4.217536637675152e-06
0.03 0.46 0 6.591194356624709e-06
0.03 0.47000000000000003 0 5.2211856469779435e-06
0.03 0.48 0 5.6369879881343145e-06
0.03 0.49 0 4.206128789536854e-06
0.03 0.5 0 2.4959442393547723e-06
0.04 0.0 0 5.269413953322362e-06
0.04 0.01 0 5.6373139033698946e-06
0.04 0.02 0 4.36888180205007e-06
0.04 0.03 0 4.046060856153654e-06
0.04 0.04 0 5.891247202005318e-06
0.04 0.05 0 1.9833631555517863e-06
0.04 0.06 0 4.1464634108072555e-06
0.04 0.07 0 2.1217133032916458e-06
0.04 0.08 0 1.4614445758943144e-06
0.04 0.09 0 2.246205520782387e-06
0.04 0.1 0 1.3131075894386708e-06
0.04 0.11 0 4.829874522496632e-07
0.04 0.12 0 8.380635084308079e-07
0.04 0.13 0 7.104947311639419e-07
0.04 0.14 0 8.99116253004185e-07
0.04 0.15 0 4.5275313975519274e-07
0.04 0.16 0 4.788608847771266e-07
0.04 0.17 0 2.0774246490668148e-07
0.04 0.18 0 2.499836500727401e-07
0.04 0.19 0 7.755645467160056e-07
0.04 0.2 0 6.871252073268129e-07
0.04 0.21 0 1.048797599585384e-06
0.04 0.22 0 6.392425482164307e-07
0.04 0.23 0 4.247813423976763e-07
0.04 0.24 0 4.0436342086764356e-07
0.04 0.25 0 1.1462854466069091e-06
0.04 0.26 0 1.923773004425036e-06
0.04 0.27 0 3.5800062324647485e-06
0.04 0.28 0 2.341281167295794e-06
0.04 0.29 0 1.6294910029729643e-06
0.04 0.3 0 4.165894208180812e-07
0.04 0.31 0 2.889722113783779e-07
0.04 0.32 0 3.2425700335569386e-07
0.04 0.33 0 2.3971924434281953e-07
0.04 0.34 0 5.804222514443867e-07
0.04 0.35000000000000003 0 3.816155390360024e-07
0.04 0.36 0 7.687539758130869e-07
0.04 0.37 0 1.3936195580517701e-06
0.04 0.38 0 1.0844160522359084e-06
0.04 0.39 0 1.3400299935104468e-06
0.04 0.4 0 2.3350196968483585e-06
0.04 0.41000000000000003 0 2.847464615523921e-06
0.04 0.42 0 3.856620806810756e-06
0.04 0.43 0 5.251427712755571e-06
0.04 0.44 0 1.0806089779238388e-05
0.04 0.45 0 1.815840656549289e-05
0.04 0.46 0 9.244515461010887e-06
0.04 0.47000000000000003 0 6.099255123367827e-06
0.04 0.48 0 3.973206557891898e-06
0.04 0.49 0 7.698237419184727e-06
0.04 0.5 0 3.5833024126636998e-06
0.05 0.0 0 8.726046762407329e-06
0.05 0.01 0 3.939434911669169e-06
0.05 0.02 0 4.152063252615291e-06
0.05 0.03 0 7.223730531666471e-06
0.05 0.04 0 8.151196559911285e-06
0.05 0.05 0 1.1204400488073661e-05
0.05 0.06 0 1.2079911897051086e-05
0.05 0.07 0 6.123284001848968e-06
0.05 0.08 0 6.064543615121882e-06
0.05 0.09 0 2.7915612790637103e-06
0.05 0.1 0 1.1112942366230274e-06
0.05 0.11 0 1.7094335157814853e-06
0.05 0.12 0 1.3417779513225505e-06
0.05 0.13 0 8.397899903283048e-07
0.05 0.14 0 1.1436386730666773e-06
0.05 0.15 0 1.3632286861419657e-06
0.05 0.16 0 5.124293232286233e-07
0.05 0.17 0 4.787842641472002e-07
0.05 0.18 0 3.966153530056768e-07
0.05 0.19 0 7.406383213568298e-07
0.05 0.2 0 9.365286227291317e-07
0.05 0.21 0 1.258458395836506e-06
0.05 0.22 0 4.6548859459331027e-07
0.05 0.23 0 1.1208079703839774e-06
0.05 0.24 0 9.995065521638272e-07
0.05 0.25 0 7.551987173635771e-07
0.05 0.26 0 2.311259255620639e-06
0.05 0.27 0 2.865988092259559e-06
0.05 0.28 0 3.7883258480934124e-06
0.05 0.29 0 2.267320168303356e-06
0.05 0.3 0 2.193234652701359e-06
0.05 0.31 0 1.0720565761997843e-06
0.05 0.32 0 6.600431953384659e-07
0.05 0.33 0 5.154816523294834e-07
0.05 0.34 0 9.118690028277606e-07
0.05 0.35000000000000003 0 5.79270359136578e-07
0.05 0.36 0 7.246510251274544e-07
0.05 0.37 0 7.816692071964676e-07
0.05 0.38 0 1.0368929575514336e-06
0.05 0.39 0 1.2972026705941887e-06
0.05 0.4 0 1.820085616541098e-06
0.05 0.41000000000000003 0 1.845330244372464e-06
0.05 0.42 0 2.463005547565645e-06
0.05 0.43 0 5.630049579223164e-06
0.05 0.44 0 6.1160666415973405e-06
0.05 0.45 0 9.03864567285857e-06
0.05 0.46 0 8.876464565558975e-06
0.05 0.47000000000000003 0 4.899785720492399e-06
0.05 0.48 0 8.724330476974033e-07
0.05 0.49 0 8.083486993112552e-07
0.05 0.5 0 1.1816220334343179e-06
0.06 0.0 0 3.6512860594645095e-06
0.06 0.01 0 4.044965905468386e-06
0.06 0.02 0 5.602973678171207e-06
0.06 0.03 0 8.344673972852882e-06
0.06 0.04 0 1.415762230099389e-05
0.06 0.05 0 3.222256436134611e-05
0.06 0.06 0 1.5003241656012318e-05
0.06 0.07 0 6.655077697043811e-06
0.06 0.08 0 5.2632865681477815e-06
0.06 0.09 0 1.7458479190197784e-06
0.06 0.1 0 2.394238239826828e-06
0.06 0.11 0 8.274808306711046e-07
0.06 0.12 0 2.0039170574731966e-06
0.06 0.13 0 1.2630056005780881e-06
0.06 0.14 0 1.6674319910053535e-06
0.06 0.15 0 7.393253212596265e-07
0.06 0.16 0 9.83301614978155e-07
0.06 0.17 0 8.543970191052128e-07
0.06 0.18 0 7.614564725899859e-07
0.06 0.19 0 4.787248163125618e-07
0.06 0.2 0 6.876145226648525e-07
0.06 0.21 0 1.088126833166943e-06
0.06 0.22 0 8.843222605685954e-07
0.06 0.23 0 2.3492304008047673e-06
0.06 0.24 0 1.4401616589304638e-06
0.06 0.25 0 3.3108259752540248e-06
0.06 0.26 0 2.522413756435051e-06
0.06 0.27 0 3.2531618964359965e-06
0.06 0.28 0 3.1730757203225944e-06
0.06 0.29 0 2.658426573985957e-06
0.06 0.3 0 1.0256132872961483e-06
0.06 0.31 0 8.422536808194148e-07
0.06 0.32 0 6.051016784919954e-07
0.06 0.33 0 8.334266131406004e-07
0.06 0.34 0 9.740964640932283e-07
0.06 0.35000000000000003 0 7.455750112410597e-07
0.06 0.36 0 1.2869769202997502e-06
0.06 0.37 0 7.244570884963895e-07
0.06 0.38 0 1.1063119520087865e-06
0.06 0.39 0 6.245309795542101e-07
0.06 0.4 0 9.750783498438819e-07
0.06 0.41000000000000003 0 1.679896134226245e-06
0.06 0.42 0 1.30958411438039e-06
0.06 0.43 0 1.8890461008527642e-06
0.06 0.44 0 2.1138080012406257e-06
0.06 0.45 0 4.670069106983063e-06
0.06 0.46 0 2.2035128553993116e-06
0.06 0.47000000000000003 0 1.0870403252178634e-06
0.06 0.48 0 7.861244770429231e-07
0.06 0.49 0 4.830094576361673e-07
0.06 0.5 0 5.049571927286718e-07
0.07 0.0 0 1.103965234798636e-05
0.07 0.01 0 8.608515404646597e-06
0.07 0.02 0 1.628495039369905e-05
0.07 0.03 0 1.968535459849751e-05
0.07 0.04 0 1.0087526305113311e-05
0.07 0.05 0 1.3486116755398746e-05
0.07 0.06 0 1.242795942327565e-05
0.07 0.07 0 1.9290106738036026e-05
0.07 0.08 0 5.7376564516097195e-06
0.07 0.09 0 2.581121537563453e-06
0.07 0.1 0 2.0675643131084303e-06
0.07 0.11 0 8.680148755953105e-07
0.07 0.12 0 9.611636459991166e-07
0.07 0.13 0 1.4763984804150442e-06
0.07 0.14 0 1.3323345898974125e-06
0.07 0.15 0 2.3071174482714894e-06
0.07 0.16 0 1.6290932700707249e-06
0.07 0.17 0 1.234801583508426e-06
0.07 0.18 0 1.033903072474931e-06
0.07 0.19 0 1.2984578515760578e-06
0.07 0.2 0 1.5782642289151912e-06
0.07 0.21 0 7.399093862798125e-07
0.07 0.22 0 2.19279902786867e-06
0.07 0.23 0 6.159676832270683e-06
0.07 0.24 0 3.7558596389743964e-06
0.07 0.25 0 4.359248626782117e-06
0.07 0.26 0 2.314580154964235e-06
0.07 0.27 0 2.5804647684732553e-06
0.07 0.28 0 2.396860742601685e-06
0.07 0.29 0 1.3639492156490143e-06
0.07 0.3 0 1.7775147486446656e-06
0.07 0.31 0 1.3716491737930398e-06
0.07 0.32 0 1.3179293518394918e-06
0.07 0.33 0 5.777116851681149e-07
0.07 0.34 0 4.3128825783248105e-07
0.07 0.35000000000000003 0 4.476429335853385e-07
0.07 0.36 0 5.386745161520316e-07
0.07 0.37 0 4.461371005407926e-07
0.07 0.38 0 1.0643185636535806e-06
0.07 0.39 0 1.2905941404704797e-06
0.07 0.4 0 2.004207033504935e-06
0.07 0.41000000000000003 0 2.4486069184712227e-06
0.07 0.42 0 2.4339161512928027e-06
0.07 0.43 0 3.975665139578629e-06
0.07 0.44 0 3.3076907403678185e-06
0.07 0.45 0 3.7266330518235568e-06
0.07 0.46 0 1.2112968583907551e-06
0.07 0.47000000000000003 0 1.1107106437456276e-06
0.07 0.48 0 2.118416766806108e-06
0.07 0.49 0 7.934477702616512e-07
0.07 0.5 0 2.6628182283974996e-06
0.08 0.0 0 1.0439253951625167e-05
0.08 0.01 0 8.329468257391742e-06
0.08 0.02 0 7.178650286932244e-06
0.08 0.03 0 1.1309205596560001e-05
0.08 0.04 0 4.595453830806096e-06
0.08 0.05 0 1.241864186509304e-05
0.08 0.06 0 1.812476538794376e-05
0.08 0.07 0 1.2170944028073482e-05
0.08 0.08 0 1.7726270069759748e-05
0.08 0.09 0 5.757232710743465e-06
0.08 0.1 0 3.3780443345220613e-06
0.08 0.11 0 2.504825544688001e-06
0.08 0.12 0 3.916986234711979e-06
0.08 0.13 0 2.1646531888694766e-06
0.08 0.14 0 1.5836714954064204e-06
0.08 0.15 0 1.165896452012003e-06
0.08 0.16 0 7.596363217155757e-07
0.08 0.17 0 9.58407030509523e-07
0.08 0.18 0 1.4693082955742767e-06
0.08 0.19 0 8.093740058200038e-07
0.08 0.2 0 2.1887224009080145e-06
0.08 0.21 0 2.4261331918736075e-06
0.08 0.22 0 2.5725157656552586e-06
0.08 0.23 0 2.616202659263902e-06
0.08 0.24 0 2.8267223685015958e-06
0.08 0.25 0 6.849709594862414e-06
0.08 0.26 0 3.0546969564017644e-06
0.08 0.27 0 6.610199558976408e-06
0.08 0.28 0 4.476435591221411e-06
0.08 0.29 0 3.2197697014562972e-06
0.08 0.3 0 2.3582153533201863e-06
0.08 0.31 0 1.1437978061660575e-06
0.08 0.32 0 5.046614873400465e-07
0.08 0.33 0 5.228575686831694e-07
0.08 0.34 0 7.767154904392959e-07
0.08 0.35000000000000003 0 9.317444358760141e-07
0.08 0.36 0 1.036083610079818e-06
0.08 0.37 0 1.86410326575042e-06
0.08 0.38 0 1.8934634511896266e-06
0.08 0.39 0 1.65989492719398e-06
0.08 0.4 0 3.88699461436994e-06
0.08 0.41000000000000003 0 4.501795220917101e-06
0.08 0.42 0 5.003852977913411e-06
0.08 0.43 0 3.6877854691893464e-06
0.08 0.44 0 9.484237013762281e-07
0.08 0.45 0 5.708018811345094e-07
0.08 0.46 0 4.022942488491308e-07
0.08 0.47000000000000003 0 5.961516435367672e-07
0.08 0.48 0 8.880906551880634e-07
0.08 0.49 0 4.590504167540697e-06
0.08 0.5 0 3.859505789230535e-06
0.09 0.0 0 4.7770261737768005e-06
0.09 0.01 0 5.846758316227537e-06
0.09 0.02 0 3.6796042713742202e-06
0.09 0.03 0 2.7710365250178458e-06
0.09 0.04 0 3.916365300647027e-06
0.09 0.05 0 3.2020011189233943e-06
0.09 0.06 0 2.843810464952214e-06
0.09 0.07 0 4.816810456623104e-06
0.09 0.08 0 6.122413348501001e-06
0.09 0.09 0 6.961194158207371e-06
0.09 0.1 0 9.033089264272241e-06
0.09 0.11 0 3.787166787160975e-06
0.09 0.12 0 1.0582609082076181e-06
0.09 0.13 0 1.7853082344152656e-06
0.09 0.14 0 6.67279783382455e-07
0.09 0.15 0 7.526285532132282e-07
0.09 0.16 0 1.0589087807789546e-06
0.09 0.17 0 1.2036090161127925e-06
0.09 0.18 0 5.554845271779731e-07
0.09 0.19 0 4.890114923590666e-07
0.09 0.2 0 8.394779311746393e-07
0.09 0.21 0 5.601098230576418e-07
0.09 0.22 0 1.3322807401211138e-06
0.09 0.23 0 2.300270948311238e-06
0.09 0.24 0 2.2356060176920322e-06
0.09 0.25 0 2.1895020765155634e-06
0.09 0.26 0 3.2811296872318626e-06
0.09 0.27 0 2.7162739520256864e-06
0.09 0.28 0 3.3344139913067765e-06
0.09 0.29 0 1.8507744867559883e-06
0.09 0.3 0 1.9353261235898627e-06
0.09 0.31 0 6.238908313937637e-07
0.09 0.32 0 7.605168605265757e-07
0.09 0.33 0 7.655582587740238e-07
0.09 0.34 0 9.100268316959023e-07
0.09 0.35000000000000003 0 2.216407645185511e-06
0.09 0.36 0 2.498798418606977e-06
0.09 0.37 0 3.262987699579534e-06
0.09 0.38 0 5.6283491899805994e-06
0.09 0.39 0 1.1199278412225007e-05
0.09 0.4 0 7.132566805988191e-06
0.09 0.41000000000000003 0 5.066968830868318e-06
0.09 0.42 0 4.339896701538162e-06
0.09 0.43 0 1.5624069296178003e-06
0.09 0.44 0 6.335295977586793e-07
0.09 0.45 0 2.4108828225365245e-07
0.09 0.46 0 1.859634933030151e-07
0.09 0.47000000000000003 0 3.5236785550238437e-07
0.09 0.48 0 8.5917270121423e-07
0.09 0.49 0 6.495394270318743e-07
0.09 0.5 0 1.0326224843505227e-06
0.1 0.0 0 2.065901311489437e-06
0.1 0.01 0 2.3415187641735683e-06
0.1 0.02 0 2.798412188560269e-06
0.1 0.03 0 2.451870693604053e-06
0.1 0.04 0 2.9355644198628726e-06
0.1 0.05 0 1.5074245614287882e-06
0.1 0.06 0 1.194262696853814e-06
0.1 0.07 0 1.332528778477587e-06
0.1 0.08 0 1.2874785974363676e-06
0.1 0.09 0 1.8870042757999898e-06
0.1 0.1 0 2.011997234682134e-06
0.1 0.11 0 1.3914192316644797e-06
0.1 0.12 0 5.37573257932725e-07
0.1 0.13 0 7.583491531928628e-07
0.1 0.14 0 5.911407521318166e-07
0.1 0.15 0 4.7564867061104856e-07
0.1 0.16 0 4.228616512883052e-07
0.1 0.17 0 3.28427705002963e-07
0.1 0.18 0 5.023053354202171e-07
0.1 0.19 0 4.6904406080782213e-07
0.1 0.2 0 4.94706049016204e-07
0.1 0.21 0 1.1905193915562027e-06
0.1 0.22 0 9.563001693197983e-07
0.1 0.23 0 1.6405172864037277e-06
0.1 0.24 0 1.419473875330962e-06
0.1 0.25 0 2.0696318524059392e-06
0.1 0.26 0 1.6922922751784969e-06
0.1 0.27 0 1.930056443770865e-06
0.1 0.28 0 3.0979899232474927e-06
0.1 0.29 0 1.6103263741898171e-06
0.1 0.3 0 2.6305915720299216e-06
0.1 0.31 0 2.3982709213850153e-06
0.1 0.32 0 1.2257859142473657e-06
0.1 0.33 0 1.1294192982880616e-06
0.1 0.34 0 8.414409012649711e-07
0.1 0.35000000000000003 0 1.270541724695707e-06
0.1 0.36 0 2.1921724580178607e-06
0.1 0.37 0 2.583457208933939e-06
0.1 0.38 0 4.2672240324949505e-06
0.1 0.39 0 3.2187584237353682e-06
0.1 0.4 0 3.786387176228798e-06
0.1 0.41000000000000003 0 4.073363372376207e-06
0.1 0.42 0 2.003685705930362e-06
0.1 0.43 0 2.1819430300830374e-06
0.1 0.44 0 9.207164917919776e-07
0.1 0.45 0 9.530366421497305e-07
0.1 0.46 0 2.3200741439078584e-07
0.1 0.47000000000000003 0 3.2534797850782427e-07
0.1 0.48 0 2.828323036345225e-07
0.1 0.49 0 6.593443651526711e-07
0.1 0.5 0 8.652517234159011e-07
0.11 0.0 0 6.627600989468364e-06
0.11 0.01 0 2.0495063414509113e-06
0.11 0.02 0 5.310520289349978e-06
0.11 0.03 0 1.7648485268311836e-06
0.11 0.04 0 3.998581724617455e-06
0.11 0.05 0 2.1699269955020855e-06
0.11 0.06 0 2.3254101250425897e-06
0.11 0.07 0 1.2118439217684613e-06
0.11 0.08 0 1.4339587091575867e-06
0.11 0.09 0 1.1206830703895906e-06
0.11 0.1 0 5.756633947699131e-07
0.11 0.11 0 5.812594054024891e-07
0.11 0.12 0 3.4124041858527196e-07
0.11 0.13 0 3.005626735071761e-07
0.11 0.14 0 1.6469448625045536e-07
0.11 0.15 0 2.6207677865222266e-07
0.11 0.16 0 2.2027163406158504e-07
0.11 0.17 0 4.069502284388076e-07
0.11 0.18 0 3.4002012016770274e-07
0.11 0.19 0 3.515061724430508e-07
0.11 0.2 0 6.130239288500982e-07
0.11 0.21 0 9.086708059330857e-07
0.11 0.22 0 8.669782002572944e-07
0.11 0.23 0 8.429798278950173e-07
0.11 0.24 0 1.882332725921634e-06
0.11 0.25 0 1.1762177467407795e-06
0.11 0.26 0 9.662051070994132e-07
0.11 0.27 0 5.636907077181849e-07
0.11 0.28 0 1.7683215810608088e-06
0.11 0.29 0 2.4221864709182978e-06
0.11 0.3 0 6.066914449578551e-06
0.11 0.31 0 5.314338919574284e-06
0.11 0.32 0 3.2616029338344784e-06
0.11 0.33 0 3.3428956867187447e-06
0.11 0.34 0 2.094981506775631e-06
0.11 0.35000000000000003 0 1.961744637185648e-06
0.11 0.36 0 3.2968915866292065e-06
0.11 0.37 0 5.557354654789137e-06
0.11 0.38 0 7.700907028472108e-06
0.11 0.39 0 2.670595995976812e-06
0.11 0.4 0 3.486069277849978e-06
0.11 0.41000000000000003 0 3.1851650206134236e-06
0.11 0.42 0 1.94784965669711e-06
0.11 0.43 0 2.0135573014557826e-06
0.11 0.44 0 6.064857211180571e-07
0.11 0.45 0 4.800802234255602e-07
0.11 0.46 0 4.09833932370139e-07
0.11 0.47000000000000003 0 2.734886577832524e-07
0.11 0.48 0 2.38951708338086e-07
0.11 0.49 0 4.092973286184532e-07
0.11 0.5 0 5.907733865415389e-07
0.12 0.0 0 3.2169498098031027e-06
0.12 0.01 0 2.3186594869937074e-06
0.12 0.02 0 2.451065818372023e-06
0.12 0.03 0 2.853478998120659e-06
0.12 0.04 0 4.517906231585861e-06
0.12 0.05 0 2.804050287829242e-06
0.12 0.06 0 1.8006973159977085e-06
0.12 0.07 0 1.3896710359445509e-06
0.12 0.08 0 1.2687170653231102e-06
0.12 0.09 0 9.705025471260187e-07
0.12 0.1 0 1.0775062860604676e-06
0.12 0.11 0 6.219046577646849e-07
0.12 0.12 0 5.056533959102082e-07
0.12 0.13 0 4.037816811277757e-07
0.12 0.14 0 7.151210504417175e-07
0.12 0.15 0 8.776958917537114e-07
0.12 0.16 0 3.9972104646725404e-07
0.12 0.17 0 7.600958450825405e-07
0.12 0.18 0 5.715481245072908e-07
0.12 0.19 0 8.096564228098237e-07
0.12 0.2 0 5.37960947679211e-07
0.12 0.21 0 1.4668639435258904e-06
0.12 0.22 0 1.052707553800604e-06
0.12 0.23 0 1.3969012532947454e-06
0.12 0.24 0 1.3444570975383522e-06
0.12 0.25 0 7.941853219187061e-07
0.12 0.26 0 8.621150395599884e-07
0.12 0.27 0 1.4453325220395441e-06
0.12 0.28 0 1.2081597821162165e-06
0.12 0.29 0 1.1806290132865871e-06
0.12 0.3 0 1.9014982252014678e-06
0.12 0.31 0 1.9480578378956775e-06
0.12 0.32 0 2.216096935877093e-06
0.12 0.33 0 3.4301226294483187e-06
0.12 0.34 0 4.141434308101266e-06
0.12 0.35000000000000003 0 4.275733375069925e-06
0.12 0.36 0 5.477321167560639e-06
0.12 0.37 0 1.7526325083502474e-06
0.12 0.38 0 3.4525115985695173e-06
0.12 0.39 0 3.223615894068453e-06
0.12 0.4 0 2.593365256393506e-06
0.12 0.41000000000000003 0 2.242315720521881e-06
0.12 0.42 0 1.125472323156508e-06
0.12 0.43 0 9.893775416839426e-07
0.12 0.44 0 3.7598484082177357e-07
0.12 0.45 0 6.814418463035195e-07
0.12 0.46 0 4.2611479836248096e-07
0.12 0.47000000000000003 0 4.784057135313588e-07
0.12 0.48 0 4.58182342895062e-07
0.12 0.49 0 3.9265635872090746e-07
0.12 0.5 0 2.745295107841907e-07
0.13 0.0 0 3.1868577269002187e-06
0.13 0.01 0 1.5268232751849759e-06
0.13 0.02 0 2.877376790725277e-06
0.13 0.03 0 2.2983189969796177e-06
0.13 0.04 0 1.7964345278927755e-06
0.13 0.05 0 9.575494233813166e-07
0.13 0.06 0 1.8469940544083312e-06
0.13 0.07 0 1.457958187494543e-06
0.13 0.08 0 1.115789482087009e-06
0.13 0.09 0 1.2060359205090925e-06
0.13 0.1 0 8.49422336692605e-07
0.13 0.11 0 2.7393342218884223e-07
0.13 0.12 0 3.5192432227244063e-07
0.13 0.13 0 2.5099207101984105e-07
0.13 0.14 0 3.3598946001407777e-07
0.13 0.15 0 9.476267000411659e-07
0.13 0.16 0 1.0076245126381373e-06
0.13 0.17 0 6.52006012671369e-07
0.13 0.18 0 6.124005188644336e-07
0.13 0.19 0 9.549772514636804e-07
0.13 0.2 0 7.807716837434768e-07
0.13 0.21 0 1.1511018994950487e-06
0.13 0.22 0 1.6995525555789919e-06
0.13 0.23 0 7.357252080994006e-07
0.13 0.24 0 1.5406870966710414e-06
0.13 0.25 0 1.7767384278653585e-06
0.13 0.26 0 1.0182124426040345e-06
0.13 0.27 0 1.0988864552584046e-06
0.13 0.28 0 1.6576976681257008e-06
0.13 0.29 0 1.6136629558031332e-06
0.13 0.3 0 1.1895790329773555e-06
0.13 0.31 0 1.7872065908213812e-06
0.13 0.32 0 3.0936382252823622e-06
0.13 0.33 0 2.2327280509732956e-06
0.13 0.34 0 3.153220081866835e-06
0.13 0.35000000000000003 0 3.0597537155559313e-06
0.13 0.36 0 1.6814268701270534e-06
0.13 0.37 0 2.277254893195654e-06
0.13 0.38 0 2.5481696558122573e-06
0.13 0.39 0 3.094199924581655e-06
0.13 0.4 0 2.793368486564936e-06
0.13 0.41000000000000003 0 3.5419736182203395e-06
0.13 0.42 0 1.2607171437949738e-06
0.13 0.43 0 7.902173465242782e-07
0.13 0.44 0 1.5865360267587575e-06
0.13 0.45 0 9.329935197287784e-07
0.13 0.46 0 9.138001256387976e-07
0.13 0.47000000000000003 0 5.793962614862829e-07
0.13 0.48 0 4.734548545269663e-07
0.13 0.49 0 3.3817514399391713e-07
0.13 0.5 0 5.860882938498903e-07
0.14 0.0 0 2.6684023725425075e-06
0.14 0.01 0 3.2667624638759914e-06
0.14 0.02 0 2.827180323565629e-06
0.14 0.03 0 3.181078842533964e-06
0.14 0.04 0 1.8476959697757238e-06
0.14 0.05 0 1.5718055398156525e-06
0.14 0.06 0 1.5196429982417567e-06
0.14 0.07 0 1.1911300918433616e-06
0.14 0.08 0 1.3683416931266677e-06
0.14 0.09 0 6.002699457832177e-07
0.14 0.1 0 9.130627831183313e-07
0.14 0.11 0 7.802301644749604e-07
0.14 0.12 0 4.197897552619924e-07
0.14 0.13 0 3.05356428716603e-07
0.14 0.14 0 3.17840012365364e-07
0.14 0.15 0 3.637706047580369e-07
0.14 0.16 0 3.249708365491182e-07
0.14 0.17 0 6.702053131769484e-07
0.14 0.18 0 5.067461819790822e-07
0.14 0.19 0 5.989005859013201e-07
0.14 0.2 0 5.763323415310635e-07
0.14 0.21 0 5.499484892767115e-07
0.14 0.22 0 7.502288233424057e-07
0.14 0.23 0 1.0964692551126755e-06
0.14 0.24 0 9.834502538309985e-07
0.14 0.25 0 1.1426707520829877e-06
0.14 0.26 0 1.2109847506014877e-06
0.14 0.27 0 2.0875815732709664e-06
0.14 0.28 0 1.917699023241906e-06
0.14 0.29 0 4.075076503863665e-06
0.14 0.3 0 2.1477866476000707e-06
0.14 0.31 0 1.3417637428077679e-06
0.14 0.32 0 2.392895506454665e-06
0.14 0.33 0 1.5963342697883587e-06
0.14 0.34 0 4.040443909064196e-06
0.14 0.35000000000000003 0 3.1567555570214397e-06
0.14 0.36 0 2.760118583602411e-06
0.14 0.37 0 2.2815797123814316e-06
0.14 0.38 0 1.7492815868558565e-06
0.14 0.39 0 1.7099062779386196e-06
0.14 0.4 0 1.3846271187368405e-06
0.14 0.41000000000000003 0 1.6690699451476054e-06
0.14 0.42 0 1.848766581449675e-06
0.14 0.43 0 1.1796549423042154e-06
0.14 0.44 0 1.7916243570743895e-06
0.14 0.45 0 1.8626856177868347e-06
0.14 0.46 0 4.297145855280421e-06
0.14 0.47000000000000003 0 3.3997932689122343e-06
0.14 0.48 0 1.460244433816167e-06
0.14 0.49 0 1.8450046580803477e-06
0.14 0.5 0 7.416949033507253e-07
0.15 0.0 0 3.935594811935056e-06
0.15 0.01 0 2.4892817864709514e-06
0.15 0.02 0 1.9876614521830057e-06
0.15 0.03 0 2.0063159130301677e-06
0.15 0.04 0 2.1022515827577333e-06
0.15 0.05 0 1.7014130489784705e-06
0.15 0.06 0 1.6176809965219985e-06
0.15 0.07 0 1.0513215122231691e-06
0.15 0.08 0 1.0538180966056516e-06
0.15 0.09 0 1.0733917165554986e-06
0.15 0.1 0 7.791068919640464e-07
0.15 0.11 0 6.579449948131123e-07
0.15 0.12 0 5.735936135008559e-07
0.15 0.13 0 4.3895744812796197e-07
0.15 0.14 0 5.463075827976436e-07
0.15 0.15 0 7.689397879376159e-07
0.15 0.16 0 8.666849348683396e-07
0.15 0.17 0 8.107363393990125e-07
0.15 0.18 0 9.044145913178734e-07
0.15 0.19 0 6.109997700485918e-07
0.15 0.2 0 5.285402805062223e-07
0.15 0.21 0 8.27954327854666e-07
0.15 0.22 0 1.6517242074171826e-06
0.15 0.23 0 1.218076287124471e-06
0.15 0.24 0 1.7847396335511075e-06
0.15 0.25 0 8.631141685809401e-07
0.15 0.26 0 1.707335894734263e-06
0.15 0.27 0 1.4385982322116634e-06
0.15 0.28 0 1.6195326391402418e-06
0.15 0.29 0 2.432457639397279e-06
0.15 0.3 0 1.8766393946399829e-06
0.15 0.31 0 1.796146102319134e-06
0.15 0.32 0 1.3882793919517692e-06
0.15 0.33 0 1.6603277771884903e-06
0.15 0.34 0 1.7071415357811473e-06
0.15 0.35000000000000003 0 4.763535779620136e-06
0.15 0.36 0 1.9897023767033164e-06
0.15 0.37 0 1.8692609990790183e-06
0.15 0.38 0 1.3131406782976664e-06
0.15 0.39 0 5.193916559679716e-06
0.15 0.4 0 1.9293121934781166e-06
0.15 0.41000000000000003 0 2.2329695987515534e-06
0.15 0.42 0 3.8040663459756718e-06
0.15 0.43 0 2.572500944719105e-06
0.15 0.44 0 5.2520090047699774e-06
0.15 0.45 0 4.375662374442669e-06
0.15 0.46 0 1.0698602225404639e-05
0.15 0.47000000000000003 0 8.389883975802202e-06
0.15 0.48 0 4.813236670192922e-06
0.15 0.49 0 2.9423668401277533e-06
0.15 0.5 0 1.0844400323845088e-06
0.16 0.0 0 1.830201807820257e-06
0.16 0.01 0 2.1786523702105696e-06
0.16 0.02 0 1.3396169167466786e-06
0.16 0.03 0 1.9909188300079496e-06
0.16 0.04 0 2.7687978110161236e-06
0.16 0.05 0 2.2276496699621766e-06
0.16 0.06 0 2.06778363596809e-06
0.16 0.07 0 1.2952447980105352e-06
0.16 0.08 0 8.803805566932333e-07
0.16 0.09 0 7.222806819125573e-07
0.16 0.1 0 9.100277861026135e-07
0.16 0.11 0 1.47512529466865e-06
0.16 0.12 0 1.2984850499561048e-06
0.16 0.13 0 1.94492419049228e-06
0.16 0.14 0 9.372601196827869e-07
0.16 0.15 0 5.249149819911279e-07
0.16 0.16 0 5.993968846033284e-07
0.16 0.17 0 6.090645416922257e-07
0.16 0.18 0 7.108629089907079e-07
0.16 0.19 0 1.140342299207472e-06
0.16 0.2 0 9.389072436671626e-07
0.16 0.21 0 1.4339170616165014e-06
0.16 0.22 0 6.370608860376086e-07
0.16 0.23 0 8.028850873985605e-07
0.16 0.24 0 5.12990501420439e-07
0.16 0.25 0 5.354298501995366e-07
0.16 0.26 0 1.0967582632210717e-06
0.16 0.27 0 5.167595544001593e-07
0.16 0.28 0 8.030892286777835e-07
0.16 0.29 0 5.472995148179727e-07
0.16 0.3 0 1.095843951060582e-06
0.16 0.31 0 1.4920010132910636e-06
0.16 0.32 0 4.117826827229896e-06
0.16 0.33 0 5.7845735441416606e-06
0.16 0.34 0 4.415164385182572e-06
0.16 0.35000000000000003 0 5.777181318159887e-06
0.16 0.36 0 6.755278328029347e-06
0.16 0.37 0 5.294360657277601e-06
0.16 0.38 0 5.0946849061790185e-06
0.16 0.39 0 4.305217394273274e-06
0.16 0.4 0 3.5908254631768462e-06
0.16 0.41000000000000003 0 3.7895248715620275e-06
0.16 0.42 0 3.167746753387754e-06
0.16 0.43 0 2.6249719067869366e-06
0.16 0.44 0 3.9782471360442416e-06
0.16 0.45 0 2.925877862225307e-06
0.16 0.46 0 3.1838747125654816e-06
0.16 0.47000000000000003 0 4.06293995572607e-06
0.16 0.48 0 3.6883277279104014e-06
0.16 0.49 0 2.585610687759176e-06
0.16 0.5 0 2.0440813147472205e-06
0.17 0.0 0 3.399935184516244e-06
0.17 0.01 0 2.1015501265605122e-06
0.17 0.02 0 1.856856718179067e-06
0.17 0.03 0 1.4488148711179053e-06
0.17 0.04 0 1.778054130086419e-06
0.17 0.05 0 1.2334999507465803e-06
0.17 0.06 0 7.598313562638818e-07
0.17 0.07 0 9.064577539391655e-07
0.17 0.08 0 1.0455981778861219e-06
0.17 0.09 0 6.116970478087622e-07
0.17 0.1 0 5.159317024093091e-07
0.17 0.11 0 1.3277998928750965e-06
0.17 0.12 0 9.466587529895235e-07
0.17 0.13 0 1.6771285338173356e-06
0.17 0.14 0 1.4824125937964094e-06
0.17 0.15 0 2.2080736346720456e-06
0.17 0.16 0 2.398069530939989e-06
0.17 0.17 0 1.7548197695780866e-06
0.17 0.18 0 1.5238493133023893e-06
0.17 0.19 0 1.0949870806591342e-06
0.17 0.2 0 1.1951152751292429e-06
0.17 0.21 0 1.0758308392587187e-06
0.17 0.22 0 1.7387132186354495e-06
0.17 0.23 0 1.7604540925521181e-06
0.17 0.24 0 3.100890363776462e-06
0.17 0.25 0 2.445916053995647e-06
0.17 0.26 0 2.408959445926467e-06
0.17 0.27 0 1.008801258120311e-06
0.17 0.28 0 1.908957383565672e-06
0.17 0.29 0 1.5253431774268217e-06
0.17 0.3 0 2.4173347538755596e-06
0.17 0.31 0 5.758701127996275e-06
0.17 0.32 0 5.52727887370247e-06
0.17 0.33 0 7.640592470536273e-06
0.17 0.34 0 4.741611615296946e-06
0.17 0.35000000000000003 0 4.44160388160223e-06
0.17 0.36 0 3.4643536156726126e-06
0.17 0.37 0 6.644232026298015e-06
0.17 0.38 0 4.121507332254143e-06
0.17 0.39 0 5.906717077427349e-06
0.17 0.4 0 3.479961999793583e-06
0.17 0.41000000000000003 0 2.1296724823314656e-06
0.17 0.42 0 8.432594095608432e-07
0.17 0.43 0 2.4248505890191066e-06
0.17 0.44 0 8.970620950756983e-07
0.17 0.45 0 1.8632848665647988e-06
0.17 0.46 0 6.127743325336959e-06
0.17 0.47000000000000003 0 7.089425643970644e-06
0.17 0.48 0 6.719796425440756e-06
0.17 0.49 0 6.565303030791874e-06
0.17 0.5 0 3.371338045886538e-06
0.18 0.0 0 2.28247137137603e-06
0.18 0.01 0 1.4447637362411919e-06
0.18 0.02 0 8.659792845598677e-07
0.18 0.03 0 9.221477425812213e-07
0.18 0.04 0 9.773971631256397e-07
0.18 0.05 0 9.173059064514385e-07
0.18 0.06 0 8.006069748889193e-07
0.18 0.07 0 4.1402669220243434e-07
0.18 0.08 0 5.90620366516985e-07
0.18 0.09 0 6.709628782738102e-07
0.18 0.1 0 1.4479666162663004e-06
0.18 0.11 0 1.2501341323195127e-06
0.18 0.12 0 1.7845806480189042e-06
0.18 0.13 0 3.389673704906346e-06
0.18 0.14 0 1.7570989595574148e-06
0.18 0.15 0 2.354354499451402e-06
0.18 0.16 0 1.4988695772185278e-06
0.18 0.17 0 2.269593112169389e-06
0.18 0.18 0 1.4683176104553189e-06
0.18 0.19 0 2.3049521975532066e-06
0.18 0.2 0 1.3241762951006038e-06
0.18 0.21 0 2.873756408688804e-06
0.18 0.22 0 2.6920220525570052e-06
0.18 0.23 0 2.951023874552609e-06
0.18 0.24 0 2.881651816095477e-06
0.18 0.25 0 3.3752642950586925e-06
0.18 0.26 0 4.588855042978022e-06
0.18 0.27 0 1.955877447438607e-06
0.18 0.28 0 2.052891725163984e-06
0.18 0.29 0 1.6780311540762696e-06
0.18 0.3 0 3.0275186393073575e-06
0.18 0.31 0 2.4685917156718467e-06
0.18 0.32 0 4.895982228656346e-06
0.18 0.33 0 4.661063904424976e-06
0.18 0.34 0 4.942963144648056e-06
0.18 0.35000000000000003 0 2.41229438959437e-06
0.18 0.36 0 2.4592809751820257e-06
0.18 0.37 0 1.8374923029308951e-06
0.18 0.38 0 2.6871122918702216e-06
0.18 0.39 0 2.333769089455546e-06
0.18 0.4 0 2.6023397206694518e-06
0.18 0.41000000000000003 0 2.859535948349359e-06
0.18 0.42 0 1.5914572437999228e-06
0.18 0.43 0 1.9339229674021516e-06
0.18 0.44 0 1.9125054254845435e-06
0.18 0.45 0 4.7419598612840115e-06
0.18 0.46 0 4.8465281982330434e-06
0.18 0.47000000000000003 0 4.644212358211602e-06
0.18 0.48 0 4.473346225390288e-06
0.18 0.49 0 2.3767259008688326e-06
0.18 0.5 0 5.846652696314271e-06
0.19 0.0 0 1.2380816304002151e-06
0.19 0.01 0 1.7881045004956266e-06
0.19 0.02 0 1.4960202346935017e-06
0.19 0.03 0 9.312426517471594e-07
0.19 0.04 0 6.787794964002038e-07
0.19 0.05 0 7.154326699122808e-07
0.19 0.06 0 4.771315378742815e-07
0.19 0.07 0 4.667661480185679e-07
0.19 0.08 0 6.819730026994527e-07
0.19 0.09 0 5.515899069817034e-07
0.19 0.1 0 1.0138555335040895e-06
0.19 0.11 0 3.2277495318036155e-06
0.19 0.12 0 2.5235428966702727e-06
0.19 0.13 0 1.7300660451994088e-06
0.19 0.14 0 1.3750383836094397e-06
0.19 0.15 0 1.3555193158025892e-06
0.19 0.16 0 7.73545096992225e-07
0.19 0.17 0 6.442785029568492e-07
0.19 0.18 0 1.2979734680965332e-06
0.19 0.19 0 1.835491171982419e-06
0.19 0.2 0 1.434477215705847e-06
0.19 0.21 0 9.921636563836863e-07
0.19 0.22 0 6.059503710233113e-07
0.19 0.23 0 1.115372932616256e-06
0.19 0.24 0 2.2177936078528025e-06
0.19 0.25 0 9.063401818302298e-07
0.19 0.26 0 8.105080612083835e-07
0.19 0.27 0 7.049242637780017e-07
0.19 0.28 0 5.550299912786366e-07
0.19 0.29 0 5.218620125068575e-07
0.19 0.3 0 7.803770926881505e-07
0.19 0.31 0 1.10778805924583e-06
0.19 0.32 0 2.006307686854061e-06
0.19 0.33 0 1.1771448306106086e-06
0.19 0.34 0 6.795316941768911e-07
0.19 0.35000000000000003 0 6.128038167230893e-07
0.19 0.36 0 8.805527839325599e-07
0.19 0.37 0 7.905821610017087e-07
0.19 0.38 0 6.423796807163292e-07
0.19 0.39 0 2.778361729100706e-06
0.19 0.4 0 1.454269505211423e-06
0.19 0.41000000000000003 0 1.7782535319680156e-06
0.19 0.42 0 9.032095990471665e-07
0.19 0.43 0 1.0870521162289978e-06
0.19 0.44 0 1.803447382381988e-06
0.19 0.45 0 1.3404913982006818e-06
0.19 0.46 0 1.3098629258833984e-06
0.19 0.47000000000000003 0 2.1123625539576083e-06
0.19 0.48 0 3.6036271297605845e-06
0.19 0.49 0 4.104087900661303e-06
0.19 0.5 0 3.82273144760841e-06
0.2 0.0 0 2.3802439749556913e-06
0.2 0.01 0 1.9656822747383162e-06
0.2 0.02 0 1.1941036886810898e-06
0.2 0.03 0 1.2232429294833098e-06
0.2 0.04 0 1.0048385147861226e-06
0.2 0.05 0 4.961699641814341e-07
0.2 0.06 0 6.22028657186628e-07
0.2 0.07 0 2.5703191738153714e-07
0.2 0.08 0 3.5070890086926944e-07
0.2 0.09 0 4.7230462320071743e-07
0.2 0.1 0 1.1027616253517557e-06
0.2 0.11 0 1.0891563459844092e-06
0.2 0.12 0 1.7919807179464947e-06
0.2 0.13 0 3.994570202629132e-06
0.2 0.14 0 1.3024480083442656e-06
0.2 0.15 0 7.762016603996895e-07
0.2 0.16 0 1.0785948390072931e-06
0.2 0.17 0 9.197034227489106e-07
0.2 0.18 0 2.2386008613212445e-06
0.2 0.19 0 3.63443887818956e-06
0.2 0.2 0 1.2525436647244307e-06
0.2 0.21 0 1.1007749465075456e-06
0.2 0.22 0 6.296872577374879e-07
0.2 0.23 0 7.359743360380075e-07
0.2 0.24 0 4.275105460018861e-07
0.2 0.25 0 8.686728161361226e-07
0.2 0.26 0 3.6666195738713443e-07
0.2 0.27 0 1.4233498177789144e-07
0.2 0.28 0 2.0060171637878423e-07
0.2 0.29 0 2.6704709146195227e-07
0.2 0.3 0 3.656520901833305e-07
0.2 0.31 0 4.4290495202307645e-07
0.2 0.32 0 4.805072017486106e-07
0.2 0.33 0 3.6708552360206456e-07
0.2 0.34 0 7.807541490697435e-07
0.2 0.35000000000000003 0 3.804663854788742e-07
0.2 0.36 0 9.986895814452152e-07
0.2 0.37 0 1.6393594286795558e-06
0.2 0.38 0 1.7520206744262492e-06
0.2 0.39 0 2.156790766630041e-06
0.2 0.4 0 2.2766215980588223e-06
0.2 0.41000000000000003 0 4.207576932008988e-06
0.2 0.42 0 1.665589785389235e-06
0.2 0.43 0 2.054917666856206e-06
0.2 0.44 0 2.3759196862091786e-06
0.2 0.45 0 2.200874187914995e-06
0.2 0.46 0 4.753984498232495e-06
0.2 0.47000000000000003 0 2.09361562448891e-06
0.2 0.48 0 2.4903965009851077e-06
0.2 0.49 0 4.487924802934662e-06
0.2 0.5 0 3.8458051973007964e-06
0.21 0.0 0 1.0492908553059765e-06
0.21 0.01 0 2.017205156861874e-06
0.21 0.02 0 1.5683976653126178e-06
0.21 0.03 0 2.0098109993620037e-06
0.21 0.04 0 2.1563493872385623e-06
0.21 0.05 0 2.0394533018978384e-06
0.21 0.06 0 1.869722095467477e-06
0.21 0.07 0 1.4627944470672486e-06
0.21 0.08 0 1.0235354535189597e-06
0.21 0.09 0 1.7130706313531374e-06
0.21 0.1 0 1.0620516372964888e-06
0.21 0.11 0 2.0266772335659653e-06
0.21 0.12 0 2.454100834956894e-06
0.21 0.13 0 2.9147353056996207e-06
0.21 0.14 0 1.9494367148156312e-06
0.21 0.15 0 1.4961096220527159e-06
0.21 0.16 0 1.7124139957398163e-06
0.21 0.17 0 9.836028437149795e-07
0.21 0.18 0 2.134361041939948e-06
0.21 0.19 0 1.0006731742758857e-06
0.21 0.2 0 1.0414357480864482e-06
0.21 0.21 0 1.1097834992796934e-06
0.21 0.22 0 6.558195434311909e-07
0.21 0.23 0 8.308543049397062e-07
0.21 0.24 0 8.832803179915913e-07
0.21 0.25 0 8.368283404000121e-07
0.21 0.26 0 1.0603604687833088e-06
0.21 0.27 0 5.470196400463022e-07
0.21 0.28 0 3.7858797946484774e-07
0.21 0.29 0 3.845667697919423e-07
0.21 0.3 0 6.262142900878919e-07
0.21 0.31 0 9.311307703605067e-07
0.21 0.32 0 5.659422616616635e-07
0.21 0.33 0 1.8337889515050093e-06
0.21 0.34 0 1.2493099860148322e-06
0.21 0.35000000000000003 0 2.100527389442249e-06
0.21 0.36 0 2.482195131471326e-06
0.21 0.37 0 1.6422537727978732e-06
0.21 0.38 0 2.98861273066237e-06
0.21 0.39 0 2.873101389397216e-06
0.21 0.4 0 2.3225582516471987e-06
0.21 0.41000000000000003 0 1.227913179317003e-06
0.21 0.42 0 1.3552653041437371e-06
0.21 0.43 0 1.7959403828208871e-06
0.21 0.44 0 2.714945472017207e-06
0.21 0.45 0 2.3335878207250224e-06
0.21 0.46 0 2.954953170276697e-06
0.21 0.47000000000000003 0 2.502762102360398e-06
0.21 0.48 0 4.49992353174756e-06
0.21 0.49 0 2.8602697897660134e-06
0.21 0.5 0 2.714019996149765e-06
0.22 0.0 0 4.800869521064023e-07
0.22 0.01 0 6.206245245363596e-07
0.22 0.02 0 1.1521108108610943e-06
0.22 0.03 0 1.446170533620217e-06
0.22 0.04 0 3.1091066994027564e-06
0.22 0.05 0 2.7394787184006265e-06
0.22 0.06 0 2.755464185467e-06
0.22 0.07 0 2.0455231621753834e-06
0.22 0.08 0 1.0358143183472767e-06
0.22 0.09 0 7.261938482668209e-07
0.22 0.1 0 7.334686439384894e-07
0.22 0.11 0 8.439680535552464e-07
0.22 0.12 0 1.1268280827759914e-06
0.22 0.13 0 1.033825413861246e-06
0.22 0.14 0 1.7319448589860823e-06
0.22 0.15 0 1.4063331311431238e-06
0.22 0.16 0 1.1998737117209061e-06
0.22 0.17 0 9.765538639417015e-07
0.22 0.18 0 1.1516024002765238e-06
0.22 0.19 0 7.861967468351267e-07
0.22 0.2 0 7.486945604286793e-07
0.22 0.21 0 4.8220632301344e-07
0.22 0.22 0 4.3572682843035757e-07
0.22 0.23 0 7.530126194679425e-07
0.22 0.24 0 5.548883634308336e-07
0.22 0.25 0 5.119108138734078e-07
0.22 0.26 0 1.0412289075855806e-06
0.22 0.27 0 9.932995069404871e-07
0.22 0.28 0 7.431461063978211e-07
0.22 0.29 0 7.180357386822989e-07
0.22 0.3 0 1.2810434337172584e-06
0.22 0.31 0 1.0790092377352844e-06
0.22 0.32 0 1.7027522629918187e-06
0.22 0.33 0 2.683548339227116e-06
0.22 0.34 0 1.0409612935568735e-06
0.22 0.35000000000000003 0 2.001464771075773e-06
0.22 0.36 0 1.2624602538997884e-06
0.22 0.37 0 1.620086626579443e-06
0.22 0.38 0 2.3495364016918048e-06
0.22 0.39 0 1.8493170545461173e-06
0.22 0.4 0 1.3861625530587864e-06
0.22 0.41000000000000003 0 1.096929172192389e-06
0.22 0.42 0 1.3544002061044146e-06
0.22 0.43 0 2.7461546827924305e-06
0.22 0.44 0 3.85168861076246e-06
0.22 0.45 0 8.209775107511812e-06
0.22 0.46 0 4.622897190057237e-06
0.22 0.47000000000000003 0 5.0608525463585615e-06
0.22 0.48 0 3.1486649464591708e-06
0.22 0.49 0 2.041799135656853e-06
0.22 0.5 0 6.0513201780943325e-06
0.23 0.0 0 1.0797384938868219e-06
0.23 0.01 0 1.246516546385126e-06
0.23 0.02 0 1.0269224321075333e-06
0.23 0.03 0 9.473317611232465e-07
0.23 0.04 0 1.9570620498937326e-06
0.23 0.05 0 2.7641294216745066e-06
0.23 0.06 0 8.488806452828322e-07
0.23 0.07 0 2.1612554987785623e-06
0.23 0.08 0 4.690920005482244e-07
0.23 0.09 0 8.425892436253274e-07
0.23 0.1 0 4.3434276882519013e-07
0.23 0.11 0 7.120836366944798e-07
0.23 0.12 0 7.648810741116866e-07
0.23 0.13 0 1.1545673305269966e-06
0.23 0.14 0 1.1291971357391828e-06
0.23 0.15 0 8.577036074627698e-07
0.23 0.16 0 2.738499080620024e-06
0.23 0.17 0 3.091180965543303e-06
0.23 0.18 0 7.884698837271002e-07
0.23 0.19 0 5.319486082120157e-07
0.23 0.2 0 6.132001684561108e-07
0.23 0.21 0 3.094064260247358e-07
0.23 0.22 0 4.88477381261899e-07
0.23 0.23 0 3.267254916191847e-07
0.23 0.24 0 7.542148991313592e-07
0.23 0.25 0 9.147473697464471e-07
0.23 0.26 0 8.670335932322429e-07
0.23 0.27 0 5.894751993477507e-07
0.23 0.28 0 3.5265867132884866e-07
0.23 0.29 0 8.538100061904407e-07
0.23 0.3 0 4.855716277052863e-07
0.23 0.31 0 8.684176722450016e-07
0.23 0.32 0 1.1438774648225772e-06
0.23 0.33 0 1.6971444590909225e-06
0.23 0.34 0 1.6990479210752452e-06
0.23 0.35000000000000003 0 1.181426759753478e-06
0.23 0.36 0 9.512843884928106e-07
0.23 0.37 0 1.766626651025928e-06
0.23 0.38 0 1.3000124366117349e-06
0.23 0.39 0 1.1301323189838041e-06
0.23 0.4 0 2.2477971963722975e-06
0.23 0.41000000000000003 0 2.921326113083838e-06
0.23 0.42 0 3.1339984185015582e-06
0.23 0.43 0 2.061094302777236e-06
0.23 0.44 0 3.3178846158024293e-06
0.23 0.45 0 4.1402821415254e-06
0.23 0.46 0 5.939193728343263e-06
0.23 0.47000000000000003 0 5.243399472798359e-06
0.23 0.48 0 6.99975513803099e-06
0.23 0.49 0 2.957603125806416e-06
0.23 0.5 0 4.792185249807668e-06
0.24 0.0 0 1.4420616766037657e-06
0.24 0.01 0 5.895880545898752e-07
0.24 0.02 0 2.580498843402632e-06
0.24 0.03 0 2.2244390445217587e-06
0.24 0.04 0 2.2812691653001317e-06
0.24 0.05 0 2.452944865913492e-06
0.24 0.06 0 2.042547124014003e-06
0.24 0.07 0 6.833849155435059e-07
0.24 0.08 0 5.300011081793774e-07
0.24 0.09 0 7.49322165778228e-07
0.24 0.1 0 5.438795261703349e-07
0.24 0.11 0 9.081576275774074e-07
0.24 0.12 0 9.559414947614822e-07
0.24 0.13 0 2.790310231570505e-07
0.24 0.14 0 4.4816755631826183e-07
0.24 0.15 0 1.068220694927677e-06
0.24 0.16 0 6.043963538733912e-07
0.24 0.17 0 1.3006340559630397e-06
0.24 0.18 0 2.0844489862574137e-06
0.24 0.19 0 1.1622565742616905e-06
0.24 0.2 0 7.125133061475464e-07
0.24 0.21 0 6.061489130457697e-07
0.24 0.22 0 1.2292828196530525e-06
0.24 0.23 0 6.342996345731277e-07
0.24 0.24 0 2.0540943693125337e-06
0.24 0.25 0 5.678455657274639e-07
0.24 0.26 0 8.329696863436796e-07
0.24 0.27 0 1.1307121933727317e-06
0.24 0.28 0 5.390716564739904e-07
0.24 0.29 0 4.6821949449033224e-07
0.24 0.3 0 8.398821993752797e-07
0.24 0.31 0 1.2446863528746625e-06
0.24 0.32 0 1.0452044832764356e-06
0.24 0.33 0 1.1974977176145028e-06
0.24 0.34 0 2.4697688326844484e-06
0.24 0.35000000000000003 0 1.023680739582446e-06
0.24 0.36 0 1.124774524158916e-06
0.24 0.37 0 1.2176071937432794e-06
0.24 0.38 0 5.059617802448696e-07
0.24 0.39 0 1.24380051613771e-06
0.24 0.4 0 1.0581734133606794e-06
0.24 0.41000000000000003 0 1.7573139383758444e-06
0.24 0.42 0 1.5645125406915408e-06
0.24 0.43 0 2.1434728300091143e-06
0.24 0.44 0 8.232414719318983e-07
0.24 0.45 0 1.2459017060633583e-06
0.24 0.46 0 1.7375312360780174e-06
0.24 0.47000000000000003 0 2.3902971242493643e-06
0.24 0.48 0 9.87165336305705e-07
0.24 0.49 0 1.5960514642830072e-06
0.24 0.5 0 1.4178908614491274e-06
0.25 0.0 0 1.3711616280145478e-06
0.25 0.01 0 2.1308102156618244e-06
0.25 0.02 0 2.023855726693747e-06
0.25 0.03 0 1.3038613829403895e-06
0.25 0.04 0 7.576943110015115e-07
0.25 0.05 0 7.96913961600418e-07
0.25 0.06 0 4.7638086223378166e-07
0.25 0.07 0 8.45861700175467e-07
0.25 0.08 0 8.694046733825566e-07
0.25 0.09 0 1.4058010896848448e-06
0.25 0.1 0 9.265679270425022e-07
0.25 0.11 0 8.132365473933783e-07
0.25 0.12 0 3.629495831492182e-07
0.25 0.13 0 7.761003809998216e-07
0.25 0.14 0 9.453510481140236e-07
0.25 0.15 0 1.4284048946560788e-06
0.25 0.16 0 8.395157572325949e-07
0.25 0.17 0 1.2028267875388299e-06
0.25 0.18 0 5.100020686289213e-07
0.25 0.19 0 5.44573077919122e-07
0.25 0.2 0 9.63655123726305e-07
0.25 0.21 0 4.786105137224612e-07
0.25 0.22 0 5.345983485555149e-07
0.25 0.23 0 6.112477735687714e-07
0.25 0.24 0 5.8912110562521e-07
0.25 0.25 0 4.788742343029873e-07
0.25 0.26 0 4.48345410517002e-07
0.25 0.27 0 5.085608830029594e-07
0.25 0.28 0 3.0336266292018764e-07
0.25 0.29 0 6.02181062511342e-07
0.25 0.3 0 5.536368843929878e-07
0.25 0.31 0 1.291372809470678e-06
0.25 0.32 0 2.2284452706777863e-06
0.25 0.33 0 2.0964308104368883e-06
0.25 0.34 0 1.9274353331779647e-06
0.25 0.35000000000000003 0 1.5284361454358116e-06
0.25 0.36 0 8.385412067178419e-07
0.25 0.37 0 6.000806315017093e-07
0.25 0.38 0 3.79624573432122e-07
0.25 0.39 0 3.8161671668887686e-07
0.25 0.4 0 3.501571815974557e-07
0.25 0.41000000000000003 0 6.215430127850093e-07
0.25 0.42 0 3.2919172746286445e-07
0.25 0.43 0 1.529755898724354e-07
0.25 0.44 0 9.060930058699758e-07
0.25 0.45 0 6.859232201313144e-07
0.25 0.46 0 1.1598655397621466e-06
0.25 0.47000000000000003 0 1.0907636827193827e-06
0.25 0.48 0 1.4389589463710655e-06
0.25 0.49 0 1.0982278832876951e-06
0.25 0.5 0 1.1652057010630312e-06
0.26 0.0 0 2.167875969490227e-06
0.26 0.01 0 1.2866321691503191e-06
0.26 0.02 0 2.111022931457791e-06
0.26 0.03 0 9.951382841206577e-07
0.26 0.04 0 1.155493050169236e-06
0.26 0.05 0 4.7646623018892653e-07
0.26 0.06 0 5.763903542847286e-07
0.26 0.07 0 7.917072874800949e-07
0.26 0.08 0 8.782855884435737e-07
0.26 0.09 0 4.838226164346753e-07
0.26 0.1 0 4.197332985667563e-07
0.26 0.11 0 3.383953360465287e-07
0.26 0.12 0 4.1390873379934773e-07
0.26 0.13 0 5.091823719382253e-07
0.26 0.14 0 4.6540310020767056e-07
0.26 0.15 0 6.920653445338413e-07
0.26 0.16 0 4.937941704876806e-07
0.26 0.17 0 3.23026871233198e-07
0.26 0.18 0 3.1738452343548785e-07
0.26 0.19 0 9.83948171450639e-07
0.26 0.2 0 1.3907353983694884e-06
0.26 0.21 0 6.072156307837956e-07
0.26 0.22 0 1.3684150178539916e-06
0.26 0.23 0 7.634268373705888e-07
0.26 0.24 0 9.038789974524508e-07
0.26 0.25 0 1.692884143552804e-06
0.26 0.26 0 1.163724521850653e-06
0.26 0.27 0 1.160944419791035e-06
0.26 0.28 0 2.6211695126903263e-06
0.26 0.29 0 9.042529963918999e-07
0.26 0.3 0 1.841796015536355e-06
0.26 0.31 0 1.922730209742481e-06
0.26 0.32 0 3.5413594085584825e-06
0.26 0.33 0 1.2992352026215672e-06
0.26 0.34 0 2.4329313593594253e-06
0.26 0.35000000000000003 0 1.7940690915869687e-06
0.26 0.36 0 6.18861812554099e-07
0.26 0.37 0 6.852706073922814e-07
0.26 0.38 0 2.7350187282673335e-07
0.26 0.39 0 1.7629789334489145e-07
0.26 0.4 0 1.6865073192344482e-07
0.26 0.41000000000000003 0 1.707378597760311e-07
0.26 0.42 0 2.527462380817719e-07
0.26 0.43 0 5.001080684323166e-07
0.26 0.44 0 6.420084001429658e-07
0.26 0.45 0 9.89842077304014e-07
0.26 0.46 0 8.640800303497739e-07
0.26 0.47000000000000003 0 1.2860722900220245e-06
0.26 0.48 0 9.042510485239143e-07
0.26 0.49 0 1.313949532386073e-06
0.26 0.5 0 1.3500762873947036e-06
0.27 0.0 0 4.204585956091605e-06
0.27 0.01 0 3.2183524193663547e-06
0.27 0.02 0 2.877685727632704e-06
0.27 0.03 0 1.844875232130414e-06
0.27 0.04 0 1.0003529652990714e-06
0.27 0.05 0 8.005564695550417e-07
0.27 0.06 0 1.2559842260150866e-06
0.27 0.07 0 4.315817627334911e-07
0.27 0.08 0 3.480020194556046e-07
0.27 0.09 0 7.839393606113131e-07
0.27 0.1 0 2.2994174923672797e-07
0.27 0.11 0 2.2246983027420246e-07
0.27 0.12 0 1.8692270704369526e-07
0.27 0.13 0 2.579974140112581e-07
0.27 0.14 0 3.228376706897701e-07
0.27 0.15 0 3.5230705212510757e-07
0.27 0.16 0 5.270185884288689e-07
0.27 0.17 0 7.854103111344413e-07
0.27 0.18 0 1.1193130331813294e-06
0.27 0.19 0 1.085259566337179e-06
0.27 0.2 0 1.234494384200004e-06
0.27 0.21 0 2.139231191439798e-06
0.27 0.22 0 2.72142487035266e-06
0.27 0.23 0 2.2315848394948673e-06
0.27 0.24 0 1.971261267617814e-06
0.27 0.25 0 2.0940946121679513e-06
0.27 0.26 0 5.73384743181877e-07
0.27 0.27 0 1.2394579925205158e-06
0.27 0.28 0 1.1053463876899239e-06
0.27 0.29 0 2.3008913766279546e-06
0.27 0.3 0 3.119776869175592e-06
0.27 0.31 0 2.871988536496496e-06
0.27 0.32 0 1.3319839334984348e-06
0.27 0.33 0 1.976639906801729e-06
0.27 0.34 0 1.281219973674056e-06
0.27 0.35000000000000003 0 1.2794880572697169e-06
0.27 0.36 0 4.610055172932002e-07
0.27 0.37 0 7.591670279122877e-07
0.27 0.38 0 6.551936529294759e-07
0.27 0.39 0 5.510180384179834e-07
0.27 0.4 0 1.243479853378686e-06
0.27 0.41000000000000003 0 4.678196511598104e-07
0.27 0.42 0 1.8216954589220315e-06
0.27 0.43 0 9.402551918181232e-07
0.27 0.44 0 1.3620609745339121e-06
0.27 0.45 0 1.6216682237207506e-06
0.27 0.46 0 8.966346420497828e-07
0.27 0.47000000000000003 0 1.8985780441499978e-06
0.27 0.48 0 1.3115278284954181e-06
0.27 0.49 0 8.27433485668809e-07
0.27 0.5 0 4.059531830253736e-07
0.28 0.0 0 2.8740739380707097e-06
0.28 0.01 0 3.225721643397788e-06
0.28 0.02 0 2.6606968773267038e-06
0.28 0.03 0 1.5297233247198017e-06
0.28 0.04 0 1.3416274977669937e-06
0.28 0.05 0 8.027766286163511e-07
0.28 0.06 0 9.195818020899834e-07
0.28 0.07 0 8.55571617221767e-07
0.28 0.08 0 1.4008004567842644e-06
0.28 0.09 0 7.707580135050972e-07
0.28 0.1 0 4.2830730064091293e-07
0.28 0.11 0 4.7449043642393496e-07
0.28 0.12 0 1.9830032656261364e-07
0.28 0.13 0 2.515004141387489e-07
0.28 0.14 0 6.481029206630797e-07
0.28 0.15 0 7.289485424843456e-07
0.28 0.16 0 1.166136223959612e-06
0.28 0.17 0 1.4658896290308815e-06
0.28 0.18 0 8.141488365838793e-07
0.28 0.19 0 1.0571130363717306e-06
0.28 0.2 0 1.2725388875007583e-06
0.28 0.21 0 1.2237790201646977e-06
0.28 0.22 0 1.77608011981116e-06
0.28 0.23 0 1.836898248491254e-06
0.28 0.24 0 1.591375290402623e-06
0.28 0.25 0 3.746939742029958e-07
0.28 0.26 0 6.86926747709222e-07
0.28 0.27 0 8.653344479610062e-07
0.28 0.28 0 1.4312877656837004e-06
0.28 0.29 0 2.638119230118006e-06
0.28 0.3 0 3.2109092112964104e-06
0.28 0.31 0 1.722997897576845e-06
0.28 0.32 0 1.786091598115036e-06
0.28 0.33 0 1.1345450766225943e-06
0.28 0.34 0 6.710862641919306e-07
0.28 0.35000000000000003 0 1.362908164421844e-06
0.28 0.36 0 1.291853065592267e-06
0.28 0.37 0 8.614834104334949e-07
0.28 0.38 0 1.0866274330157357e-06
0.28 0.39 0 1.367337091304117e-06
0.28 0.4 0 8.407282914935811e-07
0.28 0.41000000000000003 0 5.648464030237251e-07
0.28 0.42 0 1.935099554073457e-06
0.28 0.43 0 3.931806086776918e-07
0.28 0.44 0 6.108268003146996e-07
0.28 0.45 0 7.507286438060112e-07
0.28 0.46 0 3.2354018131561884e-07
0.28 0.47000000000000003 0 5.722552888126785e-07
0.28 0.48 0 3.8934013632500986e-07
0.28 0.49 0 3.063798677986463e-07
0.28 0.5 0 2.637673650911925e-07
0.29 0.0 0 4.104815021701921e-06
0.29 0.01 0 4.38163567219248e-06
0.29 0.02 0 2.3442560678419225e-06
0.29 0.03 0 2.577861822006549e-06
0.29 0.04 0 7.370589506993847e-07
0.29 0.05 0 6.218949977665813e-07
0.29 0.06 0 7.48898007663592e-07
0.29 0.07 0 1.7497518673928562e-06
0.29 0.08 0 8.801494340170417e-07
0.29 0.09 0 6.32639214027086e-07
0.29 0.1 0 5.169154306344046e-07
0.29 0.11 0 2.623368376365288e-07
0.29 0.12 0 4.6574389538280726e-07
0.29 0.13 0 6.958382238874312e-07
0.29 0.14 0 5.287507965775367e-07
0.29 0.15 0 3.4282096888793475e-07
0.29 0.16 0 1.5896187147904123e-06
0.29 0.17 0 5.242494357507734e-07
0.29 0.18 0 5.187598139668372e-07
0.29 0.19 0 7.678218098882166e-07
0.29 0.2 0 5.530048926262236e-07
0.29 0.21 0 8.353952155317547e-07
0.29 0.22 0 1.4563014243613593e-06
0.29 0.23 0 8.591803809326953e-07
0.29 0.24 0 1.4827442376760982e-06
0.29 0.25 0 1.7206529580084935e-06
0.29 0.26 0 7.518589155665743e-07
0.29 0.27 0 4.784120167900088e-07
0.29 0.28 0 6.83653761602186e-07
0.29 0.29 0 7.922973491307501e-07
0.29 0.3 0 3.8427641426330693e-07
0.29 0.31 0 2.211918396564913e-06
0.29 0.32 0 8.305705215136236e-07
0.29 0.33 0 2.499085035859636e-06
0.29 0.34 0 2.747344672098288e-06
0.29 0.35000000000000003 0 3.1511842667097152e-06
0.29 0.36 0 3.602881799209295e-06
0.29 0.37 0 3.842798046852461e-06
0.29 0.38 0 2.4721155682971368e-06
0.29 0.39 0 1.3784223493472705e-06
0.29 0.4 0 1.267758993970658e-06
0.29 0.41000000000000003 0 1.1256950342837963e-06
0.29 0.42 0 6.883173657412674e-07
0.29 0.43 0 4.041566281034342e-07
0.29 0.44 0 2.920394106413814e-07
0.29 0.45 0 1.0513925552472075e-07
0.29 0.46 0 1.9309400700338056e-07
0.29 0.47000000000000003 0 1.7833296033789407e-07
0.29 0.48 0 2.430178865000586e-07
0.29 0.49 0 2.618809152245924e-07
0.29 0.5 0 3.3687924515924373e-07
0.3 0.0 0 1.6641841327410752e-06
0.3 0.01 0 1.7329869807478697e-06
0.3 0.02 0 2.0047105905980215e-06
0.3 0.03 0 1.0798665647878176e-06
0.3 0.04 0 1.4607821605784142e-06
0.3 0.05 0 2.8269234728248496e-06
0.3 0.06 0 1.5003404916097224e-06
0.3 0.07 0 1.4434815646025126e-06
0.3 0.08 0 1.1731780582330491e-06
0.3 0.09 0 1.241420558527082e-06
0.3 0.1 0 7.162203960646053e-07
0.3 0.11 0 8.621937022984942e-07
0.3 0.12 0 6.975109991813252e-07
0.3 0.13 0 1.4337198950998294e-06
0.3 0.14 0 1.2114486890847728e-06
0.3 0.15 0 9.572218839942534e-07
0.3 0.16 0 4.710746902467999e-07
0.3 0.17 0 6.643762126851881e-07
0.3 0.18 0 4.932658058485392e-07
0.3 0.19 0 3.0039122468562367e-07
0.3 0.2 0 4.949454106002804e-07
0.3 0.21 0 8.543767921307635e-07
0.3 0.22 0 1.0070271540228706e-06
0.3 0.23 0 7.137204505521935e-07
0.3 0.24 0 1.3571972900618006e-06
0.3 0.25 0 8.20814866215429e-07
0.3 0.26 0 8.888042714990998e-07
0.3 0.27 0 8.655936791642302e-07
0.3 0.28 0 6.112485022783522e-07
0.3 0.29 0 6.017400970300529e-07
0.3 0.3 0 7.751337527913211e-07
0.3 0.31 0 7.137474416368429e-07
0.3 0.32 0 5.550346435665316e-07
0.3 0.33 0 1.6654812346610305e-06
0.3 0.34 0 2.1131686148238944e-06
0.3 0.35000000000000003 0 3.961224974756046e-06
0.3 0.36 0 6.767622096859617e-06
0.3 0.37 0 3.5375917984699672e-06
0.3 0.38 0 2.2049971664283735e-06
0.3 0.39 0 1.852362308111045e-06
0.3 0.4 0 8.743497199769175e-07
0.3 0.41000000000000003 0 1.3296109783589316e-06
0.3 0.42 0 8.701241980944735e-07
0.3 0.43 0 5.92930099450334e-07
0.3 0.44 0 3.2163238729130017e-07
0.3 0.45 0 2.7086070256744377e-07
0.3 0.46 0 4.829767912789917e-07
0.3 0.47000000000000003 0 1.2788013167033126e-07
0.3 0.48 0 3.054461953358138e-07
0.3 0.49 0 1.5001092958867116e-07
0.3 0.5 0 4.119526249853567e-07
#STOP
