#MEDIUM_PROPERTIES_DISTRIBUTED
$MSH_TYPE
	 GROUNDWATER_FLOW	
$MMP_TYPE
	 PERMEABILITY	
$DIS_TYPE
	 NEAREST_VALUE	
;hj
$CONVERSION_FACTOR
	 1.0	
$DATA
0.0 0.0 0 2.610845123252443e-08
0.0 0.01 0 4.468944533798714e-08
0.0 0.02 0 2.641579437749151e-07
0.0 0.03 0 2.5416949173533504e-07
0.0 0.04 0 1.1085709981975955e-06
0.0 0.05 0 5.732400218007312e-06
0.0 0.06 0 5.107672697821906e-06
0.0 0.07 0 6.776404282146378e-06
0.0 0.08 0 3.8210240147053705e-06
0.0 0.09 0 5.625655748984225e-06
0.0 0.1 0 4.697549876046286e-06
0.0 0.11 0 6.951258063950783e-06
0.0 0.12 0 1.5333624602287232e-06
0.0 0.13 0 1.0569119567983154e-05
0.0 0.14 0 1.570726095215397e-05
0.0 0.15 0 1.2608123676537169e-06
0.0 0.16 0 1.122698095859616e-06
0.0 0.17 0 1.2187142050496352e-05
0.0 0.18 0 1.2650831421750142e-06
0.0 0.19 0 5.667941096509122e-07
0.0 0.2 0 2.7319622321618833e-06
0.0 0.21 0 6.043902816479543e-07
0.0 0.22 0 8.021031888536623e-08
0.0 0.23 0 6.80920265768472e-08
0.0 0.24 0 6.280143560691458e-08
0.0 0.25 0 5.5528559795952475e-08
0.0 0.26 0 2.7911796277270174e-08
0.0 0.27 0 3.13634510727094e-08
0.0 0.28 0 4.935578505985143e-08
0.0 0.29 0 8.872843094302725e-08
0.0 0.3 0 4.6595353273062364e-08
0.0 0.31 0 2.1218763413168163e-08
0.0 0.32 0 3.425300289387701e-08
0.0 0.33 0 9.02445518074304e-09
0.0 0.34 0 1.5057239785290354e-08
0.0 0.35000000000000003 0 7.059593933599858e-09
0.0 0.36 0 1.3355040356150486e-08
0.0 0.37 0 2.527557403037328e-08
0.0 0.38 0 1.6408507195458826e-07
0.0 0.39 0 9.478688382175313e-09
0.0 0.4 0 4.4515684918166356e-08
0.0 0.41000000000000003 0 2.0476333526330828e-07
0.0 0.42 0 1.6475437758420333e-06
0.0 0.43 0 3.9625081032122183e-07
0.0 0.44 0 1.9970374572433195e-06
0.0 0.45 0 1.1179808955800508e-05
0.0 0.46 0 1.8680052074351125e-05
0.0 0.47000000000000003 0 2.1115106601490077e-05
0.0 0.48 0 1.4074042628644722e-05
0.0 0.49 0 1.4378801026065214e-06
0.0 0.5 0 5.949727930098975e-07
0.01 0.0 0 1.4468906452327925e-07
0.01 0.01 0 9.231763423607779e-08
0.01 0.02 0 4.314331705887631e-06
0.01 0.03 0 1.9347640748163043e-06
0.01 0.04 0 1.1839446942822802e-06
0.01 0.05 0 2.9129138130136595e-07
0.01 0.06 0 4.962800456130224e-06
0.01 0.07 0 7.883705708745759e-07
0.01 0.08 0 3.374033570711941e-07
0.01 0.09 0 3.12728213724813e-06
0.01 0.1 0 7.5148564718754645e-06
0.01 0.11 0 1.481986645871293e-06
0.01 0.12 0 8.630812080434725e-07
0.01 0.13 0 3.5794362343065716e-06
0.01 0.14 0 1.7095181846608316e-05
0.01 0.15 0 2.9286571132362987e-06
0.01 0.16 0 6.235331359848545e-06
0.01 0.17 0 1.304839875903239e-05
0.01 0.18 0 1.2453223650938598e-06
0.01 0.19 0 1.4032705977149313e-06
0.01 0.2 0 4.526976696619752e-06
0.01 0.21 0 6.093743352813205e-07
0.01 0.22 0 3.126157809875451e-07
0.01 0.23 0 3.6191913463347364e-07
0.01 0.24 0 1.1182961870257213e-07
0.01 0.25 0 1.2780606855670757e-07
0.01 0.26 0 2.711211890412357e-07
0.01 0.27 0 7.558016994583693e-08
0.01 0.28 0 3.697565762599391e-08
0.01 0.29 0 5.577208261849197e-08
0.01 0.3 0 1.54080799507683e-07
0.01 0.31 0 1.3230985105504202e-08
0.01 0.32 0 1.6428766665475087e-08
0.01 0.33 0 1.2394400770801668e-09
0.01 0.34 0 5.477313807952226e-09
0.01 0.35000000000000003 0 1.7698906039332582e-09
0.01 0.36 0 4.240493871834336e-09
0.01 0.37 0 9.502271198004286e-09
0.01 0.38 0 6.7760229756931294e-09
0.01 0.39 0 4.619857789047565e-09
0.01 0.4 0 4.835011906566787e-08
0.01 0.41000000000000003 0 9.6931274730081e-07
0.01 0.42 0 1.8313256447666692e-06
0.01 0.43 0 2.5960010401678514e-05
0.01 0.44 0 2.904047732285713e-06
0.01 0.45 0 2.4934327802830475e-06
0.01 0.46 0 5.69167119755511e-07
0.01 0.47000000000000003 0 3.90049189222173e-05
0.01 0.48 0 8.908415684352927e-07
0.01 0.49 0 1.5071729985003352e-07
0.01 0.5 0 1.3470590040695991e-07
0.02 0.0 0 2.0284431500651934e-07
0.02 0.01 0 2.02759583317035e-06
0.02 0.02 0 4.6134620441092144e-07
0.02 0.03 0 7.6026971143167e-07
0.02 0.04 0 6.446031102337394e-07
0.02 0.05 0 3.5820751139794778e-06
0.02 0.06 0 7.035456794702495e-08
0.02 0.07 0 2.839080305271081e-07
0.02 0.08 0 1.1554328676074324e-07
0.02 0.09 0 6.070196408935484e-07
0.02 0.1 0 9.698102966463246e-08
0.02 0.11 0 2.3111349892131812e-06
0.02 0.12 0 4.370088150775058e-07
0.02 0.13 0 3.643753799474281e-07
0.02 0.14 0 5.710121114794686e-06
0.02 0.15 0 4.609750493851979e-06
0.02 0.16 0 3.7975516214783526e-06
0.02 0.17 0 3.7885051240648977e-06
0.02 0.18 0 8.301031209791195e-07
0.02 0.19 0 6.056066580592252e-07
0.02 0.2 0 5.844120892103205e-07
0.02 0.21 0 1.3203712457054147e-07
0.02 0.22 0 1.371167875021382e-07
0.02 0.23 0 2.696958653941494e-07
0.02 0.24 0 2.5930765352834367e-08
0.02 0.25 0 9.320506367220295e-08
0.02 0.26 0 9.134564026258378e-08
0.02 0.27 0 7.707802667727358e-08
0.02 0.28 0 2.0662500534905756e-09
0.02 0.29 0 3.686632317858704e-09
0.02 0.3 0 2.930845621189966e-09
0.02 0.31 0 4.1741863536648135e-09
0.02 0.32 0 3.4716635328577616e-09
0.02 0.33 0 1.0565901877765306e-09
0.02 0.34 0 2.194590406059986e-09
0.02 0.35000000000000003 0 9.632357183383849e-09
0.02 0.36 0 2.1707691436485063e-08
0.02 0.37 0 5.999791647009727e-08
0.02 0.38 0 2.7724403060394862e-08
0.02 0.39 0 4.8984232883037775e-08
0.02 0.4 0 4.4834710293464134e-07
0.02 0.41000000000000003 0 1.11813192949896e-06
0.02 0.42 0 1.0363576016790176e-06
0.02 0.43 0 7.520851714924522e-06
0.02 0.44 0 1.0385437476877227e-05
0.02 0.45 0 4.06223063838064e-06
0.02 0.46 0 1.0746798985654605e-06
0.02 0.47000000000000003 0 1.3657488531280672e-05
0.02 0.48 0 2.3003089836977294e-05
0.02 0.49 0 2.1757025778126384e-07
0.02 0.5 0 1.4810423786814265e-07
0.03 0.0 0 5.80734935341271e-08
0.03 0.01 0 1.6039243597673856e-07
0.03 0.02 0 3.632312394887294e-08
0.03 0.03 0 3.388326112077894e-08
0.03 0.04 0 3.2940785195320806e-08
0.03 0.05 0 1.0415024721493603e-07
0.03 0.06 0 3.993605729507122e-08
0.03 0.07 0 1.85831539889078e-07
0.03 0.08 0 4.343607732849797e-08
0.03 0.09 0 3.0919107207854366e-08
0.03 0.1 0 7.068719625340846e-09
0.03 0.11 0 5.673050352788416e-08
0.03 0.12 0 5.452932486197013e-08
0.03 0.13 0 2.255840732578899e-08
0.03 0.14 0 1.818640733961902e-07
0.03 0.15 0 2.586631433393462e-07
0.03 0.16 0 2.579152827460929e-06
0.03 0.17 0 1.7954861042540025e-06
0.03 0.18 0 2.83515301694098e-06
0.03 0.19 0 1.3540649649098208e-06
0.03 0.2 0 5.041768436573508e-06
0.03 0.21 0 5.466590027888807e-08
0.03 0.22 0 9.266046999910188e-08
0.03 0.23 0 4.007694066190074e-09
0.03 0.24 0 1.4550219476941454e-08
0.03 0.25 0 3.933708202396308e-09
0.03 0.26 0 3.069456200786078e-09
0.03 0.27 0 1.9338289400998336e-10
0.03 0.28 0 6.932385397310229e-09
0.03 0.29 0 5.656481007883783e-09
0.03 0.3 0 5.860364434352586e-09
0.03 0.31 0 1.1732109410256617e-08
0.03 0.32 0 2.4181954061467784e-07
0.03 0.33 0 4.462684872038045e-08
0.03 0.34 0 9.668028676430245e-09
0.03 0.35000000000000003 0 1.4167836512102472e-08
0.03 0.36 0 5.184865270645983e-09
0.03 0.37 0 1.2761090832814678e-07
0.03 0.38 0 2.004829530463964e-08
0.03 0.39 0 2.558097949885513e-08
0.03 0.4 0 1.6213288801607394e-08
0.03 0.41000000000000003 0 2.47235195688727e-06
0.03 0.42 0 2.979538654109088e-06
0.03 0.43 0 2.460851009472818e-05
0.03 0.44 0 3.6896945441024135e-05
0.03 0.45 0 0.00012905918848487847
0.03 0.46 0 1.1025079453780847e-05
0.03 0.47000000000000003 0 2.0367595302053547e-06
0.03 0.48 0 8.393597427854522e-07
0.03 0.49 0 2.2318232128799988e-07
0.03 0.5 0 1.9038561181421e-06
0.04 0.0 0 1.3019910618668187e-08
0.04 0.01 0 1.422150482730747e-07
0.04 0.02 0 3.5033930188033114e-08
0.04 0.03 0 5.201108817858372e-08
0.04 0.04 0 5.046494758294844e-08
0.04 0.05 0 2.080231577577121e-08
0.04 0.06 0 3.776871204197374e-08
0.04 0.07 0 9.269144355587311e-08
0.04 0.08 0 8.667158650049348e-08
0.04 0.09 0 1.5565019918827582e-08
0.04 0.1 0 3.9940416399020624e-08
0.04 0.11 0 1.5272523511780762e-08
0.04 0.12 0 5.63260896513437e-09
0.04 0.13 0 2.5557594513613636e-09
0.04 0.14 0 1.5191557083018204e-07
0.04 0.15 0 1.6397086400115217e-07
0.04 0.16 0 3.6454800168523385e-07
0.04 0.17 0 3.6994012153254533e-06
0.04 0.18 0 1.7569639786178854e-06
0.04 0.19 0 1.0575716080783244e-07
0.04 0.2 0 4.006507530421948e-09
0.04 0.21 0 5.30239367493286e-09
0.04 0.22 0 6.4639130210327334e-09
0.04 0.23 0 4.032396848797526e-09
0.04 0.24 0 9.131270829696355e-10
0.04 0.25 0 4.95393822644781e-09
0.04 0.26 0 4.0873855827320895e-09
0.04 0.27 0 2.1721553841375795e-09
0.04 0.28 0 6.490297280012027e-09
0.04 0.29 0 2.4483823761435053e-08
0.04 0.3 0 1.02413381636502e-08
0.04 0.31 0 4.683089141400976e-09
0.04 0.32 0 5.863805965473621e-09
0.04 0.33 0 3.1297854691585663e-09
0.04 0.34 0 2.3049500965740767e-08
0.04 0.35000000000000003 0 3.645383146754625e-08
0.04 0.36 0 6.120245744907091e-09
0.04 0.37 0 1.0484839612681995e-08
0.04 0.38 0 6.652036375486886e-08
0.04 0.39 0 1.0810022468468267e-07
0.04 0.4 0 1.3835659978442191e-07
0.04 0.41000000000000003 0 6.135844431080936e-07
0.04 0.42 0 5.865197312798466e-06
0.04 0.43 0 1.51601618526246e-05
0.04 0.44 0 1.2789935569152972e-05
0.04 0.45 0 7.733846697293285e-06
0.04 0.46 0 3.891290219683479e-06
0.04 0.47000000000000003 0 3.206634267965441e-06
0.04 0.48 0 1.98395963780256e-06
0.04 0.49 0 3.548598251943899e-06
0.04 0.5 0 4.473100950439482e-07
0.05 0.0 0 1.285966497432168e-08
0.05 0.01 0 3.071108933531213e-09
0.05 0.02 0 4.581044293213073e-09
0.05 0.03 0 4.975830622912283e-08
0.05 0.04 0 1.4956055778243403e-08
0.05 0.05 0 1.490688783064724e-08
0.05 0.06 0 2.2406127265398772e-07
0.05 0.07 0 2.711708035135264e-08
0.05 0.08 0 1.4299352613149744e-08
0.05 0.09 0 7.096597848753417e-09
0.05 0.1 0 9.988295915366975e-08
0.05 0.11 0 1.2232262367369958e-07
0.05 0.12 0 3.416671630416424e-07
0.05 0.13 0 7.317021480363123e-08
0.05 0.14 0 1.32055919651797e-07
0.05 0.15 0 1.1221589348950091e-07
0.05 0.16 0 1.7175978716942575e-07
0.05 0.17 0 1.3504603362071373e-07
0.05 0.18 0 1.4445917519725911e-08
0.05 0.19 0 2.3364602248171555e-07
0.05 0.2 0 9.712179517637494e-08
0.05 0.21 0 1.4434076499487507e-08
0.05 0.22 0 2.6043608692024943e-09
0.05 0.23 0 6.714900414255209e-08
0.05 0.24 0 9.308005566219148e-09
0.05 0.25 0 1.898490705243037e-08
0.05 0.26 0 2.8644134975256227e-08
0.05 0.27 0 3.7954887432443405e-08
0.05 0.28 0 4.655715989191461e-09
0.05 0.29 0 1.1189627946741207e-08
0.05 0.3 0 6.755224383628387e-09
0.05 0.31 0 6.567782069329511e-08
0.05 0.32 0 1.3356565068538795e-08
0.05 0.33 0 5.9272448167485135e-08
0.05 0.34 0 8.216996074502445e-08
0.05 0.35000000000000003 0 9.977007129233113e-08
0.05 0.36 0 3.575458818579712e-08
0.05 0.37 0 1.5847098067196784e-06
0.05 0.38 0 9.65624064855842e-07
0.05 0.39 0 1.6134189096730888e-06
0.05 0.4 0 4.75897136393293e-06
0.05 0.41000000000000003 0 1.9375047915555784e-06
0.05 0.42 0 1.2367529657419724e-06
0.05 0.43 0 6.827997251296266e-07
0.05 0.44 0 3.3187739147641415e-05
0.05 0.45 0 1.2342767636461056e-05
0.05 0.46 0 2.2850615095537736e-05
0.05 0.47000000000000003 0 1.7654778981742615e-06
0.05 0.48 0 5.308002187495303e-07
0.05 0.49 0 3.855937493381922e-08
0.05 0.5 0 2.509609505551698e-07
0.06 0.0 0 8.683293081544578e-08
0.06 0.01 0 6.166999047855863e-08
0.06 0.02 0 1.191841630713836e-08
0.06 0.03 0 8.291161115389441e-08
0.06 0.04 0 1.0806930894919939e-07
0.06 0.05 0 1.0503567484718427e-07
0.06 0.06 0 5.5512854410122066e-08
0.06 0.07 0 2.0704481854798753e-08
0.06 0.08 0 2.4194374775789196e-08
0.06 0.09 0 4.5105287326683735e-08
0.06 0.1 0 2.1434462748817103e-07
0.06 0.11 0 1.860362000609779e-07
0.06 0.12 0 5.0845822349270397e-08
0.06 0.13 0 7.284667373569179e-08
0.06 0.14 0 1.7664522542047727e-07
0.06 0.15 0 1.742211314262301e-07
0.06 0.16 0 1.0019224565095272e-06
0.06 0.17 0 1.27083120336911e-06
0.06 0.18 0 3.326539255474577e-07
0.06 0.19 0 9.75886954477755e-07
0.06 0.2 0 9.232583848785283e-07
0.06 0.21 0 3.572716512597661e-08
0.06 0.22 0 5.009374017572293e-09
0.06 0.23 0 9.348923086561384e-10
0.06 0.24 0 2.6934118642936767e-09
0.06 0.25 0 2.9642168903736134e-09
0.06 0.26 0 2.249770207545252e-08
0.06 0.27 0 1.3421562793650099e-09
0.06 0.28 0 6.289008306768692e-09
0.06 0.29 0 7.134904738680006e-09
0.06 0.3 0 2.502347863212829e-08
0.06 0.31 0 1.1459495622692838e-08
0.06 0.32 0 4.4436780306291546e-08
0.06 0.33 0 4.0781708817081466e-08
0.06 0.34 0 5.419918778390173e-07
0.06 0.35000000000000003 0 3.643350764235929e-07
0.06 0.36 0 7.793755679035175e-07
0.06 0.37 0 6.03257249102071e-07
0.06 0.38 0 4.1979153005767963e-07
0.06 0.39 0 5.155835820362746e-07
0.06 0.4 0 6.024633629131532e-06
0.06 0.41000000000000003 0 1.0286242751106603e-05
0.06 0.42 0 1.3288861285592431e-05
0.06 0.43 0 8.84108232112325e-07
0.06 0.44 0 7.367191827060491e-07
0.06 0.45 0 1.3598682600575304e-07
0.06 0.46 0 4.795098347391395e-07
0.06 0.47000000000000003 0 5.18484784706639e-07
0.06 0.48 0 1.918258676446591e-08
0.06 0.49 0 5.344104294570013e-08
0.06 0.5 0 2.5713779733970705e-07
0.07 0.0 0 5.2841642798819755e-06
0.07 0.01 0 9.69002264061162e-07
0.07 0.02 0 7.403748460604919e-07
0.07 0.03 0 7.772274080627544e-08
0.07 0.04 0 1.0399837539945914e-06
0.07 0.05 0 1.7014678659674671e-07
0.07 0.06 0 5.196387179701242e-07
0.07 0.07 0 1.4532541682186225e-08
0.07 0.08 0 2.1740811536152975e-08
0.07 0.09 0 1.2878481329588281e-08
0.07 0.1 0 1.2096722675627414e-08
0.07 0.11 0 8.256396122665563e-08
0.07 0.12 0 1.0591144828281501e-07
0.07 0.13 0 4.977284037776086e-07
0.07 0.14 0 4.7079190550772137e-07
0.07 0.15 0 3.726015591500523e-06
0.07 0.16 0 4.2319228680916126e-07
0.07 0.17 0 1.8121692891369723e-06
0.07 0.18 0 2.2064484868186026e-07
0.07 0.19 0 2.2062266538712336e-07
0.07 0.2 0 8.832296378642577e-09
0.07 0.21 0 2.90851370398123e-08
0.07 0.22 0 6.286635538969359e-09
0.07 0.23 0 1.8352422029406947e-09
0.07 0.24 0 5.5702045900869e-10
0.07 0.25 0 4.3227296707528795e-09
0.07 0.26 0 5.8367175957210674e-08
0.07 0.27 0 2.6240042838895388e-08
0.07 0.28 0 2.3869311977069015e-08
0.07 0.29 0 1.9913943132400442e-07
0.07 0.3 0 5.757115332447733e-07
0.07 0.31 0 3.8149302976338044e-07
0.07 0.32 0 2.5488234679944755e-08
0.07 0.33 0 2.2694927485975908e-08
0.07 0.34 0 7.024995781967354e-07
0.07 0.35000000000000003 0 4.0835385456174053e-07
0.07 0.36 0 3.510906576295642e-08
0.07 0.37 0 4.120181025381361e-08
0.07 0.38 0 1.766656614371356e-08
0.07 0.39 0 7.732929838295134e-08
0.07 0.4 0 4.4406883304566496e-07
0.07 0.41000000000000003 0 2.209881834107244e-07
0.07 0.42 0 1.377767644073313e-07
0.07 0.43 0 4.2477275950850857e-07
0.07 0.44 0 1.4679687259147104e-07
0.07 0.45 0 2.5513267537765823e-08
0.07 0.46 0 4.590718482556068e-08
0.07 0.47000000000000003 0 2.272926078770734e-07
0.07 0.48 0 3.435095907844026e-09
0.07 0.49 0 6.490731611362635e-09
0.07 0.5 0 2.3155549993480713e-08
0.08 0.0 0 1.5539230659082014e-06
0.08 0.01 0 9.68468518903058e-06
0.08 0.02 0 5.452592529452435e-07
0.08 0.03 0 3.752545120321102e-07
0.08 0.04 0 5.6308157223826124e-08
0.08 0.05 0 6.593901603419914e-08
0.08 0.06 0 1.7459825874329645e-07
0.08 0.07 0 8.290131354192843e-08
0.08 0.08 0 3.0460659349170146e-08
0.08 0.09 0 7.831756228324792e-09
0.08 0.1 0 1.4576599541394851e-08
0.08 0.11 0 5.986637253623e-07
0.08 0.12 0 5.087792478065711e-07
0.08 0.13 0 2.203101849021311e-07
0.08 0.14 0 9.388374387300449e-07
0.08 0.15 0 8.09331365610539e-07
0.08 0.16 0 4.980037268576038e-07
0.08 0.17 0 3.935189630021414e-07
0.08 0.18 0 1.3183747714043843e-07
0.08 0.19 0 2.4700608270751615e-08
0.08 0.2 0 7.011255992607257e-09
0.08 0.21 0 2.363253312540024e-09
0.08 0.22 0 2.4135255651077424e-09
0.08 0.23 0 3.138651865751996e-09
0.08 0.24 0 2.936145984869189e-09
0.08 0.25 0 1.2732056599091366e-08
0.08 0.26 0 5.061256399106653e-08
0.08 0.27 0 2.0025438377040567e-06
0.08 0.28 0 6.517590912101227e-06
0.08 0.29 0 2.3798908052930953e-06
0.08 0.3 0 1.1057270310317446e-07
0.08 0.31 0 1.6253973751326109e-06
0.08 0.32 0 4.881039156016761e-07
0.08 0.33 0 4.982839747500406e-08
0.08 0.34 0 2.1730590544613292e-07
0.08 0.35000000000000003 0 3.4785079944004825e-07
0.08 0.36 0 1.3312178907860343e-07
0.08 0.37 0 1.299685220501269e-08
0.08 0.38 0 6.230112829131351e-08
0.08 0.39 0 6.429962696797474e-08
0.08 0.4 0 1.9126568724633488e-07
0.08 0.41000000000000003 0 4.9473156216324584e-08
0.08 0.42 0 1.8335383411333163e-07
0.08 0.43 0 9.430713491434571e-09
0.08 0.44 0 4.22716701428257e-08
0.08 0.45 0 1.577397804503628e-07
0.08 0.46 0 3.051461074690179e-08
0.08 0.47000000000000003 0 4.229883717800929e-09
0.08 0.48 0 5.887024068823937e-09
0.08 0.49 0 2.9501866679533353e-07
0.08 0.5 0 2.466784052845377e-07
0.09 0.0 0 2.603416095980263e-05
0.09 0.01 0 8.212082143515961e-06
0.09 0.02 0 3.4798769391370747e-06
0.09 0.03 0 1.1809719131681783e-06
0.09 0.04 0 1.034814658936001e-06
0.09 0.05 0 8.426456921025849e-07
0.09 0.06 0 4.130839076047133e-06
0.09 0.07 0 2.899243494870603e-06
0.09 0.08 0 7.704344976693526e-07
0.09 0.09 0 6.849669544529475e-07
0.09 0.1 0 2.715120281167523e-07
0.09 0.11 0 2.0610567019577203e-06
0.09 0.12 0 1.9880146829979433e-06
0.09 0.13 0 2.477991156590154e-06
0.09 0.14 0 1.6396969255202897e-07
0.09 0.15 0 4.2202777355196407e-08
0.09 0.16 0 4.271579399194538e-08
0.09 0.17 0 2.723905978973681e-08
0.09 0.18 0 4.855193460626626e-09
0.09 0.19 0 2.9882193382946224e-10
0.09 0.2 0 7.575945227788522e-10
0.09 0.21 0 5.005715633477707e-10
0.09 0.22 0 6.035902334623088e-09
0.09 0.23 0 4.174858214691023e-09
0.09 0.24 0 2.5572830015169393e-08
0.09 0.25 0 1.0091661522689435e-08
0.09 0.26 0 7.465941592074193e-08
0.09 0.27 0 2.2208826665650915e-07
0.09 0.28 0 8.771576427607296e-07
0.09 0.29 0 3.812421278420013e-07
0.09 0.3 0 1.517361157956453e-07
0.09 0.31 0 1.6620128031882045e-07
0.09 0.32 0 7.845653218011695e-08
0.09 0.33 0 1.2531744289621128e-07
0.09 0.34 0 1.3389257441877802e-06
0.09 0.35000000000000003 0 1.1775613898934848e-06
0.09 0.36 0 6.710904468839277e-07
0.09 0.37 0 3.541591510280837e-07
0.09 0.38 0 1.9265135436567027e-07
0.09 0.39 0 5.4957017700136724e-08
0.09 0.4 0 1.0274753582247145e-07
0.09 0.41000000000000003 0 6.221268326422722e-08
0.09 0.42 0 1.0345411993388632e-07
0.09 0.43 0 2.43621180988344e-07
0.09 0.44 0 3.43568010260535e-07
0.09 0.45 0 6.675935961113942e-08
0.09 0.46 0 7.762352803012515e-08
0.09 0.47000000000000003 0 6.29644170432662e-08
0.09 0.48 0 2.83847046436197e-08
0.09 0.49 0 9.784728865718493e-08
0.09 0.5 0 4.2045695790929344e-07
0.1 0.0 0 3.095316018583264e-06
0.1 0.01 0 3.5918440074139888e-06
0.1 0.02 0 1.1046436309939059e-05
0.1 0.03 0 1.0390678618878167e-05
0.1 0.04 0 4.2371221255084105e-06
0.1 0.05 0 2.728241921486288e-06
0.1 0.06 0 1.0535275597436765e-05
0.1 0.07 0 2.212521915602048e-06
0.1 0.08 0 1.4426701760892226e-06
0.1 0.09 0 2.407910137210289e-06
0.1 0.1 0 2.0438808004204983e-07
0.1 0.11 0 2.737138273126778e-07
0.1 0.12 0 9.441970682290444e-07
0.1 0.13 0 2.418377863007322e-07
0.1 0.14 0 3.212569424496105e-08
0.1 0.15 0 1.0042848902623784e-07
0.1 0.16 0 1.32640413916688e-07
0.1 0.17 0 1.618308978001588e-08
0.1 0.18 0 2.3973548449974806e-09
0.1 0.19 0 2.544384901117824e-09
0.1 0.2 0 4.427756986908264e-09
0.1 0.21 0 8.156568978898631e-10
0.1 0.22 0 2.376333069757958e-09
0.1 0.23 0 2.9712090494918622e-08
0.1 0.24 0 2.920968965818846e-08
0.1 0.25 0 5.513251764579267e-08
0.1 0.26 0 3.2528316229809423e-07
0.1 0.27 0 1.0203693891986316e-06
0.1 0.28 0 2.6276769368994304e-06
0.1 0.29 0 5.352378719178579e-06
0.1 0.3 0 2.7740601803963972e-06
0.1 0.31 0 2.4330753539785788e-06
0.1 0.32 0 6.099597006031826e-07
0.1 0.33 0 5.431141196604985e-07
0.1 0.34 0 8.784580655124423e-07
0.1 0.35000000000000003 0 6.468291740698323e-07
0.1 0.36 0 1.992299971237515e-06
0.1 0.37 0 2.5165423732417375e-06
0.1 0.38 0 3.5282857773105126e-07
0.1 0.39 0 7.82375711407942e-07
0.1 0.4 0 1.3411534764879881e-06
0.1 0.41000000000000003 0 2.043584957735572e-06
0.1 0.42 0 7.38424284414667e-08
0.1 0.43 0 5.414918003362683e-07
0.1 0.44 0 2.3336013036370842e-07
0.1 0.45 0 4.639013681132496e-06
0.1 0.46 0 5.259989076243925e-07
0.1 0.47000000000000003 0 1.0479446725793525e-06
0.1 0.48 0 2.1609546248929613e-08
0.1 0.49 0 1.905730471875002e-07
0.1 0.5 0 2.8992752067370715e-08
0.11 0.0 0 3.333069739040361e-06
0.11 0.01 0 3.133874756556365e-06
0.11 0.02 0 3.3911361693303e-06
0.11 0.03 0 2.6455729665232017e-05
0.11 0.04 0 2.7803240988863665e-06
0.11 0.05 0 5.609441916740083e-06
0.11 0.06 0 3.7851951382109713e-07
0.11 0.07 0 2.1265000967197273e-07
0.11 0.08 0 2.9366551835826153e-07
0.11 0.09 0 2.1624174859215723e-06
0.11 0.1 0 4.880311006630663e-07
0.11 0.11 0 7.76443770741712e-07
0.11 0.12 0 3.762091372057873e-07
0.11 0.13 0 2.463892552935605e-07
0.11 0.14 0 1.4430079797005542e-07
0.11 0.15 0 6.624836825951195e-08
0.11 0.16 0 8.01434272593592e-08
0.11 0.17 0 1.1068455672054417e-07
0.11 0.18 0 4.341312852074275e-08
0.11 0.19 0 6.700193455650135e-09
0.11 0.2 0 6.772814731921645e-09
0.11 0.21 0 1.214487553531475e-09
0.11 0.22 0 5.26774424426406e-10
0.11 0.23 0 1.5305993064184434e-08
0.11 0.24 0 1.9028141419932938e-07
0.11 0.25 0 1.2787438370363733e-06
0.11 0.26 0 2.735951715870331e-06
0.11 0.27 0 4.520209502320285e-06
0.11 0.28 0 4.526173143821768e-06
0.11 0.29 0 4.238874419439844e-06
0.11 0.3 0 4.720340365057033e-06
0.11 0.31 0 3.3840380777550364e-06
0.11 0.32 0 9.94111731714476e-07
0.11 0.33 0 1.023351485909636e-06
0.11 0.34 0 9.002043000385744e-07
0.11 0.35000000000000003 0 6.145720659896174e-07
0.11 0.36 0 1.0644592118438595e-05
0.11 0.37 0 5.079515742362549e-06
0.11 0.38 0 2.660461793468694e-07
0.11 0.39 0 3.3893899562120994e-07
0.11 0.4 0 2.945298745699271e-06
0.11 0.41000000000000003 0 1.8691447896291784e-06
0.11 0.42 0 6.650696285198457e-07
0.11 0.43 0 5.445145953537169e-07
0.11 0.44 0 9.052234620485446e-07
0.11 0.45 0 3.8674343935790076e-07
0.11 0.46 0 8.752850766582123e-06
0.11 0.47000000000000003 0 8.545315198485125e-07
0.11 0.48 0 1.7515337697243193e-07
0.11 0.49 0 1.3785775481769236e-07
0.11 0.5 0 6.969139398862777e-06
0.12 0.0 0 4.767595047879023e-06
0.12 0.01 0 2.251420503376956e-06
0.12 0.02 0 1.5423299680702712e-07
0.12 0.03 0 5.057103840754399e-07
0.12 0.04 0 3.960203831739315e-07
0.12 0.05 0 7.861486609625201e-07
0.12 0.06 0 2.9962235713939145e-07
0.12 0.07 0 7.839386566512663e-07
0.12 0.08 0 1.0484974302884797e-06
0.12 0.09 0 1.2411455131128393e-07
0.12 0.1 0 1.0270905947580789e-07
0.12 0.11 0 5.647046518223515e-08
0.12 0.12 0 2.3610074028263805e-07
0.12 0.13 0 7.678249305950972e-09
0.12 0.14 0 1.7153090707649307e-07
0.12 0.15 0 1.1442925093093682e-08
0.12 0.16 0 3.2405832109396315e-08
0.12 0.17 0 2.9095772102452086e-09
0.12 0.18 0 1.338835119569928e-07
0.12 0.19 0 9.675736346048669e-09
0.12 0.2 0 1.1238212217124468e-07
0.12 0.21 0 1.0626743367444896e-07
0.12 0.22 0 1.227547372097074e-07
0.12 0.23 0 4.3790786199433566e-08
0.12 0.24 0 1.200229559415909e-07
0.12 0.25 0 2.3116157935500658e-06
0.12 0.26 0 4.177776504997579e-06
0.12 0.27 0 4.5201893747917185e-06
0.12 0.28 0 2.0081609438956592e-05
0.12 0.29 0 8.994450989546956e-05
0.12 0.3 0 1.7571249685373405e-05
0.12 0.31 0 4.182669210973469e-05
0.12 0.32 0 8.677254682587018e-06
0.12 0.33 0 6.73351172677923e-06
0.12 0.34 0 2.357654792446072e-06
0.12 0.35000000000000003 0 2.5589720464134237e-06
0.12 0.36 0 6.003906112272502e-07
0.12 0.37 0 7.549851089666931e-07
0.12 0.38 0 4.222288233433353e-07
0.12 0.39 0 4.670178329287595e-06
0.12 0.4 0 1.310771668428255e-06
0.12 0.41000000000000003 0 6.478591286423041e-06
0.12 0.42 0 3.0393422741375002e-06
0.12 0.43 0 2.5904675785303192e-06
0.12 0.44 0 5.384059683982737e-07
0.12 0.45 0 7.012936365787417e-07
0.12 0.46 0 6.568729156524663e-05
0.12 0.47000000000000003 0 0.00010799731599012316
0.12 0.48 0 1.1606525283442084e-05
0.12 0.49 0 2.0264904271671515e-07
0.12 0.5 0 9.67438561470443e-07
0.13 0.0 0 3.553050441755993e-06
0.13 0.01 0 3.205961369561892e-07
0.13 0.02 0 5.548839545045652e-07
0.13 0.03 0 1.798717303571893e-06
0.13 0.04 0 3.4387803902497954e-07
0.13 0.05 0 1.9331404395534049e-07
0.13 0.06 0 1.0963438843385395e-07
0.13 0.07 0 2.4781738934468356e-08
0.13 0.08 0 1.3424954616162206e-08
0.13 0.09 0 4.339289259797691e-08
0.13 0.1 0 3.292629424442414e-08
0.13 0.11 0 1.274859952359019e-07
0.13 0.12 0 4.1727918443653843e-08
0.13 0.13 0 3.65445226611051e-08
0.13 0.14 0 4.770461652069917e-08
0.13 0.15 0 5.501295025309551e-08
0.13 0.16 0 2.1097465467328558e-08
0.13 0.17 0 1.6203058070249502e-07
0.13 0.18 0 8.920659943559285e-08
0.13 0.19 0 7.664889935660514e-08
0.13 0.2 0 2.103142997430804e-07
0.13 0.21 0 6.35463830035212e-07
0.13 0.22 0 2.97738367737684e-08
0.13 0.23 0 1.556252476924362e-07
0.13 0.24 0 2.0322820102706256e-07
0.13 0.25 0 2.4484699670498354e-07
0.13 0.26 0 1.0895881203391277e-06
0.13 0.27 0 3.5415562824673964e-05
0.13 0.28 0 9.640296314404533e-05
0.13 0.29 0 1.2018074234897627e-05
0.13 0.3 0 2.1606241316887818e-05
0.13 0.31 0 7.261412087789697e-05
0.13 0.32 0 1.5978000281326322e-05
0.13 0.33 0 1.5004079322933286e-06
0.13 0.34 0 2.897760171442585e-06
0.13 0.35000000000000003 0 4.21810761248448e-06
0.13 0.36 0 6.041531643737608e-06
0.13 0.37 0 5.7086539144470085e-06
0.13 0.38 0 3.3003864171436745e-06
0.13 0.39 0 2.010862711744559e-05
0.13 0.4 0 2.04657005818504e-05
0.13 0.41000000000000003 0 5.499033548786148e-05
0.13 0.42 0 2.6269827318130207e-05
0.13 0.43 0 8.87677318289742e-05
0.13 0.44 0 5.647010687817443e-05
0.13 0.45 0 6.371264525695066e-05
0.13 0.46 0 6.207426397698384e-05
0.13 0.47000000000000003 0 4.129301322366976e-05
0.13 0.48 0 4.1594190753643304e-05
0.13 0.49 0 1.5292140048596305e-05
0.13 0.5 0 6.917270942909031e-07
0.14 0.0 0 2.16298177397279e-06
0.14 0.01 0 2.0341700981846444e-07
0.14 0.02 0 4.774665899548781e-07
0.14 0.03 0 9.556687561160227e-07
0.14 0.04 0 5.258641651529e-07
0.14 0.05 0 5.558518275605507e-07
0.14 0.06 0 1.01866716255214e-06
0.14 0.07 0 2.3832315014883314e-08
0.14 0.08 0 2.2780147145974805e-07
0.14 0.09 0 1.919515422114047e-07
0.14 0.1 0 6.144412619816804e-08
0.14 0.11 0 1.857480610736124e-08
0.14 0.12 0 2.666821969537985e-07
0.14 0.13 0 3.310728121644134e-07
0.14 0.14 0 2.4131687588229613e-07
0.14 0.15 0 2.3527649010701012e-08
0.14 0.16 0 2.1409734662044857e-09
0.14 0.17 0 1.036264815916499e-08
0.14 0.18 0 2.472744813779881e-09
0.14 0.19 0 4.641770924582758e-09
0.14 0.2 0 2.3598427937734704e-09
0.14 0.21 0 2.6159734321433362e-08
0.14 0.22 0 4.033858714733565e-09
0.14 0.23 0 4.08407599396277e-08
0.14 0.24 0 1.2525908216146175e-08
0.14 0.25 0 1.641845804377371e-07
0.14 0.26 0 1.820783764205624e-07
0.14 0.27 0 9.578741706724077e-07
0.14 0.28 0 4.282922783793046e-06
0.14 0.29 0 2.235945919545607e-05
0.14 0.3 0 1.2254265569971767e-05
0.14 0.31 0 7.447523440306535e-06
0.14 0.32 0 7.798370612185952e-06
0.14 0.33 0 1.4366607431179844e-06
0.14 0.34 0 1.4358331544861597e-06
0.14 0.35000000000000003 0 5.591295776559743e-07
0.14 0.36 0 5.034413698279503e-06
0.14 0.37 0 2.0802363542598853e-06
0.14 0.38 0 2.0974014442468213e-05
0.14 0.39 0 2.7039174444062788e-05
0.14 0.4 0 0.00016541054400575952
0.14 0.41000000000000003 0 3.5477557688992134e-05
0.14 0.42 0 0.0004514481881861875
0.14 0.43 0 0.00012283671691544755
0.14 0.44 0 0.0005164244085365273
0.14 0.45 0 0.00021956008990750797
0.14 0.46 0 0.00036859561428298607
0.14 0.47000000000000003 0 4.6960505965490883e-05
0.14 0.48 0 5.27764795335224e-05
0.14 0.49 0 1.0213795342756856e-05
0.14 0.5 0 1.655118769635148e-06
0.15 0.0 0 1.5143640111942268e-07
0.15 0.01 0 1.9652838935044612e-07
0.15 0.02 0 5.373328706440087e-07
0.15 0.03 0 4.30187383542788e-07
0.15 0.04 0 1.0408723482617129e-07
0.15 0.05 0 2.1365836964563015e-07
0.15 0.06 0 4.117161120682698e-07
0.15 0.07 0 1.129244691126811e-07
0.15 0.08 0 4.635390671984501e-07
0.15 0.09 0 1.2366340498377864e-06
0.15 0.1 0 4.4447748536180425e-07
0.15 0.11 0 1.5277693592608404e-07
0.15 0.12 0 1.435541527417318e-07
0.15 0.13 0 1.0682456762610464e-07
0.15 0.14 0 1.0522832741165884e-07
0.15 0.15 0 2.3628431480578575e-08
0.15 0.16 0 3.3301210889980603e-09
0.15 0.17 0 2.15904278516547e-09
0.15 0.18 0 8.090977232907896e-10
0.15 0.19 0 1.0861723375965714e-09
0.15 0.2 0 2.766178034872212e-09
0.15 0.21 0 3.08542759166963e-10
0.15 0.22 0 2.418410620092642e-09
0.15 0.23 0 8.575876030917335e-09
0.15 0.24 0 2.4470635578787533e-08
0.15 0.25 0 1.5634376418201183e-09
0.15 0.26 0 8.567554288447682e-08
0.15 0.27 0 8.434643600273742e-08
0.15 0.28 0 2.373870153701147e-06
0.15 0.29 0 6.108533965447238e-06
0.15 0.3 0 2.5192815409076718e-05
0.15 0.31 0 1.929395878734766e-07
0.15 0.32 0 8.677953509154661e-08
0.15 0.33 0 9.105169529088974e-07
0.15 0.34 0 6.633180963769723e-07
0.15 0.35000000000000003 0 4.906291286094855e-07
0.15 0.36 0 7.484270469507093e-07
0.15 0.37 0 3.091676679060669e-06
0.15 0.38 0 7.623373707638652e-07
0.15 0.39 0 4.294005432431892e-06
0.15 0.4 0 2.595308927064413e-05
0.15 0.41000000000000003 0 7.568651817035427e-05
0.15 0.42 0 2.400183953501071e-05
0.15 0.43 0 5.8906616467873e-05
0.15 0.44 0 0.00015965447414653907
0.15 0.45 0 0.00016375948203621767
0.15 0.46 0 0.00014545614599132227
0.15 0.47000000000000003 0 4.982657282597644e-05
0.15 0.48 0 1.3701898311410004e-05
0.15 0.49 0 1.2118753992692304e-05
0.15 0.5 0 4.094771127951908e-06
0.16 0.0 0 2.6491631191427935e-07
0.16 0.01 0 1.1217201188308841e-07
0.16 0.02 0 1.0832978793636099e-07
0.16 0.03 0 4.29775990552213e-07
0.16 0.04 0 3.508859513976414e-07
0.16 0.05 0 1.278189007327874e-06
0.16 0.06 0 6.851646467946867e-07
0.16 0.07 0 5.355203319509866e-07
0.16 0.08 0 1.2633237022625036e-06
0.16 0.09 0 7.152389014861824e-06
0.16 0.1 0 1.865040062115598e-07
0.16 0.11 0 7.841922657958416e-08
0.16 0.12 0 8.560111185580117e-09
0.16 0.13 0 9.429347678489492e-09
0.16 0.14 0 6.593673868153734e-09
0.16 0.15 0 4.062228666068962e-08
0.16 0.16 0 1.4305767550766808e-09
0.16 0.17 0 4.2515983929737786e-08
0.16 0.18 0 1.1346120738671903e-08
0.16 0.19 0 9.53348623407338e-09
0.16 0.2 0 2.169588443050607e-09
0.16 0.21 0 4.8130492240718324e-09
0.16 0.22 0 1.3088295002941934e-09
0.16 0.23 0 2.4685737593280953e-09
0.16 0.24 0 1.7068060993007938e-09
0.16 0.25 0 3.708206158550603e-09
0.16 0.26 0 1.600800663470111e-08
0.16 0.27 0 1.638663579041524e-08
0.16 0.28 0 1.5680860858505092e-07
0.16 0.29 0 8.946026538860015e-07
0.16 0.3 0 2.903244943536153e-06
0.16 0.31 0 7.891378407002257e-07
0.16 0.32 0 6.154051422931246e-07
0.16 0.33 0 6.666728052984002e-07
0.16 0.34 0 4.283255952055626e-07
0.16 0.35000000000000003 0 9.049691366190272e-07
0.16 0.36 0 7.82399964475316e-07
0.16 0.37 0 2.4214582256900354e-06
0.16 0.38 0 5.131536258311521e-06
0.16 0.39 0 3.707164980561441e-05
0.16 0.4 0 4.63915367776036e-05
0.16 0.41000000000000003 0 3.143661046031053e-05
0.16 0.42 0 2.55703486925713e-05
0.16 0.43 0 0.00023195000522608118
0.16 0.44 0 8.881986941029218e-05
0.16 0.45 0 0.0001305133585289982
0.16 0.46 0 3.521620564101375e-05
0.16 0.47000000000000003 0 2.987416377197983e-06
0.16 0.48 0 5.348644570641468e-07
0.16 0.49 0 3.7525953971948667e-06
0.16 0.5 0 6.057005914317276e-06
0.17 0.0 0 2.103213073255987e-06
0.17 0.01 0 5.852416457850909e-07
0.17 0.02 0 3.1418677826931576e-07
0.17 0.03 0 1.3391113353307708e-06
0.17 0.04 0 4.123650738715975e-06
0.17 0.05 0 1.2090374688936252e-06
0.17 0.06 0 4.804733438202099e-07
0.17 0.07 0 1.5201191824061717e-07
0.17 0.08 0 1.7821690864427594e-07
0.17 0.09 0 3.344423798103222e-08
0.17 0.1 0 4.521175279744337e-08
0.17 0.11 0 2.785800573578485e-08
0.17 0.12 0 6.458175168768189e-10
0.17 0.13 0 1.9931184303100021e-10
0.17 0.14 0 1.1229940302955953e-08
0.17 0.15 0 1.1258948809689798e-08
0.17 0.16 0 2.1946577829646037e-09
0.17 0.17 0 2.296139058454264e-08
0.17 0.18 0 1.6722887267104303e-08
0.17 0.19 0 2.2689413163150658e-09
0.17 0.2 0 1.5028855656844095e-08
0.17 0.21 0 3.0926959868387655e-09
0.17 0.22 0 1.00823589481367e-09
0.17 0.23 0 1.235444118824135e-09
0.17 0.24 0 8.059147459685257e-09
0.17 0.25 0 1.3462993209975296e-08
0.17 0.26 0 4.602036288502601e-08
0.17 0.27 0 3.092823192060793e-08
0.17 0.28 0 1.5115283451295514e-07
0.17 0.29 0 4.781796380723842e-07
0.17 0.3 0 2.421923563726142e-06
0.17 0.31 0 1.949840244121733e-06
0.17 0.32 0 2.8385269485416525e-06
0.17 0.33 0 2.777268819894255e-06
0.17 0.34 0 7.151436027441923e-07
0.17 0.35000000000000003 0 4.954839099727709e-07
0.17 0.36 0 7.801181825631109e-06
0.17 0.37 0 1.863182677340972e-05
0.17 0.38 0 7.210908820422007e-05
0.17 0.39 0 3.020271479946784e-05
0.17 0.4 0 5.882661166829669e-05
0.17 0.41000000000000003 0 4.41415703952176e-05
0.17 0.42 0 4.0882524289647266e-05
0.17 0.43 0 6.649507852058039e-06
0.17 0.44 0 5.918276920105004e-06
0.17 0.45 0 3.904229249541622e-06
0.17 0.46 0 1.759825254220272e-06
0.17 0.47000000000000003 0 1.487267717806462e-06
0.17 0.48 0 1.8778027498549895e-06
0.17 0.49 0 3.6023044522079096e-07
0.17 0.5 0 1.5501646557835564e-07
0.18 0.0 0 2.8214398217576024e-07
0.18 0.01 0 1.9404171128441007e-07
0.18 0.02 0 8.018958129587838e-07
0.18 0.03 0 4.788681349317134e-07
0.18 0.04 0 1.785545420370532e-07
0.18 0.05 0 1.273778114652728e-07
0.18 0.06 0 3.1560545342641924e-08
0.18 0.07 0 2.9001372420926594e-09
0.18 0.08 0 8.924189441148818e-09
0.18 0.09 0 3.071434676140727e-08
0.18 0.1 0 8.60249344773587e-08
0.18 0.11 0 1.1170816595688293e-07
0.18 0.12 0 5.301053496355465e-08
0.18 0.13 0 1.689592318913069e-08
0.18 0.14 0 9.381348963630793e-08
0.18 0.15 0 7.373834292336613e-08
0.18 0.16 0 3.536428327601168e-08
0.18 0.17 0 1.2125448748092546e-08
0.18 0.18 0 2.4931787761487635e-08
0.18 0.19 0 5.761078538926329e-09
0.18 0.2 0 3.8178160473946775e-08
0.18 0.21 0 4.771728114250169e-09
0.18 0.22 0 1.881236213533038e-09
0.18 0.23 0 3.245277140208443e-09
0.18 0.24 0 2.445313500265484e-08
0.18 0.25 0 1.4079445654754073e-07
0.18 0.26 0 2.0659983437252368e-07
0.18 0.27 0 1.6382509974556657e-07
0.18 0.28 0 4.033340436589108e-08
0.18 0.29 0 1.7916268173640413e-07
0.18 0.3 0 1.0214615762406029e-07
0.18 0.31 0 6.289852639263782e-07
0.18 0.32 0 6.063201147086908e-07
0.18 0.33 0 2.200956026824823e-06
0.18 0.34 0 3.9686723017026105e-06
0.18 0.35000000000000003 0 3.373238078078433e-05
0.18 0.36 0 9.01004513231389e-05
0.18 0.37 0 7.222039419544725e-05
0.18 0.38 0 0.00011586799583894584
0.18 0.39 0 3.918072092351835e-06
0.18 0.4 0 6.420709197668325e-06
0.18 0.41000000000000003 0 1.6791522564369484e-05
0.18 0.42 0 1.2570376192453514e-05
0.18 0.43 0 1.8854066799078353e-06
0.18 0.44 0 2.3574441280583433e-06
0.18 0.45 0 1.600304670366002e-06
0.18 0.46 0 2.1608348924860458e-07
0.18 0.47000000000000003 0 1.1417089057574941e-07
0.18 0.48 0 2.692982293704548e-07
0.18 0.49 0 4.911441278007921e-07
0.18 0.5 0 7.634491575023469e-08
0.19 0.0 0 7.410457800728201e-08
0.19 0.01 0 1.8809921613833933e-08
0.19 0.02 0 1.561913225135715e-07
0.19 0.03 0 1.9268251898990248e-07
0.19 0.04 0 1.6996400213859372e-08
0.19 0.05 0 3.1713645867249315e-09
0.19 0.06 0 8.189610857310558e-09
0.19 0.07 0 9.66017484043375e-09
0.19 0.08 0 2.1991012437834128e-08
0.19 0.09 0 8.765527758699713e-08
0.19 0.1 0 8.195300756122831e-09
0.19 0.11 0 1.9345166906590284e-08
0.19 0.12 0 9.493002776761928e-09
0.19 0.13 0 1.5761057938241677e-07
0.19 0.14 0 2.2371977090254723e-07
0.19 0.15 0 9.74966733658503e-08
0.19 0.16 0 9.195561964692846e-09
0.19 0.17 0 2.999984713538287e-08
0.19 0.18 0 8.534259384435014e-09
0.19 0.19 0 1.4350051503858943e-09
0.19 0.2 0 5.304694035131129e-09
0.19 0.21 0 9.152239711544485e-10
0.19 0.22 0 1.1763029516536861e-09
0.19 0.23 0 3.8670575329484105e-09
0.19 0.24 0 1.0094000789145712e-08
0.19 0.25 0 3.292334695828786e-08
0.19 0.26 0 3.3731203019695893e-07
0.19 0.27 0 7.052748355249329e-08
0.19 0.28 0 1.2642946851070812e-08
0.19 0.29 0 1.237500423760193e-07
0.19 0.3 0 9.288039816635573e-08
0.19 0.31 0 1.4603206000694466e-07
0.19 0.32 0 5.046721384861512e-08
0.19 0.33 0 4.632152843166728e-07
0.19 0.34 0 5.08394411485158e-07
0.19 0.35000000000000003 0 4.7801833452286324e-06
0.19 0.36 0 2.1764042868239883e-06
0.19 0.37 0 1.1062998414853956e-05
0.19 0.38 0 1.217622411269279e-05
0.19 0.39 0 8.617026566480153e-05
0.19 0.4 0 1.8239603481102793e-05
0.19 0.41000000000000003 0 3.802213233315103e-05
0.19 0.42 0 2.4207862123740192e-05
0.19 0.43 0 4.518460035797861e-05
0.19 0.44 0 3.063686483235921e-06
0.19 0.45 0 3.1751295120688276e-06
0.19 0.46 0 5.817708437294026e-07
0.19 0.47000000000000003 0 5.319583631108875e-07
0.19 0.48 0 2.4743528077736314e-07
0.19 0.49 0 1.3802272601712735e-07
0.19 0.5 0 2.0662039007138266e-07
0.2 0.0 0 1.0826499289320095e-08
0.2 0.01 0 1.29571701817768e-08
0.2 0.02 0 3.590627306862859e-08
0.2 0.03 0 1.770108643317303e-08
0.2 0.04 0 2.632243559449074e-09
0.2 0.05 0 6.954213311424278e-09
0.2 0.06 0 6.188796749529417e-09
0.2 0.07 0 1.882104119690341e-09
0.2 0.08 0 7.024574201953391e-09
0.2 0.09 0 2.3393531936894503e-09
0.2 0.1 0 3.99146124175442e-09
0.2 0.11 0 8.755119380314342e-08
0.2 0.12 0 1.906625674662887e-07
0.2 0.13 0 2.389610222823459e-08
0.2 0.14 0 1.251679609493819e-07
0.2 0.15 0 3.444086278130024e-08
0.2 0.16 0 6.1020278066536436e-09
0.2 0.17 0 1.5455654699603114e-09
0.2 0.18 0 9.606776968321796e-09
0.2 0.19 0 4.026899020508231e-08
0.2 0.2 0 6.407386335040147e-09
0.2 0.21 0 1.5212470564541003e-10
0.2 0.22 0 4.1243785744344664e-10
0.2 0.23 0 2.0813278554758298e-08
0.2 0.24 0 1.2065836464779989e-08
0.2 0.25 0 1.63390615521299e-08
0.2 0.26 0 1.0661896699913123e-07
0.2 0.27 0 1.421579834768547e-07
0.2 0.28 0 2.5110015587976115e-08
0.2 0.29 0 2.4267006149850475e-08
0.2 0.3 0 1.0738242142318962e-08
0.2 0.31 0 2.333178756170848e-09
0.2 0.32 0 1.725144912899803e-08
0.2 0.33 0 6.279937599568325e-09
0.2 0.34 0 1.8003978544071533e-08
0.2 0.35000000000000003 0 5.8641837250397346e-08
0.2 0.36 0 4.760912439100892e-06
0.2 0.37 0 7.571547619598733e-07
0.2 0.38 0 2.828739837700599e-06
0.2 0.39 0 3.414764078593984e-06
0.2 0.4 0 3.27979068196039e-05
0.2 0.41000000000000003 0 2.3421994266383795e-06
0.2 0.42 0 3.431660341344532e-06
0.2 0.43 0 3.435133362837971e-06
0.2 0.44 0 8.42758986698248e-06
0.2 0.45 0 1.042646708450607e-06
0.2 0.46 0 3.848048208693761e-07
0.2 0.47000000000000003 0 2.760023548514579e-07
0.2 0.48 0 6.190306577278788e-07
0.2 0.49 0 7.80532964537361e-07
0.2 0.5 0 2.234984227014524e-06
0.21 0.0 0 2.6140173290223693e-08
0.21 0.01 0 3.840151749895977e-09
0.21 0.02 0 1.2026888381968248e-09
0.21 0.03 0 4.392537100158789e-09
0.21 0.04 0 2.3516188025851572e-08
0.21 0.05 0 1.7529917237161922e-09
0.21 0.06 0 1.4644381950438198e-09
0.21 0.07 0 4.8715506300570266e-09
0.21 0.08 0 2.5500027852943466e-08
0.21 0.09 0 4.6980613598563225e-09
0.21 0.1 0 7.4228796486253675e-09
0.21 0.11 0 5.1208764969122956e-09
0.21 0.12 0 2.211494397171189e-08
0.21 0.13 0 9.854270031701682e-09
0.21 0.14 0 1.4369520915735803e-07
0.21 0.15 0 7.102956966425912e-09
0.21 0.16 0 2.7800011990090917e-08
0.21 0.17 0 4.943261406798871e-09
0.21 0.18 0 1.1041458515094448e-09
0.21 0.19 0 1.1343321021429886e-09
0.21 0.2 0 1.008966126485557e-07
0.21 0.21 0 5.733901370894471e-08
0.21 0.22 0 3.1457055563141927e-09
0.21 0.23 0 9.969589118270043e-09
0.21 0.24 0 3.5265992945799855e-09
0.21 0.25 0 9.443550909464802e-09
0.21 0.26 0 2.9269310184685123e-09
0.21 0.27 0 8.918686032081094e-09
0.21 0.28 0 1.2555705788139582e-09
0.21 0.29 0 1.9270263597155893e-08
0.21 0.3 0 3.157545772052381e-09
0.21 0.31 0 1.9776261984819117e-08
0.21 0.32 0 3.7744180949158963e-08
0.21 0.33 0 2.1013723174682716e-07
0.21 0.34 0 2.8954122391875417e-07
0.21 0.35000000000000003 0 3.8487621174658e-06
0.21 0.36 0 9.980703175771753e-07
0.21 0.37 0 6.199283489733949e-06
0.21 0.38 0 7.032294561107975e-06
0.21 0.39 0 4.143604397622503e-06
0.21 0.4 0 1.5141095067300168e-06
0.21 0.41000000000000003 0 5.224156877006923e-06
0.21 0.42 0 2.8942297428891934e-06
0.21 0.43 0 4.7023407997078157e-07
0.21 0.44 0 3.853772119928937e-07
0.21 0.45 0 6.504378363686271e-07
0.21 0.46 0 2.0424939997688364e-06
0.21 0.47000000000000003 0 4.710836252313241e-07
0.21 0.48 0 2.079154717080239e-06
0.21 0.49 0 7.739623415833361e-07
0.21 0.5 0 6.2908718935527955e-06
0.22 0.0 0 1.543159622241525e-09
0.22 0.01 0 1.1049997331068278e-09
0.22 0.02 0 5.549413470520614e-10
0.22 0.03 0 8.633053727644638e-09
0.22 0.04 0 8.70641269259454e-09
0.22 0.05 0 2.2333244441795098e-08
0.22 0.06 0 1.528829110587773e-09
0.22 0.07 0 3.51977488554845e-09
0.22 0.08 0 3.8347435845720495e-09
0.22 0.09 0 2.109771514684755e-08
0.22 0.1 0 5.001900439649977e-09
0.22 0.11 0 1.6287698325438422e-08
0.22 0.12 0 2.426364625887363e-09
0.22 0.13 0 4.465237808016604e-09
0.22 0.14 0 5.362739595535014e-08
0.22 0.15 0 1.565346433698259e-08
0.22 0.16 0 1.2638916482044767e-09
0.22 0.17 0 4.679524214495742e-09
0.22 0.18 0 3.4694782316183463e-09
0.22 0.19 0 6.777648611633604e-09
0.22 0.2 0 3.855888393057366e-08
0.22 0.21 0 9.044248828536367e-08
0.22 0.22 0 8.625182697147724e-09
0.22 0.23 0 3.3950494836687714e-09
0.22 0.24 0 4.266384287260331e-10
0.22 0.25 0 1.292934756032049e-09
0.22 0.26 0 1.235683326227505e-09
0.22 0.27 0 3.567632480492674e-10
0.22 0.28 0 1.6226777588988637e-10
0.22 0.29 0 1.2647312254318598e-09
0.22 0.3 0 4.338617850027568e-08
0.22 0.31 0 9.37749000736922e-08
0.22 0.32 0 3.5913494246270026e-07
0.22 0.33 0 7.98041234938677e-08
0.22 0.34 0 7.702100866446161e-07
0.22 0.35000000000000003 0 9.091167392922265e-07
0.22 0.36 0 1.4133249478352296e-06
0.22 0.37 0 2.3068129712313724e-06
0.22 0.38 0 2.5790896020393673e-06
0.22 0.39 0 1.0275955649982474e-07
0.22 0.4 0 1.2964047603779927e-08
0.22 0.41000000000000003 0 6.203416238368216e-08
0.22 0.42 0 1.8801850346183747e-07
0.22 0.43 0 3.631448280281355e-07
0.22 0.44 0 3.0107163493380454e-08
0.22 0.45 0 9.795755360968626e-08
0.22 0.46 0 2.0363239457240237e-07
0.22 0.47000000000000003 0 3.536186249901684e-07
0.22 0.48 0 1.3026113425931703e-07
0.22 0.49 0 2.470726134034025e-07
0.22 0.5 0 1.5212609236332045e-06
0.23 0.0 0 2.818945873808676e-09
0.23 0.01 0 6.582764267239868e-10
0.23 0.02 0 1.3084340870194617e-08
0.23 0.03 0 8.197626137767126e-09
0.23 0.04 0 2.2410373400101528e-08
0.23 0.05 0 6.840258905783043e-09
0.23 0.06 0 4.870888854100474e-09
0.23 0.07 0 2.3826562567604878e-09
0.23 0.08 0 6.2714160739289205e-09
0.23 0.09 0 1.27394839502977e-08
0.23 0.1 0 3.370341441736808e-08
0.23 0.11 0 8.508152383296594e-08
0.23 0.12 0 1.598889948821938e-08
0.23 0.13 0 2.0547994606292642e-08
0.23 0.14 0 2.711961209206209e-08
0.23 0.15 0 2.555082060379541e-08
0.23 0.16 0 1.558255182836799e-09
0.23 0.17 0 3.670312577521085e-09
0.23 0.18 0 1.6590518527010224e-09
0.23 0.19 0 7.211572836514647e-08
0.23 0.2 0 1.742398502181512e-07
0.23 0.21 0 3.8297719106996225e-08
0.23 0.22 0 1.2314642916532235e-08
0.23 0.23 0 4.9959401929972365e-08
0.23 0.24 0 5.0980735032488e-09
0.23 0.25 0 1.2167741903902667e-09
0.23 0.26 0 1.3918476458948388e-08
0.23 0.27 0 5.02205080527985e-09
0.23 0.28 0 4.197473700850873e-09
0.23 0.29 0 1.2454245330094406e-09
0.23 0.3 0 3.9475184336391294e-08
0.23 0.31 0 5.9285028279295847e-08
0.23 0.32 0 3.6678627293126825e-07
0.23 0.33 0 2.984768750488167e-08
0.23 0.34 0 6.535660342266558e-07
0.23 0.35000000000000003 0 8.091816429529635e-07
0.23 0.36 0 3.84900369811412e-07
0.23 0.37 0 6.810872856339119e-08
0.23 0.38 0 1.5067866185336725e-07
0.23 0.39 0 4.836481663710118e-09
0.23 0.4 0 3.117145839687603e-09
0.23 0.41000000000000003 0 1.2155237809802257e-08
0.23 0.42 0 2.9109363769393275e-08
0.23 0.43 0 1.8761368945864857e-08
0.23 0.44 0 8.340593177908334e-08
0.23 0.45 0 1.135205876952178e-07
0.23 0.46 0 7.900101969160305e-08
0.23 0.47000000000000003 0 7.121913939240844e-07
0.23 0.48 0 3.0669421525575313e-06
0.23 0.49 0 2.0005737837912432e-07
0.23 0.5 0 1.6529668694447792e-07
0.24 0.0 0 7.453834745773365e-10
0.24 0.01 0 1.3611802082593448e-09
0.24 0.02 0 2.2613753892902086e-09
0.24 0.03 0 2.617815665730078e-08
0.24 0.04 0 9.701274724549973e-09
0.24 0.05 0 1.4402783040525008e-08
0.24 0.06 0 6.31724962441371e-09
0.24 0.07 0 3.085685379264408e-08
0.24 0.08 0 3.9827841622243065e-07
0.24 0.09 0 9.240233926047938e-08
0.24 0.1 0 1.8282281710746813e-08
0.24 0.11 0 6.83545827019101e-09
0.24 0.12 0 4.0921852311930127e-08
0.24 0.13 0 7.443149378966133e-09
0.24 0.14 0 4.482971264636502e-09
0.24 0.15 0 2.561872765508544e-09
0.24 0.16 0 1.1690460501997178e-08
0.24 0.17 0 9.007528381563399e-09
0.24 0.18 0 5.681177551833312e-09
0.24 0.19 0 2.0013214584944e-08
0.24 0.2 0 2.0748172747805425e-07
0.24 0.21 0 5.862078302797652e-08
0.24 0.22 0 3.9912440940537286e-08
0.24 0.23 0 3.532971355523751e-08
0.24 0.24 0 2.100880323669384e-08
0.24 0.25 0 3.82343111560259e-08
0.24 0.26 0 2.6368357728026334e-07
0.24 0.27 0 4.3654075445502626e-08
0.24 0.28 0 2.2594426608823866e-07
0.24 0.29 0 8.31551217816021e-07
0.24 0.3 0 2.58180377715047e-07
0.24 0.31 0 9.411938373824099e-08
0.24 0.32 0 4.6193748205073917e-07
0.24 0.33 0 1.129166594676141e-06
0.24 0.34 0 1.8357947253667608e-07
0.24 0.35000000000000003 0 3.956295794416508e-07
0.24 0.36 0 6.717841158879082e-08
0.24 0.37 0 1.4443071188394443e-07
0.24 0.38 0 4.9597963316816603e-08
0.24 0.39 0 1.132112589055478e-07
0.24 0.4 0 1.7571319448389048e-08
0.24 0.41000000000000003 0 3.1146103285512694e-08
0.24 0.42 0 1.7697785216724432e-08
0.24 0.43 0 1.4304590251918626e-07
0.24 0.44 0 2.7173906600311366e-08
0.24 0.45 0 1.4758450172898933e-08
0.24 0.46 0 6.111620316414703e-08
0.24 0.47000000000000003 0 6.043658750484942e-07
0.24 0.48 0 8.698797167180299e-08
0.24 0.49 0 6.597629357843997e-07
0.24 0.5 0 7.73512473385468e-07
0.25 0.0 0 3.836270293231835e-09
0.25 0.01 0 1.7170324794557114e-08
0.25 0.02 0 2.2032905194776875e-09
0.25 0.03 0 3.6037064225416174e-08
0.25 0.04 0 1.1475711200202704e-08
0.25 0.05 0 8.983418920018253e-08
0.25 0.06 0 8.271325076710216e-09
0.25 0.07 0 2.9629174942781663e-08
0.25 0.08 0 9.540642830146465e-09
0.25 0.09 0 6.277010593347596e-08
0.25 0.1 0 1.4607712380718589e-08
0.25 0.11 0 4.1951492504046835e-08
0.25 0.12 0 1.2499187612802587e-08
0.25 0.13 0 8.794765822808189e-08
0.25 0.14 0 1.965396725324666e-08
0.25 0.15 0 1.0686444948167756e-08
0.25 0.16 0 1.789007833564883e-09
0.25 0.17 0 4.8989498392309883e-08
0.25 0.18 0 4.307706461747819e-07
0.25 0.19 0 1.5026005119724593e-06
0.25 0.2 0 7.607164223283041e-07
0.25 0.21 0 1.486189687825535e-07
0.25 0.22 0 3.93239015593736e-07
0.25 0.23 0 2.8623317269743587e-07
0.25 0.24 0 1.0295126080599757e-07
0.25 0.25 0 3.708024684538121e-08
0.25 0.26 0 9.7879977033286e-07
0.25 0.27 0 1.381618903710343e-07
0.25 0.28 0 9.452793037282258e-07
0.25 0.29 0 1.44538286261652e-06
0.25 0.3 0 8.90017983472183e-07
0.25 0.31 0 1.3371397436050036e-06
0.25 0.32 0 1.914226663034685e-06
0.25 0.33 0 6.877829814825365e-07
0.25 0.34 0 1.6160897525201543e-07
0.25 0.35000000000000003 0 1.5717986213412256e-06
0.25 0.36 0 3.4975575935376506e-07
0.25 0.37 0 7.237815306737465e-07
0.25 0.38 0 6.295041535193899e-08
0.25 0.39 0 1.4930520885493353e-07
0.25 0.4 0 3.947298852418032e-08
0.25 0.41000000000000003 0 1.0475982639371349e-08
0.25 0.42 0 4.059566141576522e-09
0.25 0.43 0 3.6255495805405465e-08
0.25 0.44 0 1.2531302298053996e-07
0.25 0.45 0 5.256904623574115e-09
0.25 0.46 0 5.906444820999706e-09
0.25 0.47000000000000003 0 3.495768108551415e-09
0.25 0.48 0 3.7699182189633846e-08
0.25 0.49 0 4.29045199374357e-08
0.25 0.5 0 5.917687889430035e-07
0.26 0.0 0 3.0766109895585634e-08
0.26 0.01 0 1.8619834621957868e-08
0.26 0.02 0 5.193933245157656e-08
0.26 0.03 0 9.768933963785931e-08
0.26 0.04 0 1.739330476720201e-07
0.26 0.05 0 3.1139218207874315e-08
0.26 0.06 0 6.476029300744404e-08
0.26 0.07 0 1.0818778238053352e-08
0.26 0.08 0 7.504490529832248e-08
0.26 0.09 0 1.1396766766411083e-08
0.26 0.1 0 5.156431731078632e-08
0.26 0.11 0 5.487915515332221e-09
0.26 0.12 0 4.788664453648028e-09
0.26 0.13 0 4.694377901491598e-09
0.26 0.14 0 4.5176816953314495e-08
0.26 0.15 0 1.716303432030576e-08
0.26 0.16 0 1.3331484888756292e-07
0.26 0.17 0 5.892920582288604e-07
0.26 0.18 0 5.449319175180473e-07
0.26 0.19 0 1.1589826247051428e-06
0.26 0.2 0 1.066428481998203e-05
0.26 0.21 0 1.5985452298463787e-06
0.26 0.22 0 5.56330704942318e-07
0.26 0.23 0 2.2169980023355287e-06
0.26 0.24 0 2.138591540399462e-06
0.26 0.25 0 2.2729662662368526e-07
0.26 0.26 0 2.1845948871548477e-07
0.26 0.27 0 2.1123095728077355e-07
0.26 0.28 0 1.770705656939642e-06
0.26 0.29 0 1.775742763956465e-06
0.26 0.3 0 6.925552398692826e-07
0.26 0.31 0 6.619332719867238e-07
0.26 0.32 0 2.1011962401044826e-06
0.26 0.33 0 1.1491690950568168e-06
0.26 0.34 0 3.413584407928539e-06
0.26 0.35000000000000003 0 4.421338099876581e-06
0.26 0.36 0 3.230877217142706e-06
0.26 0.37 0 6.156311887643964e-07
0.26 0.38 0 5.964539386652843e-07
0.26 0.39 0 5.876245514363042e-07
0.26 0.4 0 7.897653442769551e-07
0.26 0.41000000000000003 0 2.6569110621168754e-07
0.26 0.42 0 7.89054291777908e-08
0.26 0.43 0 1.412239190200044e-08
0.26 0.44 0 4.265918301583451e-09
0.26 0.45 0 4.4217514257259804e-09
0.26 0.46 0 5.5959414072622575e-09
0.26 0.47000000000000003 0 2.786742812255941e-08
0.26 0.48 0 1.3836661974851456e-08
0.26 0.49 0 2.0151865860564068e-07
0.26 0.5 0 2.140122412524328e-07
0.27 0.0 0 5.3521486781375436e-08
0.27 0.01 0 4.789803756815967e-08
0.27 0.02 0 3.8359400081341826e-08
0.27 0.03 0 6.867634661607522e-08
0.27 0.04 0 1.730730534097799e-07
0.27 0.05 0 2.2934040085853527e-08
0.27 0.06 0 6.594709013632313e-08
0.27 0.07 0 3.3791143657564505e-08
0.27 0.08 0 1.2174091762293266e-08
0.27 0.09 0 2.978510907901323e-09
0.27 0.1 0 5.379309792200574e-09
0.27 0.11 0 4.108967910096217e-09
0.27 0.12 0 3.668281642203963e-09
0.27 0.13 0 2.576127906724211e-08
0.27 0.14 0 2.6495284390155205e-08
0.27 0.15 0 1.2933415568972671e-08
0.27 0.16 0 9.577594475494352e-09
0.27 0.17 0 4.4857434270301933e-08
0.27 0.18 0 5.583961122415437e-08
0.27 0.19 0 3.125121536045311e-07
0.27 0.2 0 5.340208242011171e-06
0.27 0.21 0 8.195941029576e-06
0.27 0.22 0 1.186651384928108e-06
0.27 0.23 0 1.255029577620893e-06
0.27 0.24 0 2.508291890661522e-06
0.27 0.25 0 3.6969618381446743e-06
0.27 0.26 0 8.381719978902486e-07
0.27 0.27 0 3.0034465934541776e-06
0.27 0.28 0 2.6011056248164195e-06
0.27 0.29 0 3.5978487189269547e-06
0.27 0.3 0 1.1427894897736858e-07
0.27 0.31 0 1.9674699397249735e-06
0.27 0.32 0 1.6592414656475657e-06
0.27 0.33 0 1.1223356751633242e-06
0.27 0.34 0 1.4108774223974208e-06
0.27 0.35000000000000003 0 3.227183155948784e-06
0.27 0.36 0 3.282680148740296e-07
0.27 0.37 0 8.92198134150562e-07
0.27 0.38 0 2.6963295322155943e-06
0.27 0.39 0 1.0182331909770447e-07
0.27 0.4 0 1.1423354598408762e-07
0.27 0.41000000000000003 0 2.5038366609784898e-08
0.27 0.42 0 6.3487815379392965e-09
0.27 0.43 0 2.645542744080015e-09
0.27 0.44 0 1.8389166644968748e-08
0.27 0.45 0 3.3596705582172846e-09
0.27 0.46 0 2.6092341583610157e-09
0.27 0.47000000000000003 0 9.306997169073081e-09
0.27 0.48 0 1.2976669070001162e-08
0.27 0.49 0 4.267847294128176e-08
0.27 0.5 0 1.3649122787779219e-07
0.28 0.0 0 1.12874014495891e-08
0.28 0.01 0 3.466971076011654e-08
0.28 0.02 0 1.2607863713178995e-08
0.28 0.03 0 3.397575589643041e-09
0.28 0.04 0 6.502578830459899e-09
0.28 0.05 0 1.747131489072771e-08
0.28 0.06 0 1.2311290864055533e-08
0.28 0.07 0 1.7610110450444662e-09
0.28 0.08 0 5.081926615049963e-09
0.28 0.09 0 5.546177005467807e-08
0.28 0.1 0 1.2600615949959275e-08
0.28 0.11 0 8.437653673084294e-09
0.28 0.12 0 8.595659105311246e-09
0.28 0.13 0 3.674788494192249e-09
0.28 0.14 0 1.179307211868583e-09
0.28 0.15 0 4.791011812603917e-09
0.28 0.16 0 2.1873291697866743e-08
0.28 0.17 0 6.271195672337073e-08
0.28 0.18 0 4.3171190413099687e-08
0.28 0.19 0 1.2505815181127757e-07
0.28 0.2 0 1.1233341930203806e-06
0.28 0.21 0 8.574348239780563e-07
0.28 0.22 0 6.526512762954527e-06
0.28 0.23 0 2.3832901645116996e-05
0.28 0.24 0 4.5899962245137085e-06
0.28 0.25 0 3.133714624560252e-06
0.28 0.26 0 3.96933923057142e-06
0.28 0.27 0 2.4783871176557717e-06
0.28 0.28 0 5.466164100529468e-07
0.28 0.29 0 3.378453264260735e-06
0.28 0.3 0 1.7142188212662284e-06
0.28 0.31 0 8.87548263665891e-06
0.28 0.32 0 3.0280457703895503e-06
0.28 0.33 0 2.2643056068244285e-06
0.28 0.34 0 7.150116021265138e-07
0.28 0.35000000000000003 0 5.159869644760678e-07
0.28 0.36 0 4.391533025525726e-07
0.28 0.37 0 1.187737714206869e-06
0.28 0.38 0 4.3256172903247596e-07
0.28 0.39 0 6.156452164387913e-08
0.28 0.4 0 1.0202345649199649e-07
0.28 0.41000000000000003 0 1.3872830302308572e-08
0.28 0.42 0 9.908300393834975e-09
0.28 0.43 0 1.8211097931749885e-08
0.28 0.44 0 7.533671339758043e-09
0.28 0.45 0 7.761456500057718e-10
0.28 0.46 0 7.041252916422767e-10
0.28 0.47000000000000003 0 1.0345927038334751e-08
0.28 0.48 0 2.5528875218403694e-07
0.28 0.49 0 1.83661503552265e-07
0.28 0.5 0 1.2827524168051456e-07
0.29 0.0 0 2.5433469659823176e-10
0.29 0.01 0 4.7080930594943705e-11
0.29 0.02 0 7.029551709922649e-10
0.29 0.03 0 3.2784901324580166e-10
0.29 0.04 0 1.8047807661499037e-09
0.29 0.05 0 2.792094138650353e-09
0.29 0.06 0 1.1633368226667895e-08
0.29 0.07 0 4.690282725039132e-09
0.29 0.08 0 5.174136554884866e-09
0.29 0.09 0 9.801895092950325e-09
0.29 0.1 0 1.052021205499783e-08
0.29 0.11 0 3.1232834520287254e-08
0.29 0.12 0 4.777895002398755e-08
0.29 0.13 0 4.0321589559117786e-08
0.29 0.14 0 3.887851451522588e-08
0.29 0.15 0 2.113864990235239e-07
0.29 0.16 0 4.285179981605719e-07
0.29 0.17 0 2.8312244056508307e-07
0.29 0.18 0 1.376110125227417e-07
0.29 0.19 0 1.6775917548257988e-07
0.29 0.2 0 1.527645563107019e-06
0.29 0.21 0 1.5936417056007266e-06
0.29 0.22 0 5.7501367509054044e-06
0.29 0.23 0 1.7171925380339883e-06
0.29 0.24 0 4.380829273240137e-06
0.29 0.25 0 1.0112451102797471e-05
0.29 0.26 0 9.235017491028815e-06
0.29 0.27 0 1.4487828461743245e-06
0.29 0.28 0 1.179946023743538e-05
0.29 0.29 0 2.0278561576267484e-05
0.29 0.3 0 2.0905052974588926e-05
0.29 0.31 0 1.1497070266523811e-05
0.29 0.32 0 0.00011101506427937771
0.29 0.33 0 1.81178161275833e-05
0.29 0.34 0 5.076275333146075e-06
0.29 0.35000000000000003 0 3.997415912413741e-07
0.29 0.36 0 3.831388113696131e-07
0.29 0.37 0 3.2334740020703675e-07
0.29 0.38 0 2.6608003731728947e-06
0.29 0.39 0 4.3891535201943415e-07
0.29 0.4 0 6.350753549414022e-07
0.29 0.41000000000000003 0 1.754535796749837e-07
0.29 0.42 0 6.030195852575848e-08
0.29 0.43 0 1.3035222613445391e-08
0.29 0.44 0 1.2800038204813269e-09
0.29 0.45 0 6.256690094972256e-10
0.29 0.46 0 3.235276422425206e-09
0.29 0.47000000000000003 0 3.440590380043417e-08
0.29 0.48 0 2.923450346803889e-08
0.29 0.49 0 1.6437034210109757e-07
0.29 0.5 0 1.8675822823731528e-07
0.3 0.0 0 1.869927867404542e-10
0.3 0.01 0 4.6674127575830096e-11
0.3 0.02 0 6.532110224126501e-11
0.3 0.03 0 1.3374410780696274e-10
0.3 0.04 0 5.529061811717864e-10
0.3 0.05 0 3.1897230421343666e-10
0.3 0.06 0 7.150874609952628e-09
0.3 0.07 0 3.908626766591767e-08
0.3 0.08 0 2.7415488934339228e-08
0.3 0.09 0 2.0514334228082436e-08
0.3 0.1 0 6.470260296903153e-08
0.3 0.11 0 2.527973271851518e-08
0.3 0.12 0 2.207612376752214e-07
0.3 0.13 0 3.6648663408883175e-07
0.3 0.14 0 1.351742737452563e-06
0.3 0.15 0 8.960875989952397e-07
0.3 0.16 0 3.221792270822936e-07
0.3 0.17 0 6.816596723280729e-07
0.3 0.18 0 1.1087322131949672e-06
0.3 0.19 0 2.395156897745981e-06
0.3 0.2 0 6.077181084402431e-07
0.3 0.21 0 2.342363488173631e-06
0.3 0.22 0 8.537607713538633e-07
0.3 0.23 0 4.177058268777556e-06
0.3 0.24 0 2.632240940116787e-08
0.3 0.25 0 1.014181676925261e-06
0.3 0.26 0 4.357785401727364e-07
0.3 0.27 0 1.566492515829295e-06
0.3 0.28 0 4.989087718473021e-07
0.3 0.29 0 8.765371375874512e-05
0.3 0.3 0 4.573265192370235e-05
0.3 0.31 0 5.713408829469038e-05
0.3 0.32 0 2.6554357168139462e-05
0.3 0.33 0 1.0370688876808867e-05
0.3 0.34 0 3.6485695003290867e-06
0.3 0.35000000000000003 0 1.2803161826673564e-06
0.3 0.36 0 5.901811428279223e-07
0.3 0.37 0 1.1212472289834306e-07
0.3 0.38 0 3.6493051004117435e-07
0.3 0.39 0 1.4309346360356478e-06
0.3 0.4 0 1.0656661363580531e-05
0.3 0.41000000000000003 0 4.580858446098325e-07
0.3 0.42 0 1.389240312597187e-07
0.3 0.43 0 5.539023253582534e-07
0.3 0.44 0 1.0130842272038726e-07
0.3 0.45 0 7.356394518262917e-09
0.3 0.46 0 2.283234999821096e-08
0.3 0.47000000000000003 0 3.66380844060267e-08
0.3 0.48 0 6.556977541055319e-08
0.3 0.49 0 5.736777476421886e-07
0.3 0.5 0 9.154802195506986e-07
#STOP
