#MEDIUM_PROPERTIES_DISTRIBUTED
$MSH_TYPE
	 GROUNDWATER_FLOW	
$MMP_TYPE
	 PERMEABILITY	
$DIS_TYPE
	 NEAREST_VALUE	
;hj
$CONVERSION_FACTOR
	 1.0	
$DATA
0.0 0.0 0 8.531077675657713e-06
0.0 0.01 0 2.2387741681106624e-05
0.0 0.02 0 2.0187921019429907e-05
0.0 0.03 0 1.7385909496987122e-05
0.0 0.04 0 2.351009296834028e-05
0.0 0.05 0 3.150013274426306e-05
0.0 0.06 0 5.735557000622386e-05
0.0 0.07 0 9.979279343174027e-05
0.0 0.08 0 9.948748451134193e-05
0.0 0.09 0 6.654937717564001e-05
0.0 0.1 0 4.088556991084217e-05
0.0 0.11 0 4.226375643550038e-05
0.0 0.12 0 5.6998036359570044e-05
0.0 0.13 0 4.065363230512056e-05
0.0 0.14 0 2.1998953815450126e-05
0.0 0.15 0 1.712181013982295e-05
0.0 0.16 0 9.460015750628201e-06
0.0 0.17 0 3.2180359771312934e-06
0.0 0.18 0 2.599309416911067e-06
0.0 0.19 0 4.976722932478127e-06
0.0 0.2 0 8.025003498514883e-06
0.0 0.21 0 7.1382393022846236e-06
0.0 0.22 0 2.6623713767687574e-06
0.0 0.23 0 1.582510308934303e-06
0.0 0.24 0 2.807231242856057e-06
0.0 0.25 0 2.8999776433684874e-06
0.0 0.26 0 2.8951880519048224e-06
0.0 0.27 0 3.4168570197637763e-06
0.0 0.28 0 1.718907028199723e-06
0.0 0.29 0 1.3928100139495593e-06
0.0 0.3 0 1.4871231875657486e-06
0.0 0.31 0 1.384414588660499e-06
0.0 0.32 0 2.725494020531152e-06
0.0 0.33 0 1.8342789572168436e-06
0.0 0.34 0 7.253309862469547e-07
0.0 0.35000000000000003 0 9.987066263199343e-07
0.0 0.36 0 1.0457962792723433e-06
0.0 0.37 0 1.6084307084800046e-06
0.0 0.38 0 3.072298616394782e-06
0.0 0.39 0 1.5742742886959079e-06
0.0 0.4 0 1.8232101677330885e-06
0.0 0.41000000000000003 0 3.553777953068834e-06
0.0 0.42 0 4.591922315319778e-06
0.0 0.43 0 1.802918378263595e-05
0.0 0.44 0 3.654231748254516e-05
0.0 0.45 0 2.470734350121469e-05
0.0 0.46 0 2.2580994517493078e-05
0.0 0.47000000000000003 0 8.653301187918268e-06
0.0 0.48 0 3.744927612800166e-06
0.0 0.49 0 3.6588142829509596e-06
0.0 0.5 0 2.468766974104066e-06
0.01 0.0 0 2.9883385812979575e-05
0.01 0.01 0 2.1821150285544067e-05
0.01 0.02 0 2.859068415814237e-05
0.01 0.03 0 5.836074684929214e-05
0.01 0.04 0 6.067510982557626e-05
0.01 0.05 0 0.00010009756923153433
0.01 0.06 0 0.00011957551673141613
0.01 0.07 0 0.00016761002463233025
0.01 0.08 0 0.00037316568022539425
0.01 0.09 0 0.00017687426730746323
0.01 0.1 0 9.148163724088266e-05
0.01 0.11 0 0.00013235197330282005
0.01 0.12 0 8.622713936376915e-05
0.01 0.13 0 5.1367656832413225e-05
0.01 0.14 0 3.900273006366027e-05
0.01 0.15 0 2.989490767680644e-05
0.01 0.16 0 3.167797419015531e-05
0.01 0.17 0 1.733979055602439e-05
0.01 0.18 0 8.881941537703345e-06
0.01 0.19 0 9.88191003916946e-06
0.01 0.2 0 8.395335688989254e-06
0.01 0.21 0 6.077589968456116e-06
0.01 0.22 0 5.694412592552845e-06
0.01 0.23 0 5.106067380545564e-06
0.01 0.24 0 4.429288045635775e-06
0.01 0.25 0 3.3390154807671344e-06
0.01 0.26 0 2.195345291064868e-06
0.01 0.27 0 1.479301316310576e-06
0.01 0.28 0 1.194715113950488e-06
0.01 0.29 0 1.1922580218968523e-06
0.01 0.3 0 1.5502339005278882e-06
0.01 0.31 0 2.9150544077911565e-06
0.01 0.32 0 3.4940980488112507e-06
0.01 0.33 0 2.6118840293781396e-06
0.01 0.34 0 3.546259001989921e-06
0.01 0.35000000000000003 0 6.21450780978585e-06
0.01 0.36 0 9.713560248963424e-06
0.01 0.37 0 9.978972414022307e-06
0.01 0.38 0 3.6051473820583836e-06
0.01 0.39 0 1.3669766278020822e-06
0.01 0.4 0 9.718537838859426e-07
0.01 0.41000000000000003 0 1.0647855089027594e-06
0.01 0.42 0 3.1593287689339615e-06
0.01 0.43 0 7.898623089881557e-06
0.01 0.44 0 6.732244738449322e-06
0.01 0.45 0 5.961925586632007e-06
0.01 0.46 0 7.270954634383323e-06
0.01 0.47000000000000003 0 1.362667979163305e-05
0.01 0.48 0 2.672186687249125e-05
0.01 0.49 0 1.6254682616250726e-05
0.01 0.5 0 8.400257228232749e-06
0.02 0.0 0 4.38534522851193e-06
0.02 0.01 0 6.525915982750044e-06
0.02 0.02 0 2.953541752837013e-05
0.02 0.03 0 2.3391732887218703e-05
0.02 0.04 0 2.195656929869912e-05
0.02 0.05 0 5.246101411537006e-05
0.02 0.06 0 7.4253911741196e-05
0.02 0.07 0 0.00013355252756835272
0.02 0.08 0 0.00015089414120324736
0.02 0.09 0 0.0001417183093633776
0.02 0.1 0 0.00021813510537054188
0.02 0.11 0 9.309834373653513e-05
0.02 0.12 0 5.7932631739695116e-05
0.02 0.13 0 0.00016049221634173666
0.02 0.14 0 0.00013292285892791333
0.02 0.15 0 5.698226678810518e-05
0.02 0.16 0 4.10844925035293e-05
0.02 0.17 0 2.9096190956962124e-05
0.02 0.18 0 2.7472083725718467e-05
0.02 0.19 0 1.3100679014323994e-05
0.02 0.2 0 4.08442659870846e-06
0.02 0.21 0 3.9753801486250956e-06
0.02 0.22 0 2.27341539502202e-06
0.02 0.23 0 5.663425391237135e-07
0.02 0.24 0 4.508776699053592e-07
0.02 0.25 0 4.6702576359864303e-07
0.02 0.26 0 3.7128597125114737e-07
0.02 0.27 0 5.736420440546067e-07
0.02 0.28 0 9.49097597547732e-07
0.02 0.29 0 1.7456049942308755e-06
0.02 0.3 0 3.1122032684503255e-06
0.02 0.31 0 3.1966483789121227e-06
0.02 0.32 0 8.205847350409596e-06
0.02 0.33 0 2.526442159254394e-05
0.02 0.34 0 1.722935485332155e-05
0.02 0.35000000000000003 0 1.2939343498698123e-05
0.02 0.36 0 1.1535870541982514e-05
0.02 0.37 0 8.401347659153476e-06
0.02 0.38 0 1.9691192637538623e-05
0.02 0.39 0 4.838971585063232e-05
0.02 0.4 0 6.857972616820927e-05
0.02 0.41000000000000003 0 8.487474733045667e-05
0.02 0.42 0 3.923500951374646e-05
0.02 0.43 0 3.1624085801726436e-05
0.02 0.44 0 7.217810421794974e-05
0.02 0.45 0 7.850185721139151e-05
0.02 0.46 0 7.557240060547853e-05
0.02 0.47000000000000003 0 5.563216338390151e-05
0.02 0.48 0 2.282117367522594e-05
0.02 0.49 0 2.2960660184690404e-05
0.02 0.5 0 3.975407069775807e-05
0.03 0.0 0 0.00010522382970045892
0.03 0.01 0 7.370956312106353e-05
0.03 0.02 0 6.628557589187708e-05
0.03 0.03 0 9.569043374948361e-05
0.03 0.04 0 0.0001449765488884386
0.03 0.05 0 0.00014105441295853607
0.03 0.06 0 0.00012621969894094067
0.03 0.07 0 7.125569533201719e-05
0.03 0.08 0 4.065657320880893e-05
0.03 0.09 0 5.7244442948258065e-05
0.03 0.1 0 7.32938044510727e-05
0.03 0.11 0 4.81831839862358e-05
0.03 0.12 0 2.1479556102392724e-05
0.03 0.13 0 7.251565267610787e-06
0.03 0.14 0 4.656370160035816e-06
0.03 0.15 0 6.050640518363605e-06
0.03 0.16 0 4.920538511054907e-06
0.03 0.17 0 2.985935537128842e-06
0.03 0.18 0 2.3705114639167376e-06
0.03 0.19 0 1.7198606608181092e-06
0.03 0.2 0 1.6969290730282057e-06
0.03 0.21 0 2.943818132770211e-06
0.03 0.22 0 3.5384668874226296e-06
0.03 0.23 0 2.3428297267499806e-06
0.03 0.24 0 8.376352877424947e-07
0.03 0.25 0 2.96051901980261e-07
0.03 0.26 0 4.930597265427171e-07
0.03 0.27 0 1.1705903964796758e-06
0.03 0.28 0 1.3120716448155311e-06
0.03 0.29 0 2.657019831325188e-06
0.03 0.3 0 4.225258831655393e-06
0.03 0.31 0 4.2576161547891735e-06
0.03 0.32 0 7.5880350706761555e-06
0.03 0.33 0 7.724545723690845e-06
0.03 0.34 0 7.914021976331342e-06
0.03 0.35000000000000003 0 8.688436776493446e-06
0.03 0.36 0 4.074275628273655e-06
0.03 0.37 0 7.919695561968179e-06
0.03 0.38 0 2.1146040769453155e-05
0.03 0.39 0 8.424162360704348e-06
0.03 0.4 0 5.5374701085364585e-06
0.03 0.41000000000000003 0 6.345488520873207e-06
0.03 0.42 0 6.867858242909328e-06
0.03 0.43 0 1.1108002438371612e-05
0.03 0.44 0 7.13023245193789e-06
0.03 0.45 0 7.70801992684587e-06
0.03 0.46 0 1.4833268883948994e-05
0.03 0.47000000000000003 0 6.100508634940574e-06
0.03 0.48 0 6.871775890740224e-06
0.03 0.49 0 2.3888142065428512e-05
0.03 0.5 0 2.0126010289141152e-05
0.04 0.0 0 0.00023398917881269632
0.04 0.01 0 0.00010263561073126037
0.04 0.02 0 0.00010289633304636924
0.04 0.03 0 7.935025626640021e-05
0.04 0.04 0 3.747202281319041e-05
0.04 0.05 0 3.486153434166634e-05
0.04 0.06 0 1.7738256479474332e-05
0.04 0.07 0 1.245776663484822e-05
0.04 0.08 0 1.8379288082760807e-05
0.04 0.09 0 8.1471595215508e-06
0.04 0.1 0 3.5559462148142064e-06
0.04 0.11 0 2.815536982425821e-06
0.04 0.12 0 2.2182172718988128e-06
0.04 0.13 0 2.951071433724511e-06
0.04 0.14 0 2.0972117657730275e-06
0.04 0.15 0 1.177098818432765e-06
0.04 0.16 0 1.7175756253480772e-06
0.04 0.17 0 1.733203553148844e-06
0.04 0.18 0 1.957467131050088e-06
0.04 0.19 0 4.660348226610842e-06
0.04 0.2 0 5.741477841986686e-06
0.04 0.21 0 3.1733207300001476e-06
0.04 0.22 0 1.2686013424586963e-06
0.04 0.23 0 7.731341303892634e-07
0.04 0.24 0 1.0956599834841727e-06
0.04 0.25 0 1.2642249371727742e-06
0.04 0.26 0 1.05118969334527e-06
0.04 0.27 0 1.365278333342181e-06
0.04 0.28 0 2.6792388995169877e-06
0.04 0.29 0 3.720512744819513e-06
0.04 0.3 0 2.791923522690834e-06
0.04 0.31 0 2.8482986669792005e-06
0.04 0.32 0 4.1730756758831495e-06
0.04 0.33 0 5.63387962029355e-06
0.04 0.34 0 8.977693044360687e-06
0.04 0.35000000000000003 0 1.2389516641068674e-05
0.04 0.36 0 1.573736105263821e-05
0.04 0.37 0 1.661533593367439e-05
0.04 0.38 0 1.2377198120916815e-05
0.04 0.39 0 2.2388181461350333e-05
0.04 0.4 0 5.110278286201477e-05
0.04 0.41000000000000003 0 4.667348732516658e-05
0.04 0.42 0 4.789289632051911e-05
0.04 0.43 0 3.9437060222511306e-05
0.04 0.44 0 2.0713374728705246e-05
0.04 0.45 0 1.4660345670302871e-05
0.04 0.46 0 8.827558193274413e-06
0.04 0.47000000000000003 0 9.172519251685775e-06
0.04 0.48 0 1.649096899756395e-05
0.04 0.49 0 1.2608559835791376e-05
0.04 0.5 0 1.2833894847764424e-05
0.05 0.0 0 3.144602669664325e-05
0.05 0.01 0 1.0278204315166184e-05
0.05 0.02 0 4.516440098212302e-06
0.05 0.03 0 3.4595780927825153e-06
0.05 0.04 0 7.873044670080603e-06
0.05 0.05 0 6.197209917123607e-06
0.05 0.06 0 2.3400852551771657e-06
0.05 0.07 0 3.5992478917648152e-06
0.05 0.08 0 2.2013136250406396e-06
0.05 0.09 0 8.525879962389966e-07
0.05 0.1 0 1.4442870947664548e-06
0.05 0.11 0 1.8302950144874111e-06
0.05 0.12 0 1.977434879095616e-06
0.05 0.13 0 1.566592039546228e-06
0.05 0.14 0 6.154329360838118e-07
0.05 0.15 0 8.409090379825355e-07
0.05 0.16 0 1.0664692976888483e-06
0.05 0.17 0 6.01043535170904e-07
0.05 0.18 0 9.718858372789836e-07
0.05 0.19 0 1.0860414814788085e-06
0.05 0.2 0 7.024368732569968e-07
0.05 0.21 0 1.2535478022897076e-06
0.05 0.22 0 2.0528836828257074e-06
0.05 0.23 0 2.394145236635086e-06
0.05 0.24 0 2.0671639858601408e-06
0.05 0.25 0 8.518993281996333e-07
0.05 0.26 0 6.724998175083674e-07
0.05 0.27 0 8.999799093047047e-07
0.05 0.28 0 1.0104738362864628e-06
0.05 0.29 0 3.1840631549890555e-06
0.05 0.3 0 9.333417574375682e-06
0.05 0.31 0 5.746463247003014e-06
0.05 0.32 0 3.6656151407749127e-06
0.05 0.33 0 4.113547642252052e-06
0.05 0.34 0 5.2325969661412486e-06
0.05 0.35000000000000003 0 7.983505371194089e-06
0.05 0.36 0 4.920444430686429e-06
0.05 0.37 0 2.2579247199025606e-06
0.05 0.38 0 2.8420571103110118e-06
0.05 0.39 0 3.4013249455950454e-06
0.05 0.4 0 4.6636238310516235e-06
0.05 0.41000000000000003 0 8.52379997153069e-06
0.05 0.42 0 6.1212213454125505e-06
0.05 0.43 0 4.738183695979653e-06
0.05 0.44 0 5.312747344431791e-06
0.05 0.45 0 4.555502225865549e-06
0.05 0.46 0 6.922852781415934e-06
0.05 0.47000000000000003 0 8.216830650544947e-06
0.05 0.48 0 5.378192878891417e-06
0.05 0.49 0 5.376347911016252e-06
0.05 0.5 0 4.381260515440379e-06
0.06 0.0 0 4.7941510671913347e-05
0.06 0.01 0 8.040545117895596e-05
0.06 0.02 0 3.617622294100848e-05
0.06 0.03 0 1.112986933260195e-05
0.06 0.04 0 5.747626622272331e-06
0.06 0.05 0 4.94115229117659e-06
0.06 0.06 0 5.83537108478935e-06
0.06 0.07 0 3.368564575027243e-06
0.06 0.08 0 1.8596309158235544e-06
0.06 0.09 0 2.6734559692016715e-06
0.06 0.1 0 2.6083210156520525e-06
0.06 0.11 0 2.0924680894289456e-06
0.06 0.12 0 3.892574171009161e-06
0.06 0.13 0 7.362568402493318e-06
0.06 0.14 0 8.615673413589003e-06
0.06 0.15 0 4.943081403744444e-06
0.06 0.16 0 1.9780858298961582e-06
0.06 0.17 0 1.6726881895694943e-06
0.06 0.18 0 1.4644656632949949e-06
0.06 0.19 0 8.647034454409251e-07
0.06 0.2 0 1.1472561625344e-06
0.06 0.21 0 2.1115806117633566e-06
0.06 0.22 0 2.313966485768469e-06
0.06 0.23 0 2.4869320359215034e-06
0.06 0.24 0 2.107901368009611e-06
0.06 0.25 0 1.7625802495223848e-06
0.06 0.26 0 2.4339327706960563e-06
0.06 0.27 0 1.6611801921367857e-06
0.06 0.28 0 7.251242516638969e-07
0.06 0.29 0 6.889249172743476e-07
0.06 0.3 0 7.710322876145308e-07
0.06 0.31 0 1.391417088956391e-06
0.06 0.32 0 2.4223011126768017e-06
0.06 0.33 0 1.0144444070223295e-06
0.06 0.34 0 7.204931068264697e-07
0.06 0.35000000000000003 0 1.0913941433022862e-06
0.06 0.36 0 7.932979082117423e-07
0.06 0.37 0 9.541545275647088e-07
0.06 0.38 0 1.2175418098954912e-06
0.06 0.39 0 1.2587252620433972e-06
0.06 0.4 0 2.3086755443481473e-06
0.06 0.41000000000000003 0 1.6335534616498502e-06
0.06 0.42 0 1.7865598155212592e-06
0.06 0.43 0 6.01480522994853e-06
0.06 0.44 0 3.676875456781787e-06
0.06 0.45 0 2.1041899227118547e-06
0.06 0.46 0 3.559813110289357e-06
0.06 0.47000000000000003 0 4.179555650682958e-06
0.06 0.48 0 9.622604045677923e-06
0.06 0.49 0 1.6715726636661274e-05
0.06 0.5 0 1.5046240451802285e-05
0.07 0.0 0 4.023914799127317e-06
0.07 0.01 0 5.753873036492665e-06
0.07 0.02 0 1.6346010168115765e-05
0.07 0.03 0 1.612313867990824e-05
0.07 0.04 0 1.217879522724968e-05
0.07 0.05 0 1.4963872608817873e-05
0.07 0.06 0 5.7010298748158205e-06
0.07 0.07 0 2.0957988488440475e-06
0.07 0.08 0 1.9139859467666418e-06
0.07 0.09 0 2.2945782718611387e-06
0.07 0.1 0 5.489185598741129e-06
0.07 0.11 0 7.106508452168254e-06
0.07 0.12 0 4.7816895797124215e-06
0.07 0.13 0 7.131264772188347e-06
0.07 0.14 0 5.0585752281478865e-06
0.07 0.15 0 1.8912814939817102e-06
0.07 0.16 0 1.6070873584711728e-06
0.07 0.17 0 1.7499202817100319e-06
0.07 0.18 0 3.138180448946723e-06
0.07 0.19 0 5.136162432861138e-06
0.07 0.2 0 2.9352306803701583e-06
0.07 0.21 0 1.8139622862886048e-06
0.07 0.22 0 1.5585267031479108e-06
0.07 0.23 0 1.6546226129635397e-06
0.07 0.24 0 2.319481891700847e-06
0.07 0.25 0 2.1226526233697034e-06
0.07 0.26 0 1.633233096364475e-06
0.07 0.27 0 1.3069738504494138e-06
0.07 0.28 0 8.528164978272351e-07
0.07 0.29 0 6.503879971631613e-07
0.07 0.3 0 7.301634768161429e-07
0.07 0.31 0 1.0994130899488638e-06
0.07 0.32 0 1.1333613413711271e-06
0.07 0.33 0 8.012946827034649e-07
0.07 0.34 0 8.660041087326978e-07
0.07 0.35000000000000003 0 1.1675130292671533e-06
0.07 0.36 0 1.640415472743276e-06
0.07 0.37 0 1.2754977142925852e-06
0.07 0.38 0 4.315594743673841e-07
0.07 0.39 0 3.8211193252574884e-07
0.07 0.4 0 7.920106082772107e-07
0.07 0.41000000000000003 0 1.398874423428928e-06
0.07 0.42 0 2.8963208194935122e-06
0.07 0.43 0 3.580551546895549e-06
0.07 0.44 0 5.1795421124619595e-06
0.07 0.45 0 1.464402650804812e-05
0.07 0.46 0 1.5735422721489565e-05
0.07 0.47000000000000003 0 1.5542057675153263e-05
0.07 0.48 0 2.8450633050040184e-05
0.07 0.49 0 3.258750860444018e-05
0.07 0.5 0 3.9060741448221134e-05
0.08 0.0 0 2.7134347082208328e-06
0.08 0.01 0 6.021644828135046e-06
0.08 0.02 0 8.310720001795542e-06
0.08 0.03 0 4.3712180890301066e-06
0.08 0.04 0 8.007679247650638e-06
0.08 0.05 0 1.2582652887072958e-05
0.08 0.06 0 1.332366334504711e-05
0.08 0.07 0 2.197620543613671e-05
0.08 0.08 0 1.0608564645847464e-05
0.08 0.09 0 5.882070625650618e-06
0.08 0.1 0 6.091051551465148e-06
0.08 0.11 0 2.9973090407911506e-06
0.08 0.12 0 3.825958288432996e-06
0.08 0.13 0 4.579932486182595e-06
0.08 0.14 0 1.828082566114864e-06
0.08 0.15 0 1.724867624396372e-06
0.08 0.16 0 1.0751986899004726e-06
0.08 0.17 0 4.4857757390094114e-07
0.08 0.18 0 5.318717675126075e-07
0.08 0.19 0 4.509147351565981e-07
0.08 0.2 0 4.919870553592184e-07
0.08 0.21 0 6.785432683632673e-07
0.08 0.22 0 3.3958409815116326e-07
0.08 0.23 0 3.70126984185145e-07
0.08 0.24 0 6.139258566402294e-07
0.08 0.25 0 4.2203455359652547e-07
0.08 0.26 0 5.017029971945089e-07
0.08 0.27 0 6.556522159997464e-07
0.08 0.28 0 4.6963275685204637e-07
0.08 0.29 0 3.6395795017550275e-07
0.08 0.3 0 2.350902365893941e-07
0.08 0.31 0 3.804372658794834e-07
0.08 0.32 0 2.5849910665201378e-06
0.08 0.33 0 6.542713570238791e-06
0.08 0.34 0 4.0139960216016465e-06
0.08 0.35000000000000003 0 3.0730020281551292e-06
0.08 0.36 0 3.820520632080075e-06
0.08 0.37 0 5.5781901481515525e-06
0.08 0.38 0 4.267865866938923e-06
0.08 0.39 0 1.694532454945472e-06
0.08 0.4 0 1.9469945131952306e-06
0.08 0.41000000000000003 0 3.4204092031510352e-06
0.08 0.42 0 2.136107792654781e-06
0.08 0.43 0 2.0748811568020263e-06
0.08 0.44 0 4.063752764839928e-06
0.08 0.45 0 4.725168552759995e-06
0.08 0.46 0 3.7163641960355985e-06
0.08 0.47000000000000003 0 2.419936011507042e-06
0.08 0.48 0 3.6850671235416703e-06
0.08 0.49 0 1.4750361148926256e-05
0.08 0.5 0 2.133848141393542e-05
0.09 0.0 0 1.4648117205968839e-06
0.09 0.01 0 7.311722243919778e-07
0.09 0.02 0 7.176563903082996e-07
0.09 0.03 0 2.308616574131634e-06
0.09 0.04 0 6.162734904729001e-06
0.09 0.05 0 5.327876298361077e-06
0.09 0.06 0 4.871236243105189e-06
0.09 0.07 0 3.8805859345248485e-06
0.09 0.08 0 2.389476923998449e-06
0.09 0.09 0 2.023682126880469e-06
0.09 0.1 0 1.7008758998426373e-06
0.09 0.11 0 2.259834987026976e-06
0.09 0.12 0 2.8245620862881732e-06
0.09 0.13 0 1.7987721116264067e-06
0.09 0.14 0 2.5198437302385423e-06
0.09 0.15 0 3.374308799874325e-06
0.09 0.16 0 1.2570769865295937e-06
0.09 0.17 0 5.640206922956827e-07
0.09 0.18 0 4.3023766036585407e-07
0.09 0.19 0 5.351025549780475e-07
0.09 0.2 0 1.1076495478664641e-06
0.09 0.21 0 1.2101556953556026e-06
0.09 0.22 0 1.2205274824718342e-06
0.09 0.23 0 1.7137950360517042e-06
0.09 0.24 0 1.0798469508028937e-06
0.09 0.25 0 8.902014965634365e-07
0.09 0.26 0 2.2715885117080377e-06
0.09 0.27 0 4.988614372400706e-06
0.09 0.28 0 8.303776271675192e-06
0.09 0.29 0 8.077529133320317e-06
0.09 0.3 0 3.0052616967373335e-06
0.09 0.31 0 1.883998499631433e-06
0.09 0.32 0 2.3318672136515014e-06
0.09 0.33 0 3.2138648295632156e-06
0.09 0.34 0 6.897889104155459e-06
0.09 0.35000000000000003 0 5.603727299128909e-06
0.09 0.36 0 2.5398666053452933e-06
0.09 0.37 0 3.906809639197872e-06
0.09 0.38 0 3.502280989766324e-06
0.09 0.39 0 1.7983064476574223e-06
0.09 0.4 0 2.4734554307225306e-06
0.09 0.41000000000000003 0 3.4984070669483803e-06
0.09 0.42 0 7.700353520061641e-06
0.09 0.43 0 1.0983637297675766e-05
0.09 0.44 0 2.9206297010934037e-06
0.09 0.45 0 2.1147982953201458e-06
0.09 0.46 0 2.64465465151039e-06
0.09 0.47000000000000003 0 1.4339021431042058e-06
0.09 0.48 0 1.961800454565487e-06
0.09 0.49 0 2.724331150535596e-06
0.09 0.5 0 3.0322087200940243e-06
0.1 0.0 0 1.2944337431029799e-06
0.1 0.01 0 6.780921575161516e-07
0.1 0.02 0 1.4043869019619337e-06
0.1 0.03 0 1.5090998449923973e-06
0.1 0.04 0 1.3020892291442167e-06
0.1 0.05 0 2.2222705465003953e-06
0.1 0.06 0 3.881948639177782e-06
0.1 0.07 0 6.909770677403524e-06
0.1 0.08 0 6.190761664987908e-06
0.1 0.09 0 4.084562418207408e-06
0.1 0.1 0 6.123950684670674e-06
0.1 0.11 0 4.138167834229504e-06
0.1 0.12 0 2.0091058459378326e-06
0.1 0.13 0 5.003634851545371e-06
0.1 0.14 0 1.2747820045607229e-05
0.1 0.15 0 1.31531489720664e-05
0.1 0.16 0 9.447952681591375e-06
0.1 0.17 0 6.2448306724064956e-06
0.1 0.18 0 9.43223093375614e-06
0.1 0.19 0 1.3509879244214447e-05
0.1 0.2 0 1.0002226372092455e-05
0.1 0.21 0 9.967155430759519e-06
0.1 0.22 0 6.225275047407636e-06
0.1 0.23 0 2.6636967614335818e-06
0.1 0.24 0 2.349047936342208e-06
0.1 0.25 0 2.3369923713875233e-06
0.1 0.26 0 1.8726961318771097e-06
0.1 0.27 0 1.4425521630537239e-06
0.1 0.28 0 1.2805123502325831e-06
0.1 0.29 0 1.419297517949725e-06
0.1 0.3 0 1.0946414760998016e-06
0.1 0.31 0 6.265933021357129e-07
0.1 0.32 0 4.405906667468964e-07
0.1 0.33 0 5.18708725178198e-07
0.1 0.34 0 8.561996673288381e-07
0.1 0.35000000000000003 0 1.03929977593573e-06
0.1 0.36 0 1.3802000866798653e-06
0.1 0.37 0 1.8603968882159156e-06
0.1 0.38 0 1.651387791207504e-06
0.1 0.39 0 1.7731468540537526e-06
0.1 0.4 0 1.2571241067319682e-06
0.1 0.41000000000000003 0 7.887742704384584e-07
0.1 0.42 0 1.3799025455313217e-06
0.1 0.43 0 1.936820062085558e-06
0.1 0.44 0 2.08524224686618e-06
0.1 0.45 0 2.789657052408788e-06
0.1 0.46 0 2.44551234533193e-06
0.1 0.47000000000000003 0 2.581272563894494e-06
0.1 0.48 0 1.33525935575141e-06
0.1 0.49 0 4.632931615120543e-07
0.1 0.5 0 1.5335546941759516e-06
0.11 0.0 0 7.575073066646809e-06
0.11 0.01 0 7.5593630044423046e-06
0.11 0.02 0 3.001457163864141e-06
0.11 0.03 0 1.5191007512630993e-06
0.11 0.04 0 4.251918563886617e-06
0.11 0.05 0 6.845617808513786e-06
0.11 0.06 0 7.6074334913363016e-06
0.11 0.07 0 8.884575650519767e-06
0.11 0.08 0 3.0159228884868498e-06
0.11 0.09 0 2.0238352136376305e-06
0.11 0.1 0 2.8115165739600013e-06
0.11 0.11 0 2.473954419150087e-06
0.11 0.12 0 3.2126548676520913e-06
0.11 0.13 0 1.3005885609711863e-06
0.11 0.14 0 4.1515205000717117e-07
0.11 0.15 0 9.502838369501051e-07
0.11 0.16 0 1.388542281544399e-06
0.11 0.17 0 1.3735769189499862e-06
0.11 0.18 0 2.004073511962972e-06
0.11 0.19 0 1.0183270662554223e-06
0.11 0.2 0 7.607509754460842e-07
0.11 0.21 0 7.878351817357584e-07
0.11 0.22 0 5.631907743900597e-07
0.11 0.23 0 1.0644287732889155e-06
0.11 0.24 0 7.679019330431852e-07
0.11 0.25 0 1.491478841540901e-07
0.11 0.26 0 9.663579253026643e-08
0.11 0.27 0 1.0277909400664527e-07
0.11 0.28 0 1.1542798019977657e-07
0.11 0.29 0 1.3725811251487867e-07
0.11 0.3 0 5.9600305875458465e-08
0.11 0.31 0 2.6109575550768838e-08
0.11 0.32 0 2.0692796987604338e-08
0.11 0.33 0 2.5512082049247948e-08
0.11 0.34 0 9.597610371664592e-08
0.11 0.35000000000000003 0 2.5936990886124993e-07
0.11 0.36 0 1.6999086022557186e-07
0.11 0.37 0 1.284732513580707e-07
0.11 0.38 0 1.3451724929467815e-07
0.11 0.39 0 9.163857231896562e-08
0.11 0.4 0 7.618976611400879e-08
0.11 0.41000000000000003 0 9.553955894457213e-08
0.11 0.42 0 1.3292479184133106e-07
0.11 0.43 0 1.8339869770182466e-07
0.11 0.44 0 1.5969601845303715e-07
0.11 0.45 0 1.497333878615291e-07
0.11 0.46 0 2.533709317004441e-07
0.11 0.47000000000000003 0 2.9467122225119187e-07
0.11 0.48 0 3.601255594788611e-07
0.11 0.49 0 9.63256874390833e-07
0.11 0.5 0 2.0529955459418717e-06
0.12 0.0 0 9.827209283914976e-06
0.12 0.01 0 8.61490057099635e-06
0.12 0.02 0 5.572528630439558e-06
0.12 0.03 0 5.270548450744875e-06
0.12 0.04 0 1.1041436594712795e-05
0.12 0.05 0 2.4649285926371234e-05
0.12 0.06 0 2.6011412009791253e-05
0.12 0.07 0 7.653916513461181e-06
0.12 0.08 0 3.160695267325767e-06
0.12 0.09 0 3.116763780129887e-06
0.12 0.1 0 1.8187022945531567e-06
0.12 0.11 0 1.7152457393697025e-06
0.12 0.12 0 2.590922883463025e-06
0.12 0.13 0 1.8313585342088126e-06
0.12 0.14 0 1.449886420067249e-06
0.12 0.15 0 9.919819130763737e-07
0.12 0.16 0 5.114902476625819e-07
0.12 0.17 0 3.0491096456694684e-07
0.12 0.18 0 8.708932135212558e-08
0.12 0.19 0 5.5538339424028223e-08
0.12 0.2 0 1.4162246690335055e-07
0.12 0.21 0 1.0776125030898522e-07
0.12 0.22 0 4.480100492801051e-08
0.12 0.23 0 4.96676262136516e-08
0.12 0.24 0 9.623642895428853e-08
0.12 0.25 0 2.301628194173248e-07
0.12 0.26 0 2.1168660418440596e-07
0.12 0.27 0 1.1314368262848144e-07
0.12 0.28 0 1.8001834685064486e-07
0.12 0.29 0 1.9789502438651524e-07
0.12 0.3 0 1.0678673468183945e-07
0.12 0.31 0 1.6663454293502222e-07
0.12 0.32 0 2.6770256148817465e-07
0.12 0.33 0 1.867638197381386e-07
0.12 0.34 0 1.1649417096747457e-07
0.12 0.35000000000000003 0 5.7446225616206244e-08
0.12 0.36 0 5.330998467421809e-08
0.12 0.37 0 8.35962056611586e-08
0.12 0.38 0 5.534139768407836e-08
0.12 0.39 0 6.932773652673969e-08
0.12 0.4 0 1.701416539712722e-07
0.12 0.41000000000000003 0 1.299065140558902e-07
0.12 0.42 0 1.2776212976123568e-07
0.12 0.43 0 2.3291212076319625e-07
0.12 0.44 0 4.203503770507045e-07
0.12 0.45 0 1.4770353154660486e-06
0.12 0.46 0 2.369642828625436e-06
0.12 0.47000000000000003 0 2.480336975720647e-06
0.12 0.48 0 4.807395134557907e-06
0.12 0.49 0 2.2779392352060407e-06
0.12 0.5 0 1.2645867350231536e-06
0.13 0.0 0 6.013242322601148e-07
0.13 0.01 0 7.597732063066162e-07
0.13 0.02 0 1.2839931451634957e-06
0.13 0.03 0 1.0158744452545667e-06
0.13 0.04 0 5.395684523430948e-07
0.13 0.05 0 2.585599572382982e-07
0.13 0.06 0 2.8310303118464744e-07
0.13 0.07 0 9.414866859401745e-07
0.13 0.08 0 9.62315545087527e-07
0.13 0.09 0 3.0254931010387107e-07
0.13 0.1 0 2.714693179040751e-07
0.13 0.11 0 3.973858905264493e-07
0.13 0.12 0 3.6926806404638394e-07
0.13 0.13 0 2.5806652935473744e-07
0.13 0.14 0 1.580064602087174e-07
0.13 0.15 0 1.7741326934755755e-07
0.13 0.16 0 1.6456821890017833e-07
0.13 0.17 0 7.538170526115443e-08
0.13 0.18 0 9.014874698222671e-08
0.13 0.19 0 1.6271643598978063e-07
0.13 0.2 0 1.6473218437095083e-07
0.13 0.21 0 2.1501954927382472e-07
0.13 0.22 0 2.525023714689834e-07
0.13 0.23 0 2.3653125883451811e-07
0.13 0.24 0 2.5683971135668046e-07
0.13 0.25 0 2.0047321724409175e-07
0.13 0.26 0 1.2605756886256496e-07
0.13 0.27 0 6.602893250707608e-08
0.13 0.28 0 3.763224288557348e-08
0.13 0.29 0 4.8791584671904264e-08
0.13 0.3 0 7.40511171491109e-08
0.13 0.31 0 5.869123817850571e-08
0.13 0.32 0 3.853887215732091e-08
0.13 0.33 0 4.993337652496979e-08
0.13 0.34 0 1.1281124326864956e-07
0.13 0.35000000000000003 0 2.0175641803078624e-07
0.13 0.36 0 3.506340985693999e-07
0.13 0.37 0 4.843587334774034e-07
0.13 0.38 0 3.308717562828526e-07
0.13 0.39 0 2.0675141340059186e-07
0.13 0.4 0 1.6989098412145485e-07
0.13 0.41000000000000003 0 3.7877677946992316e-07
0.13 0.42 0 1.404584292342518e-06
0.13 0.43 0 1.4482246667606719e-06
0.13 0.44 0 1.2111226652003738e-06
0.13 0.45 0 1.3831490982565686e-06
0.13 0.46 0 1.0984474336154376e-06
0.13 0.47000000000000003 0 1.97847358549412e-06
0.13 0.48 0 3.0188804903810574e-06
0.13 0.49 0 2.160369123569964e-06
0.13 0.5 0 3.116854837131783e-06
0.14 0.0 0 4.9365153692894866e-08
0.14 0.01 0 9.177957446079205e-08
0.14 0.02 0 1.1212266078766233e-07
0.14 0.03 0 8.507982353475734e-08
0.14 0.04 0 5.070007344725582e-08
0.14 0.05 0 2.2971054767649957e-08
0.14 0.06 0 4.491435368202882e-08
0.14 0.07 0 1.1162644927570121e-07
0.14 0.08 0 6.757195384732453e-08
0.14 0.09 0 6.73244397830174e-08
0.14 0.1 0 7.995007135801934e-08
0.14 0.11 0 1.1123945658213538e-07
0.14 0.12 0 5.073863385429962e-07
0.14 0.13 0 6.991786585891311e-07
0.14 0.14 0 3.6848922648321635e-07
0.14 0.15 0 2.857078952775317e-07
0.14 0.16 0 1.2321109098169934e-07
0.14 0.17 0 1.3308700867406827e-07
0.14 0.18 0 1.9255269271402367e-07
0.14 0.19 0 8.086874910844875e-08
0.14 0.2 0 9.666208175819604e-08
0.14 0.21 0 1.3180548640506574e-07
0.14 0.22 0 6.762125324794033e-08
0.14 0.23 0 7.37242583614445e-08
0.14 0.24 0 8.272329922677574e-08
0.14 0.25 0 1.2605721592037296e-07
0.14 0.26 0 2.706183143442594e-07
0.14 0.27 0 1.4790614358110139e-07
0.14 0.28 0 1.1085965363072064e-07
0.14 0.29 0 1.6432736118595684e-07
0.14 0.3 0 1.1888962348099729e-07
0.14 0.31 0 1.5513485183326618e-07
0.14 0.32 0 2.97233066696746e-07
0.14 0.33 0 4.518849661711895e-07
0.14 0.34 0 1.1442698831012714e-06
0.14 0.35000000000000003 0 1.924062811113055e-06
0.14 0.36 0 2.182754543305236e-06
0.14 0.37 0 4.059673485494176e-06
0.14 0.38 0 5.990956473575321e-06
0.14 0.39 0 5.2333798913614575e-06
0.14 0.4 0 3.423156148156301e-06
0.14 0.41000000000000003 0 2.3981020200309227e-06
0.14 0.42 0 4.523233590310271e-06
0.14 0.43 0 1.3795590656875036e-05
0.14 0.44 0 1.4300892368894787e-05
0.14 0.45 0 6.6589829723341636e-06
0.14 0.46 0 4.478379467017213e-06
0.14 0.47000000000000003 0 3.84121548690719e-06
0.14 0.48 0 3.2174092199162364e-06
0.14 0.49 0 2.7224640684027975e-06
0.14 0.5 0 2.1106542990504665e-06
0.15 0.0 0 6.123449782336876e-07
0.15 0.01 0 3.118518239992697e-07
0.15 0.02 0 2.642259595608944e-07
0.15 0.03 0 4.2483231896210504e-07
0.15 0.04 0 4.6942535874517494e-07
0.15 0.05 0 2.452741949198034e-07
0.15 0.06 0 1.1165740593730677e-07
0.15 0.07 0 5.719596750800175e-08
0.15 0.08 0 1.0183883739484533e-07
0.15 0.09 0 3.010389850640331e-07
0.15 0.1 0 2.2001110207903976e-07
0.15 0.11 0 1.292348965455008e-07
0.15 0.12 0 1.0027290837923135e-07
0.15 0.13 0 8.300049135012088e-08
0.15 0.14 0 1.446230542511943e-07
0.15 0.15 0 1.841885893571204e-07
0.15 0.16 0 2.492289460354267e-07
0.15 0.17 0 4.731275539614741e-07
0.15 0.18 0 1.866187262916646e-07
0.15 0.19 0 6.281303286700301e-08
0.15 0.2 0 6.379861791219518e-08
0.15 0.21 0 7.001007626796437e-08
0.15 0.22 0 1.3253642616074692e-07
0.15 0.23 0 1.725798347858145e-07
0.15 0.24 0 1.4224986712520787e-07
0.15 0.25 0 4.005456530568604e-07
0.15 0.26 0 7.580326211935345e-07
0.15 0.27 0 6.30759928650646e-07
0.15 0.28 0 1.122757265283764e-06
0.15 0.29 0 2.051709609065196e-06
0.15 0.3 0 4.45488237898684e-06
0.15 0.31 0 9.915448054854541e-06
0.15 0.32 0 6.207270659055521e-06
0.15 0.33 0 4.550500184823053e-06
0.15 0.34 0 5.639025207270711e-06
0.15 0.35000000000000003 0 3.029842039842574e-06
0.15 0.36 0 1.8534340835762854e-06
0.15 0.37 0 1.6401784772549933e-06
0.15 0.38 0 1.2791229903843545e-06
0.15 0.39 0 1.7745374565837303e-06
0.15 0.4 0 1.9257819226069877e-06
0.15 0.41000000000000003 0 1.7393145450316112e-06
0.15 0.42 0 4.055208387517944e-06
0.15 0.43 0 4.937531305591967e-06
0.15 0.44 0 3.755940370833538e-06
0.15 0.45 0 8.479891282676452e-06
0.15 0.46 0 1.3200410997308856e-05
0.15 0.47000000000000003 0 1.7064520317646195e-05
0.15 0.48 0 3.1215630069992266e-05
0.15 0.49 0 2.008363611539405e-05
0.15 0.5 0 1.3682438351532133e-05
0.16 0.0 0 9.850453345669026e-07
0.16 0.01 0 1.4802766441681676e-06
0.16 0.02 0 1.4574195773792365e-06
0.16 0.03 0 1.0646305394685213e-06
0.16 0.04 0 1.177444539646426e-06
0.16 0.05 0 8.9904732090194e-07
0.16 0.06 0 6.24787001316693e-07
0.16 0.07 0 7.697645954535658e-07
0.16 0.08 0 1.0552831857797819e-06
0.16 0.09 0 1.3616242765322412e-06
0.16 0.1 0 1.2362734978125185e-06
0.16 0.11 0 6.95838756241369e-07
0.16 0.12 0 7.165425498958157e-07
0.16 0.13 0 9.78788975370346e-07
0.16 0.14 0 4.994565510505622e-07
0.16 0.15 0 1.8437324900049094e-07
0.16 0.16 0 7.978832855383458e-08
0.16 0.17 0 4.511615963819732e-08
0.16 0.18 0 6.684274976159901e-08
0.16 0.19 0 1.1094286293159328e-07
0.16 0.2 0 1.331159992890084e-07
0.16 0.21 0 2.3580879336915015e-07
0.16 0.22 0 3.397284972539712e-07
0.16 0.23 0 3.8126545005747826e-07
0.16 0.24 0 6.116244607343302e-07
0.16 0.25 0 1.452584175579636e-06
0.16 0.26 0 7.059870363411129e-06
0.16 0.27 0 2.9679428642019274e-05
0.16 0.28 0 3.5793007465082576e-05
0.16 0.29 0 2.4433004030457633e-05
0.16 0.3 0 1.8523846688709516e-05
0.16 0.31 0 2.001816972317729e-05
0.16 0.32 0 3.696045791603457e-05
0.16 0.33 0 7.735059146327256e-05
0.16 0.34 0 0.00010880685052683371
0.16 0.35000000000000003 0 9.741785294708975e-05
0.16 0.36 0 7.813644607084477e-05
0.16 0.37 0 7.075261221591115e-05
0.16 0.38 0 0.00011074339027318346
0.16 0.39 0 0.00022353282070902881
0.16 0.4 0 0.00015249961710032866
0.16 0.41000000000000003 0 5.084329246743504e-05
0.16 0.42 0 1.9604935282733257e-05
0.16 0.43 0 1.1083448139661204e-05
0.16 0.44 0 1.9124157545718975e-05
0.16 0.45 0 2.325395142362397e-05
0.16 0.46 0 8.934046695288557e-06
0.16 0.47000000000000003 0 7.970782007800519e-06
0.16 0.48 0 1.162010352753568e-05
0.16 0.49 0 1.7450079087246233e-05
0.16 0.5 0 3.202755639542979e-05
0.17 0.0 0 3.9352435726083434e-07
0.17 0.01 0 2.9493480471118487e-07
0.17 0.02 0 1.547987014438264e-07
0.17 0.03 0 4.036358038378763e-07
0.17 0.04 0 1.3733131964095837e-06
0.17 0.05 0 1.0314031603091952e-06
0.17 0.06 0 7.471674295506999e-07
0.17 0.07 0 5.104222365619786e-07
0.17 0.08 0 3.0596961454354365e-07
0.17 0.09 0 4.046446402621681e-07
0.17 0.1 0 3.9718578656829657e-07
0.17 0.11 0 3.9049697535167664e-07
0.17 0.12 0 3.612015975206452e-07
0.17 0.13 0 7.685653898152095e-08
0.17 0.14 0 4.645310551836515e-08
0.17 0.15 0 1.23824147095497e-07
0.17 0.16 0 1.0688270329986044e-07
0.17 0.17 0 9.756303763813542e-08
0.17 0.18 0 1.1878153508525359e-07
0.17 0.19 0 9.274185669434265e-08
0.17 0.2 0 7.554946143142974e-08
0.17 0.21 0 1.967101363830965e-08
0.17 0.22 0 9.731723130174303e-09
0.17 0.23 0 3.472244226857816e-08
0.17 0.24 0 4.4724281232212274e-08
0.17 0.25 0 5.3677377537761627e-08
0.17 0.26 0 2.4198604506896956e-07
0.17 0.27 0 7.581576148816355e-07
0.17 0.28 0 2.082250489867776e-06
0.17 0.29 0 2.9804452178814893e-06
0.17 0.3 0 2.7793832225118403e-06
0.17 0.31 0 7.798912315084918e-06
0.17 0.32 0 1.1403918231735633e-05
0.17 0.33 0 8.95160708624589e-06
0.17 0.34 0 2.1222199891056897e-05
0.17 0.35000000000000003 0 4.529237688577835e-05
0.17 0.36 0 5.280170410669853e-05
0.17 0.37 0 4.285220527553883e-05
0.17 0.38 0 2.9015657772684447e-05
0.17 0.39 0 4.1722090080237165e-05
0.17 0.4 0 5.0805867430360145e-05
0.17 0.41000000000000003 0 2.3561056887265183e-05
0.17 0.42 0 1.1769303027544774e-05
0.17 0.43 0 6.902017310748872e-06
0.17 0.44 0 3.41799005790677e-06
0.17 0.45 0 2.2915977775483485e-06
0.17 0.46 0 2.8095797552738048e-06
0.17 0.47000000000000003 0 4.937664064027351e-06
0.17 0.48 0 9.10230231264287e-06
0.17 0.49 0 1.2581677807031322e-05
0.17 0.5 0 9.646388080623068e-06
0.18 0.0 0 4.310442147868087e-07
0.18 0.01 0 2.6645443096327587e-07
0.18 0.02 0 1.7974634994307107e-07
0.18 0.03 0 1.3265882767704368e-07
0.18 0.04 0 8.878977676147572e-08
0.18 0.05 0 1.236347453315231e-07
0.18 0.06 0 3.2990303557972354e-07
0.18 0.07 0 3.86444879211446e-07
0.18 0.08 0 3.877783767049413e-07
0.18 0.09 0 6.62554442150506e-07
0.18 0.1 0 1.0832405628407815e-06
0.18 0.11 0 1.7405794514035153e-06
0.18 0.12 0 1.3206848408941883e-06
0.18 0.13 0 8.307498601722431e-07
0.18 0.14 0 9.456705652987882e-07
0.18 0.15 0 4.894502694622923e-07
0.18 0.16 0 3.441752644039825e-07
0.18 0.17 0 5.539712995226989e-07
0.18 0.18 0 3.507844843717346e-07
0.18 0.19 0 3.137152512180314e-07
0.18 0.2 0 4.438211446012451e-07
0.18 0.21 0 3.401313467964259e-07
0.18 0.22 0 3.657422181519538e-07
0.18 0.23 0 2.5490809451309404e-07
0.18 0.24 0 2.1133478010286953e-07
0.18 0.25 0 5.593699790630907e-07
0.18 0.26 0 5.026720192169051e-07
0.18 0.27 0 4.3902567002224065e-07
0.18 0.28 0 1.4710426856601486e-06
0.18 0.29 0 2.3298886261686175e-06
0.18 0.3 0 2.5167680342841707e-06
0.18 0.31 0 3.2974526424437e-06
0.18 0.32 0 4.139303953787757e-06
0.18 0.33 0 1.1365787258266707e-05
0.18 0.34 0 2.0205449053879836e-05
0.18 0.35000000000000003 0 2.6766960074523087e-05
0.18 0.36 0 0.00010068307214464665
0.18 0.37 0 0.00011559789408600564
0.18 0.38 0 3.468567459907295e-05
0.18 0.39 0 2.8938651531864436e-05
0.18 0.4 0 3.3211838357641424e-05
0.18 0.41000000000000003 0 2.7476002355581583e-05
0.18 0.42 0 1.857256373592728e-05
0.18 0.43 0 6.231013026692729e-06
0.18 0.44 0 3.3382758355844718e-06
0.18 0.45 0 3.0640877334490184e-06
0.18 0.46 0 1.7856816359440029e-06
0.18 0.47000000000000003 0 2.2269366615534023e-06
0.18 0.48 0 3.3936908581009344e-06
0.18 0.49 0 2.1351281822265115e-06
0.18 0.5 0 2.985940341760436e-06
0.19 0.0 0 1.5984494579820994e-07
0.19 0.01 0 2.3390924658114817e-07
0.19 0.02 0 1.4725348154094295e-07
0.19 0.03 0 1.0795592733777958e-07
0.19 0.04 0 1.5102593250389422e-07
0.19 0.05 0 1.5317191688221653e-07
0.19 0.06 0 1.399068316350854e-07
0.19 0.07 0 1.0731179110891877e-07
0.19 0.08 0 7.895419979567313e-08
0.19 0.09 0 1.0772332514252914e-07
0.19 0.1 0 1.8125228701436123e-07
0.19 0.11 0 3.306916401952491e-07
0.19 0.12 0 9.79697392098896e-07
0.19 0.13 0 2.0177750464329773e-06
0.19 0.14 0 1.5220099271512571e-06
0.19 0.15 0 1.1622734994275284e-06
0.19 0.16 0 1.4261908385678695e-06
0.19 0.17 0 1.7574416995963833e-06
0.19 0.18 0 1.8189835896149145e-06
0.19 0.19 0 1.1659757936466708e-06
0.19 0.2 0 7.739082752280338e-07
0.19 0.21 0 1.0539557637107273e-06
0.19 0.22 0 1.5014503755533309e-06
0.19 0.23 0 2.220884854512621e-06
0.19 0.24 0 3.830164280476735e-06
0.19 0.25 0 3.864374429609709e-06
0.19 0.26 0 3.3635052362058646e-06
0.19 0.27 0 3.011430996901958e-06
0.19 0.28 0 2.4753516984391188e-06
0.19 0.29 0 3.538584688511501e-06
0.19 0.3 0 4.3692192643758285e-06
0.19 0.31 0 2.2822455666491367e-06
0.19 0.32 0 1.5495791777472765e-06
0.19 0.33 0 2.437589992757409e-06
0.19 0.34 0 4.499577611512612e-06
0.19 0.35000000000000003 0 5.410526371462449e-06
0.19 0.36 0 4.5725820100484145e-06
0.19 0.37 0 5.215865177624541e-06
0.19 0.38 0 9.850786638148465e-06
0.19 0.39 0 1.3073613740814596e-05
0.19 0.4 0 1.130183531905032e-05
0.19 0.41000000000000003 0 1.647963415563985e-05
0.19 0.42 0 1.5966411497886316e-05
0.19 0.43 0 4.672827967767384e-06
0.19 0.44 0 2.2099952241936394e-06
0.19 0.45 0 2.5943142622202804e-06
0.19 0.46 0 3.946316432902291e-06
0.19 0.47000000000000003 0 4.8302856177248865e-06
0.19 0.48 0 2.8576893125188275e-06
0.19 0.49 0 3.5632461517640596e-06
0.19 0.5 0 5.662629732008803e-06
0.2 0.0 0 1.0237875911455474e-06
0.2 0.01 0 4.276752784025091e-06
0.2 0.02 0 5.721950295183175e-06
0.2 0.03 0 4.0772872389486375e-06
0.2 0.04 0 1.6040735792682564e-06
0.2 0.05 0 1.012955931260407e-06
0.2 0.06 0 1.294226010525233e-06
0.2 0.07 0 6.900526006504213e-07
0.2 0.08 0 5.271872306898129e-07
0.2 0.09 0 1.1502472909267373e-06
0.2 0.1 0 1.0106352732060599e-06
0.2 0.11 0 6.531396829985156e-07
0.2 0.12 0 5.26962873334128e-07
0.2 0.13 0 2.387242748732312e-07
0.2 0.14 0 1.612294079631159e-07
0.2 0.15 0 1.1451072763215771e-07
0.2 0.16 0 9.15675959648506e-08
0.2 0.17 0 2.8900913024608736e-07
0.2 0.18 0 5.234939343488923e-07
0.2 0.19 0 5.586353241477087e-07
0.2 0.2 0 1.5861877988682966e-06
0.2 0.21 0 1.8526787802958364e-06
0.2 0.22 0 1.4879240977429358e-06
0.2 0.23 0 2.2147729078538033e-06
0.2 0.24 0 2.036683105512972e-06
0.2 0.25 0 3.623780417123842e-06
0.2 0.26 0 5.760289662365433e-06
0.2 0.27 0 2.5608142329333626e-06
0.2 0.28 0 1.9778217756302347e-06
0.2 0.29 0 1.485001277375998e-06
0.2 0.3 0 1.1883158848050853e-06
0.2 0.31 0 3.246261615975661e-06
0.2 0.32 0 4.726871643587702e-06
0.2 0.33 0 3.946515872336489e-06
0.2 0.34 0 4.085974185383112e-06
0.2 0.35000000000000003 0 2.9946699389712667e-06
0.2 0.36 0 4.644733065908685e-06
0.2 0.37 0 7.65458990193543e-06
0.2 0.38 0 4.451810272630707e-06
0.2 0.39 0 3.0884500554026066e-06
0.2 0.4 0 2.252331015834939e-06
0.2 0.41000000000000003 0 1.719008862641722e-06
0.2 0.42 0 2.955169345886927e-06
0.2 0.43 0 5.758575087793979e-06
0.2 0.44 0 7.127504627120383e-06
0.2 0.45 0 4.96889994513881e-06
0.2 0.46 0 2.738352361770815e-06
0.2 0.47000000000000003 0 2.492183419988532e-06
0.2 0.48 0 3.0456241036619562e-06
0.2 0.49 0 2.9810557145309205e-06
0.2 0.5 0 2.4211687261212723e-06
0.21 0.0 0 7.081517344800283e-07
0.21 0.01 0 9.326691127094138e-07
0.21 0.02 0 2.4784694185944302e-06
0.21 0.03 0 8.520296561492695e-06
0.21 0.04 0 8.817436971074368e-06
0.21 0.05 0 3.2942792452477914e-06
0.21 0.06 0 1.9269330183142427e-06
0.21 0.07 0 2.30870407369724e-06
0.21 0.08 0 2.5679016263705585e-06
0.21 0.09 0 1.3277085184551426e-06
0.21 0.1 0 1.0492722219325729e-06
0.21 0.11 0 2.55777335433969e-06
0.21 0.12 0 2.3883521110315726e-06
0.21 0.13 0 1.2521170838775313e-06
0.21 0.14 0 1.5518106555015745e-06
0.21 0.15 0 1.1251150861549277e-06
0.21 0.16 0 5.02707932630399e-07
0.21 0.17 0 2.420773737757222e-07
0.21 0.18 0 1.8475045102436824e-07
0.21 0.19 0 5.899868796934241e-07
0.21 0.2 0 8.51649112691527e-07
0.21 0.21 0 4.79401970964643e-07
0.21 0.22 0 1.3064514803958565e-06
0.21 0.23 0 3.0873898926389894e-06
0.21 0.24 0 3.7855799054431237e-06
0.21 0.25 0 7.053719747969251e-06
0.21 0.26 0 7.762767037376531e-06
0.21 0.27 0 1.119433441147651e-05
0.21 0.28 0 1.0482200515606996e-05
0.21 0.29 0 2.987621920806223e-06
0.21 0.3 0 3.033234642498071e-06
0.21 0.31 0 3.7216832461440654e-06
0.21 0.32 0 2.029433263574745e-06
0.21 0.33 0 2.959619086014605e-06
0.21 0.34 0 3.1596601182414603e-06
0.21 0.35000000000000003 0 2.0190204258433784e-06
0.21 0.36 0 1.9867907120850247e-06
0.21 0.37 0 9.064683258117806e-07
0.21 0.38 0 5.287707853382175e-07
0.21 0.39 0 7.109845362130718e-07
0.21 0.4 0 7.935955501100223e-07
0.21 0.41000000000000003 0 2.002200529087268e-06
0.21 0.42 0 5.477236208282967e-06
0.21 0.43 0 4.213485410688154e-06
0.21 0.44 0 3.14361447449909e-06
0.21 0.45 0 2.2326478886348055e-06
0.21 0.46 0 1.7797548792970157e-06
0.21 0.47000000000000003 0 5.358145945995523e-06
0.21 0.48 0 1.3693246410290436e-05
0.21 0.49 0 1.2447325738023763e-05
0.21 0.5 0 1.0371711520123742e-05
0.22 0.0 0 3.74155924520499e-07
0.22 0.01 0 5.43936463200603e-07
0.22 0.02 0 1.0582738184611095e-06
0.22 0.03 0 3.708894607900852e-06
0.22 0.04 0 6.899328227122587e-06
0.22 0.05 0 6.358294725531162e-06
0.22 0.06 0 1.1954374118294991e-05
0.22 0.07 0 1.6935845202775847e-05
0.22 0.08 0 1.0877130901155371e-05
0.22 0.09 0 7.021223600261805e-06
0.22 0.1 0 4.998561359268713e-06
0.22 0.11 0 4.366968495755172e-06
0.22 0.12 0 3.935535143820281e-06
0.22 0.13 0 2.7976018447474698e-06
0.22 0.14 0 1.8796742459257247e-06
0.22 0.15 0 1.2064784458852348e-06
0.22 0.16 0 7.006261598567195e-07
0.22 0.17 0 5.15623981278411e-07
0.22 0.18 0 6.078712590412893e-07
0.22 0.19 0 6.648841817324864e-07
0.22 0.2 0 5.536272721421076e-07
0.22 0.21 0 4.177523102866039e-07
0.22 0.22 0 2.1997421328195174e-07
0.22 0.23 0 1.8870421133531974e-07
0.22 0.24 0 4.219665694428622e-07
0.22 0.25 0 7.191746653793974e-07
0.22 0.26 0 8.543371875167927e-07
0.22 0.27 0 9.285542856352373e-07
0.22 0.28 0 7.862952285912414e-07
0.22 0.29 0 8.637212907013846e-07
0.22 0.3 0 8.856657459069834e-07
0.22 0.31 0 8.958781047485984e-07
0.22 0.32 0 2.059605413943725e-06
0.22 0.33 0 4.073286734174384e-06
0.22 0.34 0 3.175143277805493e-06
0.22 0.35000000000000003 0 1.7362909319412466e-06
0.22 0.36 0 8.79165561918051e-07
0.22 0.37 0 8.439592071171511e-07
0.22 0.38 0 2.195983792802158e-06
0.22 0.39 0 5.502320997761123e-06
0.22 0.4 0 8.958981584751333e-06
0.22 0.41000000000000003 0 1.1613244128667286e-05
0.22 0.42 0 1.0306108420100506e-05
0.22 0.43 0 1.156508666940104e-05
0.22 0.44 0 1.7178454006867336e-05
0.22 0.45 0 1.3015902325690821e-05
0.22 0.46 0 9.789076359655187e-06
0.22 0.47000000000000003 0 8.821753479805983e-06
0.22 0.48 0 5.0092665244604e-06
0.22 0.49 0 8.420850775508061e-06
0.22 0.5 0 3.347857517782066e-05
0.23 0.0 0 4.4198858117873866e-07
0.23 0.01 0 2.187536703938824e-07
0.23 0.02 0 1.7325462785015622e-07
0.23 0.03 0 3.623436739051663e-07
0.23 0.04 0 4.103634715617489e-07
0.23 0.05 0 4.551018405202614e-07
0.23 0.06 0 4.682225797399689e-07
0.23 0.07 0 2.6529093774367934e-07
0.23 0.08 0 3.91922363953699e-07
0.23 0.09 0 7.667133960613802e-07
0.23 0.1 0 6.383388343563894e-07
0.23 0.11 0 7.133598601873926e-07
0.23 0.12 0 6.134853860011013e-07
0.23 0.13 0 3.060174883991643e-07
0.23 0.14 0 2.8865786864760834e-07
0.23 0.15 0 2.5163554130267353e-07
0.23 0.16 0 2.2244504254329527e-07
0.23 0.17 0 2.3847565081546953e-07
0.23 0.18 0 7.376563536118851e-08
0.23 0.19 0 3.9648070550236766e-08
0.23 0.2 0 1.2940726215247328e-07
0.23 0.21 0 2.4917698990502484e-07
0.23 0.22 0 2.5775005934331224e-07
0.23 0.23 0 1.8635931511325605e-07
0.23 0.24 0 9.985375072995752e-08
0.23 0.25 0 1.9024126663364714e-07
0.23 0.26 0 3.648397732912782e-07
0.23 0.27 0 3.963417647065621e-07
0.23 0.28 0 8.421657358289816e-07
0.23 0.29 0 7.236992539240331e-07
0.23 0.3 0 3.3870280281009875e-07
0.23 0.31 0 2.873620544657585e-07
0.23 0.32 0 1.808169887083359e-07
0.23 0.33 0 2.8746947376888586e-07
0.23 0.34 0 9.558691964789547e-07
0.23 0.35000000000000003 0 1.2492768694861451e-06
0.23 0.36 0 1.970730603765093e-06
0.23 0.37 0 3.821988177032399e-06
0.23 0.38 0 6.452996143413242e-06
0.23 0.39 0 1.4691134500614633e-05
0.23 0.4 0 1.9511639553341174e-05
0.23 0.41000000000000003 0 3.434769920562369e-05
0.23 0.42 0 0.00013679100620760587
0.23 0.43 0 0.00022363711607935663
0.23 0.44 0 0.00012681570801239699
0.23 0.45 0 5.499084666443082e-05
0.23 0.46 0 3.16151724581068e-05
0.23 0.47000000000000003 0 2.894987309350372e-05
0.23 0.48 0 2.4396251367532527e-05
0.23 0.49 0 2.336837681642158e-05
0.23 0.5 0 3.0990359750413425e-05
0.24 0.0 0 2.2104811080639577e-06
0.24 0.01 0 1.8221027765745962e-06
0.24 0.02 0 1.7683714698016767e-06
0.24 0.03 0 2.1077457797053746e-06
0.24 0.04 0 3.116848544351867e-06
0.24 0.05 0 3.3138859373971423e-06
0.24 0.06 0 1.578749399139796e-06
0.24 0.07 0 7.856600474973072e-07
0.24 0.08 0 6.114379526010623e-07
0.24 0.09 0 2.3768855838399923e-07
0.24 0.1 0 6.307068416190408e-08
0.24 0.11 0 3.77060300183635e-08
0.24 0.12 0 3.7472585272661286e-08
0.24 0.13 0 5.387859971155155e-08
0.24 0.14 0 6.090847768548027e-08
0.24 0.15 0 4.688763057269745e-08
0.24 0.16 0 1.247715938437596e-07
0.24 0.17 0 3.726460057052495e-07
0.24 0.18 0 3.5223848133245586e-07
0.24 0.19 0 3.7967856978731963e-07
0.24 0.2 0 2.580949793410173e-07
0.24 0.21 0 1.4933225615950489e-07
0.24 0.22 0 1.5917452085387965e-07
0.24 0.23 0 1.088962820931074e-07
0.24 0.24 0 2.2747651398469102e-07
0.24 0.25 0 1.0460604969284884e-06
0.24 0.26 0 1.044872750026493e-06
0.24 0.27 0 1.3024560036125264e-06
0.24 0.28 0 2.0635512672581104e-06
0.24 0.29 0 2.114036423994761e-06
0.24 0.3 0 4.909598421566812e-06
0.24 0.31 0 4.50318632251555e-06
0.24 0.32 0 2.403070683951623e-06
0.24 0.33 0 4.087120598763608e-06
0.24 0.34 0 3.632189570108393e-06
0.24 0.35000000000000003 0 3.035086985177539e-06
0.24 0.36 0 3.4764649475861257e-06
0.24 0.37 0 1.6976674859959189e-06
0.24 0.38 0 2.502700218503498e-06
0.24 0.39 0 8.430864500628106e-06
0.24 0.4 0 1.3406026636156603e-05
0.24 0.41000000000000003 0 1.992016829987915e-05
0.24 0.42 0 1.230407140892226e-05
0.24 0.43 0 6.899342297629005e-06
0.24 0.44 0 1.4572208293764903e-05
0.24 0.45 0 1.4154792880612725e-05
0.24 0.46 0 7.010189713083701e-06
0.24 0.47000000000000003 0 8.853077817833935e-06
0.24 0.48 0 9.617808692081278e-06
0.24 0.49 0 7.705262760196622e-06
0.24 0.5 0 8.413673418846967e-06
0.25 0.0 0 9.582997656325442e-07
0.25 0.01 0 9.517249539263179e-07
0.25 0.02 0 3.3784296399909597e-07
0.25 0.03 0 4.6576345472611004e-07
0.25 0.04 0 1.0403071421183376e-06
0.25 0.05 0 9.73646213708544e-07
0.25 0.06 0 5.648436973817488e-07
0.25 0.07 0 2.692593276147683e-07
0.25 0.08 0 2.9259705764186513e-07
0.25 0.09 0 4.2492213388719584e-07
0.25 0.1 0 3.2790246734297324e-07
0.25 0.11 0 3.140252838631385e-07
0.25 0.12 0 2.416799177927585e-07
0.25 0.13 0 8.911678657647758e-08
0.25 0.14 0 5.442473963101833e-08
0.25 0.15 0 1.1384030937389924e-07
0.25 0.16 0 3.9769444601847727e-07
0.25 0.17 0 7.406078028809772e-07
0.25 0.18 0 5.86207513127923e-07
0.25 0.19 0 2.9112237554048644e-07
0.25 0.2 0 1.8551579464983902e-07
0.25 0.21 0 3.3161055406503e-07
0.25 0.22 0 9.670973953118115e-07
0.25 0.23 0 2.1368656892234754e-06
0.25 0.24 0 2.404797463442958e-06
0.25 0.25 0 1.4481924705685084e-06
0.25 0.26 0 1.785955344655347e-06
0.25 0.27 0 3.583454947934605e-06
0.25 0.28 0 3.873033408785917e-06
0.25 0.29 0 5.563642496913604e-06
0.25 0.3 0 1.021477872456516e-05
0.25 0.31 0 1.1324224064010424e-05
0.25 0.32 0 8.84774243390434e-06
0.25 0.33 0 4.695321828288552e-06
0.25 0.34 0 4.8981215875591275e-06
0.25 0.35000000000000003 0 1.063335781514785e-05
0.25 0.36 0 8.001004998755765e-06
0.25 0.37 0 4.1630834756681695e-06
0.25 0.38 0 4.700965589347068e-06
0.25 0.39 0 6.1938032458581415e-06
0.25 0.4 0 9.874303935842906e-06
0.25 0.41000000000000003 0 1.2840171301599866e-05
0.25 0.42 0 8.941511727312867e-06
0.25 0.43 0 9.073002096023241e-06
0.25 0.44 0 1.0000015383483642e-05
0.25 0.45 0 5.876159750906281e-06
0.25 0.46 0 4.544076676185677e-06
0.25 0.47000000000000003 0 4.751385146150302e-06
0.25 0.48 0 5.280030548814749e-06
0.25 0.49 0 8.895379617158255e-06
0.25 0.5 0 8.733598376107257e-06
0.26 0.0 0 2.3309343389671844e-06
0.26 0.01 0 1.8437194333820336e-06
0.26 0.02 0 2.8433898993096613e-06
0.26 0.03 0 2.7073920163824535e-06
0.26 0.04 0 6.301298156311019e-07
0.26 0.05 0 6.642666315458694e-07
0.26 0.06 0 1.4919753872388337e-06
0.26 0.07 0 1.0514757916274483e-06
0.26 0.08 0 6.862183584291297e-07
0.26 0.09 0 4.355880672393911e-07
0.26 0.1 0 3.5715353739321187e-07
0.26 0.11 0 4.470358378001758e-07
0.26 0.12 0 3.579651593223806e-07
0.26 0.13 0 6.613078879694644e-07
0.26 0.14 0 1.95963718841573e-06
0.26 0.15 0 8.3660035275463e-07
0.26 0.16 0 2.847129423563117e-07
0.26 0.17 0 4.780106534372472e-07
0.26 0.18 0 8.228597287164092e-07
0.26 0.19 0 8.016509367785577e-07
0.26 0.2 0 5.211216397483891e-07
0.26 0.21 0 3.940725708001989e-07
0.26 0.22 0 7.242089377541507e-07
0.26 0.23 0 7.261888459291234e-07
0.26 0.24 0 6.40149702076087e-07
0.26 0.25 0 3.252824784533085e-06
0.26 0.26 0 1.0254727683913703e-05
0.26 0.27 0 7.350619581938635e-06
0.26 0.28 0 5.1107283716686365e-06
0.26 0.29 0 2.758458533546091e-06
0.26 0.3 0 2.7598080549483165e-06
0.26 0.31 0 5.287036739348931e-06
0.26 0.32 0 4.783640274072294e-06
0.26 0.33 0 4.325413290861673e-06
0.26 0.34 0 2.7046763183355305e-06
0.26 0.35000000000000003 0 1.1250292535701637e-06
0.26 0.36 0 1.5322812503204648e-06
0.26 0.37 0 1.945370276977771e-06
0.26 0.38 0 1.4475964315115765e-06
0.26 0.39 0 2.001402129433698e-06
0.26 0.4 0 2.501988355377217e-06
0.26 0.41000000000000003 0 2.7601080239927426e-06
0.26 0.42 0 2.49067528520235e-06
0.26 0.43 0 1.280844456303965e-06
0.26 0.44 0 9.670903486650366e-07
0.26 0.45 0 7.616370060666477e-07
0.26 0.46 0 5.285533829167051e-07
0.26 0.47000000000000003 0 8.524562135334537e-07
0.26 0.48 0 1.8771382202480849e-06
0.26 0.49 0 2.3469484189517817e-06
0.26 0.5 0 1.5240650820859301e-06
0.27 0.0 0 1.3181583233058905e-06
0.27 0.01 0 1.962489811399877e-06
0.27 0.02 0 2.860668676193888e-06
0.27 0.03 0 1.975362037613079e-06
0.27 0.04 0 9.096928295222525e-07
0.27 0.05 0 3.6433198288912416e-07
0.27 0.06 0 1.7209412548860564e-07
0.27 0.07 0 2.1215716783852972e-07
0.27 0.08 0 3.6058948855875113e-07
0.27 0.09 0 3.433950439098347e-07
0.27 0.1 0 3.3956151938875817e-07
0.27 0.11 0 3.7058122416494095e-07
0.27 0.12 0 3.1992766598203314e-07
0.27 0.13 0 3.851336866114515e-07
0.27 0.14 0 4.764451668725053e-07
0.27 0.15 0 6.039949980327158e-07
0.27 0.16 0 1.5884146030696975e-06
0.27 0.17 0 3.779855389520546e-06
0.27 0.18 0 9.462703367809907e-06
0.27 0.19 0 2.380644845982688e-05
0.27 0.2 0 9.892740362333226e-06
0.27 0.21 0 3.398332576175108e-06
0.27 0.22 0 4.506495876487084e-06
0.27 0.23 0 5.630760717191149e-06
0.27 0.24 0 9.185643538337622e-06
0.27 0.25 0 9.822698588458679e-06
0.27 0.26 0 4.666294187292104e-06
0.27 0.27 0 5.5413338011329815e-06
0.27 0.28 0 3.778869382183573e-06
0.27 0.29 0 1.8758429174399265e-06
0.27 0.3 0 4.274848141004184e-06
0.27 0.31 0 4.598430969073439e-06
0.27 0.32 0 2.770600447204928e-06
0.27 0.33 0 3.17302044072523e-06
0.27 0.34 0 2.754362519471083e-06
0.27 0.35000000000000003 0 5.275427933606632e-06
0.27 0.36 0 6.377564768443383e-06
0.27 0.37 0 1.8569608994466906e-06
0.27 0.38 0 1.6652736341990951e-06
0.27 0.39 0 1.513244129553671e-06
0.27 0.4 0 9.484197638585662e-07
0.27 0.41000000000000003 0 2.409576135523132e-06
0.27 0.42 0 3.3611939084998625e-06
0.27 0.43 0 1.8791435619359497e-06
0.27 0.44 0 1.5821512565769284e-06
0.27 0.45 0 1.3790269191157345e-06
0.27 0.46 0 2.443929034212638e-06
0.27 0.47000000000000003 0 3.5612352174167665e-06
0.27 0.48 0 2.1489863481192217e-06
0.27 0.49 0 3.940307851075501e-06
0.27 0.5 0 7.675008942754001e-06
0.28 0.0 0 4.946237296947415e-07
0.28 0.01 0 5.926816001355577e-07
0.28 0.02 0 2.3087767397213528e-07
0.28 0.03 0 1.5390381228609047e-07
0.28 0.04 0 1.0908216252943636e-07
0.28 0.05 0 1.1169195278744046e-07
0.28 0.06 0 1.6623658000214825e-07
0.28 0.07 0 1.8261433422457963e-07
0.28 0.08 0 4.781812903891728e-07
0.28 0.09 0 1.2065309981349995e-06
0.28 0.1 0 8.591056517367067e-07
0.28 0.11 0 8.350041572474234e-07
0.28 0.12 0 1.6695934774590868e-06
0.28 0.13 0 3.0925211411167436e-06
0.28 0.14 0 3.825717628124154e-06
0.28 0.15 0 4.167920885249884e-06
0.28 0.16 0 6.9163796234857106e-06
0.28 0.17 0 8.238708519687796e-06
0.28 0.18 0 4.519798476479486e-06
0.28 0.19 0 2.83748405740582e-06
0.28 0.2 0 3.504580510271786e-06
0.28 0.21 0 5.8502753027419036e-06
0.28 0.22 0 6.862252990747791e-06
0.28 0.23 0 9.812014901940054e-06
0.28 0.24 0 2.0332122963507907e-05
0.28 0.25 0 2.1341031046535972e-05
0.28 0.26 0 1.8968319002338276e-05
0.28 0.27 0 2.049184237250627e-05
0.28 0.28 0 1.4690210707833902e-05
0.28 0.29 0 7.965647840646054e-06
0.28 0.3 0 2.99576484738011e-06
0.28 0.31 0 2.519315749389565e-06
0.28 0.32 0 7.489121639431844e-06
0.28 0.33 0 7.296544112579029e-06
0.28 0.34 0 3.04192014480404e-06
0.28 0.35000000000000003 0 2.477034466406967e-06
0.28 0.36 0 2.141698035168085e-06
0.28 0.37 0 2.580872293152548e-06
0.28 0.38 0 3.6333417192154833e-06
0.28 0.39 0 3.9448214005338455e-06
0.28 0.4 0 6.455924084150486e-06
0.28 0.41000000000000003 0 5.463114342540832e-06
0.28 0.42 0 2.3468995124416886e-06
0.28 0.43 0 2.550327671414447e-06
0.28 0.44 0 2.703147677826966e-06
0.28 0.45 0 1.5624792545970077e-06
0.28 0.46 0 1.1850805093426939e-06
0.28 0.47000000000000003 0 1.0093309912188086e-06
0.28 0.48 0 1.4055513258988666e-06
0.28 0.49 0 2.279871657079385e-06
0.28 0.5 0 1.1452373272592059e-06
0.29 0.0 0 1.246765039137412e-07
0.29 0.01 0 5.564729063397232e-08
0.29 0.02 0 7.453959508320506e-08
0.29 0.03 0 2.183454352250105e-07
0.29 0.04 0 3.530142772232653e-07
0.29 0.05 0 3.873485761930471e-07
0.29 0.06 0 1.0642732186650218e-07
0.29 0.07 0 6.177265957130613e-08
0.29 0.08 0 3.7560711229762945e-07
0.29 0.09 0 1.4757640929400243e-06
0.29 0.1 0 2.828874884676677e-06
0.29 0.11 0 3.5426602688014955e-06
0.29 0.12 0 1.391783339816693e-06
0.29 0.13 0 9.816555239303469e-07
0.29 0.14 0 1.6025478802938378e-06
0.29 0.15 0 2.403727136105551e-06
0.29 0.16 0 5.140319981360692e-06
0.29 0.17 0 7.187974809405109e-06
0.29 0.18 0 7.239729893180745e-06
0.29 0.19 0 1.223240872186982e-05
0.29 0.2 0 8.62670675346703e-06
0.29 0.21 0 3.5778855495706834e-06
0.29 0.22 0 4.645411913332041e-06
0.29 0.23 0 7.1047791030941564e-06
0.29 0.24 0 1.0396905482690042e-05
0.29 0.25 0 2.8478811322575113e-05
0.29 0.26 0 5.246167651620007e-05
0.29 0.27 0 5.520833900795864e-05
0.29 0.28 0 2.9569068927611768e-05
0.29 0.29 0 6.777967055364667e-06
0.29 0.3 0 4.044954914124096e-06
0.29 0.31 0 5.5294211880114664e-06
0.29 0.32 0 5.333130869495655e-06
0.29 0.33 0 7.280846319622168e-06
0.29 0.34 0 6.632623623582474e-06
0.29 0.35000000000000003 0 3.538953659737502e-06
0.29 0.36 0 4.087316204257907e-06
0.29 0.37 0 5.536611928135094e-06
0.29 0.38 0 1.0951705494047634e-05
0.29 0.39 0 3.573044008073045e-05
0.29 0.4 0 4.5592035475241424e-05
0.29 0.41000000000000003 0 3.587840008363234e-05
0.29 0.42 0 2.247635168362489e-05
0.29 0.43 0 9.20931965345552e-06
0.29 0.44 0 7.019287866566842e-06
0.29 0.45 0 6.006492242264161e-06
0.29 0.46 0 3.3773894938204886e-06
0.29 0.47000000000000003 0 2.4484695872948368e-06
0.29 0.48 0 2.0886113495865663e-06
0.29 0.49 0 1.8359354864811846e-06
0.29 0.5 0 1.3524692151102814e-06
0.3 0.0 0 6.650047763194381e-08
0.3 0.01 0 1.3844488148103788e-07
0.3 0.02 0 3.3613194005320397e-07
0.3 0.03 0 2.604403277124493e-07
0.3 0.04 0 2.1995188964264168e-07
0.3 0.05 0 3.3394169048542323e-07
0.3 0.06 0 5.317438090749174e-07
0.3 0.07 0 6.966640533093681e-07
0.3 0.08 0 5.530978574519336e-07
0.3 0.09 0 7.650331834092171e-07
0.3 0.1 0 2.200262750458767e-06
0.3 0.11 0 1.9438852341296745e-06
0.3 0.12 0 9.329760011248274e-07
0.3 0.13 0 1.3962468254255991e-06
0.3 0.14 0 2.692321987039679e-06
0.3 0.15 0 3.4688814944621072e-06
0.3 0.16 0 4.533360395189464e-06
0.3 0.17 0 7.1306450568832495e-06
0.3 0.18 0 2.491528824889559e-05
0.3 0.19 0 5.850109232550552e-05
0.3 0.2 0 2.3863629414377177e-05
0.3 0.21 0 1.1169700171095162e-05
0.3 0.22 0 8.220896569446002e-06
0.3 0.23 0 4.463658644316394e-06
0.3 0.24 0 6.369291827860435e-06
0.3 0.25 0 1.0061656494972072e-05
0.3 0.26 0 9.957055466030148e-06
0.3 0.27 0 1.318493812317596e-05
0.3 0.28 0 6.698667337489523e-06
0.3 0.29 0 4.215563332225054e-06
0.3 0.3 0 8.169086223179454e-06
0.3 0.31 0 8.19226208728119e-06
0.3 0.32 0 1.5060407439069611e-05
0.3 0.33 0 3.671259615109259e-05
0.3 0.34 0 2.8778711887684887e-05
0.3 0.35000000000000003 0 6.066328988459214e-05
0.3 0.36 0 0.0001244052927370751
0.3 0.37 0 8.529220572339091e-05
0.3 0.38 0 0.00010012266244418843
0.3 0.39 0 6.373570827085398e-05
0.3 0.4 0 3.6541501799389375e-05
0.3 0.41000000000000003 0 3.618864362317626e-05
0.3 0.42 0 1.0167099182262757e-05
0.3 0.43 0 4.329872739676153e-06
0.3 0.44 0 4.544603899918232e-06
0.3 0.45 0 2.7880889470288235e-06
0.3 0.46 0 3.595429321427597e-06
0.3 0.47000000000000003 0 4.2102636789508655e-06
0.3 0.48 0 2.416592093606096e-06
0.3 0.49 0 3.2776030113926334e-06
0.3 0.5 0 3.5782959980210214e-06
#STOP
