#MEDIUM_PROPERTIES_DISTRIBUTED
$MSH_TYPE
	 GROUNDWATER_FLOW	
$MMP_TYPE
	 PERMEABILITY	
$DIS_TYPE
	 NEAREST_VALUE	
;hj
$CONVERSION_FACTOR
	 1.0	
$DATA
0.0 0.0 0 4.988767121425196e-06
0.0 0.01 0 5.3956539204959806e-06
0.0 0.02 0 3.4447531148107283e-06
0.0 0.03 0 8.062640545863007e-07
0.0 0.04 0 3.6816055090384855e-07
0.0 0.05 0 6.199060742414799e-07
0.0 0.06 0 8.579792686904254e-07
0.0 0.07 0 4.427713805522474e-06
0.0 0.08 0 1.1877578059654465e-05
0.0 0.09 0 2.538623572260644e-05
0.0 0.1 0 1.504626523658676e-05
0.0 0.11 0 3.566187379446576e-06
0.0 0.12 0 1.6588663860455042e-06
0.0 0.13 0 5.590850368012432e-07
0.0 0.14 0 5.1181021637946e-07
0.0 0.15 0 2.0281410983223335e-07
0.0 0.16 0 5.1269823491468456e-08
0.0 0.17 0 1.6633240714504815e-07
0.0 0.18 0 3.519596311128314e-07
0.0 0.19 0 5.109755022079118e-07
0.0 0.2 0 1.4050780919745296e-07
0.0 0.21 0 1.6182276087726721e-07
0.0 0.22 0 1.0641774316746618e-07
0.0 0.23 0 2.4141027888433076e-07
0.0 0.24 0 3.6622958946469753e-07
0.0 0.25 0 3.8837617987369463e-07
0.0 0.26 0 3.183294353971054e-07
0.0 0.27 0 7.131689740224582e-07
0.0 0.28 0 1.0690816240405908e-06
0.0 0.29 0 7.957266629908905e-07
0.0 0.3 0 1.110646819090577e-06
0.0 0.31 0 8.385324195850705e-06
0.0 0.32 0 5.00072869146746e-06
0.0 0.33 0 1.4579275472294383e-05
0.0 0.34 0 8.95928512808589e-06
0.0 0.35000000000000003 0 2.4988860425248274e-05
0.0 0.36 0 1.3078065657781108e-05
0.0 0.37 0 1.0957873817378795e-05
0.0 0.38 0 2.565291581280243e-06
0.0 0.39 0 8.766503739631231e-07
0.0 0.4 0 6.922407646225149e-07
0.0 0.41000000000000003 0 1.9825291362940935e-06
0.0 0.42 0 1.1285752524071468e-06
0.0 0.43 0 1.0200167697317085e-06
0.0 0.44 0 4.072017253023697e-07
0.0 0.45 0 5.496265145484507e-07
0.0 0.46 0 1.5601274793871316e-07
0.0 0.47000000000000003 0 4.7551424236088366e-07
0.0 0.48 0 3.406325653160181e-07
0.0 0.49 0 1.4970428941947585e-06
0.0 0.5 0 4.7590953713455425e-07
0.01 0.0 0 1.4805323403689321e-05
0.01 0.01 0 3.992211474130526e-06
0.01 0.02 0 2.2393959373914166e-06
0.01 0.03 0 1.2765386450616065e-06
0.01 0.04 0 8.831727578504023e-07
0.01 0.05 0 2.7255972162349185e-06
0.01 0.06 0 5.360929267098024e-06
0.01 0.07 0 1.876536550389889e-05
0.01 0.08 0 1.5206451297137252e-05
0.01 0.09 0 4.011132148555452e-06
0.01 0.1 0 3.125632240258765e-06
0.01 0.11 0 1.6511225711126986e-06
0.01 0.12 0 2.423113827552117e-06
0.01 0.13 0 1.2190566921836839e-06
0.01 0.14 0 1.607649995501892e-06
0.01 0.15 0 1.9484368429909996e-06
0.01 0.16 0 1.9421363742394393e-06
0.01 0.17 0 2.3567082502478388e-06
0.01 0.18 0 1.8902695558746673e-06
0.01 0.19 0 1.0555886071901263e-06
0.01 0.2 0 6.541921218739154e-07
0.01 0.21 0 7.550410142640579e-07
0.01 0.22 0 3.238011434956661e-07
0.01 0.23 0 1.364264454295513e-07
0.01 0.24 0 2.778724455385712e-07
0.01 0.25 0 2.373561905493316e-07
0.01 0.26 0 4.4260089815871003e-07
0.01 0.27 0 9.241287587465325e-07
0.01 0.28 0 8.012977901584334e-06
0.01 0.29 0 5.7879343135344265e-06
0.01 0.3 0 2.248641765265832e-06
0.01 0.31 0 5.459572771030562e-06
0.01 0.32 0 1.1109874120998518e-05
0.01 0.33 0 3.426547506796069e-05
0.01 0.34 0 3.986709418057838e-05
0.01 0.35000000000000003 0 1.8839389282059526e-05
0.01 0.36 0 1.0525737623667873e-05
0.01 0.37 0 9.335004715370785e-06
0.01 0.38 0 1.9113511420175768e-05
0.01 0.39 0 2.7291781891758797e-05
0.01 0.4 0 0.00012124074917485869
0.01 0.41000000000000003 0 0.00012090735385376892
0.01 0.42 0 2.3427232773271037e-05
0.01 0.43 0 2.069224000781527e-06
0.01 0.44 0 9.405862979695629e-07
0.01 0.45 0 1.944419452878124e-06
0.01 0.46 0 2.821111265636556e-06
0.01 0.47000000000000003 0 7.716072008053236e-06
0.01 0.48 0 3.2280856906376418e-06
0.01 0.49 0 2.49087798943131e-06
0.01 0.5 0 2.4597440086051118e-06
0.02 0.0 0 3.609258708832879e-06
0.02 0.01 0 5.215832519291062e-06
0.02 0.02 0 3.5885888525542446e-06
0.02 0.03 0 1.2966111558547545e-05
0.02 0.04 0 9.163874415698672e-06
0.02 0.05 0 5.261428361546792e-05
0.02 0.06 0 1.5879768078197478e-05
0.02 0.07 0 1.3817066693572853e-05
0.02 0.08 0 4.336774814216222e-06
0.02 0.09 0 1.558579013038424e-06
0.02 0.1 0 5.185382626551931e-07
0.02 0.11 0 6.758143454619733e-07
0.02 0.12 0 1.445627434678141e-06
0.02 0.13 0 7.299692673926334e-06
0.02 0.14 0 7.884343276970313e-06
0.02 0.15 0 6.14061565846966e-06
0.02 0.16 0 2.455413173101946e-06
0.02 0.17 0 9.627349250025524e-06
0.02 0.18 0 5.8898014318341595e-06
0.02 0.19 0 3.167904138131084e-06
0.02 0.2 0 4.900446810400757e-07
0.02 0.21 0 1.0434011783150288e-06
0.02 0.22 0 4.328326529784479e-07
0.02 0.23 0 1.323664655160265e-07
0.02 0.24 0 1.0622779786497151e-07
0.02 0.25 0 1.227436271524489e-07
0.02 0.26 0 1.5653965848739846e-07
0.02 0.27 0 2.7732193768560793e-07
0.02 0.28 0 8.126178166597693e-07
0.02 0.29 0 2.5213694468102302e-06
0.02 0.3 0 2.025384340252116e-06
0.02 0.31 0 1.5356652096943473e-05
0.02 0.32 0 3.866687686861653e-05
0.02 0.33 0 8.7050977852692e-05
0.02 0.34 0 8.612188526054679e-05
0.02 0.35000000000000003 0 9.32842867374279e-05
0.02 0.36 0 5.212889889574417e-05
0.02 0.37 0 5.887004662879548e-05
0.02 0.38 0 0.00010547676295414332
0.02 0.39 0 6.0957732515029705e-05
0.02 0.4 0 4.0549469870770114e-05
0.02 0.41000000000000003 0 1.3840922849162878e-05
0.02 0.42 0 7.530941478574274e-06
0.02 0.43 0 6.7083612624879175e-06
0.02 0.44 0 5.845950154772079e-06
0.02 0.45 0 5.326490847391727e-06
0.02 0.46 0 1.8485318067762838e-06
0.02 0.47000000000000003 0 2.9218091940986304e-06
0.02 0.48 0 1.1361289113461626e-06
0.02 0.49 0 1.9253144786795307e-07
0.02 0.5 0 1.9553011573448492e-07
0.03 0.0 0 8.830673379037428e-06
0.03 0.01 0 6.573588492842053e-05
0.03 0.02 0 0.0001356707050115295
0.03 0.03 0 0.0006161874627595743
0.03 0.04 0 0.00037026466817951425
0.03 0.05 0 0.0013522779581947083
0.03 0.06 0 0.0005695384890500241
0.03 0.07 0 0.00031010843510256424
0.03 0.08 0 0.00016071171718906146
0.03 0.09 0 0.00015154194709548853
0.03 0.1 0 4.9079854793765564e-05
0.03 0.11 0 2.5160665702052774e-05
0.03 0.12 0 8.058230807990741e-06
0.03 0.13 0 1.073792825737512e-05
0.03 0.14 0 1.3423559384899661e-05
0.03 0.15 0 1.88264090967591e-05
0.03 0.16 0 2.83066995806367e-06
0.03 0.17 0 6.606668564238878e-06
0.03 0.18 0 4.442614605751805e-06
0.03 0.19 0 1.6122567022769442e-05
0.03 0.2 0 8.089738742054036e-06
0.03 0.21 0 2.8406613572690474e-05
0.03 0.22 0 1.2110049479246727e-05
0.03 0.23 0 3.157778586475594e-06
0.03 0.24 0 9.360820366353033e-07
0.03 0.25 0 7.260715095404891e-07
0.03 0.26 0 4.732192220741841e-07
0.03 0.27 0 3.486430846857124e-06
0.03 0.28 0 6.795395888147463e-06
0.03 0.29 0 9.15927524439868e-06
0.03 0.3 0 6.728982024112484e-07
0.03 0.31 0 1.6614465534534048e-06
0.03 0.32 0 1.8137583271594688e-06
0.03 0.33 0 3.958971739778442e-06
0.03 0.34 0 1.5516912894888612e-06
0.03 0.35000000000000003 0 1.0205810185938286e-05
0.03 0.36 0 1.7602436764097005e-05
0.03 0.37 0 3.976352296107084e-05
0.03 0.38 0 4.560001288938332e-05
0.03 0.39 0 9.130686014661905e-05
0.03 0.4 0 0.00011913878893800035
0.03 0.41000000000000003 0 0.00013758093609739854
0.03 0.42 0 2.3849836515784455e-05
0.03 0.43 0 3.449793990208894e-05
0.03 0.44 0 1.437093704166123e-05
0.03 0.45 0 2.0297690158520427e-05
0.03 0.46 0 2.0237791976372396e-06
0.03 0.47000000000000003 0 3.820817310745426e-06
0.03 0.48 0 4.112364500206259e-06
0.03 0.49 0 4.028006149643479e-06
0.03 0.5 0 2.7515756369208288e-06
0.04 0.0 0 3.497329427483596e-05
0.04 0.01 0 4.773492539269524e-05
0.04 0.02 0 4.097682435592834e-05
0.04 0.03 0 3.196324944651232e-05
0.04 0.04 0 2.2965182814730603e-05
0.04 0.05 0 6.0348414606883946e-05
0.04 0.06 0 0.00017512103882998394
0.04 0.07 0 0.00014002319635208425
0.04 0.08 0 0.00011456230505528133
0.04 0.09 0 4.503774738736331e-05
0.04 0.1 0 2.3744628422283095e-05
0.04 0.11 0 1.1865462411136999e-05
0.04 0.12 0 2.342700424529903e-05
0.04 0.13 0 1.734470742623201e-05
0.04 0.14 0 1.6983463947678828e-05
0.04 0.15 0 1.5138878494823885e-05
0.04 0.16 0 3.5758509405983575e-06
0.04 0.17 0 3.520774387520608e-06
0.04 0.18 0 1.8294649008959455e-06
0.04 0.19 0 8.621504436549929e-07
0.04 0.2 0 1.95580140787341e-07
0.04 0.21 0 8.539884895821277e-08
0.04 0.22 0 7.04810667771531e-08
0.04 0.23 0 4.667829617443975e-08
0.04 0.24 0 2.724786660673419e-07
0.04 0.25 0 1.8406612245609852e-06
0.04 0.26 0 4.637513080743897e-06
0.04 0.27 0 2.556876242224248e-05
0.04 0.28 0 0.0001257783884651319
0.04 0.29 0 0.00012297575417835046
0.04 0.3 0 7.205774402779771e-06
0.04 0.31 0 2.8956693463861865e-06
0.04 0.32 0 2.028149810546583e-06
0.04 0.33 0 5.086992722578322e-06
0.04 0.34 0 3.983146285823676e-06
0.04 0.35000000000000003 0 1.1534581723080707e-05
0.04 0.36 0 2.9003941325282587e-05
0.04 0.37 0 3.403590932389508e-05
0.04 0.38 0 3.863105562805093e-05
0.04 0.39 0 3.093297792909313e-05
0.04 0.4 0 2.7947180797294093e-05
0.04 0.41000000000000003 0 5.920158918717179e-05
0.04 0.42 0 1.9263181958213428e-05
0.04 0.43 0 1.4706737438294577e-05
0.04 0.44 0 3.2350044041164825e-06
0.04 0.45 0 8.4078084074535e-06
0.04 0.46 0 9.682795096993082e-06
0.04 0.47000000000000003 0 2.5090749976675322e-05
0.04 0.48 0 6.537841812101027e-06
0.04 0.49 0 1.0632824313418802e-06
0.04 0.5 0 3.262971398637509e-07
0.05 0.0 0 0.0002520306230825353
0.05 0.01 0 0.00018672821664715743
0.05 0.02 0 5.955751121690574e-05
0.05 0.03 0 5.0993017151512637e-05
0.05 0.04 0 1.9961088602503475e-05
0.05 0.05 0 1.4974561799057158e-05
0.05 0.06 0 5.922542738672305e-06
0.05 0.07 0 4.260431971159828e-06
0.05 0.08 0 5.673697541437991e-06
0.05 0.09 0 4.880182525113227e-06
0.05 0.1 0 3.857491100263694e-06
0.05 0.11 0 1.6826545420070192e-06
0.05 0.12 0 2.104286390533426e-06
0.05 0.13 0 1.485510252519825e-06
0.05 0.14 0 7.538805014885225e-07
0.05 0.15 0 1.2928280298456219e-06
0.05 0.16 0 3.9705823107431425e-07
0.05 0.17 0 1.9320083427954919e-07
0.05 0.18 0 9.61254707749454e-08
0.05 0.19 0 6.856422076392861e-08
0.05 0.2 0 6.60879752767822e-08
0.05 0.21 0 8.5261368775148e-08
0.05 0.22 0 2.402127213369601e-07
0.05 0.23 0 1.7106946185461271e-07
0.05 0.24 0 3.5636366691653227e-07
0.05 0.25 0 7.145881344429445e-07
0.05 0.26 0 1.0391083461268052e-06
0.05 0.27 0 1.2221703527438569e-06
0.05 0.28 0 3.366550555018153e-06
0.05 0.29 0 3.445298905670611e-06
0.05 0.3 0 1.0250056116721755e-06
0.05 0.31 0 2.236174574149486e-06
0.05 0.32 0 6.605354630826692e-06
0.05 0.33 0 1.3946475877963762e-05
0.05 0.34 0 2.0511141721833688e-05
0.05 0.35000000000000003 0 1.3423895338170281e-05
0.05 0.36 0 1.826201261170891e-05
0.05 0.37 0 7.108943866295433e-06
0.05 0.38 0 1.6343238673096992e-05
0.05 0.39 0 1.364215561968151e-05
0.05 0.4 0 5.697856381006491e-06
0.05 0.41000000000000003 0 2.2500866336941456e-06
0.05 0.42 0 2.0175042979503193e-06
0.05 0.43 0 6.669464039325843e-06
0.05 0.44 0 1.0821556077541764e-05
0.05 0.45 0 6.11615744634181e-06
0.05 0.46 0 3.116053612208178e-06
0.05 0.47000000000000003 0 4.26889885337436e-06
0.05 0.48 0 6.240707167667426e-06
0.05 0.49 0 2.2929913519276654e-06
0.05 0.5 0 3.1987671577028272e-06
0.06 0.0 0 7.920169829870944e-06
0.06 0.01 0 1.5712434054406344e-05
0.06 0.02 0 2.223255871269618e-06
0.06 0.03 0 2.457085808763738e-06
0.06 0.04 0 1.2583482108326995e-06
0.06 0.05 0 4.666521871220561e-06
0.06 0.06 0 1.0992245909680424e-06
0.06 0.07 0 6.321800999610241e-07
0.06 0.08 0 6.969760744741297e-07
0.06 0.09 0 1.5212573294736456e-06
0.06 0.1 0 1.1786404710344484e-06
0.06 0.11 0 1.3448642667068566e-06
0.06 0.12 0 7.455647071997846e-07
0.06 0.13 0 1.514476998298128e-06
0.06 0.14 0 4.029162978047574e-07
0.06 0.15 0 1.300798901175139e-06
0.06 0.16 0 3.2826013193528325e-07
0.06 0.17 0 2.1132935610704598e-07
0.06 0.18 0 5.5070800229338405e-08
0.06 0.19 0 7.555603951979336e-08
0.06 0.2 0 4.921232519344641e-08
0.06 0.21 0 1.868632516685989e-07
0.06 0.22 0 5.574892090440748e-07
0.06 0.23 0 6.40041973044486e-07
0.06 0.24 0 1.4121204379760368e-07
0.06 0.25 0 7.831785013230751e-08
0.06 0.26 0 4.249486345434313e-08
0.06 0.27 0 9.829635831703425e-08
0.06 0.28 0 1.2295902110314723e-07
0.06 0.29 0 3.1451497304009485e-07
0.06 0.3 0 3.89488209726616e-08
0.06 0.31 0 7.536071595223667e-08
0.06 0.32 0 8.68058303512952e-08
0.06 0.33 0 1.1552950884500007e-07
0.06 0.34 0 1.22190723038186e-07
0.06 0.35000000000000003 0 1.7794169241857238e-07
0.06 0.36 0 1.7790898203690554e-07
0.06 0.37 0 1.0344884051373187e-07
0.06 0.38 0 1.0607115973613342e-07
0.06 0.39 0 2.9374735653655396e-07
0.06 0.4 0 4.2367690968204237e-07
0.06 0.41000000000000003 0 1.0342164568400786e-06
0.06 0.42 0 5.942924601167616e-07
0.06 0.43 0 4.7209736912237454e-07
0.06 0.44 0 1.7865938857396818e-07
0.06 0.45 0 1.559407427265191e-07
0.06 0.46 0 8.576259973658933e-08
0.06 0.47000000000000003 0 2.85066679771062e-07
0.06 0.48 0 1.7101729251758924e-06
0.06 0.49 0 3.7925743571370656e-06
0.06 0.5 0 1.2070552199475635e-05
0.07 0.0 0 3.192130298788713e-07
0.07 0.01 0 6.92359832742376e-07
0.07 0.02 0 4.6259620405442496e-07
0.07 0.03 0 5.651858054871092e-07
0.07 0.04 0 1.7289396207796894e-07
0.07 0.05 0 1.8527572402878396e-07
0.07 0.06 0 1.5547069210944094e-07
0.07 0.07 0 1.1808454275253399e-07
0.07 0.08 0 2.7176784826667904e-07
0.07 0.09 0 3.6622446392793375e-07
0.07 0.1 0 2.566835888493002e-07
0.07 0.11 0 4.879610708393182e-07
0.07 0.12 0 5.585674325926403e-07
0.07 0.13 0 2.3551652674201764e-06
0.07 0.14 0 3.303221350126653e-06
0.07 0.15 0 1.612054626950043e-05
0.07 0.16 0 2.733184302464093e-06
0.07 0.17 0 4.92346516776419e-07
0.07 0.18 0 1.7638611918237462e-07
0.07 0.19 0 7.793932892941156e-07
0.07 0.2 0 3.7536831619472497e-07
0.07 0.21 0 1.0343634765026685e-07
0.07 0.22 0 3.267707941135562e-08
0.07 0.23 0 1.9118283675233517e-08
0.07 0.24 0 6.49002023912304e-09
0.07 0.25 0 6.6851635772118284e-09
0.07 0.26 0 5.498382682154338e-09
0.07 0.27 0 2.735864245359655e-08
0.07 0.28 0 1.5774751688219035e-08
0.07 0.29 0 4.556861708374291e-08
0.07 0.3 0 1.0402533016986295e-08
0.07 0.31 0 4.9953269500003907e-08
0.07 0.32 0 2.3518439581901365e-07
0.07 0.33 0 8.521241541211678e-07
0.07 0.34 0 5.284054744680129e-07
0.07 0.35000000000000003 0 6.547999646642372e-07
0.07 0.36 0 4.220590450717226e-07
0.07 0.37 0 7.678763987138942e-07
0.07 0.38 0 7.74242127225813e-07
0.07 0.39 0 1.1399257893722688e-06
0.07 0.4 0 2.014522235948506e-07
0.07 0.41000000000000003 0 3.41727512714903e-07
0.07 0.42 0 2.2553098285786562e-07
0.07 0.43 0 7.256162187304081e-07
0.07 0.44 0 3.721961111063866e-07
0.07 0.45 0 2.3899814487248857e-06
0.07 0.46 0 2.6960992185338046e-06
0.07 0.47000000000000003 0 8.165956555793283e-06
0.07 0.48 0 7.881742875435073e-06
0.07 0.49 0 2.755198812044689e-06
0.07 0.5 0 8.078810102807594e-07
0.08 0.0 0 6.953455209384955e-08
0.08 0.01 0 8.250838003157478e-08
0.08 0.02 0 4.679132206768886e-08
0.08 0.03 0 1.2508742883961421e-07
0.08 0.04 0 4.807673637184548e-07
0.08 0.05 0 6.279442459538348e-07
0.08 0.06 0 9.435245897363807e-07
0.08 0.07 0 3.054597137465471e-07
0.08 0.08 0 6.353486196592253e-07
0.08 0.09 0 7.858749884760088e-07
0.08 0.1 0 1.1300576834923092e-06
0.08 0.11 0 3.2538638401688272e-06
0.08 0.12 0 8.912284944234647e-06
0.08 0.13 0 4.7284188901631555e-06
0.08 0.14 0 1.7577012160858628e-06
0.08 0.15 0 5.460927962048946e-06
0.08 0.16 0 1.0286718100653174e-05
0.08 0.17 0 4.0936115117064534e-06
0.08 0.18 0 1.5274876650579324e-06
0.08 0.19 0 1.3229223988974236e-06
0.08 0.2 0 1.2960900099975408e-06
0.08 0.21 0 3.8513581774759285e-07
0.08 0.22 0 7.37050692860939e-07
0.08 0.23 0 5.317233981713828e-07
0.08 0.24 0 3.4096237929804903e-07
0.08 0.25 0 1.310460561872713e-07
0.08 0.26 0 3.140539406662656e-08
0.08 0.27 0 2.457648245167902e-08
0.08 0.28 0 2.5614005088257463e-08
0.08 0.29 0 1.523458681307388e-07
0.08 0.3 0 3.1107431702254673e-07
0.08 0.31 0 2.9490969139903836e-07
0.08 0.32 0 5.058723564797157e-07
0.08 0.33 0 1.089658986755878e-06
0.08 0.34 0 2.793414560304959e-06
0.08 0.35000000000000003 0 3.1885867447025076e-06
0.08 0.36 0 2.3788574827722932e-06
0.08 0.37 0 1.1708132918417366e-06
0.08 0.38 0 1.1988455271934697e-06
0.08 0.39 0 6.393161117981963e-07
0.08 0.4 0 8.021797018076225e-08
0.08 0.41000000000000003 0 5.567680990169106e-08
0.08 0.42 0 4.5621325902268895e-08
0.08 0.43 0 9.185887387862518e-08
0.08 0.44 0 3.9304824146169455e-08
0.08 0.45 0 5.6744866976832375e-08
0.08 0.46 0 4.299837859880194e-08
0.08 0.47000000000000003 0 2.0540193588891616e-08
0.08 0.48 0 2.8108493671179756e-08
0.08 0.49 0 1.921796979200717e-08
0.08 0.5 0 1.507183805148044e-08
0.09 0.0 0 5.3900478793258624e-08
0.09 0.01 0 7.570428438148716e-08
0.09 0.02 0 1.4609007414417086e-08
0.09 0.03 0 1.518630724453631e-08
0.09 0.04 0 1.9751897008772178e-08
0.09 0.05 0 3.6647338875060274e-08
0.09 0.06 0 6.423892229816463e-08
0.09 0.07 0 9.964876719687612e-08
0.09 0.08 0 1.9658102429959445e-07
0.09 0.09 0 7.098843180178785e-07
0.09 0.1 0 5.351821255644471e-07
0.09 0.11 0 5.075242396385163e-07
0.09 0.12 0 5.797575622495136e-07
0.09 0.13 0 1.7653732431736889e-06
0.09 0.14 0 1.7509189135626168e-06
0.09 0.15 0 1.0614179961307712e-05
0.09 0.16 0 8.677752014276388e-06
0.09 0.17 0 3.7160156915116303e-06
0.09 0.18 0 2.256462256718494e-06
0.09 0.19 0 3.5727218664152922e-06
0.09 0.2 0 4.238307170779329e-06
0.09 0.21 0 1.7281103882918043e-06
0.09 0.22 0 3.7139827621274457e-06
0.09 0.23 0 2.612895394858037e-06
0.09 0.24 0 3.6537775065827255e-07
0.09 0.25 0 2.554165401973066e-07
0.09 0.26 0 4.589961159070415e-07
0.09 0.27 0 1.7324571586607617e-06
0.09 0.28 0 1.4491317188503263e-06
0.09 0.29 0 1.633307410093986e-06
0.09 0.3 0 1.9957924519347367e-06
0.09 0.31 0 1.6328248587491573e-06
0.09 0.32 0 8.443885257057327e-07
0.09 0.33 0 2.62726589242352e-07
0.09 0.34 0 2.117347711594752e-07
0.09 0.35000000000000003 0 9.461341022575594e-08
0.09 0.36 0 7.367377221504373e-08
0.09 0.37 0 2.2943670212662455e-08
0.09 0.38 0 2.4138774191772127e-08
0.09 0.39 0 1.9666723417060214e-08
0.09 0.4 0 5.6445959614904185e-09
0.09 0.41000000000000003 0 6.126143735301185e-09
0.09 0.42 0 1.008096051438236e-08
0.09 0.43 0 1.6004723950738888e-08
0.09 0.44 0 9.851820975268528e-09
0.09 0.45 0 3.7560994335002954e-09
0.09 0.46 0 4.052276357934083e-09
0.09 0.47000000000000003 0 1.966425665369448e-09
0.09 0.48 0 1.0734491910802989e-08
0.09 0.49 0 1.7127177441816464e-08
0.09 0.5 0 1.0510285665798414e-08
0.1 0.0 0 1.3075569908161809e-08
0.1 0.01 0 1.433695368638301e-08
0.1 0.02 0 4.721598454149036e-09
0.1 0.03 0 1.007406298799595e-08
0.1 0.04 0 1.4098569263808649e-08
0.1 0.05 0 3.5645813273053515e-08
0.1 0.06 0 2.571954558655995e-08
0.1 0.07 0 2.2313960286059505e-08
0.1 0.08 0 9.139824065370647e-09
0.1 0.09 0 3.148914051043782e-08
0.1 0.1 0 7.788197061780577e-08
0.1 0.11 0 5.392930339535554e-07
0.1 0.12 0 4.4403267159624273e-07
0.1 0.13 0 1.7844025789894934e-06
0.1 0.14 0 6.808200294661895e-07
0.1 0.15 0 4.576656943931345e-06
0.1 0.16 0 2.376522538710548e-06
0.1 0.17 0 1.017830285921845e-06
0.1 0.18 0 6.160841922825845e-07
0.1 0.19 0 4.6439144021029205e-06
0.1 0.2 0 8.147309631231833e-06
0.1 0.21 0 3.7717542681018597e-06
0.1 0.22 0 1.7824743490213248e-06
0.1 0.23 0 6.267874035288415e-06
0.1 0.24 0 1.371739843014488e-06
0.1 0.25 0 1.1834674400168733e-06
0.1 0.26 0 3.122859026874697e-07
0.1 0.27 0 4.0128736141690334e-07
0.1 0.28 0 9.080117454586959e-08
0.1 0.29 0 1.1231024347488447e-07
0.1 0.3 0 3.1598389554572565e-08
0.1 0.31 0 5.533526865109833e-08
0.1 0.32 0 7.741237579225824e-08
0.1 0.33 0 1.2918992564184165e-07
0.1 0.34 0 6.237894083700941e-08
0.1 0.35000000000000003 0 2.2596876734426075e-08
0.1 0.36 0 1.1695940388279862e-08
0.1 0.37 0 2.89794984564712e-08
0.1 0.38 0 4.199789812271115e-08
0.1 0.39 0 1.4718298849642117e-07
0.1 0.4 0 3.70211766071372e-08
0.1 0.41000000000000003 0 8.141605136050706e-08
0.1 0.42 0 6.798531922247188e-08
0.1 0.43 0 1.0706034708438851e-07
0.1 0.44 0 1.1773607253173179e-07
0.1 0.45 0 3.210449528096174e-07
0.1 0.46 0 3.9067111965359553e-07
0.1 0.47000000000000003 0 1.3879727945014208e-07
0.1 0.48 0 7.527663634308137e-08
0.1 0.49 0 7.90176985159261e-08
0.1 0.5 0 2.935461501015494e-08
0.11 0.0 0 1.7798224212727683e-09
0.11 0.01 0 1.2345033433948913e-09
0.11 0.02 0 1.510889738435642e-09
0.11 0.03 0 1.5781106479182367e-09
0.11 0.04 0 8.623256710063755e-10
0.11 0.05 0 5.02840421886769e-10
0.11 0.06 0 1.2901674160318959e-09
0.11 0.07 0 2.6580574496153964e-09
0.11 0.08 0 7.724863309868416e-09
0.11 0.09 0 2.5800529148020092e-08
0.11 0.1 0 7.734583080652194e-08
0.11 0.11 0 3.444835612074094e-07
0.11 0.12 0 3.3832551910881847e-07
0.11 0.13 0 1.0188374156572084e-06
0.11 0.14 0 6.287232785025884e-07
0.11 0.15 0 1.4900237148057e-06
0.11 0.16 0 2.417182174467062e-06
0.11 0.17 0 1.1294704367468326e-06
0.11 0.18 0 5.657545659206467e-07
0.11 0.19 0 8.302644586573024e-07
0.11 0.2 0 1.2262906772873114e-06
0.11 0.21 0 7.493138081614458e-07
0.11 0.22 0 4.253664317369598e-07
0.11 0.23 0 1.3575160959883085e-06
0.11 0.24 0 1.4496994332487901e-06
0.11 0.25 0 4.627253406940241e-06
0.11 0.26 0 4.1105468199358075e-06
0.11 0.27 0 3.934690324535386e-06
0.11 0.28 0 8.190303356398263e-07
0.11 0.29 0 3.6422347324210696e-06
0.11 0.3 0 4.868392396144221e-06
0.11 0.31 0 2.990539327564802e-06
0.11 0.32 0 9.200837265492341e-07
0.11 0.33 0 4.375268770566395e-07
0.11 0.34 0 2.8417222597643296e-07
0.11 0.35000000000000003 0 2.3693593898119795e-07
0.11 0.36 0 1.1139514237613987e-07
0.11 0.37 0 3.4192308590491944e-07
0.11 0.38 0 4.4718080225782164e-07
0.11 0.39 0 2.033191346717939e-06
0.11 0.4 0 4.286079002252482e-07
0.11 0.41000000000000003 0 9.365068846873447e-07
0.11 0.42 0 1.8058105179978208e-06
0.11 0.43 0 4.331660271368948e-06
0.11 0.44 0 1.280621073212255e-06
0.11 0.45 0 1.1695259628087688e-06
0.11 0.46 0 5.865047931313315e-07
0.11 0.47000000000000003 0 3.2303535226013005e-07
0.11 0.48 0 1.2442553934373224e-07
0.11 0.49 0 1.0850700662613242e-07
0.11 0.5 0 3.984809609514814e-08
0.12 0.0 0 2.0031974333030053e-08
0.12 0.01 0 9.370506236402083e-09
0.12 0.02 0 4.084341423702666e-09
0.12 0.03 0 3.2947204864447503e-09
0.12 0.04 0 3.0831429416546437e-09
0.12 0.05 0 1.9824663474535867e-09
0.12 0.06 0 9.758753940964394e-09
0.12 0.07 0 1.593259700009209e-08
0.12 0.08 0 3.351637547241379e-08
0.12 0.09 0 8.607452175997402e-08
0.12 0.1 0 1.014499347040958e-07
0.12 0.11 0 1.1533828741572388e-07
0.12 0.12 0 8.262242746462156e-08
0.12 0.13 0 2.4619242449464666e-07
0.12 0.14 0 5.999278804246186e-07
0.12 0.15 0 9.155252456943106e-07
0.12 0.16 0 2.1687711644430265e-06
0.12 0.17 0 1.014059486969699e-06
0.12 0.18 0 7.87349302319484e-07
0.12 0.19 0 6.588045986931708e-07
0.12 0.2 0 1.4165768811365968e-06
0.12 0.21 0 8.780236074786966e-07
0.12 0.22 0 8.972335032753838e-07
0.12 0.23 0 9.968009772711539e-07
0.12 0.24 0 1.1510436749810531e-06
0.12 0.25 0 3.314921156868309e-06
0.12 0.26 0 1.8528539026691425e-05
0.12 0.27 0 8.353163049883166e-05
0.12 0.28 0 3.4034137332744684e-05
0.12 0.29 0 9.62389922609985e-06
0.12 0.3 0 4.862505375108949e-06
0.12 0.31 0 8.39935852234775e-07
0.12 0.32 0 9.581653345152123e-07
0.12 0.33 0 5.532158697444273e-07
0.12 0.34 0 6.575264334150047e-07
0.12 0.35000000000000003 0 5.890599975123914e-07
0.12 0.36 0 7.026311506164697e-07
0.12 0.37 0 1.1830637440407824e-06
0.12 0.38 0 3.0265570837004736e-06
0.12 0.39 0 1.902965722892269e-05
0.12 0.4 0 1.823031304902719e-05
0.12 0.41000000000000003 0 6.060402699111914e-06
0.12 0.42 0 3.485108418649356e-06
0.12 0.43 0 3.6007175731366097e-06
0.12 0.44 0 3.82913382750425e-06
0.12 0.45 0 3.7031592492940355e-06
0.12 0.46 0 5.450957203680014e-06
0.12 0.47000000000000003 0 2.202027283240876e-06
0.12 0.48 0 3.0649553739042078e-06
0.12 0.49 0 1.645148384692789e-06
0.12 0.5 0 2.933269760075089e-07
0.13 0.0 0 3.12233083067377e-09
0.13 0.01 0 5.485451346690708e-09
0.13 0.02 0 2.7662245335754275e-09
0.13 0.03 0 4.360240384597351e-09
0.13 0.04 0 6.8530089503901585e-09
0.13 0.05 0 3.158088963548615e-08
0.13 0.06 0 2.3977370473959526e-07
0.13 0.07 0 5.566379073982157e-07
0.13 0.08 0 8.754208958389934e-08
0.13 0.09 0 2.694823134740033e-07
0.13 0.1 0 3.2197546915833667e-07
0.13 0.11 0 6.791081625408181e-07
0.13 0.12 0 2.1032480139399964e-07
0.13 0.13 0 5.743449917759363e-07
0.13 0.14 0 5.392544684887714e-07
0.13 0.15 0 5.548040502912553e-07
0.13 0.16 0 3.82785075263432e-07
0.13 0.17 0 4.011360410539543e-07
0.13 0.18 0 3.3183585537614175e-07
0.13 0.19 0 5.804213546391635e-07
0.13 0.2 0 7.70977976690905e-07
0.13 0.21 0 4.660719861098991e-07
0.13 0.22 0 2.527601157930822e-07
0.13 0.23 0 1.0815381300822462e-06
0.13 0.24 0 3.1499129086265265e-06
0.13 0.25 0 3.1267869571378713e-05
0.13 0.26 0 3.651248175926785e-05
0.13 0.27 0 4.6755672567238056e-05
0.13 0.28 0 1.3666290740359374e-05
0.13 0.29 0 5.785721826527715e-06
0.13 0.3 0 5.95614575534739e-06
0.13 0.31 0 3.146203522115558e-06
0.13 0.32 0 4.408282693441503e-06
0.13 0.33 0 4.9470438251665795e-06
0.13 0.34 0 3.1575088609140055e-06
0.13 0.35000000000000003 0 2.4579673782220243e-06
0.13 0.36 0 2.9560327168219182e-06
0.13 0.37 0 4.580662378499963e-06
0.13 0.38 0 4.0056550378342155e-06
0.13 0.39 0 8.630769186257043e-06
0.13 0.4 0 7.772866058594148e-06
0.13 0.41000000000000003 0 4.805919604905212e-06
0.13 0.42 0 3.372122404279088e-06
0.13 0.43 0 2.3118581164561645e-06
0.13 0.44 0 1.2897029115157772e-06
0.13 0.45 0 4.48338361961665e-07
0.13 0.46 0 1.20104362565576e-06
0.13 0.47000000000000003 0 5.706750165379041e-07
0.13 0.48 0 8.147411533800276e-07
0.13 0.49 0 1.141753247688992e-06
0.13 0.5 0 6.03612422314231e-07
0.14 0.0 0 3.3838269013907535e-07
0.14 0.01 0 1.8650970113777229e-07
0.14 0.02 0 2.1954048532670363e-07
0.14 0.03 0 2.3350217756477478e-07
0.14 0.04 0 5.751490981395207e-08
0.14 0.05 0 1.7677734372597653e-08
0.14 0.06 0 2.9897698703986444e-08
0.14 0.07 0 3.218318601433732e-07
0.14 0.08 0 1.7247630368200716e-07
0.14 0.09 0 5.911502746858602e-07
0.14 0.1 0 6.730826539730222e-07
0.14 0.11 0 1.1539937818259912e-06
0.14 0.12 0 2.1330734130155623e-07
0.14 0.13 0 4.860725681842104e-07
0.14 0.14 0 4.4181592401789294e-07
0.14 0.15 0 1.098452427976167e-06
0.14 0.16 0 1.3639689809883336e-06
0.14 0.17 0 2.0226932510359764e-06
0.14 0.18 0 8.148477563278377e-07
0.14 0.19 0 1.3767024124826838e-06
0.14 0.2 0 3.1222033903101485e-06
0.14 0.21 0 5.496683328659368e-06
0.14 0.22 0 8.149837933134134e-07
0.14 0.23 0 1.7559629968164087e-06
0.14 0.24 0 9.912420341448324e-07
0.14 0.25 0 7.408639505137002e-06
0.14 0.26 0 5.74836372416893e-06
0.14 0.27 0 1.2397631055513782e-05
0.14 0.28 0 1.0767441374873132e-05
0.14 0.29 0 2.9716623374968776e-05
0.14 0.3 0 5.003785604464793e-05
0.14 0.31 0 0.00011792927516958603
0.14 0.32 0 0.00013047585458939785
0.14 0.33 0 0.00025308829897006664
0.14 0.34 0 7.424507231769116e-05
0.14 0.35000000000000003 0 5.4338785119464464e-05
0.14 0.36 0 1.7406319357870283e-05
0.14 0.37 0 2.3000242111012994e-05
0.14 0.38 0 7.2992100315920955e-06
0.14 0.39 0 3.6563126981793585e-05
0.14 0.4 0 2.2816203136229144e-05
0.14 0.41000000000000003 0 2.5081794155695868e-05
0.14 0.42 0 1.3060169880534047e-05
0.14 0.43 0 2.1020041821097714e-05
0.14 0.44 0 9.355446464134986e-06
0.14 0.45 0 2.4958946437290165e-06
0.14 0.46 0 2.890898515208801e-06
0.14 0.47000000000000003 0 5.55516066589923e-06
0.14 0.48 0 2.14501313686856e-06
0.14 0.49 0 2.8509540471088727e-06
0.14 0.5 0 8.524154247447531e-07
0.15 0.0 0 5.448404274847968e-06
0.15 0.01 0 4.823217537294125e-06
0.15 0.02 0 8.501973703343849e-06
0.15 0.03 0 5.393844801558643e-06
0.15 0.04 0 6.907605476912266e-06
0.15 0.05 0 5.352230014703381e-06
0.15 0.06 0 8.238637571129373e-06
0.15 0.07 0 1.2445907389253752e-05
0.15 0.08 0 4.0817169032174616e-06
0.15 0.09 0 1.4207468672089159e-06
0.15 0.1 0 6.132414860842418e-07
0.15 0.11 0 3.9412563518342535e-07
0.15 0.12 0 3.4119999853057943e-07
0.15 0.13 0 2.489066865719916e-06
0.15 0.14 0 9.878945987359258e-06
0.15 0.15 0 6.753767103480466e-06
0.15 0.16 0 1.1974918297114125e-05
0.15 0.17 0 1.4934358281518782e-05
0.15 0.18 0 1.2030716913092176e-05
0.15 0.19 0 4.35779312355836e-06
0.15 0.2 0 6.896505423464463e-06
0.15 0.21 0 1.3953374454055247e-05
0.15 0.22 0 3.711978518010651e-06
0.15 0.23 0 4.115569592914371e-06
0.15 0.24 0 2.9366160416107413e-06
0.15 0.25 0 6.593018366394933e-06
0.15 0.26 0 7.954412524636476e-06
0.15 0.27 0 6.006864807967157e-06
0.15 0.28 0 3.799238843952933e-06
0.15 0.29 0 4.2951992037573226e-06
0.15 0.3 0 5.157142388751844e-06
0.15 0.31 0 4.293462957393217e-06
0.15 0.32 0 6.9714097961888225e-06
0.15 0.33 0 2.6554308321899963e-05
0.15 0.34 0 7.565365717249573e-05
0.15 0.35000000000000003 0 0.0002004173943329601
0.15 0.36 0 8.36996905929951e-05
0.15 0.37 0 3.9110233280954825e-05
0.15 0.38 0 5.920550840112691e-06
0.15 0.39 0 2.305256876827759e-05
0.15 0.4 0 2.1711517715878417e-05
0.15 0.41000000000000003 0 7.6139701206639835e-06
0.15 0.42 0 1.8323098690219849e-06
0.15 0.43 0 1.063955906686424e-06
0.15 0.44 0 6.794306046777526e-07
0.15 0.45 0 4.2078064156621557e-07
0.15 0.46 0 1.0294727706560795e-06
0.15 0.47000000000000003 0 8.037328212060409e-06
0.15 0.48 0 3.246378735046619e-06
0.15 0.49 0 1.0631701129502431e-06
0.15 0.5 0 7.86429212313447e-08
0.16 0.0 0 1.3940836120721857e-05
0.16 0.01 0 1.1793374816862477e-05
0.16 0.02 0 1.547524301379224e-05
0.16 0.03 0 1.2696783069377428e-05
0.16 0.04 0 7.2866265867926224e-06
0.16 0.05 0 7.273829857805169e-06
0.16 0.06 0 1.3709397277600439e-05
0.16 0.07 0 2.085592115787971e-05
0.16 0.08 0 5.567098659847157e-06
0.16 0.09 0 3.622287387976582e-06
0.16 0.1 0 2.8842109600041426e-06
0.16 0.11 0 3.113263586742447e-06
0.16 0.12 0 1.0877431619793318e-06
0.16 0.13 0 2.5285871930297536e-06
0.16 0.14 0 1.924143693947185e-05
0.16 0.15 0 1.825554929377331e-05
0.16 0.16 0 2.0706910028374286e-05
0.16 0.17 0 1.0081615090394703e-05
0.16 0.18 0 9.127204083945563e-06
0.16 0.19 0 6.704761171933686e-06
0.16 0.2 0 9.540171964964162e-06
0.16 0.21 0 1.225093734237074e-05
0.16 0.22 0 3.022856363885703e-06
0.16 0.23 0 2.404335923348214e-06
0.16 0.24 0 4.76974150336031e-06
0.16 0.25 0 1.2205548455875365e-05
0.16 0.26 0 4.909212617387526e-05
0.16 0.27 0 7.28612866299536e-05
0.16 0.28 0 3.400743252359412e-05
0.16 0.29 0 5.876855297900565e-06
0.16 0.3 0 8.556239283622406e-06
0.16 0.31 0 1.0977294747273924e-05
0.16 0.32 0 5.009977621900687e-05
0.16 0.33 0 4.6828484152858036e-05
0.16 0.34 0 2.9483921741788804e-05
0.16 0.35000000000000003 0 2.7152605884782975e-05
0.16 0.36 0 3.2456472307229347e-05
0.16 0.37 0 3.433093438593486e-05
0.16 0.38 0 1.750517713213207e-05
0.16 0.39 0 3.881966870764578e-05
0.16 0.4 0 9.523894408291586e-05
0.16 0.41000000000000003 0 1.337551711948676e-05
0.16 0.42 0 7.4160416466882044e-06
0.16 0.43 0 7.10984008157662e-06
0.16 0.44 0 1.843958503122715e-05
0.16 0.45 0 6.3612965635693306e-06
0.16 0.46 0 3.4176760816804866e-06
0.16 0.47000000000000003 0 1.0210277251634826e-06
0.16 0.48 0 1.6198635900431586e-07
0.16 0.49 0 2.1981427335838512e-08
0.16 0.5 0 5.6426925109018385e-09
0.17 0.0 0 9.164071649699514e-06
0.17 0.01 0 2.642630622073759e-05
0.17 0.02 0 3.239925431955764e-05
0.17 0.03 0 9.25625093322885e-05
0.17 0.04 0 3.7306037838636465e-05
0.17 0.05 0 1.47090358026427e-05
0.17 0.06 0 4.443234716846577e-06
0.17 0.07 0 1.405273263877493e-05
0.17 0.08 0 2.3778131203522836e-06
0.17 0.09 0 1.6786344621971513e-06
0.17 0.1 0 2.987962614216184e-07
0.17 0.11 0 5.8398793917344e-07
0.17 0.12 0 2.0712474695841524e-07
0.17 0.13 0 2.7609849495864556e-07
0.17 0.14 0 4.786964319477515e-07
0.17 0.15 0 1.0372667686277492e-06
0.17 0.16 0 1.9491910567743466e-06
0.17 0.17 0 4.594607139941952e-06
0.17 0.18 0 1.73061194737082e-06
0.17 0.19 0 2.246144521951668e-06
0.17 0.2 0 2.094821853791251e-06
0.17 0.21 0 8.067155993249103e-06
0.17 0.22 0 2.5205840317769052e-06
0.17 0.23 0 4.413391493640233e-06
0.17 0.24 0 4.952143897928962e-06
0.17 0.25 0 8.76489020940371e-06
0.17 0.26 0 2.8100441540744966e-06
0.17 0.27 0 3.5342051072783824e-06
0.17 0.28 0 4.636956025444115e-06
0.17 0.29 0 5.755095664936266e-06
0.17 0.3 0 7.208744313995113e-06
0.17 0.31 0 3.3996488761323056e-06
0.17 0.32 0 1.7737092157730981e-06
0.17 0.33 0 3.966134512205043e-06
0.17 0.34 0 4.470605970457404e-06
0.17 0.35000000000000003 0 1.8175184928564674e-05
0.17 0.36 0 2.723170292610178e-05
0.17 0.37 0 6.591815913422719e-05
0.17 0.38 0 2.1813825952235306e-05
0.17 0.39 0 1.7304946378664304e-05
0.17 0.4 0 3.052633069017167e-05
0.17 0.41000000000000003 0 1.2995064714809044e-05
0.17 0.42 0 4.062436280997963e-06
0.17 0.43 0 7.790306460273273e-07
0.17 0.44 0 8.900510548637245e-08
0.17 0.45 0 9.701093022031317e-09
0.17 0.46 0 1.5606138114611785e-08
0.17 0.47000000000000003 0 4.70639085044222e-08
0.17 0.48 0 3.3291316800289704e-08
0.17 0.49 0 1.6193845233283004e-08
0.17 0.5 0 6.875492700223618e-09
0.18 0.0 0 9.84337684477464e-07
0.18 0.01 0 3.3600317543565426e-06
0.18 0.02 0 7.34788371932376e-06
0.18 0.03 0 1.2273896300871594e-05
0.18 0.04 0 1.6434872308338937e-05
0.18 0.05 0 9.818028555133213e-06
0.18 0.06 0 2.68249303459695e-06
0.18 0.07 0 7.794370610176813e-06
0.18 0.08 0 1.5431914297211008e-06
0.18 0.09 0 4.334659021119193e-07
0.18 0.1 0 5.7787100954314314e-08
0.18 0.11 0 7.588099357786494e-08
0.18 0.12 0 1.3816103464095397e-07
0.18 0.13 0 6.400473450406545e-07
0.18 0.14 0 2.5598778105825215e-06
0.18 0.15 0 3.057270059631793e-06
0.18 0.16 0 1.4120600915983171e-06
0.18 0.17 0 2.2867836099555015e-06
0.18 0.18 0 1.6789357611111662e-06
0.18 0.19 0 4.50609518335645e-06
0.18 0.2 0 5.9660592554623915e-06
0.18 0.21 0 2.344677077964778e-05
0.18 0.22 0 6.772117219649961e-06
0.18 0.23 0 7.94462750870385e-06
0.18 0.24 0 3.6054014351696853e-06
0.18 0.25 0 1.3311032267388734e-05
0.18 0.26 0 1.4085372104877665e-05
0.18 0.27 0 1.373969438064819e-05
0.18 0.28 0 4.001879736244341e-06
0.18 0.29 0 1.5856820598295268e-06
0.18 0.3 0 1.5676288276186988e-06
0.18 0.31 0 1.8555238284045405e-06
0.18 0.32 0 2.6599493666586756e-07
0.18 0.33 0 4.814527099732505e-07
0.18 0.34 0 5.47824056518333e-07
0.18 0.35000000000000003 0 3.5447595326796902e-06
0.18 0.36 0 1.7229735687266614e-06
0.18 0.37 0 2.948714819544181e-06
0.18 0.38 0 1.8876481494757704e-06
0.18 0.39 0 6.820950681924137e-06
0.18 0.4 0 8.71677188274442e-06
0.18 0.41000000000000003 0 3.414893284422084e-06
0.18 0.42 0 3.407475632260327e-07
0.18 0.43 0 1.6967021119331283e-07
0.18 0.44 0 4.121496945939887e-08
0.18 0.45 0 7.343547466389782e-09
0.18 0.46 0 3.606570659386189e-09
0.18 0.47000000000000003 0 1.8827644866075072e-08
0.18 0.48 0 6.228770937222331e-09
0.18 0.49 0 5.737038921549555e-09
0.18 0.5 0 1.4325371323019518e-09
0.19 0.0 0 1.067831878414197e-06
0.19 0.01 0 1.176770684429541e-06
0.19 0.02 0 2.1157639423630675e-06
0.19 0.03 0 1.8718806655089915e-06
0.19 0.04 0 5.5762355282675466e-06
0.19 0.05 0 5.966332625988774e-06
0.19 0.06 0 1.3622318565876217e-06
0.19 0.07 0 1.7171701426941998e-06
0.19 0.08 0 1.56851357271416e-06
0.19 0.09 0 1.3491134465998721e-06
0.19 0.1 0 4.342191723185485e-06
0.19 0.11 0 1.7050168186736874e-05
0.19 0.12 0 2.6116919323427675e-05
0.19 0.13 0 3.5497996923539607e-06
0.19 0.14 0 1.0294988593802634e-06
0.19 0.15 0 1.554914248924589e-07
0.19 0.16 0 6.934158878449108e-08
0.19 0.17 0 6.48987477927718e-08
0.19 0.18 0 1.399716597664055e-07
0.19 0.19 0 2.2251832217747332e-07
0.19 0.2 0 3.787940312766503e-07
0.19 0.21 0 1.092925675321229e-06
0.19 0.22 0 1.4098839727454558e-06
0.19 0.23 0 3.232769172526123e-06
0.19 0.24 0 2.5612213861816695e-06
0.19 0.25 0 1.2151680381310048e-06
0.19 0.26 0 2.5013730328912336e-06
0.19 0.27 0 3.43202019309075e-06
0.19 0.28 0 6.754144535837802e-06
0.19 0.29 0 3.4458192233666857e-06
0.19 0.3 0 6.071855084115862e-06
0.19 0.31 0 1.0032186471133954e-05
0.19 0.32 0 3.7346868523604686e-06
0.19 0.33 0 2.2796364760154324e-06
0.19 0.34 0 1.7327250781104868e-06
0.19 0.35000000000000003 0 3.3126474778899826e-06
0.19 0.36 0 3.418448622308518e-06
0.19 0.37 0 3.335703876749443e-06
0.19 0.38 0 1.3137008228274034e-06
0.19 0.39 0 1.0554948567307458e-06
0.19 0.4 0 2.9450338548090913e-06
0.19 0.41000000000000003 0 3.4180443500606805e-06
0.19 0.42 0 1.518017590277235e-06
0.19 0.43 0 5.853883410772874e-07
0.19 0.44 0 9.83990679844665e-07
0.19 0.45 0 7.215834460872869e-07
0.19 0.46 0 1.8643727019498684e-07
0.19 0.47000000000000003 0 1.1146390398649428e-07
0.19 0.48 0 1.1469854578610905e-08
0.19 0.49 0 8.290390330648088e-09
0.19 0.5 0 6.287760039480005e-09
0.2 0.0 0 1.1112188313715413e-06
0.2 0.01 0 4.157965732059213e-06
0.2 0.02 0 1.1308895262619413e-05
0.2 0.03 0 2.1479993561127234e-05
0.2 0.04 0 8.95285194821079e-06
0.2 0.05 0 8.858923873627797e-06
0.2 0.06 0 2.0905058400228383e-06
0.2 0.07 0 7.84284718278839e-06
0.2 0.08 0 1.0703243882004632e-05
0.2 0.09 0 4.802760935090175e-06
0.2 0.1 0 1.2679323522336318e-06
0.2 0.11 0 1.1831683402774612e-06
0.2 0.12 0 6.225575823566166e-07
0.2 0.13 0 2.0912315978919622e-07
0.2 0.14 0 2.9176684128414086e-07
0.2 0.15 0 4.2961652443290535e-07
0.2 0.16 0 3.8224412593471266e-07
0.2 0.17 0 4.490148263963991e-07
0.2 0.18 0 1.2455132288491847e-06
0.2 0.19 0 5.947699910110468e-06
0.2 0.2 0 7.513523384946379e-06
0.2 0.21 0 1.3748955697164698e-05
0.2 0.22 0 4.892525115319388e-06
0.2 0.23 0 3.999766343087094e-06
0.2 0.24 0 5.760699297628145e-06
0.2 0.25 0 5.019782511530294e-06
0.2 0.26 0 2.1081743030669528e-05
0.2 0.27 0 3.0721121604709605e-05
0.2 0.28 0 2.8375724658651033e-05
0.2 0.29 0 8.426438523463205e-06
0.2 0.3 0 6.681545447399548e-06
0.2 0.31 0 3.8432068107379705e-06
0.2 0.32 0 1.4774236387573398e-06
0.2 0.33 0 2.183115879031961e-06
0.2 0.34 0 9.34529033914908e-06
0.2 0.35000000000000003 0 2.345458131989321e-05
0.2 0.36 0 3.094655656163757e-05
0.2 0.37 0 4.802371302171144e-05
0.2 0.38 0 3.540190663256404e-05
0.2 0.39 0 4.441636632071375e-06
0.2 0.4 0 2.9720724017761943e-06
0.2 0.41000000000000003 0 1.4387120652082658e-06
0.2 0.42 0 2.601849121904254e-06
0.2 0.43 0 6.179969451529736e-07
0.2 0.44 0 3.4893927386965535e-07
0.2 0.45 0 1.3481892495139818e-07
0.2 0.46 0 7.650807170915372e-08
0.2 0.47000000000000003 0 1.0577453173715226e-07
0.2 0.48 0 8.42278178264796e-08
0.2 0.49 0 6.540283859192706e-08
0.2 0.5 0 1.7077270439202877e-07
0.21 0.0 0 1.457709500585303e-06
0.21 0.01 0 1.6606493293582676e-06
0.21 0.02 0 4.601134445220791e-07
0.21 0.03 0 8.455122116360063e-07
0.21 0.04 0 3.3831791411873907e-07
0.21 0.05 0 6.137506567851365e-07
0.21 0.06 0 2.352988747810012e-07
0.21 0.07 0 2.235922280964253e-06
0.21 0.08 0 3.3192452576668386e-06
0.21 0.09 0 1.8048870359612614e-06
0.21 0.1 0 1.5974455529137158e-07
0.21 0.11 0 2.9123124436385344e-07
0.21 0.12 0 2.743044735266394e-07
0.21 0.13 0 1.3903784336585613e-07
0.21 0.14 0 5.894653648806665e-08
0.21 0.15 0 9.814605794942531e-08
0.21 0.16 0 7.786867217546861e-08
0.21 0.17 0 3.0340422595544973e-07
0.21 0.18 0 4.48585719922358e-07
0.21 0.19 0 3.8055218567001404e-06
0.21 0.2 0 1.8626957682034805e-06
0.21 0.21 0 5.469858253223664e-06
0.21 0.22 0 1.7601991492579794e-06
0.21 0.23 0 1.2578742619288375e-06
0.21 0.24 0 9.306041889990258e-07
0.21 0.25 0 1.7211384957210312e-06
0.21 0.26 0 3.0618877289316255e-06
0.21 0.27 0 6.149454076301217e-06
0.21 0.28 0 1.7078061706240677e-06
0.21 0.29 0 8.602992081893994e-07
0.21 0.3 0 9.41799417449873e-07
0.21 0.31 0 2.7791316266495548e-06
0.21 0.32 0 9.60186783692935e-07
0.21 0.33 0 3.335749161601726e-06
0.21 0.34 0 1.0229435959368662e-05
0.21 0.35000000000000003 0 3.807743078080031e-05
0.21 0.36 0 7.402246932741672e-06
0.21 0.37 0 5.313172264727088e-06
0.21 0.38 0 3.112901955411538e-06
0.21 0.39 0 1.5868433177235918e-06
0.21 0.4 0 2.263505559113908e-06
0.21 0.41000000000000003 0 1.8374949567117886e-06
0.21 0.42 0 7.565244521866666e-07
0.21 0.43 0 3.19764996548087e-07
0.21 0.44 0 1.8357351754600124e-07
0.21 0.45 0 2.89774907856154e-07
0.21 0.46 0 9.220042645611159e-08
0.21 0.47000000000000003 0 7.221358987300395e-08
0.21 0.48 0 3.589859500940552e-08
0.21 0.49 0 3.123187279946147e-08
0.21 0.5 0 3.6116733643083186e-08
0.22 0.0 0 1.9038535407039514e-05
0.22 0.01 0 2.572610310051352e-05
0.22 0.02 0 5.981631027477481e-06
0.22 0.03 0 1.0809610450824016e-06
0.22 0.04 0 3.0835521271103856e-07
0.22 0.05 0 2.4017862158040196e-07
0.22 0.06 0 7.907746761804245e-08
0.22 0.07 0 1.2968011298250665e-07
0.22 0.08 0 1.804320324831092e-07
0.22 0.09 0 1.7329726016410102e-07
0.22 0.1 0 9.725975819304414e-08
0.22 0.11 0 1.5464391874483547e-07
0.22 0.12 0 5.26672897996447e-07
0.22 0.13 0 4.235271627851082e-07
0.22 0.14 0 3.072982078293924e-07
0.22 0.15 0 1.3676914577310068e-07
0.22 0.16 0 3.75697426797837e-08
0.22 0.17 0 1.1000578105042785e-07
0.22 0.18 0 2.2529408095973153e-07
0.22 0.19 0 6.118092545737554e-07
0.22 0.2 0 1.096929846465658e-07
0.22 0.21 0 1.0363305582763694e-07
0.22 0.22 0 1.4531783691397467e-07
0.22 0.23 0 1.5653987404746335e-07
0.22 0.24 0 5.4584436866057725e-08
0.22 0.25 0 2.040771609884353e-08
0.22 0.26 0 9.396827136803483e-09
0.22 0.27 0 8.340993104548838e-09
0.22 0.28 0 4.4021584817091726e-09
0.22 0.29 0 4.657497753813727e-09
0.22 0.3 0 1.5328594562373663e-08
0.22 0.31 0 1.4720895897535988e-07
0.22 0.32 0 4.905722429401778e-08
0.22 0.33 0 6.352039076846433e-08
0.22 0.34 0 5.1995643667340076e-08
0.22 0.35000000000000003 0 1.4544267480395618e-07
0.22 0.36 0 5.331852638556482e-08
0.22 0.37 0 7.203547192273171e-08
0.22 0.38 0 8.356119484976662e-08
0.22 0.39 0 4.967959993315172e-08
0.22 0.4 0 9.683162066252115e-08
0.22 0.41000000000000003 0 4.639014305201745e-07
0.22 0.42 0 1.9675401471124982e-07
0.22 0.43 0 6.775503500002055e-08
0.22 0.44 0 1.484577255531134e-08
0.22 0.45 0 2.2701698763198725e-08
0.22 0.46 0 5.987984361924067e-09
0.22 0.47000000000000003 0 5.864199762380447e-09
0.22 0.48 0 3.206947205838984e-09
0.22 0.49 0 1.3813193018283343e-08
0.22 0.5 0 2.3132271667836585e-08
0.23 0.0 0 1.5374899541492147e-06
0.23 0.01 0 6.502725906553172e-07
0.23 0.02 0 4.783142883351174e-07
0.23 0.03 0 1.8142104502616596e-07
0.23 0.04 0 6.994252220398063e-08
0.23 0.05 0 9.022454632874271e-08
0.23 0.06 0 7.460130872910334e-08
0.23 0.07 0 1.2640268800251847e-07
0.23 0.08 0 1.4108908779110646e-07
0.23 0.09 0 4.584951293318395e-08
0.23 0.1 0 3.4629659250540316e-08
0.23 0.11 0 1.8016194594324062e-08
0.23 0.12 0 2.6178016586975773e-08
0.23 0.13 0 9.088164228476127e-09
0.23 0.14 0 2.3604749689129073e-08
0.23 0.15 0 6.672343801564084e-08
0.23 0.16 0 3.8586974772301644e-08
0.23 0.17 0 1.688086494500727e-08
0.23 0.18 0 9.813537713192812e-09
0.23 0.19 0 8.540287478780522e-09
0.23 0.2 0 5.582597218034656e-09
0.23 0.21 0 3.2658870707996497e-09
0.23 0.22 0 4.16152999932035e-09
0.23 0.23 0 2.588098639257968e-09
0.23 0.24 0 2.434401285987416e-09
0.23 0.25 0 1.2074427936679434e-09
0.23 0.26 0 3.650379014918447e-09
0.23 0.27 0 7.284847946697933e-09
0.23 0.28 0 2.8694212510010707e-08
0.23 0.29 0 1.701388769450616e-08
0.23 0.3 0 1.1542841709480182e-08
0.23 0.31 0 1.6538103682063247e-08
0.23 0.32 0 8.186320827744352e-09
0.23 0.33 0 6.150288238776073e-09
0.23 0.34 0 5.901512395746494e-09
0.23 0.35000000000000003 0 3.660628267967978e-09
0.23 0.36 0 2.9157602144578763e-09
0.23 0.37 0 3.0462610846547583e-09
0.23 0.38 0 1.622865932747672e-08
0.23 0.39 0 8.873677724889708e-09
0.23 0.4 0 1.481938670703842e-08
0.23 0.41000000000000003 0 3.645002258480141e-08
0.23 0.42 0 3.6446334420625876e-08
0.23 0.43 0 1.1595248239859086e-08
0.23 0.44 0 1.4056974455139808e-08
0.23 0.45 0 3.2058811070431106e-08
0.23 0.46 0 1.8853441824114233e-08
0.23 0.47000000000000003 0 1.1068775028494446e-08
0.23 0.48 0 6.233938957540892e-09
0.23 0.49 0 8.374444483056293e-09
0.23 0.5 0 1.393727474090951e-08
0.24 0.0 0 8.41981942613074e-08
0.24 0.01 0 6.360525809658235e-08
0.24 0.02 0 2.7318153043897985e-08
0.24 0.03 0 2.3480024301382707e-08
0.24 0.04 0 2.697258998368567e-09
0.24 0.05 0 5.314251535266799e-09
0.24 0.06 0 2.051023020745061e-09
0.24 0.07 0 3.109712468381544e-09
0.24 0.08 0 1.7829308240217677e-09
0.24 0.09 0 4.0050491135605184e-10
0.24 0.1 0 7.717900732327934e-11
0.24 0.11 0 1.0909689003123146e-10
0.24 0.12 0 7.518783766498256e-10
0.24 0.13 0 3.363534956156156e-09
0.24 0.14 0 2.184222437759567e-09
0.24 0.15 0 1.956881229270759e-09
0.24 0.16 0 4.948737917887084e-10
0.24 0.17 0 8.265021935445343e-10
0.24 0.18 0 7.382508791059207e-10
0.24 0.19 0 7.161237025797511e-10
0.24 0.2 0 3.1563205070230147e-10
0.24 0.21 0 6.795007471690505e-10
0.24 0.22 0 7.844683872669832e-10
0.24 0.23 0 6.078988541862799e-10
0.24 0.24 0 1.1121855254134396e-09
0.24 0.25 0 2.018181266460097e-09
0.24 0.26 0 5.122395386053402e-09
0.24 0.27 0 3.881407314059676e-09
0.24 0.28 0 3.5602005389078425e-09
0.24 0.29 0 5.445269058830179e-09
0.24 0.3 0 5.418623184529272e-09
0.24 0.31 0 1.3188974301192157e-08
0.24 0.32 0 7.437595505983854e-09
0.24 0.33 0 7.850387011780513e-09
0.24 0.34 0 1.7570591676026648e-08
0.24 0.35000000000000003 0 1.833953507925415e-08
0.24 0.36 0 1.5083956617269666e-08
0.24 0.37 0 9.750292315584508e-09
0.24 0.38 0 3.2688542003249095e-08
0.24 0.39 0 2.3350293385224015e-08
0.24 0.4 0 3.579576692455545e-08
0.24 0.41000000000000003 0 7.517803216781186e-08
0.24 0.42 0 1.297694954979e-07
0.24 0.43 0 2.7242728332583427e-08
0.24 0.44 0 1.8018395847425186e-08
0.24 0.45 0 5.341912294222878e-08
0.24 0.46 0 8.507430812117045e-08
0.24 0.47000000000000003 0 8.18650714207819e-08
0.24 0.48 0 3.885596934673226e-08
0.24 0.49 0 5.387618729166976e-09
0.24 0.5 0 4.763893742527547e-09
0.25 0.0 0 1.5821236587502058e-08
0.25 0.01 0 1.7872203140170544e-08
0.25 0.02 0 1.4509864762037486e-08
0.25 0.03 0 4.341416772781618e-08
0.25 0.04 0 9.098479233231445e-09
0.25 0.05 0 2.339184748944038e-08
0.25 0.06 0 1.1319965649925563e-08
0.25 0.07 0 5.726909730152927e-09
0.25 0.08 0 2.6951929121578847e-09
0.25 0.09 0 1.9218497869522717e-09
0.25 0.1 0 3.682543672961889e-10
0.25 0.11 0 1.182956826676217e-10
0.25 0.12 0 8.299520801858993e-11
0.25 0.13 0 5.108144095471914e-10
0.25 0.14 0 1.0642354440877425e-09
0.25 0.15 0 4.31414110180479e-09
0.25 0.16 0 2.0401601318486482e-09
0.25 0.17 0 1.0045475962787784e-08
0.25 0.18 0 1.8908760250556485e-08
0.25 0.19 0 4.922023093377388e-08
0.25 0.2 0 7.3810861318144725e-09
0.25 0.21 0 1.2152692476528652e-08
0.25 0.22 0 1.2638579591170993e-08
0.25 0.23 0 8.751747322133143e-09
0.25 0.24 0 5.3286548588414756e-09
0.25 0.25 0 7.164959349662614e-09
0.25 0.26 0 1.2586959740297817e-08
0.25 0.27 0 8.880601327031533e-08
0.25 0.28 0 1.21415622699971e-07
0.25 0.29 0 2.9167040672861743e-07
0.25 0.3 0 9.910252202303994e-08
0.25 0.31 0 4.190853656297352e-07
0.25 0.32 0 2.1238161694057015e-07
0.25 0.33 0 1.2240084761760604e-07
0.25 0.34 0 4.1782119080490204e-08
0.25 0.35000000000000003 0 5.078279788286107e-08
0.25 0.36 0 2.6671752555512678e-08
0.25 0.37 0 3.2489767738026885e-08
0.25 0.38 0 7.121317965867997e-08
0.25 0.39 0 1.5339766207323505e-07
0.25 0.4 0 1.011527238401541e-07
0.25 0.41000000000000003 0 4.937686304095923e-08
0.25 0.42 0 9.459201295723463e-09
0.25 0.43 0 6.484815278069091e-09
0.25 0.44 0 5.4488528614963215e-09
0.25 0.45 0 5.37689336716511e-08
0.25 0.46 0 3.522949455067653e-08
0.25 0.47000000000000003 0 3.3882868609937524e-08
0.25 0.48 0 3.385848617062505e-08
0.25 0.49 0 4.639131227501038e-08
0.25 0.5 0 1.6068553719114593e-07
0.26 0.0 0 4.414093495700578e-08
0.26 0.01 0 5.811448890091022e-08
0.26 0.02 0 4.740119149851933e-08
0.26 0.03 0 2.536535188489951e-08
0.26 0.04 0 5.969470313420651e-09
0.26 0.05 0 9.807618513565205e-09
0.26 0.06 0 4.001232732341928e-08
0.26 0.07 0 1.933857097483746e-08
0.26 0.08 0 9.288385479449244e-09
0.26 0.09 0 3.2679824843745414e-09
0.26 0.1 0 1.8795361296387026e-09
0.26 0.11 0 6.770922730456727e-10
0.26 0.12 0 8.964650667524231e-10
0.26 0.13 0 1.5461763494470269e-09
0.26 0.14 0 2.4549084609703154e-09
0.26 0.15 0 4.124872729105829e-09
0.26 0.16 0 3.628015658601242e-09
0.26 0.17 0 7.780608731221846e-09
0.26 0.18 0 1.001102354253881e-08
0.26 0.19 0 1.9997118511564405e-08
0.26 0.2 0 1.925923371882309e-08
0.26 0.21 0 2.973318145266566e-08
0.26 0.22 0 8.746036904025837e-08
0.26 0.23 0 4.161075423193024e-08
0.26 0.24 0 5.325207471695849e-08
0.26 0.25 0 6.069294153673995e-08
0.26 0.26 0 4.605290925094073e-08
0.26 0.27 0 1.3011830073918697e-07
0.26 0.28 0 5.085576062009047e-07
0.26 0.29 0 1.0730674225437538e-06
0.26 0.3 0 1.4118753020917727e-07
0.26 0.31 0 6.973244181793802e-08
0.26 0.32 0 3.985113696224292e-08
0.26 0.33 0 2.7413426018041688e-08
0.26 0.34 0 1.492333537140078e-08
0.26 0.35000000000000003 0 2.3312241378043653e-08
0.26 0.36 0 3.143936821686775e-08
0.26 0.37 0 2.8931777891180667e-08
0.26 0.38 0 3.709688846689341e-08
0.26 0.39 0 2.709225644437444e-08
0.26 0.4 0 3.1167623957453645e-08
0.26 0.41000000000000003 0 8.28209317060053e-08
0.26 0.42 0 3.760125784066564e-08
0.26 0.43 0 2.385196959110795e-08
0.26 0.44 0 7.319742545551284e-09
0.26 0.45 0 5.434101084136608e-08
0.26 0.46 0 1.5423008277768512e-07
0.26 0.47000000000000003 0 3.2749315950610595e-07
0.26 0.48 0 4.780238890004765e-07
0.26 0.49 0 8.195163843833083e-07
0.26 0.5 0 1.4607469181918923e-06
0.27 0.0 0 3.136906802618214e-07
0.27 0.01 0 2.979089571540147e-07
0.27 0.02 0 4.3522733335396615e-07
0.27 0.03 0 7.09979761570873e-07
0.27 0.04 0 2.3991264002229436e-07
0.27 0.05 0 1.5639408642926522e-07
0.27 0.06 0 1.7408395222601115e-07
0.27 0.07 0 7.379303712245752e-08
0.27 0.08 0 5.0728076637642486e-08
0.27 0.09 0 3.959553369960094e-08
0.27 0.1 0 5.029762066155121e-08
0.27 0.11 0 3.325438892013122e-08
0.27 0.12 0 1.0915070477451414e-07
0.27 0.13 0 3.435194063650574e-07
0.27 0.14 0 3.9549640023275076e-07
0.27 0.15 0 2.504185911746111e-07
0.27 0.16 0 7.871972494218078e-08
0.27 0.17 0 7.769518332760787e-08
0.27 0.18 0 6.65300030269774e-08
0.27 0.19 0 4.7890032256806716e-08
0.27 0.2 0 9.371111912921242e-08
0.27 0.21 0 1.3219602768039615e-07
0.27 0.22 0 6.927942463575205e-07
0.27 0.23 0 3.077318127973918e-07
0.27 0.24 0 3.623882520859835e-07
0.27 0.25 0 4.125234018002335e-07
0.27 0.26 0 3.0365806644434605e-07
0.27 0.27 0 7.767533296605837e-08
0.27 0.28 0 4.101388385147611e-08
0.27 0.29 0 1.2735158845482346e-08
0.27 0.3 0 2.2552773698138134e-09
0.27 0.31 0 1.6218118460459774e-09
0.27 0.32 0 5.323985145140893e-09
0.27 0.33 0 6.683507374355316e-09
0.27 0.34 0 9.615452172662421e-09
0.27 0.35000000000000003 0 7.428235650451767e-09
0.27 0.36 0 1.5158821200522288e-08
0.27 0.37 0 6.297599373367061e-09
0.27 0.38 0 3.655374395192938e-08
0.27 0.39 0 4.555273850126827e-08
0.27 0.4 0 4.380706157816513e-08
0.27 0.41000000000000003 0 5.3835650329933396e-08
0.27 0.42 0 1.0396182586383814e-07
0.27 0.43 0 1.6438376754607566e-07
0.27 0.44 0 1.4016388048540057e-07
0.27 0.45 0 1.3309072771198095e-07
0.27 0.46 0 3.953462539180941e-07
0.27 0.47000000000000003 0 4.042919901241417e-07
0.27 0.48 0 3.5778662353914077e-07
0.27 0.49 0 6.007683899447134e-08
0.27 0.5 0 9.309866715599196e-08
0.28 0.0 0 3.732013395717691e-07
0.28 0.01 0 3.280870119392835e-07
0.28 0.02 0 1.0984740455666996e-07
0.28 0.03 0 2.059815364472132e-07
0.28 0.04 0 9.81377161771975e-08
0.28 0.05 0 4.0925318602689563e-07
0.28 0.06 0 4.989296552235982e-07
0.28 0.07 0 6.14117983357639e-07
0.28 0.08 0 8.048460499457778e-07
0.28 0.09 0 3.104157032603759e-06
0.28 0.1 0 2.9729133127859487e-06
0.28 0.11 0 1.6624255829099595e-06
0.28 0.12 0 8.889849517068067e-07
0.28 0.13 0 2.6011300143536238e-06
0.28 0.14 0 7.665801165954909e-07
0.28 0.15 0 1.110559577926251e-06
0.28 0.16 0 3.9840144834048896e-07
0.28 0.17 0 1.2032120536228788e-06
0.28 0.18 0 1.009131527260402e-06
0.28 0.19 0 4.7216384182851085e-07
0.28 0.2 0 1.6707636399079225e-07
0.28 0.21 0 1.9423249574276588e-07
0.28 0.22 0 5.215378738994001e-07
0.28 0.23 0 9.947637903824478e-07
0.28 0.24 0 7.142694194200954e-07
0.28 0.25 0 5.675863202482884e-07
0.28 0.26 0 1.5078413032983442e-07
0.28 0.27 0 7.54607082208916e-08
0.28 0.28 0 5.842308009296535e-08
0.28 0.29 0 1.0818042600636301e-07
0.28 0.3 0 1.8264266909265986e-08
0.28 0.31 0 1.3130439956256309e-08
0.28 0.32 0 1.4122897872292319e-08
0.28 0.33 0 1.2189032897785679e-08
0.28 0.34 0 1.3085792997267082e-08
0.28 0.35000000000000003 0 2.2344317708386687e-08
0.28 0.36 0 7.18214033414839e-08
0.28 0.37 0 2.3946688393193785e-08
0.28 0.38 0 2.4944570019846625e-08
0.28 0.39 0 4.928945245474802e-08
0.28 0.4 0 2.955862175649519e-08
0.28 0.41000000000000003 0 1.836209215053235e-08
0.28 0.42 0 9.941845544218987e-09
0.28 0.43 0 9.943952360034732e-09
0.28 0.44 0 1.6912402484640997e-08
0.28 0.45 0 4.0484798375155276e-08
0.28 0.46 0 9.140188675577342e-08
0.28 0.47000000000000003 0 7.662208023960693e-08
0.28 0.48 0 9.258018748224565e-08
0.28 0.49 0 2.8683098090246177e-08
0.28 0.5 0 4.4663450668192157e-08
0.29 0.0 0 6.765846840733527e-07
0.29 0.01 0 1.3739408485352613e-06
0.29 0.02 0 1.142999556911789e-06
0.29 0.03 0 1.2834002450116217e-06
0.29 0.04 0 3.8157773236482613e-07
0.29 0.05 0 1.0215369851307062e-06
0.29 0.06 0 3.6804052262632774e-06
0.29 0.07 0 2.913232510056353e-06
0.29 0.08 0 2.1199004522092055e-06
0.29 0.09 0 3.228212423640999e-06
0.29 0.1 0 3.563014648839843e-06
0.29 0.11 0 2.998468412540446e-06
0.29 0.12 0 1.8236653653493071e-06
0.29 0.13 0 1.0575241871083708e-05
0.29 0.14 0 7.6170946664949775e-06
0.29 0.15 0 1.4512479888834577e-05
0.29 0.16 0 3.4111723684050065e-06
0.29 0.17 0 1.807909461056361e-06
0.29 0.18 0 9.308105186379049e-07
0.29 0.19 0 6.939887784880175e-07
0.29 0.2 0 2.294113923342974e-07
0.29 0.21 0 2.5617185136657806e-07
0.29 0.22 0 4.982441192192117e-07
0.29 0.23 0 1.0490853235483501e-06
0.29 0.24 0 7.667676047215943e-07
0.29 0.25 0 9.259425629883902e-07
0.29 0.26 0 3.573117298624373e-07
0.29 0.27 0 4.189718750834236e-07
0.29 0.28 0 1.2036835256458755e-07
0.29 0.29 0 1.223452161190275e-07
0.29 0.3 0 7.997544336417135e-09
0.29 0.31 0 5.742688606056569e-09
0.29 0.32 0 8.327543023747838e-09
0.29 0.33 0 1.2458347326357853e-08
0.29 0.34 0 8.980580763175365e-09
0.29 0.35000000000000003 0 1.470396771632846e-08
0.29 0.36 0 3.827297919714026e-08
0.29 0.37 0 6.426934756640455e-08
0.29 0.38 0 4.433571026973608e-08
0.29 0.39 0 1.426717854139603e-07
0.29 0.4 0 7.500213905643411e-08
0.29 0.41000000000000003 0 1.5071788642837354e-07
0.29 0.42 0 1.9324027061309862e-07
0.29 0.43 0 5.405720012057905e-07
0.29 0.44 0 3.0439938272660004e-07
0.29 0.45 0 1.0822675084992883e-06
0.29 0.46 0 1.573843339863588e-06
0.29 0.47000000000000003 0 1.1302629721163636e-06
0.29 0.48 0 3.268378549748707e-07
0.29 0.49 0 8.12231073066893e-08
0.29 0.5 0 4.686310248141361e-08
0.3 0.0 0 3.5958212922626377e-07
0.3 0.01 0 1.4312136293504427e-07
0.3 0.02 0 5.160006585805656e-08
0.3 0.03 0 6.751461748998546e-08
0.3 0.04 0 8.968088301435233e-08
0.3 0.05 0 4.798349573743905e-08
0.3 0.06 0 1.116721365545882e-07
0.3 0.07 0 4.941916439436414e-08
0.3 0.08 0 9.765113777082852e-08
0.3 0.09 0 1.693242065079196e-07
0.3 0.1 0 6.033002789708043e-07
0.3 0.11 0 1.234919029212985e-06
0.3 0.12 0 1.8146645193883565e-06
0.3 0.13 0 2.5789165708835203e-06
0.3 0.14 0 1.6533642543165204e-06
0.3 0.15 0 2.0567507300763365e-06
0.3 0.16 0 3.361664557681089e-06
0.3 0.17 0 1.1899117202837353e-06
0.3 0.18 0 5.425683055589826e-07
0.3 0.19 0 2.2765231805540868e-07
0.3 0.2 0 1.2276928032514536e-07
0.3 0.21 0 2.1689066374872964e-08
0.3 0.22 0 1.8646311693928973e-08
0.3 0.23 0 5.751704628863431e-09
0.3 0.24 0 4.462628001062051e-09
0.3 0.25 0 5.6043575426504696e-09
0.3 0.26 0 8.020320601610122e-09
0.3 0.27 0 2.348022713913473e-08
0.3 0.28 0 6.150421602689792e-08
0.3 0.29 0 2.2707292651571258e-07
0.3 0.3 0 1.641638002383266e-07
0.3 0.31 0 1.393768567860556e-07
0.3 0.32 0 1.1325726376477444e-06
0.3 0.33 0 2.1565728817897392e-06
0.3 0.34 0 1.2490662960649005e-06
0.3 0.35000000000000003 0 1.266566930999466e-07
0.3 0.36 0 3.172028939744259e-08
0.3 0.37 0 1.603034496983513e-08
0.3 0.38 0 2.8996582803911506e-08
0.3 0.39 0 9.77701950624918e-08
0.3 0.4 0 1.0289286504784118e-07
0.3 0.41000000000000003 0 1.159057125256565e-07
0.3 0.42 0 1.921870466090715e-07
0.3 0.43 0 7.189798932132278e-07
0.3 0.44 0 6.465368468417527e-07
0.3 0.45 0 1.2801637284627686e-06
0.3 0.46 0 3.50485172064907e-06
0.3 0.47000000000000003 0 1.788737440993079e-06
0.3 0.48 0 6.474372556680611e-07
0.3 0.49 0 8.792881152130428e-08
0.3 0.5 0 4.762394383579027e-08
#STOP
