#MEDIUM_PROPERTIES_DISTRIBUTED
$MSH_TYPE
	 GROUNDWATER_FLOW	
$MMP_TYPE
	 PERMEABILITY	
$DIS_TYPE
	 NEAREST_VALUE	
;hj
$CONVERSION_FACTOR
	 1.0	
$DATA
0.0 0.0 0 1.822386668638363e-06
0.0 0.01 0 1.91067525988855e-06
0.0 0.02 0 2.6956786253302308e-06
0.0 0.03 0 1.1430151018719081e-06
0.0 0.04 0 3.710975898888216e-06
0.0 0.05 0 6.256287249254961e-06
0.0 0.06 0 8.979356962426221e-06
0.0 0.07 0 8.777617802358202e-06
0.0 0.08 0 5.494055163262658e-06
0.0 0.09 0 4.6961065409935004e-06
0.0 0.1 0 5.576762534707443e-06
0.0 0.11 0 3.6584998175161305e-06
0.0 0.12 0 3.513861510717738e-06
0.0 0.13 0 3.821502462476498e-06
0.0 0.14 0 3.0394783645895817e-06
0.0 0.15 0 1.1734393756977928e-06
0.0 0.16 0 7.125057193150865e-07
0.0 0.17 0 9.96329527853932e-07
0.0 0.18 0 1.0006969151185053e-06
0.0 0.19 0 8.922503611652389e-07
0.0 0.2 0 1.1783527450413545e-06
0.0 0.21 0 4.853203477359956e-07
0.0 0.22 0 5.954776663053559e-07
0.0 0.23 0 5.544856874254776e-07
0.0 0.24 0 4.7004854008130505e-07
0.0 0.25 0 6.080775158678042e-07
0.0 0.26 0 5.008527102799065e-07
0.0 0.27 0 4.0183101055486005e-07
0.0 0.28 0 4.5248573643190235e-07
0.0 0.29 0 6.661339278787793e-07
0.0 0.3 0 7.959715457638481e-07
0.0 0.31 0 6.054848769026512e-07
0.0 0.32 0 6.086219842511978e-07
0.0 0.33 0 5.86081027783772e-07
0.0 0.34 0 4.7086870256138346e-07
0.0 0.35000000000000003 0 6.524527958378968e-07
0.0 0.36 0 7.333330781442965e-07
0.0 0.37 0 7.71565928077248e-07
0.0 0.38 0 9.43809661582e-07
0.0 0.39 0 1.2565836664478342e-06
0.0 0.4 0 1.8238445157879672e-06
0.0 0.41000000000000003 0 3.1938160994570428e-06
0.0 0.42 0 5.305941465779191e-06
0.0 0.43 0 3.6338966105329182e-06
0.0 0.44 0 4.139207331393422e-06
0.0 0.45 0 2.032792859085121e-06
0.0 0.46 0 3.0639186962102015e-06
0.0 0.47000000000000003 0 1.7128175482818397e-06
0.0 0.48 0 4.455375076444987e-06
0.0 0.49 0 4.870985207806777e-06
0.0 0.5 0 3.1030360769901034e-06
0.01 0.0 0 6.760710828844738e-06
0.01 0.01 0 8.812203381891789e-06
0.01 0.02 0 1.770625004242889e-05
0.01 0.03 0 4.596587530063466e-06
0.01 0.04 0 2.7394612946140114e-06
0.01 0.05 0 2.4578180889227386e-06
0.01 0.06 0 3.937118885383263e-06
0.01 0.07 0 5.6756454142189836e-06
0.01 0.08 0 3.9811614676203985e-06
0.01 0.09 0 2.553935621333578e-06
0.01 0.1 0 5.093626495613574e-06
0.01 0.11 0 4.443551462765721e-06
0.01 0.12 0 4.616231276328761e-06
0.01 0.13 0 2.2688342279829817e-06
0.01 0.14 0 1.6618420703329026e-06
0.01 0.15 0 8.44957493728019e-07
0.01 0.16 0 4.868430485725236e-07
0.01 0.17 0 5.221660623455564e-07
0.01 0.18 0 4.967025087984869e-07
0.01 0.19 0 4.6145940556385905e-07
0.01 0.2 0 7.331147983287695e-07
0.01 0.21 0 1.0585717140507083e-06
0.01 0.22 0 7.927377280966014e-07
0.01 0.23 0 6.787473504853977e-07
0.01 0.24 0 6.165712733287835e-07
0.01 0.25 0 5.910119839363475e-07
0.01 0.26 0 2.922333248327794e-07
0.01 0.27 0 2.515464793439383e-07
0.01 0.28 0 5.091048314491391e-07
0.01 0.29 0 5.740597035745463e-07
0.01 0.3 0 8.843131844284738e-07
0.01 0.31 0 3.8307956881534823e-07
0.01 0.32 0 4.560480681726562e-07
0.01 0.33 0 1.26954701549246e-06
0.01 0.34 0 1.0795099156943176e-06
0.01 0.35000000000000003 0 5.989694574912033e-07
0.01 0.36 0 8.249843888783059e-07
0.01 0.37 0 1.5737200172509944e-06
0.01 0.38 0 1.5952933621153636e-06
0.01 0.39 0 1.4900918537214418e-06
0.01 0.4 0 3.0065903782296406e-06
0.01 0.41000000000000003 0 2.079088019331593e-06
0.01 0.42 0 5.003368498576534e-06
0.01 0.43 0 6.856583724870833e-06
0.01 0.44 0 1.246928234018971e-05
0.01 0.45 0 7.980625703372938e-06
0.01 0.46 0 8.618914826167908e-06
0.01 0.47000000000000003 0 3.309694939681574e-06
0.01 0.48 0 6.543309876938113e-06
0.01 0.49 0 1.3505598359147958e-05
0.01 0.5 0 1.0009709424125358e-05
0.02 0.0 0 5.381520024066929e-06
0.02 0.01 0 3.586062980312255e-06
0.02 0.02 0 4.241747809201516e-06
0.02 0.03 0 2.975509350318103e-06
0.02 0.04 0 9.191539536224488e-07
0.02 0.05 0 1.032085959355518e-06
0.02 0.06 0 1.2112174359612576e-06
0.02 0.07 0 1.3633917493513605e-06
0.02 0.08 0 2.689456766163876e-06
0.02 0.09 0 2.502218439054043e-06
0.02 0.1 0 1.3474890687724692e-06
0.02 0.11 0 4.88961933452252e-07
0.02 0.12 0 5.282619860532413e-07
0.02 0.13 0 6.552305226872008e-07
0.02 0.14 0 8.104491701397498e-07
0.02 0.15 0 1.2780649966011168e-06
0.02 0.16 0 7.178284663873321e-07
0.02 0.17 0 6.825784224591993e-07
0.02 0.18 0 1.3845761471471174e-06
0.02 0.19 0 1.43014635172178e-06
0.02 0.2 0 9.449254314047235e-07
0.02 0.21 0 9.606741900743485e-07
0.02 0.22 0 5.004332283958837e-07
0.02 0.23 0 4.4276877756304667e-07
0.02 0.24 0 5.64740748220836e-07
0.02 0.25 0 1.110244280005772e-06
0.02 0.26 0 1.5775692809148253e-06
0.02 0.27 0 8.520653686057594e-07
0.02 0.28 0 6.544011237372907e-07
0.02 0.29 0 1.085140795006515e-06
0.02 0.3 0 2.344019109132173e-06
0.02 0.31 0 2.6304599147740993e-06
0.02 0.32 0 1.6092949366569535e-06
0.02 0.33 0 1.5728639531553685e-06
0.02 0.34 0 2.1666812635185293e-06
0.02 0.35000000000000003 0 1.665138892756107e-06
0.02 0.36 0 2.067222993153288e-06
0.02 0.37 0 1.6176655117779406e-06
0.02 0.38 0 1.8741423458801074e-06
0.02 0.39 0 2.8329726713497826e-06
0.02 0.4 0 1.9087711487836505e-06
0.02 0.41000000000000003 0 4.463287880230923e-06
0.02 0.42 0 6.974014545338949e-06
0.02 0.43 0 5.739228991086539e-06
0.02 0.44 0 8.81952994404942e-06
0.02 0.45 0 9.46079864267674e-06
0.02 0.46 0 1.0392483714078662e-05
0.02 0.47000000000000003 0 8.00040313743112e-06
0.02 0.48 0 8.69621052801912e-06
0.02 0.49 0 2.2323410783352205e-05
0.02 0.5 0 1.6550696280893215e-05
0.03 0.0 0 5.988924280103706e-06
0.03 0.01 0 6.083608260210303e-06
0.03 0.02 0 5.5256412581955465e-06
0.03 0.03 0 2.1138270642387874e-06
0.03 0.04 0 1.8016226576279512e-06
0.03 0.05 0 1.0670889640983442e-06
0.03 0.06 0 6.761564301064935e-07
0.03 0.07 0 6.104934966730725e-07
0.03 0.08 0 1.2951690419001565e-06
0.03 0.09 0 1.2244539434622051e-06
0.03 0.1 0 8.582936330360588e-07
0.03 0.11 0 5.828367788125987e-07
0.03 0.12 0 1.2478701256405097e-06
0.03 0.13 0 1.2232625803497414e-06
0.03 0.14 0 8.318819987677552e-07
0.03 0.15 0 3.549784424466867e-07
0.03 0.16 0 2.1108036314931005e-07
0.03 0.17 0 4.765969438846862e-07
0.03 0.18 0 3.2615082396994856e-07
0.03 0.19 0 4.875493395914908e-07
0.03 0.2 0 2.1743959732740562e-07
0.03 0.21 0 3.280346281067719e-07
0.03 0.22 0 3.4662307570725456e-07
0.03 0.23 0 3.116410713540152e-07
0.03 0.24 0 3.911705537583105e-07
0.03 0.25 0 4.6380781092553344e-07
0.03 0.26 0 1.2055787033439977e-06
0.03 0.27 0 7.417655224735807e-07
0.03 0.28 0 1.2875441585090393e-06
0.03 0.29 0 2.3190724316358554e-06
0.03 0.3 0 1.961936148719452e-06
0.03 0.31 0 3.2920165442801272e-06
0.03 0.32 0 2.5103979760766463e-06
0.03 0.33 0 2.5874045989469345e-06
0.03 0.34 0 1.7207030300119951e-06
0.03 0.35000000000000003 0 4.009253873007487e-06
0.03 0.36 0 4.146136780287113e-06
0.03 0.37 0 3.860214617230236e-06
0.03 0.38 0 3.768396972281786e-06
0.03 0.39 0 3.947269671791575e-06
0.03 0.4 0 2.4678642175078558e-06
0.03 0.41000000000000003 0 2.4827394579785334e-06
0.03 0.42 0 2.837825174042201e-06
0.03 0.43 0 6.32696965365759e-06
0.03 0.44 0 1.3485295925251018e-05
0.03 0.45 0 7.574809911562021e-06
0.03 0.46 0 1.0583529672565211e-05
0.03 0.47000000000000003 0 8.830562328409135e-06
0.03 0.48 0 1.705568013466639e-05
0.03 0.49 0 1.6366550946606488e-05
0.03 0.5 0 2.076206138296845e-05
0.04 0.0 0 2.130739841577615e-06
0.04 0.01 0 1.6431847098973667e-06
0.04 0.02 0 2.1486505367949586e-06
0.04 0.03 0 1.4202077630292413e-06
0.04 0.04 0 2.0599964051609686e-06
0.04 0.05 0 1.42866758148221e-06
0.04 0.06 0 1.6009642597611386e-06
0.04 0.07 0 5.763423695614211e-07
0.04 0.08 0 9.79662823247302e-07
0.04 0.09 0 7.368787860597222e-07
0.04 0.1 0 3.7929405136493285e-07
0.04 0.11 0 5.418098238597788e-07
0.04 0.12 0 2.4708207393682454e-07
0.04 0.13 0 1.7499906782445573e-07
0.04 0.14 0 2.678276490259379e-07
0.04 0.15 0 5.100019215708399e-07
0.04 0.16 0 4.3092237699806484e-07
0.04 0.17 0 2.3008756992200522e-07
0.04 0.18 0 4.7199077460132286e-07
0.04 0.19 0 7.851411756379871e-07
0.04 0.2 0 4.92927623026777e-07
0.04 0.21 0 3.2967655300122186e-07
0.04 0.22 0 3.6390029102969064e-07
0.04 0.23 0 4.985668899673104e-07
0.04 0.24 0 8.135468808348569e-07
0.04 0.25 0 6.430282268359714e-07
0.04 0.26 0 5.84494390609257e-07
0.04 0.27 0 1.0910355318908074e-06
0.04 0.28 0 1.844267295977985e-06
0.04 0.29 0 2.5540658066246983e-06
0.04 0.3 0 1.792821841277665e-06
0.04 0.31 0 1.7282572064283668e-06
0.04 0.32 0 1.5154171323760786e-06
0.04 0.33 0 1.7109365937412663e-06
0.04 0.34 0 1.1010101364727992e-06
0.04 0.35000000000000003 0 9.656560746584775e-07
0.04 0.36 0 1.434817477204678e-06
0.04 0.37 0 1.943137328775175e-06
0.04 0.38 0 1.1689766181708707e-06
0.04 0.39 0 7.49018561041812e-07
0.04 0.4 0 2.481840506415471e-06
0.04 0.41000000000000003 0 9.418876180705245e-07
0.04 0.42 0 2.208305164523811e-06
0.04 0.43 0 3.4832415640789523e-06
0.04 0.44 0 5.607915803282801e-06
0.04 0.45 0 1.140115078759554e-05
0.04 0.46 0 1.9863935519928874e-05
0.04 0.47000000000000003 0 3.222010824733889e-05
0.04 0.48 0 1.7479822174797756e-05
0.04 0.49 0 1.6024053501186447e-05
0.04 0.5 0 1.8999516275605243e-05
0.05 0.0 0 3.3957531867177477e-06
0.05 0.01 0 2.1990616493038226e-06
0.05 0.02 0 1.3195770962153437e-06
0.05 0.03 0 2.2110229757057137e-06
0.05 0.04 0 2.5157543410801556e-06
0.05 0.05 0 1.3238717563770332e-06
0.05 0.06 0 7.504337905121142e-07
0.05 0.07 0 2.2296359703074375e-07
0.05 0.08 0 5.649589801575485e-07
0.05 0.09 0 5.395148692294821e-07
0.05 0.1 0 7.670034128391329e-07
0.05 0.11 0 4.0620616101477557e-07
0.05 0.12 0 6.008139242294703e-07
0.05 0.13 0 5.016032948766512e-07
0.05 0.14 0 1.580288490885185e-07
0.05 0.15 0 4.1283330529013557e-07
0.05 0.16 0 1.0141967007972273e-06
0.05 0.17 0 7.98330624225067e-07
0.05 0.18 0 6.360916613246438e-07
0.05 0.19 0 1.0087826713197692e-06
0.05 0.2 0 1.024204835933139e-06
0.05 0.21 0 5.498611771324909e-07
0.05 0.22 0 4.0650137840500956e-07
0.05 0.23 0 1.97241453829213e-07
0.05 0.24 0 1.1002320449112634e-07
0.05 0.25 0 2.087086921717959e-07
0.05 0.26 0 1.7349932246075926e-07
0.05 0.27 0 2.4648986623693795e-07
0.05 0.28 0 6.482203881156357e-07
0.05 0.29 0 1.4227562180256646e-06
0.05 0.3 0 1.2604411653367673e-06
0.05 0.31 0 1.1148320026738786e-06
0.05 0.32 0 1.3033120800634536e-06
0.05 0.33 0 8.939677685682106e-07
0.05 0.34 0 9.312675181665745e-07
0.05 0.35000000000000003 0 1.0684329736137e-06
0.05 0.36 0 1.2600310937606227e-06
0.05 0.37 0 1.1572196693894232e-06
0.05 0.38 0 1.8162637818620454e-06
0.05 0.39 0 1.5221815000485973e-06
0.05 0.4 0 1.604511237088764e-06
0.05 0.41000000000000003 0 1.2724177611710535e-06
0.05 0.42 0 1.6081343215665435e-06
0.05 0.43 0 2.7699467595071655e-06
0.05 0.44 0 5.976558109612177e-06
0.05 0.45 0 5.941213829228242e-06
0.05 0.46 0 6.412140705504148e-06
0.05 0.47000000000000003 0 1.0582617683077592e-05
0.05 0.48 0 7.884472215364326e-06
0.05 0.49 0 3.590979413169332e-06
0.05 0.5 0 2.8334370047759413e-06
0.06 0.0 0 2.1751861160674945e-06
0.06 0.01 0 2.982032253631698e-06
0.06 0.02 0 2.6660843691150916e-06
0.06 0.03 0 1.1375485371943417e-06
0.06 0.04 0 1.1327854918448173e-06
0.06 0.05 0 5.381901816642632e-07
0.06 0.06 0 9.764190307275163e-07
0.06 0.07 0 5.919365845768428e-07
0.06 0.08 0 4.647374691228595e-07
0.06 0.09 0 9.162142349004655e-07
0.06 0.1 0 5.098858341501371e-07
0.06 0.11 0 3.5455786842918965e-07
0.06 0.12 0 4.4745789549853056e-07
0.06 0.13 0 4.942829957138143e-07
0.06 0.14 0 4.715645042535324e-07
0.06 0.15 0 6.420346858715417e-07
0.06 0.16 0 7.47605204810121e-07
0.06 0.17 0 1.426898527434472e-06
0.06 0.18 0 8.160671633615027e-07
0.06 0.19 0 1.1933668997835768e-06
0.06 0.2 0 4.821504943384153e-07
0.06 0.21 0 3.4145358316994854e-07
0.06 0.22 0 2.626231372539544e-07
0.06 0.23 0 2.5896666999138624e-07
0.06 0.24 0 2.865150780827355e-07
0.06 0.25 0 3.7365381697409317e-07
0.06 0.26 0 2.2308945919463387e-07
0.06 0.27 0 4.615583488691987e-07
0.06 0.28 0 5.451326739289566e-07
0.06 0.29 0 8.810326382025094e-07
0.06 0.3 0 7.192886783326519e-07
0.06 0.31 0 4.5298332693457604e-07
0.06 0.32 0 1.0459462043297636e-06
0.06 0.33 0 1.1282476187294807e-06
0.06 0.34 0 1.016173206140431e-06
0.06 0.35000000000000003 0 8.60384324326327e-07
0.06 0.36 0 1.1183467811691266e-06
0.06 0.37 0 1.1638363036282785e-06
0.06 0.38 0 1.7400162719312781e-06
0.06 0.39 0 2.337464478129842e-06
0.06 0.4 0 1.615046316322931e-06
0.06 0.41000000000000003 0 1.265027914722317e-06
0.06 0.42 0 6.02349422324541e-07
0.06 0.43 0 1.269452031040102e-06
0.06 0.44 0 1.5345023794737954e-06
0.06 0.45 0 3.4967693503190605e-06
0.06 0.46 0 2.3905079748682708e-06
0.06 0.47000000000000003 0 2.265356568354019e-06
0.06 0.48 0 5.396169470389541e-06
0.06 0.49 0 2.678101600172435e-06
0.06 0.5 0 2.3832936019178996e-06
0.07 0.0 0 1.0075552952262432e-06
0.07 0.01 0 1.1474117238562862e-06
0.07 0.02 0 1.1544673668569419e-06
0.07 0.03 0 7.927734071379684e-07
0.07 0.04 0 1.5041671069326864e-06
0.07 0.05 0 2.3221494241355544e-06
0.07 0.06 0 2.309158626673362e-06
0.07 0.07 0 1.2109650228140218e-06
0.07 0.08 0 9.723354693017824e-07
0.07 0.09 0 1.179884989965294e-06
0.07 0.1 0 1.0941622721898196e-06
0.07 0.11 0 1.8006207459757946e-06
0.07 0.12 0 9.7608083504091e-07
0.07 0.13 0 1.2163842398883576e-06
0.07 0.14 0 1.0610481927579825e-06
0.07 0.15 0 8.401654868646992e-07
0.07 0.16 0 3.935971656097526e-07
0.07 0.17 0 8.738192268292953e-07
0.07 0.18 0 6.658760844520598e-07
0.07 0.19 0 8.780594439856632e-07
0.07 0.2 0 1.595954364402408e-06
0.07 0.21 0 2.6679127095636498e-06
0.07 0.22 0 1.8508930371610855e-06
0.07 0.23 0 7.158130605885731e-07
0.07 0.24 0 4.019894573589915e-07
0.07 0.25 0 2.9539774216249716e-07
0.07 0.26 0 3.030057744865957e-07
0.07 0.27 0 2.5045101513563475e-07
0.07 0.28 0 1.9123232157446098e-07
0.07 0.29 0 2.8810023705579444e-07
0.07 0.3 0 3.232508919538361e-07
0.07 0.31 0 3.529848024519138e-07
0.07 0.32 0 6.403167589216691e-07
0.07 0.33 0 1.0862311438766082e-06
0.07 0.34 0 9.646783477955532e-07
0.07 0.35000000000000003 0 1.1459996639126313e-06
0.07 0.36 0 8.927076218524826e-07
0.07 0.37 0 1.716543287209261e-06
0.07 0.38 0 2.0015970609052715e-06
0.07 0.39 0 3.289074901520709e-06
0.07 0.4 0 2.0198842746958086e-06
0.07 0.41000000000000003 0 2.1334713857320718e-06
0.07 0.42 0 1.7344667902247838e-06
0.07 0.43 0 1.650869061992658e-06
0.07 0.44 0 2.3996764090508838e-06
0.07 0.45 0 2.026407030036901e-06
0.07 0.46 0 2.0970416735171956e-06
0.07 0.47000000000000003 0 1.5066280068675151e-06
0.07 0.48 0 1.8134914178913823e-06
0.07 0.49 0 2.5427919172708242e-06
0.07 0.5 0 2.259530305879691e-06
0.08 0.0 0 1.1903248876676786e-06
0.08 0.01 0 5.93933375035404e-07
0.08 0.02 0 8.887996347241004e-07
0.08 0.03 0 8.955096781331192e-07
0.08 0.04 0 1.2930886865390787e-06
0.08 0.05 0 1.140324869094735e-06
0.08 0.06 0 1.02581095158327e-06
0.08 0.07 0 3.0218425147745353e-06
0.08 0.08 0 1.5097483923693387e-06
0.08 0.09 0 8.650631097690561e-07
0.08 0.1 0 9.510638905782685e-07
0.08 0.11 0 1.022526968376817e-06
0.08 0.12 0 2.166804458656854e-06
0.08 0.13 0 1.7237442325012271e-06
0.08 0.14 0 1.6224341553150988e-06
0.08 0.15 0 1.3931284177774923e-06
0.08 0.16 0 1.712431472846209e-06
0.08 0.17 0 1.6283469790926432e-06
0.08 0.18 0 1.899158410366834e-06
0.08 0.19 0 1.6750132595234795e-06
0.08 0.2 0 1.3197921881782675e-06
0.08 0.21 0 7.053745352606116e-07
0.08 0.22 0 8.404831132841679e-07
0.08 0.23 0 8.914837468757385e-07
0.08 0.24 0 3.361954129317262e-07
0.08 0.25 0 5.48360062828756e-07
0.08 0.26 0 2.6984146447357803e-07
0.08 0.27 0 2.676023491727488e-07
0.08 0.28 0 3.877818255603002e-07
0.08 0.29 0 5.329323495644063e-07
0.08 0.3 0 3.326076159052149e-07
0.08 0.31 0 3.259757198524675e-07
0.08 0.32 0 3.0851294237494843e-07
0.08 0.33 0 5.676315784504584e-07
0.08 0.34 0 1.0714600192865093e-06
0.08 0.35000000000000003 0 1.6428656724061836e-06
0.08 0.36 0 1.5407394810232168e-06
0.08 0.37 0 1.1756850939471502e-06
0.08 0.38 0 3.971375498797467e-06
0.08 0.39 0 3.5350067941670234e-06
0.08 0.4 0 2.0720479584985534e-06
0.08 0.41000000000000003 0 2.033808266894645e-06
0.08 0.42 0 1.1911215515009946e-06
0.08 0.43 0 1.6089521761859546e-06
0.08 0.44 0 1.5366267225520277e-06
0.08 0.45 0 2.1502232913318362e-06
0.08 0.46 0 4.297365790145578e-06
0.08 0.47000000000000003 0 1.9385719384844355e-06
0.08 0.48 0 2.8874168394332564e-06
0.08 0.49 0 1.918956678552965e-06
0.08 0.5 0 1.4480375287820254e-06
0.09 0.0 0 5.78976889915078e-07
0.09 0.01 0 9.158500583332251e-07
0.09 0.02 0 7.410055756956507e-07
0.09 0.03 0 6.583001728496869e-07
0.09 0.04 0 1.728547390208161e-06
0.09 0.05 0 8.3316420305859e-07
0.09 0.06 0 9.604482557769841e-07
0.09 0.07 0 7.225812799114263e-07
0.09 0.08 0 1.2936679780552364e-06
0.09 0.09 0 1.362140934858431e-06
0.09 0.1 0 2.0176616767686617e-06
0.09 0.11 0 1.9261749477857337e-06
0.09 0.12 0 1.0659676571057588e-06
0.09 0.13 0 1.2022935616676332e-06
0.09 0.14 0 1.7692132325605758e-06
0.09 0.15 0 1.259613564674669e-06
0.09 0.16 0 1.170664041087299e-06
0.09 0.17 0 1.3349416707062841e-06
0.09 0.18 0 1.4286344832016563e-06
0.09 0.19 0 1.6439399747480252e-06
0.09 0.2 0 7.295561366896565e-07
0.09 0.21 0 1.6745639382819917e-06
0.09 0.22 0 1.375486460181581e-06
0.09 0.23 0 2.7106771246413e-06
0.09 0.24 0 9.795619693317704e-07
0.09 0.25 0 6.383069763688103e-07
0.09 0.26 0 5.728635970037054e-07
0.09 0.27 0 8.58895077944635e-07
0.09 0.28 0 1.2284484367281547e-06
0.09 0.29 0 6.828481017839856e-07
0.09 0.3 0 5.857802783725305e-07
0.09 0.31 0 5.698149696634595e-07
0.09 0.32 0 6.95613802789117e-07
0.09 0.33 0 8.431540174066161e-07
0.09 0.34 0 9.866060845465267e-07
0.09 0.35000000000000003 0 1.5969375651501797e-06
0.09 0.36 0 2.194208667491413e-06
0.09 0.37 0 1.382574921213576e-06
0.09 0.38 0 2.2566027811872107e-06
0.09 0.39 0 4.35805337836187e-06
0.09 0.4 0 5.410886125926671e-06
0.09 0.41000000000000003 0 2.223923875099208e-06
0.09 0.42 0 1.7879325869991703e-06
0.09 0.43 0 1.529953623911016e-06
0.09 0.44 0 1.470844149804105e-06
0.09 0.45 0 2.4698489721829945e-06
0.09 0.46 0 2.3140241489085438e-06
0.09 0.47000000000000003 0 1.5625326757279241e-06
0.09 0.48 0 1.7928290219614514e-06
0.09 0.49 0 2.226085689977256e-06
0.09 0.5 0 2.9663440576307163e-06
0.1 0.0 0 3.664186883672657e-07
0.1 0.01 0 3.200764754008394e-07
0.1 0.02 0 5.627946805612054e-07
0.1 0.03 0 1.101857549114795e-06
0.1 0.04 0 8.610662973431305e-07
0.1 0.05 0 1.0073058725462221e-06
0.1 0.06 0 1.1718416970529075e-06
0.1 0.07 0 2.0924694630167227e-06
0.1 0.08 0 4.265205072314908e-06
0.1 0.09 0 1.8407640451241578e-06
0.1 0.1 0 1.2504809841957559e-06
0.1 0.11 0 2.168413504130763e-06
0.1 0.12 0 1.477718549799792e-06
0.1 0.13 0 1.6602296728626845e-06
0.1 0.14 0 1.6309088927016596e-06
0.1 0.15 0 3.545381891724168e-06
0.1 0.16 0 1.344973889805527e-06
0.1 0.17 0 1.474287572635193e-06
0.1 0.18 0 2.0404434066987845e-06
0.1 0.19 0 1.44120409978842e-06
0.1 0.2 0 1.131048247301589e-06
0.1 0.21 0 2.856868203904527e-06
0.1 0.22 0 1.614914934298781e-06
0.1 0.23 0 3.063264836525354e-06
0.1 0.24 0 3.2637324040981745e-06
0.1 0.25 0 2.3781728738678684e-06
0.1 0.26 0 8.630573091366666e-07
0.1 0.27 0 7.532266143377308e-07
0.1 0.28 0 6.114891913230906e-07
0.1 0.29 0 4.7498217072096164e-07
0.1 0.3 0 6.700541749826347e-07
0.1 0.31 0 5.258174909298919e-07
0.1 0.32 0 9.48293421062243e-07
0.1 0.33 0 2.4072112105986984e-06
0.1 0.34 0 4.668388637573277e-06
0.1 0.35000000000000003 0 2.935911186071436e-06
0.1 0.36 0 2.690204238795195e-06
0.1 0.37 0 5.192964155676922e-06
0.1 0.38 0 2.2968010208490977e-06
0.1 0.39 0 2.7948242909143485e-06
0.1 0.4 0 1.0330398029173632e-06
0.1 0.41000000000000003 0 1.2871802785957026e-06
0.1 0.42 0 1.6266977166047083e-06
0.1 0.43 0 9.582991705529376e-07
0.1 0.44 0 7.53756236155808e-07
0.1 0.45 0 8.312378811563146e-07
0.1 0.46 0 1.7771906160735665e-06
0.1 0.47000000000000003 0 2.2801151553901497e-06
0.1 0.48 0 1.4756570262149485e-06
0.1 0.49 0 2.7411641030374406e-06
0.1 0.5 0 3.131492915387845e-06
0.11 0.0 0 2.506969750840998e-07
0.11 0.01 0 2.2972974777860374e-07
0.11 0.02 0 3.895843429980125e-07
0.11 0.03 0 4.5726249468866653e-07
0.11 0.04 0 6.393323080489303e-07
0.11 0.05 0 1.2511517734322516e-06
0.11 0.06 0 9.020471527154318e-07
0.11 0.07 0 1.68084662742846e-06
0.11 0.08 0 2.6029823051149453e-06
0.11 0.09 0 3.035160374112231e-06
0.11 0.1 0 1.5604112202071228e-06
0.11 0.11 0 1.0701524360646815e-06
0.11 0.12 0 1.4867195794638095e-06
0.11 0.13 0 2.7033657546176965e-06
0.11 0.14 0 3.7242738548114507e-06
0.11 0.15 0 2.875378054517247e-06
0.11 0.16 0 1.0248636587207116e-06
0.11 0.17 0 1.5143242108729951e-06
0.11 0.18 0 1.527451611871137e-06
0.11 0.19 0 2.933625384379913e-06
0.11 0.2 0 2.203959481547548e-06
0.11 0.21 0 1.612917357463055e-06
0.11 0.22 0 1.6818343116171819e-06
0.11 0.23 0 2.147135433396828e-06
0.11 0.24 0 3.7355094066843748e-06
0.11 0.25 0 4.363545747136301e-06
0.11 0.26 0 2.320958370213575e-06
0.11 0.27 0 2.2900590981097043e-06
0.11 0.28 0 2.3619715424515388e-06
0.11 0.29 0 4.665290596218169e-06
0.11 0.3 0 2.502163849639574e-06
0.11 0.31 0 3.7605219645260713e-06
0.11 0.32 0 3.7468044372852796e-06
0.11 0.33 0 2.410070754232745e-06
0.11 0.34 0 2.073145371641766e-06
0.11 0.35000000000000003 0 4.527303839390218e-06
0.11 0.36 0 2.5408497991674256e-06
0.11 0.37 0 2.746186764611292e-06
0.11 0.38 0 3.826215422179784e-06
0.11 0.39 0 3.2127721503229275e-06
0.11 0.4 0 2.17050771338507e-06
0.11 0.41000000000000003 0 2.127469504504106e-06
0.11 0.42 0 3.0865975010711943e-06
0.11 0.43 0 1.6574753124985e-06
0.11 0.44 0 1.1695898154113389e-06
0.11 0.45 0 4.96836432176709e-07
0.11 0.46 0 5.305162305366572e-07
0.11 0.47000000000000003 0 9.65396303467143e-07
0.11 0.48 0 1.6861200781107602e-06
0.11 0.49 0 1.6409570696524585e-06
0.11 0.5 0 1.712946167897686e-06
0.12 0.0 0 7.130315382714355e-07
0.12 0.01 0 8.439346532541556e-07
0.12 0.02 0 3.8693927172579797e-07
0.12 0.03 0 4.113489064868991e-07
0.12 0.04 0 5.270260962520285e-07
0.12 0.05 0 1.5464486487725601e-06
0.12 0.06 0 1.8567994166099867e-06
0.12 0.07 0 1.5572216367933112e-06
0.12 0.08 0 2.4410640259394668e-06
0.12 0.09 0 2.7250465417743638e-06
0.12 0.1 0 2.6746088687925723e-06
0.12 0.11 0 3.3145267389542313e-06
0.12 0.12 0 3.564632693084864e-06
0.12 0.13 0 2.531226766681001e-06
0.12 0.14 0 3.2471051159644514e-06
0.12 0.15 0 1.5981864900679802e-06
0.12 0.16 0 2.66560354817162e-06
0.12 0.17 0 2.48015938858631e-06
0.12 0.18 0 2.3196457781616563e-06
0.12 0.19 0 2.3067695319463224e-06
0.12 0.2 0 1.3718074974749766e-06
0.12 0.21 0 5.306261472685575e-06
0.12 0.22 0 3.3640714361080867e-06
0.12 0.23 0 3.081437009871082e-06
0.12 0.24 0 3.4962797342519278e-06
0.12 0.25 0 7.226875074024684e-06
0.12 0.26 0 4.712613693749551e-06
0.12 0.27 0 4.1942367348755145e-06
0.12 0.28 0 5.323236495230201e-06
0.12 0.29 0 5.850873109024191e-06
0.12 0.3 0 3.0042446324524313e-06
0.12 0.31 0 2.147231279797066e-06
0.12 0.32 0 2.58017529388641e-06
0.12 0.33 0 2.180514455043353e-06
0.12 0.34 0 3.424564998282751e-06
0.12 0.35000000000000003 0 2.7309020106414846e-06
0.12 0.36 0 3.4527077660953382e-06
0.12 0.37 0 2.3146933979507946e-06
0.12 0.38 0 1.3529533427615114e-06
0.12 0.39 0 7.751891524129956e-07
0.12 0.4 0 1.3077268040972233e-06
0.12 0.41000000000000003 0 8.106795928647828e-07
0.12 0.42 0 9.396235828742294e-07
0.12 0.43 0 1.3551777919274434e-06
0.12 0.44 0 1.3456749893834208e-06
0.12 0.45 0 1.2845310916583858e-06
0.12 0.46 0 1.2852610701995286e-06
0.12 0.47000000000000003 0 1.5840345586732493e-06
0.12 0.48 0 2.707754135700619e-06
0.12 0.49 0 2.483371161765733e-06
0.12 0.5 0 1.5334592863251867e-06
0.13 0.0 0 5.136246262379593e-07
0.13 0.01 0 8.935615072523038e-07
0.13 0.02 0 1.0864771457733221e-06
0.13 0.03 0 9.567620105732172e-07
0.13 0.04 0 1.3359474518461748e-06
0.13 0.05 0 1.3842742725286353e-06
0.13 0.06 0 1.4769571193681853e-06
0.13 0.07 0 1.0175298580889464e-06
0.13 0.08 0 3.637923890268431e-06
0.13 0.09 0 5.019907043874519e-06
0.13 0.1 0 5.995539821475668e-06
0.13 0.11 0 4.4220105539152985e-06
0.13 0.12 0 4.860258688724727e-06
0.13 0.13 0 3.183096156670413e-06
0.13 0.14 0 3.3442019247668578e-06
0.13 0.15 0 4.326279482769737e-06
0.13 0.16 0 2.821109102242187e-06
0.13 0.17 0 3.732289858339487e-06
0.13 0.18 0 3.0234610358784237e-06
0.13 0.19 0 5.470387426813187e-06
0.13 0.2 0 2.5671020224668616e-06
0.13 0.21 0 3.3233543743535966e-06
0.13 0.22 0 1.976451294825052e-06
0.13 0.23 0 1.381098903970668e-06
0.13 0.24 0 1.869604657458176e-06
0.13 0.25 0 2.1696352493725236e-06
0.13 0.26 0 2.3959704815800265e-06
0.13 0.27 0 3.2891681181440993e-06
0.13 0.28 0 3.923638607734109e-06
0.13 0.29 0 2.7810217035452226e-06
0.13 0.3 0 2.286737567107539e-06
0.13 0.31 0 2.5714493501582284e-06
0.13 0.32 0 3.6615178778377295e-06
0.13 0.33 0 3.5520129929180822e-06
0.13 0.34 0 2.2517014585432886e-06
0.13 0.35000000000000003 0 1.1537541658812263e-06
0.13 0.36 0 1.597777502868631e-06
0.13 0.37 0 1.6678413994197523e-06
0.13 0.38 0 1.1024837921633953e-06
0.13 0.39 0 6.683289790156585e-07
0.13 0.4 0 1.1420435284922546e-06
0.13 0.41000000000000003 0 9.723466304846612e-07
0.13 0.42 0 8.233401102255135e-07
0.13 0.43 0 1.0388451072507605e-06
0.13 0.44 0 1.7861519220917119e-06
0.13 0.45 0 1.9508690157180304e-06
0.13 0.46 0 1.875952255460954e-06
0.13 0.47000000000000003 0 1.848492312017659e-06
0.13 0.48 0 3.186971791504543e-06
0.13 0.49 0 4.1513817112404e-06
0.13 0.5 0 3.5656819476399057e-06
0.14 0.0 0 1.1475379881108164e-06
0.14 0.01 0 8.667505239119293e-07
0.14 0.02 0 5.887331997334154e-07
0.14 0.03 0 5.986862787779189e-07
0.14 0.04 0 7.259223174763716e-07
0.14 0.05 0 5.998953927776715e-07
0.14 0.06 0 1.5442649371486233e-06
0.14 0.07 0 1.3763085047574844e-06
0.14 0.08 0 9.940350863937786e-07
0.14 0.09 0 3.2561731010036676e-06
0.14 0.1 0 3.2523885976208565e-06
0.14 0.11 0 3.7475209585655496e-06
0.14 0.12 0 7.685800779087061e-06
0.14 0.13 0 9.64338836857056e-06
0.14 0.14 0 3.5887559286829034e-06
0.14 0.15 0 3.0179415174591534e-06
0.14 0.16 0 2.7433781112831616e-06
0.14 0.17 0 3.459378881626003e-06
0.14 0.18 0 1.7838074543596204e-06
0.14 0.19 0 3.0227090734434277e-06
0.14 0.2 0 1.3710407771650985e-06
0.14 0.21 0 1.8751253997940726e-06
0.14 0.22 0 2.4844156052921748e-06
0.14 0.23 0 2.309793655124105e-06
0.14 0.24 0 2.237371251144089e-06
0.14 0.25 0 4.094110057536873e-06
0.14 0.26 0 3.83395857149592e-06
0.14 0.27 0 2.8196984150240627e-06
0.14 0.28 0 2.8603306369714406e-06
0.14 0.29 0 3.520364631847872e-06
0.14 0.3 0 3.584241150792559e-06
0.14 0.31 0 2.3585950598164637e-06
0.14 0.32 0 2.2970816831937937e-06
0.14 0.33 0 3.001709932309726e-06
0.14 0.34 0 2.7333085300626423e-06
0.14 0.35000000000000003 0 3.154933519745646e-06
0.14 0.36 0 1.7854807488176463e-06
0.14 0.37 0 1.8334102974063658e-06
0.14 0.38 0 2.40912740824762e-06
0.14 0.39 0 9.552127274502e-07
0.14 0.4 0 9.246722282428304e-07
0.14 0.41000000000000003 0 7.441448996371856e-07
0.14 0.42 0 7.769648942688449e-07
0.14 0.43 0 1.1475733141025914e-06
0.14 0.44 0 3.1240264729480585e-06
0.14 0.45 0 8.11995349810911e-06
0.14 0.46 0 5.361303695978058e-06
0.14 0.47000000000000003 0 5.0109728977924775e-06
0.14 0.48 0 6.273847823300271e-06
0.14 0.49 0 3.492655572069376e-06
0.14 0.5 0 4.032100319640235e-06
0.15 0.0 0 3.1621065868962606e-07
0.15 0.01 0 3.309373925002858e-07
0.15 0.02 0 2.9612072699370837e-07
0.15 0.03 0 3.4173546476679357e-07
0.15 0.04 0 2.2904690555704336e-07
0.15 0.05 0 6.73445650982798e-07
0.15 0.06 0 2.203142708961713e-06
0.15 0.07 0 3.873786917330957e-06
0.15 0.08 0 4.967357615753429e-06
0.15 0.09 0 4.414104380878589e-06
0.15 0.1 0 6.1334599168443365e-06
0.15 0.11 0 1.117845701473166e-05
0.15 0.12 0 7.42665075770996e-06
0.15 0.13 0 9.943295464337861e-06
0.15 0.14 0 5.120771275772963e-06
0.15 0.15 0 6.613561477206768e-06
0.15 0.16 0 5.6195078809369e-06
0.15 0.17 0 6.478605501235259e-06
0.15 0.18 0 4.318038875895806e-06
0.15 0.19 0 1.8473908817487667e-06
0.15 0.2 0 3.3649948725464523e-06
0.15 0.21 0 1.553218786507162e-06
0.15 0.22 0 1.4938493761171285e-06
0.15 0.23 0 2.5284516954947403e-06
0.15 0.24 0 2.286229646127743e-06
0.15 0.25 0 2.426880732961575e-06
0.15 0.26 0 1.8501122387912328e-06
0.15 0.27 0 2.6346832010925823e-06
0.15 0.28 0 2.7130707076964416e-06
0.15 0.29 0 4.776713421124315e-06
0.15 0.3 0 4.532615396060826e-06
0.15 0.31 0 2.3728271962011897e-06
0.15 0.32 0 2.0067371174564504e-06
0.15 0.33 0 2.528595061735194e-06
0.15 0.34 0 1.7355965917288043e-06
0.15 0.35000000000000003 0 1.9347241263804647e-06
0.15 0.36 0 2.0515694683302096e-06
0.15 0.37 0 1.7889208950870443e-06
0.15 0.38 0 2.2763124064092817e-06
0.15 0.39 0 7.559262967853351e-07
0.15 0.4 0 9.615490050608432e-07
0.15 0.41000000000000003 0 1.214132424518264e-06
0.15 0.42 0 2.242368750206632e-06
0.15 0.43 0 1.3244007578838559e-06
0.15 0.44 0 9.557158976282676e-07
0.15 0.45 0 1.3397970098883636e-06
0.15 0.46 0 1.544935523697347e-06
0.15 0.47000000000000003 0 5.008428807514653e-06
0.15 0.48 0 6.8140122447280615e-06
0.15 0.49 0 8.999518393014207e-06
0.15 0.5 0 6.250918853995267e-06
0.16 0.0 0 3.5968236267950465e-07
0.16 0.01 0 3.368036862757122e-07
0.16 0.02 0 4.920730054444448e-07
0.16 0.03 0 1.0178724921430336e-06
0.16 0.04 0 1.637331007526598e-06
0.16 0.05 0 1.7458370992410273e-06
0.16 0.06 0 9.603090419939705e-07
0.16 0.07 0 1.0078685986633421e-06
0.16 0.08 0 1.5687287350592507e-06
0.16 0.09 0 1.366308262789973e-06
0.16 0.1 0 3.641982094748398e-06
0.16 0.11 0 2.0135415924407836e-06
0.16 0.12 0 3.3452872777113246e-06
0.16 0.13 0 3.4229940359038843e-06
0.16 0.14 0 4.676253025308144e-06
0.16 0.15 0 2.839651731390833e-06
0.16 0.16 0 2.7088451943851976e-06
0.16 0.17 0 3.2228874991447073e-06
0.16 0.18 0 3.753068604570567e-06
0.16 0.19 0 4.548428600367864e-06
0.16 0.2 0 6.444326337053053e-06
0.16 0.21 0 8.143487085713543e-06
0.16 0.22 0 1.1046753938726163e-05
0.16 0.23 0 8.971533405346935e-06
0.16 0.24 0 3.2070297150622208e-06
0.16 0.25 0 2.3685271937285793e-06
0.16 0.26 0 2.661758315597118e-06
0.16 0.27 0 6.761892188105173e-06
0.16 0.28 0 8.067643287010207e-06
0.16 0.29 0 1.0848251717568515e-05
0.16 0.3 0 9.664429326361296e-06
0.16 0.31 0 8.640085581582584e-06
0.16 0.32 0 4.312909839628245e-06
0.16 0.33 0 2.3495928339409436e-06
0.16 0.34 0 7.589794829568138e-06
0.16 0.35000000000000003 0 4.860877715596507e-06
0.16 0.36 0 5.985455905897426e-06
0.16 0.37 0 2.5223242710090125e-06
0.16 0.38 0 1.6312956722342285e-06
0.16 0.39 0 1.3431207230526022e-06
0.16 0.4 0 1.2056878318691049e-06
0.16 0.41000000000000003 0 9.845009932682528e-07
0.16 0.42 0 3.957133315613254e-07
0.16 0.43 0 5.349716740475767e-07
0.16 0.44 0 9.622103859345039e-07
0.16 0.45 0 5.824541700829201e-07
0.16 0.46 0 1.3220250175491027e-06
0.16 0.47000000000000003 0 1.1169918928958257e-06
0.16 0.48 0 1.6129141479598076e-06
0.16 0.49 0 1.504469749974212e-06
0.16 0.5 0 1.9551766351667266e-06
0.17 0.0 0 9.215508201823989e-07
0.17 0.01 0 8.322116277207314e-07
0.17 0.02 0 1.7921995317979991e-06
0.17 0.03 0 1.5073755049340489e-06
0.17 0.04 0 4.1415463307089905e-06
0.17 0.05 0 1.1360692180092703e-06
0.17 0.06 0 9.931480925440554e-07
0.17 0.07 0 1.1023261043144875e-06
0.17 0.08 0 1.7824227799522527e-06
0.17 0.09 0 2.334573753784154e-06
0.17 0.1 0 2.058468437941943e-06
0.17 0.11 0 1.6603747246426261e-06
0.17 0.12 0 2.1342212482664662e-06
0.17 0.13 0 4.025655953498612e-06
0.17 0.14 0 3.930967026976861e-06
0.17 0.15 0 5.886886434502451e-06
0.17 0.16 0 1.0127640100012857e-05
0.17 0.17 0 5.278837104129608e-06
0.17 0.18 0 2.688312643963088e-06
0.17 0.19 0 4.894545751664547e-06
0.17 0.2 0 5.379141251261275e-06
0.17 0.21 0 4.072686116850736e-06
0.17 0.22 0 3.2159437670057455e-06
0.17 0.23 0 7.983096802698342e-06
0.17 0.24 0 1.0902987887127006e-05
0.17 0.25 0 7.141404566579896e-06
0.17 0.26 0 6.830441983630602e-06
0.17 0.27 0 1.0303134210796096e-05
0.17 0.28 0 1.0383873168253454e-05
0.17 0.29 0 6.670627164847609e-06
0.17 0.3 0 2.791604945295913e-06
0.17 0.31 0 3.704999897632842e-06
0.17 0.32 0 5.186535821147513e-06
0.17 0.33 0 3.992287392851518e-06
0.17 0.34 0 3.256167280703408e-06
0.17 0.35000000000000003 0 1.61864260722008e-06
0.17 0.36 0 3.1912653765479977e-06
0.17 0.37 0 1.5147634798503995e-06
0.17 0.38 0 2.39081356803382e-06
0.17 0.39 0 2.9313243704079187e-06
0.17 0.4 0 3.336802672507126e-06
0.17 0.41000000000000003 0 1.8257610609586104e-06
0.17 0.42 0 1.4777300972117376e-06
0.17 0.43 0 8.789788088022492e-07
0.17 0.44 0 8.762618368694589e-07
0.17 0.45 0 6.113700938291446e-07
0.17 0.46 0 6.19204618631186e-07
0.17 0.47000000000000003 0 5.341813283782211e-07
0.17 0.48 0 9.219805320219875e-07
0.17 0.49 0 6.239515056327792e-07
0.17 0.5 0 1.1445123027511333e-06
0.18 0.0 0 6.645786136393982e-07
0.18 0.01 0 3.3477378437996986e-07
0.18 0.02 0 3.351446764886836e-07
0.18 0.03 0 7.385806778018606e-07
0.18 0.04 0 1.8519164852893812e-06
0.18 0.05 0 2.7547403111838725e-06
0.18 0.06 0 1.3073652767686741e-06
0.18 0.07 0 1.4695288355826993e-06
0.18 0.08 0 2.599366775045357e-06
0.18 0.09 0 3.885610861017739e-06
0.18 0.1 0 2.7157032652180614e-06
0.18 0.11 0 2.9770214470365e-06
0.18 0.12 0 2.020513188811275e-06
0.18 0.13 0 2.626151664632183e-06
0.18 0.14 0 2.713942849668091e-06
0.18 0.15 0 3.307121250481453e-06
0.18 0.16 0 4.153458215861853e-06
0.18 0.17 0 3.4480786875841693e-06
0.18 0.18 0 3.1559422334616015e-06
0.18 0.19 0 2.6428799128724953e-06
0.18 0.2 0 4.474949949576684e-06
0.18 0.21 0 6.43495024653052e-06
0.18 0.22 0 3.47281078857385e-06
0.18 0.23 0 7.976760840426378e-06
0.18 0.24 0 1.1100788198668104e-05
0.18 0.25 0 8.994548594186568e-06
0.18 0.26 0 5.966457506368019e-06
0.18 0.27 0 7.93405788441119e-06
0.18 0.28 0 5.6563838631113046e-06
0.18 0.29 0 5.1256623868915535e-06
0.18 0.3 0 7.3983570653802345e-06
0.18 0.31 0 5.61088387726616e-06
0.18 0.32 0 8.354827666487523e-06
0.18 0.33 0 7.01481449066517e-06
0.18 0.34 0 4.511014848765602e-06
0.18 0.35000000000000003 0 2.0651759285171137e-06
0.18 0.36 0 2.303963888517327e-06
0.18 0.37 0 2.8015558371551533e-06
0.18 0.38 0 2.2472144785588364e-06
0.18 0.39 0 2.688351688499185e-06
0.18 0.4 0 2.1733463513058087e-06
0.18 0.41000000000000003 0 7.227325625452777e-07
0.18 0.42 0 8.35088724065403e-07
0.18 0.43 0 1.2233037083446e-06
0.18 0.44 0 1.8583476945138338e-06
0.18 0.45 0 9.994867584659125e-07
0.18 0.46 0 3.938366550637022e-07
0.18 0.47000000000000003 0 4.3778346958682874e-07
0.18 0.48 0 5.50602510604845e-07
0.18 0.49 0 3.351277542596255e-07
0.18 0.5 0 3.7855226758763125e-07
0.19 0.0 0 5.370261585089272e-07
0.19 0.01 0 3.884141296378941e-07
0.19 0.02 0 4.483393494415286e-07
0.19 0.03 0 7.030352855169285e-07
0.19 0.04 0 1.5223431665952631e-06
0.19 0.05 0 4.964806503784811e-06
0.19 0.06 0 3.2092385835910795e-06
0.19 0.07 0 1.7310762542319243e-06
0.19 0.08 0 2.204568141939215e-06
0.19 0.09 0 1.7210920176298373e-06
0.19 0.1 0 1.112567101883733e-06
0.19 0.11 0 2.164198406227246e-06
0.19 0.12 0 2.3385972842342904e-06
0.19 0.13 0 2.5042217770088343e-06
0.19 0.14 0 4.775416784961598e-06
0.19 0.15 0 4.661463009558473e-06
0.19 0.16 0 7.764131140735304e-06
0.19 0.17 0 5.990602818774916e-06
0.19 0.18 0 6.819066558475304e-06
0.19 0.19 0 3.914117855957839e-06
0.19 0.2 0 3.868114830582925e-06
0.19 0.21 0 4.6112404842214075e-06
0.19 0.22 0 1.5702563910393804e-06
0.19 0.23 0 2.5958401116216977e-06
0.19 0.24 0 4.078211834427392e-06
0.19 0.25 0 4.802621892945321e-06
0.19 0.26 0 4.935261883774784e-06
0.19 0.27 0 6.704585264272616e-06
0.19 0.28 0 7.725960771656587e-06
0.19 0.29 0 1.4652441105331267e-05
0.19 0.3 0 1.7995649399734528e-05
0.19 0.31 0 1.2027878109468714e-05
0.19 0.32 0 4.187548194495449e-06
0.19 0.33 0 2.247966245831122e-06
0.19 0.34 0 2.707314748879225e-06
0.19 0.35000000000000003 0 1.5819338027058335e-06
0.19 0.36 0 1.8757874854284372e-06
0.19 0.37 0 2.0628584726217344e-06
0.19 0.38 0 2.5609619110053415e-06
0.19 0.39 0 1.8357912233921423e-06
0.19 0.4 0 2.4031616002357875e-06
0.19 0.41000000000000003 0 2.0430547857151387e-06
0.19 0.42 0 1.7026256877378363e-06
0.19 0.43 0 1.4138121158481537e-06
0.19 0.44 0 1.357159037307334e-06
0.19 0.45 0 1.1262290065604873e-06
0.19 0.46 0 1.6928927709026453e-06
0.19 0.47000000000000003 0 2.5272344015460083e-06
0.19 0.48 0 1.9575413099749774e-06
0.19 0.49 0 1.549943780504574e-06
0.19 0.5 0 1.9323842959572944e-06
0.2 0.0 0 1.6290516945903415e-07
0.2 0.01 0 2.7577203835495013e-07
0.2 0.02 0 3.970813688633583e-07
0.2 0.03 0 5.197015564801777e-07
0.2 0.04 0 7.236272077250112e-07
0.2 0.05 0 1.0534188310069808e-06
0.2 0.06 0 2.3351635098228842e-06
0.2 0.07 0 1.3397534947537803e-06
0.2 0.08 0 1.2887439085569389e-06
0.2 0.09 0 1.828992324420706e-06
0.2 0.1 0 5.324624990702629e-06
0.2 0.11 0 3.655831660798491e-06
0.2 0.12 0 2.552759002712019e-06
0.2 0.13 0 2.304955909373715e-06
0.2 0.14 0 4.2389748712234325e-06
0.2 0.15 0 3.3620503044175242e-06
0.2 0.16 0 3.6823920288416106e-06
0.2 0.17 0 3.1934592072675793e-06
0.2 0.18 0 3.446779966397384e-06
0.2 0.19 0 4.531181187171823e-06
0.2 0.2 0 2.064877872254997e-06
0.2 0.21 0 2.260882741463794e-06
0.2 0.22 0 3.260478811953461e-06
0.2 0.23 0 3.6971748407149896e-06
0.2 0.24 0 2.664155521837351e-06
0.2 0.25 0 3.6266912169567096e-06
0.2 0.26 0 4.507453712560108e-06
0.2 0.27 0 6.099730382928785e-06
0.2 0.28 0 1.3352695563404998e-05
0.2 0.29 0 6.7749264959691906e-06
0.2 0.3 0 4.313977134566151e-06
0.2 0.31 0 2.7899359278855642e-06
0.2 0.32 0 7.929589542371635e-06
0.2 0.33 0 6.071494215472739e-06
0.2 0.34 0 4.5118997690393195e-06
0.2 0.35000000000000003 0 3.237898868690382e-06
0.2 0.36 0 2.188400109843767e-06
0.2 0.37 0 3.632879810507219e-06
0.2 0.38 0 3.102263120775437e-06
0.2 0.39 0 2.1868572749892066e-06
0.2 0.4 0 3.6826257910909944e-06
0.2 0.41000000000000003 0 2.0622408572111723e-06
0.2 0.42 0 2.4715203119268375e-06
0.2 0.43 0 1.723378501029134e-06
0.2 0.44 0 3.1996434256958144e-06
0.2 0.45 0 2.193520539018259e-06
0.2 0.46 0 2.232628483540557e-06
0.2 0.47000000000000003 0 1.287380645466314e-06
0.2 0.48 0 2.0585874420276637e-06
0.2 0.49 0 2.6682016385929162e-06
0.2 0.5 0 3.0642321377910706e-06
0.21 0.0 0 2.637076585589679e-07
0.21 0.01 0 1.6061062244769994e-07
0.21 0.02 0 2.9674839695692707e-07
0.21 0.03 0 2.557999908261553e-07
0.21 0.04 0 4.119244792682121e-07
0.21 0.05 0 7.166361565792981e-07
0.21 0.06 0 1.0454334051888648e-06
0.21 0.07 0 1.913898147418667e-06
0.21 0.08 0 3.635548577172475e-06
0.21 0.09 0 3.2136203550351466e-06
0.21 0.1 0 2.1403867023533933e-06
0.21 0.11 0 1.930076315745143e-06
0.21 0.12 0 2.3442675512213978e-06
0.21 0.13 0 1.4266438812129043e-06
0.21 0.14 0 1.6065194030501373e-06
0.21 0.15 0 2.035740587421227e-06
0.21 0.16 0 1.2302607451002278e-06
0.21 0.17 0 1.5385717829992588e-06
0.21 0.18 0 1.890625764382965e-06
0.21 0.19 0 2.49650726361217e-06
0.21 0.2 0 2.6866313752207756e-06
0.21 0.21 0 2.9533180331014956e-06
0.21 0.22 0 4.536562252564382e-06
0.21 0.23 0 2.192842919799958e-06
0.21 0.24 0 4.708469163777354e-06
0.21 0.25 0 9.291353253662826e-06
0.21 0.26 0 7.960672986419786e-06
0.21 0.27 0 6.212151606125336e-06
0.21 0.28 0 1.884227819038816e-06
0.21 0.29 0 3.6468435175110545e-06
0.21 0.3 0 6.45825936370321e-06
0.21 0.31 0 6.263745480258214e-06
0.21 0.32 0 7.918890624493645e-06
0.21 0.33 0 9.954713819653861e-06
0.21 0.34 0 1.379807406845508e-05
0.21 0.35000000000000003 0 6.4085860771429065e-06
0.21 0.36 0 4.977010635964368e-06
0.21 0.37 0 6.130997814188575e-06
0.21 0.38 0 7.053651262793667e-06
0.21 0.39 0 8.026158097217996e-06
0.21 0.4 0 6.887770862950565e-06
0.21 0.41000000000000003 0 1.6696081366408422e-06
0.21 0.42 0 2.7802735057470744e-06
0.21 0.43 0 1.8967519301292957e-06
0.21 0.44 0 2.594700206208593e-06
0.21 0.45 0 1.8155596006090095e-06
0.21 0.46 0 1.955528315905477e-06
0.21 0.47000000000000003 0 1.8118644781791693e-06
0.21 0.48 0 1.9503982486506987e-06
0.21 0.49 0 3.830120308627513e-06
0.21 0.5 0 3.584270158502512e-06
0.22 0.0 0 6.330615871386199e-07
0.22 0.01 0 3.388534480948124e-07
0.22 0.02 0 3.630099133686865e-07
0.22 0.03 0 3.372449796583147e-07
0.22 0.04 0 4.1874154025974025e-07
0.22 0.05 0 7.856521857909702e-07
0.22 0.06 0 6.91195880734905e-07
0.22 0.07 0 1.014587610460243e-06
0.22 0.08 0 9.579311188999852e-07
0.22 0.09 0 1.2745236944696874e-06
0.22 0.1 0 7.81694998542751e-07
0.22 0.11 0 8.311236425794277e-07
0.22 0.12 0 2.719283757492232e-06
0.22 0.13 0 2.155573599560319e-06
0.22 0.14 0 1.1744409316445917e-06
0.22 0.15 0 1.2483206871449826e-06
0.22 0.16 0 9.238107480976516e-07
0.22 0.17 0 1.0703036460617125e-06
0.22 0.18 0 1.7436162003121253e-06
0.22 0.19 0 3.360354488238528e-06
0.22 0.2 0 2.016742382243694e-06
0.22 0.21 0 3.2931419809327206e-06
0.22 0.22 0 4.261964416334915e-06
0.22 0.23 0 6.7228308158006536e-06
0.22 0.24 0 5.489867728739666e-06
0.22 0.25 0 7.073874144546937e-06
0.22 0.26 0 7.532372978122089e-06
0.22 0.27 0 5.485752207557361e-06
0.22 0.28 0 5.032819081830125e-06
0.22 0.29 0 3.323788313987981e-06
0.22 0.3 0 3.3303406755916965e-06
0.22 0.31 0 5.968949262119401e-06
0.22 0.32 0 3.798073683872547e-06
0.22 0.33 0 4.503703925523953e-06
0.22 0.34 0 3.0360288686844097e-06
0.22 0.35000000000000003 0 2.854763383792665e-06
0.22 0.36 0 4.206659943556443e-06
0.22 0.37 0 2.3110924333635188e-06
0.22 0.38 0 3.3998242087537083e-06
0.22 0.39 0 2.379507443423742e-06
0.22 0.4 0 4.8298951177044494e-06
0.22 0.41000000000000003 0 4.332070402250692e-06
0.22 0.42 0 2.0600541213199268e-06
0.22 0.43 0 3.112342024673876e-06
0.22 0.44 0 3.4161833885946344e-06
0.22 0.45 0 2.2927629285667435e-06
0.22 0.46 0 2.7107189801572237e-06
0.22 0.47000000000000003 0 3.698598825579655e-06
0.22 0.48 0 5.628413645892213e-06
0.22 0.49 0 1.1254744772503829e-05
0.22 0.5 0 1.5213996631685835e-05
0.23 0.0 0 4.4692882902560626e-07
0.23 0.01 0 3.2621923763988654e-07
0.23 0.02 0 2.846350768858705e-07
0.23 0.03 0 4.611970022579037e-07
0.23 0.04 0 6.570645964823226e-07
0.23 0.05 0 6.833491404603778e-07
0.23 0.06 0 8.905945044902992e-07
0.23 0.07 0 7.805417031130472e-07
0.23 0.08 0 5.252590328703866e-07
0.23 0.09 0 6.200697233709751e-07
0.23 0.1 0 4.495832630636817e-07
0.23 0.11 0 8.17463627361579e-07
0.23 0.12 0 1.7122882483725717e-06
0.23 0.13 0 2.385892902501537e-06
0.23 0.14 0 1.5102656476726149e-06
0.23 0.15 0 1.1730956313250194e-06
0.23 0.16 0 1.3684230759397295e-06
0.23 0.17 0 1.2432891240434769e-06
0.23 0.18 0 1.5324653898803002e-06
0.23 0.19 0 1.9301971739663375e-06
0.23 0.2 0 1.5470852171945008e-06
0.23 0.21 0 9.532329354724196e-07
0.23 0.22 0 1.6811811142619502e-06
0.23 0.23 0 4.677699008188565e-06
0.23 0.24 0 2.5248915436876947e-06
0.23 0.25 0 1.5887473392575203e-06
0.23 0.26 0 1.5718809860404469e-06
0.23 0.27 0 1.4312194997174986e-06
0.23 0.28 0 2.348119368894957e-06
0.23 0.29 0 3.5060930860789984e-06
0.23 0.3 0 2.6363186417768116e-06
0.23 0.31 0 1.450364929685756e-06
0.23 0.32 0 1.971552231405976e-06
0.23 0.33 0 4.275666061011935e-06
0.23 0.34 0 6.382711152886015e-06
0.23 0.35000000000000003 0 1.4819858511630096e-05
0.23 0.36 0 1.5488067911444654e-05
0.23 0.37 0 7.640698137253394e-06
0.23 0.38 0 9.817134427860791e-06
0.23 0.39 0 6.850502089227946e-06
0.23 0.4 0 5.487457774878591e-06
0.23 0.41000000000000003 0 4.735586282998178e-06
0.23 0.42 0 3.821282506776296e-06
0.23 0.43 0 2.6874930335451196e-06
0.23 0.44 0 1.5952950872387424e-06
0.23 0.45 0 3.078396551611506e-06
0.23 0.46 0 3.977201668738308e-06
0.23 0.47000000000000003 0 8.386760446335836e-06
0.23 0.48 0 8.560910097576995e-06
0.23 0.49 0 6.73719769959671e-06
0.23 0.5 0 9.281935056275643e-06
0.24 0.0 0 4.035967864478657e-07
0.24 0.01 0 6.469071259117021e-07
0.24 0.02 0 8.935627555838235e-07
0.24 0.03 0 7.959909445236452e-07
0.24 0.04 0 9.183530958038933e-07
0.24 0.05 0 8.299824558930043e-07
0.24 0.06 0 6.910072927771162e-07
0.24 0.07 0 7.011651702115516e-07
0.24 0.08 0 1.169669565140578e-06
0.24 0.09 0 5.670631166949407e-07
0.24 0.1 0 9.126310620058398e-07
0.24 0.11 0 4.991350469994521e-07
0.24 0.12 0 3.9936876114422384e-07
0.24 0.13 0 6.765625763169435e-07
0.24 0.14 0 1.0221136882242662e-06
0.24 0.15 0 1.31609263812523e-06
0.24 0.16 0 1.1561899008379066e-06
0.24 0.17 0 8.241489529014347e-07
0.24 0.18 0 8.570532124103739e-07
0.24 0.19 0 1.954152335802469e-06
0.24 0.2 0 3.387931052453306e-06
0.24 0.21 0 2.1449100968365473e-06
0.24 0.22 0 2.0327503497754447e-06
0.24 0.23 0 2.9948415209355644e-06
0.24 0.24 0 3.892280808010071e-06
0.24 0.25 0 2.7835117845296036e-06
0.24 0.26 0 2.5481822198462804e-06
0.24 0.27 0 1.3523701359501987e-06
0.24 0.28 0 1.6377313576069914e-06
0.24 0.29 0 3.0190831207820674e-06
0.24 0.3 0 1.8606952405108823e-06
0.24 0.31 0 3.1522626984753954e-06
0.24 0.32 0 3.862818819249763e-06
0.24 0.33 0 6.524511355282725e-06
0.24 0.34 0 6.740154611625704e-06
0.24 0.35000000000000003 0 5.611034712918538e-06
0.24 0.36 0 5.6729611582130725e-06
0.24 0.37 0 5.897162345129399e-06
0.24 0.38 0 3.200381302781148e-06
0.24 0.39 0 2.6654567392661534e-06
0.24 0.4 0 2.5161883847109105e-06
0.24 0.41000000000000003 0 2.608342841576468e-06
0.24 0.42 0 4.415583642589249e-06
0.24 0.43 0 1.9354473959995016e-06
0.24 0.44 0 2.6535890349126226e-06
0.24 0.45 0 1.0950850315584987e-06
0.24 0.46 0 2.853071417051584e-06
0.24 0.47000000000000003 0 3.839735431937015e-06
0.24 0.48 0 3.940294634895323e-06
0.24 0.49 0 5.577315510191624e-06
0.24 0.5 0 8.793427449089804e-06
0.25 0.0 0 9.438758341714828e-07
0.25 0.01 0 6.594417075034319e-07
0.25 0.02 0 5.37922485095198e-07
0.25 0.03 0 1.9712369225549508e-07
0.25 0.04 0 1.9631976788502937e-07
0.25 0.05 0 2.710189424282261e-07
0.25 0.06 0 3.929950251836944e-07
0.25 0.07 0 8.374519710622623e-07
0.25 0.08 0 1.3437527972452367e-06
0.25 0.09 0 1.2213345159188802e-06
0.25 0.1 0 6.432176712748723e-07
0.25 0.11 0 2.9212328282478403e-07
0.25 0.12 0 3.5231826219334095e-07
0.25 0.13 0 8.524547121968015e-07
0.25 0.14 0 5.34534372377781e-07
0.25 0.15 0 7.320205953383472e-07
0.25 0.16 0 5.969377900357161e-07
0.25 0.17 0 7.577919096859237e-07
0.25 0.18 0 1.5141135832921748e-06
0.25 0.19 0 1.3586942844838216e-06
0.25 0.2 0 1.4058834931068078e-06
0.25 0.21 0 1.196840684603325e-06
0.25 0.22 0 1.2469420074340581e-06
0.25 0.23 0 2.8443872185385574e-06
0.25 0.24 0 3.4647269193125577e-06
0.25 0.25 0 6.013830452893902e-06
0.25 0.26 0 2.678506735275791e-06
0.25 0.27 0 3.4655126267140343e-06
0.25 0.28 0 2.8719157027373134e-06
0.25 0.29 0 3.494345709733378e-06
0.25 0.3 0 3.762790291317854e-06
0.25 0.31 0 4.230138911568809e-06
0.25 0.32 0 1.8761278446916519e-06
0.25 0.33 0 1.777604231511454e-06
0.25 0.34 0 2.1744115765551644e-06
0.25 0.35000000000000003 0 2.740195466105502e-06
0.25 0.36 0 5.846296993757179e-06
0.25 0.37 0 2.7507283528039034e-06
0.25 0.38 0 2.6547453040141346e-06
0.25 0.39 0 2.250231710879234e-06
0.25 0.4 0 4.525281246925664e-06
0.25 0.41000000000000003 0 1.6422084630795747e-06
0.25 0.42 0 2.6255971907995293e-06
0.25 0.43 0 5.245093335028004e-06
0.25 0.44 0 8.32793717741827e-06
0.25 0.45 0 5.762249761580669e-06
0.25 0.46 0 2.9168707236809554e-06
0.25 0.47000000000000003 0 3.0648452632937246e-06
0.25 0.48 0 4.592615561468128e-06
0.25 0.49 0 6.977032160223412e-06
0.25 0.5 0 3.658648606506129e-06
0.26 0.0 0 5.411952062216304e-07
0.26 0.01 0 5.604767130252899e-07
0.26 0.02 0 2.411057767265339e-07
0.26 0.03 0 4.0861339030889483e-07
0.26 0.04 0 4.5412488179424126e-07
0.26 0.05 0 4.999324424197768e-07
0.26 0.06 0 5.402433258199026e-07
0.26 0.07 0 4.6473561934786146e-07
0.26 0.08 0 5.545381819659829e-07
0.26 0.09 0 6.405430846034804e-07
0.26 0.1 0 7.121967398276199e-07
0.26 0.11 0 9.030461062936259e-07
0.26 0.12 0 8.094101707090273e-07
0.26 0.13 0 1.9485034994925015e-06
0.26 0.14 0 7.956118321486774e-07
0.26 0.15 0 5.686035285361288e-07
0.26 0.16 0 5.569808951970178e-07
0.26 0.17 0 8.68166925988249e-07
0.26 0.18 0 3.535347297364268e-07
0.26 0.19 0 5.100647237125742e-07
0.26 0.2 0 9.608275917888003e-07
0.26 0.21 0 1.5712558221839965e-06
0.26 0.22 0 8.882493410980041e-07
0.26 0.23 0 1.0604389581846563e-06
0.26 0.24 0 2.0661822814247483e-06
0.26 0.25 0 3.0799818436688422e-06
0.26 0.26 0 2.6843948678436645e-06
0.26 0.27 0 2.0054257389710766e-06
0.26 0.28 0 1.3282899446938733e-06
0.26 0.29 0 3.7024355798454637e-06
0.26 0.3 0 2.8479732422497195e-06
0.26 0.31 0 2.542672915218706e-06
0.26 0.32 0 7.0026743105969635e-06
0.26 0.33 0 5.4376871071721615e-06
0.26 0.34 0 2.7831443689006722e-06
0.26 0.35000000000000003 0 2.131311241014191e-06
0.26 0.36 0 4.998571058225973e-06
0.26 0.37 0 5.964854523533314e-06
0.26 0.38 0 3.0654666151789817e-06
0.26 0.39 0 3.3975407540594925e-06
0.26 0.4 0 2.5554704666810362e-06
0.26 0.41000000000000003 0 3.4109217755438423e-06
0.26 0.42 0 4.936743547799753e-06
0.26 0.43 0 3.1501082775613304e-06
0.26 0.44 0 2.9095809223220056e-06
0.26 0.45 0 3.1417312128757678e-06
0.26 0.46 0 1.5519380122900613e-06
0.26 0.47000000000000003 0 3.5058791029096007e-06
0.26 0.48 0 6.094646951611548e-06
0.26 0.49 0 7.094410486262183e-06
0.26 0.5 0 3.455558932241933e-06
0.27 0.0 0 6.690979009615756e-07
0.27 0.01 0 3.180333417719304e-07
0.27 0.02 0 7.217142859834666e-07
0.27 0.03 0 1.022732592043488e-06
0.27 0.04 0 1.8348554744888653e-06
0.27 0.05 0 9.989812428124198e-07
0.27 0.06 0 2.9660401128434334e-07
0.27 0.07 0 3.0528204209145424e-07
0.27 0.08 0 4.2470192507188565e-07
0.27 0.09 0 5.702348332770094e-07
0.27 0.1 0 3.287172356919031e-07
0.27 0.11 0 7.198122105736108e-07
0.27 0.12 0 4.989309201423767e-07
0.27 0.13 0 5.159569128514453e-07
0.27 0.14 0 6.298022344883495e-07
0.27 0.15 0 5.559243737802227e-07
0.27 0.16 0 5.866386220576397e-07
0.27 0.17 0 1.104973199499403e-06
0.27 0.18 0 1.0070920002949573e-06
0.27 0.19 0 8.04948064703733e-07
0.27 0.2 0 8.319308931862446e-07
0.27 0.21 0 1.6124880148392722e-06
0.27 0.22 0 1.3788598887565377e-06
0.27 0.23 0 1.7940117810134023e-06
0.27 0.24 0 2.1263078210429295e-06
0.27 0.25 0 9.622448036950105e-07
0.27 0.26 0 1.3611871626326546e-06
0.27 0.27 0 2.2148771043376177e-06
0.27 0.28 0 1.579248754304711e-06
0.27 0.29 0 2.089079627262316e-06
0.27 0.3 0 1.683065195904419e-06
0.27 0.31 0 3.0030370085861543e-06
0.27 0.32 0 2.5965031319685687e-06
0.27 0.33 0 3.2265640268683277e-06
0.27 0.34 0 3.7333672058593616e-06
0.27 0.35000000000000003 0 1.5438752233112617e-06
0.27 0.36 0 1.5987392178431007e-06
0.27 0.37 0 1.4719653829697096e-06
0.27 0.38 0 1.399556520978574e-06
0.27 0.39 0 1.8936297095431724e-06
0.27 0.4 0 1.3353771974828004e-06
0.27 0.41000000000000003 0 2.2615537269655914e-06
0.27 0.42 0 1.7166835262301733e-06
0.27 0.43 0 3.225330847194609e-06
0.27 0.44 0 5.013788241902455e-06
0.27 0.45 0 6.268274645074799e-06
0.27 0.46 0 8.519459980052797e-06
0.27 0.47000000000000003 0 4.217833602335898e-06
0.27 0.48 0 4.6347040854622845e-06
0.27 0.49 0 3.2790022474875895e-06
0.27 0.5 0 3.2057559245925276e-06
0.28 0.0 0 1.0554682247909164e-06
0.28 0.01 0 1.6233814585825989e-06
0.28 0.02 0 3.3922856725625017e-06
0.28 0.03 0 1.9792951038697114e-06
0.28 0.04 0 2.420720556034575e-06
0.28 0.05 0 6.537152432115339e-07
0.28 0.06 0 4.0119914431093556e-07
0.28 0.07 0 4.555673014924905e-07
0.28 0.08 0 4.4520528063995545e-07
0.28 0.09 0 9.32878728561641e-07
0.28 0.1 0 7.177040481557559e-07
0.28 0.11 0 1.1082276169064282e-06
0.28 0.12 0 5.534662755446134e-07
0.28 0.13 0 5.417948347956071e-07
0.28 0.14 0 7.030945484762974e-07
0.28 0.15 0 6.189068696351854e-07
0.28 0.16 0 4.210663209553866e-07
0.28 0.17 0 3.4401269547043723e-07
0.28 0.18 0 2.6676507958010474e-07
0.28 0.19 0 1.9522940082494527e-07
0.28 0.2 0 2.047831405695455e-07
0.28 0.21 0 2.020905106130031e-07
0.28 0.22 0 3.333450493886751e-07
0.28 0.23 0 5.416894197084562e-07
0.28 0.24 0 9.90688398894018e-07
0.28 0.25 0 1.4420933776663042e-06
0.28 0.26 0 9.586270844150845e-07
0.28 0.27 0 2.041075076065037e-06
0.28 0.28 0 3.565907805919207e-06
0.28 0.29 0 2.2011374746119023e-06
0.28 0.3 0 2.4949763569834637e-06
0.28 0.31 0 3.4589875982362688e-06
0.28 0.32 0 2.357680293956184e-06
0.28 0.33 0 1.9193180583881893e-06
0.28 0.34 0 1.7949482864400154e-06
0.28 0.35000000000000003 0 2.698238512473275e-06
0.28 0.36 0 1.1487128498151197e-06
0.28 0.37 0 1.952506032760314e-06
0.28 0.38 0 4.72148502849468e-06
0.28 0.39 0 3.3936024913748407e-06
0.28 0.4 0 6.245071961885279e-06
0.28 0.41000000000000003 0 2.7917946375342665e-06
0.28 0.42 0 5.549477115334282e-06
0.28 0.43 0 8.678620324754704e-06
0.28 0.44 0 1.0155011174886198e-05
0.28 0.45 0 8.315296047009098e-06
0.28 0.46 0 9.916581930429445e-06
0.28 0.47000000000000003 0 4.827725809022898e-06
0.28 0.48 0 2.9157388564425936e-06
0.28 0.49 0 2.184127494682589e-06
0.28 0.5 0 5.402497272402569e-06
0.29 0.0 0 1.7950977700279645e-06
0.29 0.01 0 1.7545724326570317e-06
0.29 0.02 0 1.3085410303961965e-06
0.29 0.03 0 2.7564959579753667e-06
0.29 0.04 0 2.154708147301735e-06
0.29 0.05 0 1.7346397497333854e-06
0.29 0.06 0 2.0749732795550067e-06
0.29 0.07 0 4.155210738148718e-06
0.29 0.08 0 2.294541204860418e-06
0.29 0.09 0 1.6330818963286264e-06
0.29 0.1 0 1.5289523191698261e-06
0.29 0.11 0 1.6685468377104615e-06
0.29 0.12 0 9.018711894777546e-07
0.29 0.13 0 8.19819220920842e-07
0.29 0.14 0 8.774857575443537e-07
0.29 0.15 0 8.204785670866017e-07
0.29 0.16 0 4.98340809450996e-07
0.29 0.17 0 2.86642110889399e-07
0.29 0.18 0 3.845250743704204e-07
0.29 0.19 0 3.021400378583189e-07
0.29 0.2 0 2.0876223252554214e-07
0.29 0.21 0 2.6516400416124886e-07
0.29 0.22 0 3.0653691487491327e-07
0.29 0.23 0 4.5168185241537646e-07
0.29 0.24 0 2.0429517551054735e-07
0.29 0.25 0 4.451302251139536e-07
0.29 0.26 0 5.388715112950915e-07
0.29 0.27 0 2.6962750069115346e-06
0.29 0.28 0 3.2384397453939125e-06
0.29 0.29 0 2.0636234421217815e-06
0.29 0.3 0 2.1353558269602977e-06
0.29 0.31 0 2.7101436800312442e-06
0.29 0.32 0 4.536276351581533e-06
0.29 0.33 0 2.2379490364374826e-06
0.29 0.34 0 1.5383028736511328e-06
0.29 0.35000000000000003 0 1.3341519703804653e-06
0.29 0.36 0 1.4574996492728993e-06
0.29 0.37 0 1.196332671490957e-06
0.29 0.38 0 1.500215075311056e-06
0.29 0.39 0 2.8350259708456035e-06
0.29 0.4 0 3.425176268881326e-06
0.29 0.41000000000000003 0 3.5291541124352754e-06
0.29 0.42 0 5.865019194853819e-06
0.29 0.43 0 5.152953372072359e-06
0.29 0.44 0 6.028858906069001e-06
0.29 0.45 0 1.0278409555704611e-05
0.29 0.46 0 1.030905230491331e-05
0.29 0.47000000000000003 0 6.323739730905121e-06
0.29 0.48 0 6.724744035766019e-06
0.29 0.49 0 6.893256008131963e-06
0.29 0.5 0 4.147550215436026e-06
0.3 0.0 0 3.5154705081708027e-06
0.3 0.01 0 2.602515491037653e-06
0.3 0.02 0 3.7843338162051456e-06
0.3 0.03 0 4.057180902550874e-06
0.3 0.04 0 4.062960698856292e-06
0.3 0.05 0 2.659190883026778e-06
0.3 0.06 0 1.2157029031584908e-06
0.3 0.07 0 1.5507346757547887e-06
0.3 0.08 0 1.3743609750382422e-06
0.3 0.09 0 9.788316952056729e-07
0.3 0.1 0 5.059550768013885e-07
0.3 0.11 0 6.133337465197126e-07
0.3 0.12 0 1.116841805867728e-06
0.3 0.13 0 1.344744588036586e-06
0.3 0.14 0 1.0624174767613476e-06
0.3 0.15 0 1.6613561920034398e-06
0.3 0.16 0 3.9896139149584037e-07
0.3 0.17 0 4.1919598031197597e-07
0.3 0.18 0 3.198272686266611e-07
0.3 0.19 0 5.43781338943386e-07
0.3 0.2 0 3.195225635763958e-07
0.3 0.21 0 3.2689599040437994e-07
0.3 0.22 0 1.4925839577363807e-07
0.3 0.23 0 2.5302613395544616e-07
0.3 0.24 0 3.6149087411427855e-07
0.3 0.25 0 5.682854185317185e-07
0.3 0.26 0 5.602144356917171e-07
0.3 0.27 0 6.454576118228132e-07
0.3 0.28 0 1.8429490132946624e-06
0.3 0.29 0 2.277241727415296e-06
0.3 0.3 0 4.726221409170561e-06
0.3 0.31 0 7.1778868026122885e-06
0.3 0.32 0 6.178386581594056e-06
0.3 0.33 0 6.508042778088819e-06
0.3 0.34 0 4.255398391633248e-06
0.3 0.35000000000000003 0 3.143545156938105e-06
0.3 0.36 0 1.4020938226143726e-06
0.3 0.37 0 8.812257956901234e-07
0.3 0.38 0 1.4486396798097517e-06
0.3 0.39 0 3.0746616585385156e-06
0.3 0.4 0 2.686533471968291e-06
0.3 0.41000000000000003 0 3.470258325877136e-06
0.3 0.42 0 2.5509447155807848e-06
0.3 0.43 0 2.7852498028326237e-06
0.3 0.44 0 3.430362452912558e-06
0.3 0.45 0 2.4280238773595977e-06
0.3 0.46 0 6.905175026678195e-06
0.3 0.47000000000000003 0 1.4316548856999598e-05
0.3 0.48 0 2.0257672826983814e-05
0.3 0.49 0 1.5681667210303077e-05
0.3 0.5 0 7.395734696603153e-06
#STOP
