#MEDIUM_PROPERTIES_DISTRIBUTED
$MSH_TYPE
	 GROUNDWATER_FLOW	
$MMP_TYPE
	 PERMEABILITY	
$DIS_TYPE
	 NEAREST_VALUE	
;hj
$CONVERSION_FACTOR
	 1.0	
$DATA
0.0 0.0 0 1.3161188668736031e-06
0.0 0.01 0 1.1276997100327728e-06
0.0 0.02 0 8.932586170539099e-07
0.0 0.03 0 7.641269285390708e-07
0.0 0.04 0 7.293121649107484e-07
0.0 0.05 0 6.184245153582798e-07
0.0 0.06 0 6.806657076506443e-07
0.0 0.07 0 8.489147310805742e-07
0.0 0.08 0 8.466770567636486e-07
0.0 0.09 0 1.0388613352717938e-06
0.0 0.1 0 1.1192628942889495e-06
0.0 0.11 0 1.4919970492385372e-06
0.0 0.12 0 1.4751638915297688e-06
0.0 0.13 0 1.4804565454643838e-06
0.0 0.14 0 1.5480378815005443e-06
0.0 0.15 0 1.2804561617442e-06
0.0 0.16 0 1.4158703750943244e-06
0.0 0.17 0 1.5766071769705145e-06
0.0 0.18 0 1.4578856531078853e-06
0.0 0.19 0 1.827534397034531e-06
0.0 0.2 0 1.6166396209291516e-06
0.0 0.21 0 1.535192579511438e-06
0.0 0.22 0 1.601001183228567e-06
0.0 0.23 0 1.5902461759731571e-06
0.0 0.24 0 1.5815798145783167e-06
0.0 0.25 0 1.520656564523415e-06
0.0 0.26 0 1.7657917056763543e-06
0.0 0.27 0 1.7742335231082553e-06
0.0 0.28 0 1.987650872274488e-06
0.0 0.29 0 2.041922694238019e-06
0.0 0.3 0 1.708253594828764e-06
0.0 0.31 0 1.4161416016038584e-06
0.0 0.32 0 1.3164686252362373e-06
0.0 0.33 0 1.131083234555496e-06
0.0 0.34 0 1.2248930035091448e-06
0.0 0.35000000000000003 0 1.3666114287897383e-06
0.0 0.36 0 1.1698470101646567e-06
0.0 0.37 0 1.5738618170909944e-06
0.0 0.38 0 1.5475835976802593e-06
0.0 0.39 0 1.5963882997676925e-06
0.0 0.4 0 1.7105910933251022e-06
0.0 0.41000000000000003 0 1.8096396255240746e-06
0.0 0.42 0 2.149399758422668e-06
0.0 0.43 0 2.1179333757938436e-06
0.0 0.44 0 2.705662501872521e-06
0.0 0.45 0 2.3727399227955676e-06
0.0 0.46 0 2.1043778018879387e-06
0.0 0.47000000000000003 0 1.94668001887867e-06
0.0 0.48 0 1.6424740438857675e-06
0.0 0.49 0 1.7286622890012932e-06
0.0 0.5 0 1.7120004803273083e-06
0.01 0.0 0 1.1472067246088147e-06
0.01 0.01 0 1.0333829955947306e-06
0.01 0.02 0 7.959878928485433e-07
0.01 0.03 0 8.276818191803028e-07
0.01 0.04 0 9.037214113869963e-07
0.01 0.05 0 8.019796108380071e-07
0.01 0.06 0 9.093490034910045e-07
0.01 0.07 0 9.511666590426491e-07
0.01 0.08 0 8.676721713813409e-07
0.01 0.09 0 1.0072184106857072e-06
0.01 0.1 0 1.1292821323209644e-06
0.01 0.11 0 1.523645191404169e-06
0.01 0.12 0 1.597439664415312e-06
0.01 0.13 0 1.452816595379856e-06
0.01 0.14 0 1.3326606405949635e-06
0.01 0.15 0 1.3455207543027444e-06
0.01 0.16 0 1.5693598814902745e-06
0.01 0.17 0 1.3432061352692254e-06
0.01 0.18 0 1.6283476717954505e-06
0.01 0.19 0 1.6882096795225878e-06
0.01 0.2 0 1.884980589030989e-06
0.01 0.21 0 2.12118909807328e-06
0.01 0.22 0 2.2903719467850456e-06
0.01 0.23 0 1.9806965210409307e-06
0.01 0.24 0 1.7778276704932099e-06
0.01 0.25 0 1.614529378365685e-06
0.01 0.26 0 1.5798155529560437e-06
0.01 0.27 0 1.7836398719679988e-06
0.01 0.28 0 1.7158626120897144e-06
0.01 0.29 0 1.7608478332478991e-06
0.01 0.3 0 1.5753882857415923e-06
0.01 0.31 0 1.5250639536627768e-06
0.01 0.32 0 1.5846223541746337e-06
0.01 0.33 0 1.5075590680738455e-06
0.01 0.34 0 1.6797852423480526e-06
0.01 0.35000000000000003 0 1.4553421530919708e-06
0.01 0.36 0 1.6181053792410318e-06
0.01 0.37 0 1.824923472812888e-06
0.01 0.38 0 1.8646694583030386e-06
0.01 0.39 0 1.8038539819718443e-06
0.01 0.4 0 1.7786079805666533e-06
0.01 0.41000000000000003 0 2.1723318373681956e-06
0.01 0.42 0 2.117615418025713e-06
0.01 0.43 0 2.1813326973678763e-06
0.01 0.44 0 2.5573385308198536e-06
0.01 0.45 0 2.3169114269406974e-06
0.01 0.46 0 1.882327619647043e-06
0.01 0.47000000000000003 0 1.72274033928005e-06
0.01 0.48 0 1.7311679038366955e-06
0.01 0.49 0 1.8878722958008497e-06
0.01 0.5 0 1.8596269463103136e-06
0.02 0.0 0 8.766077046820969e-07
0.02 0.01 0 8.782465226098037e-07
0.02 0.02 0 7.567604335161586e-07
0.02 0.03 0 9.351195106725979e-07
0.02 0.04 0 9.7333243179766e-07
0.02 0.05 0 1.175117899640072e-06
0.02 0.06 0 1.2887524337963746e-06
0.02 0.07 0 1.2374775873615807e-06
0.02 0.08 0 1.3245181139346443e-06
0.02 0.09 0 1.0544145669472593e-06
0.02 0.1 0 1.088287918427971e-06
0.02 0.11 0 1.1630898832549484e-06
0.02 0.12 0 1.3223708925476944e-06
0.02 0.13 0 1.4235123838389695e-06
0.02 0.14 0 1.3207984030989796e-06
0.02 0.15 0 1.4238777987400067e-06
0.02 0.16 0 1.4607611815487426e-06
0.02 0.17 0 1.319243302669241e-06
0.02 0.18 0 1.4048035370280579e-06
0.02 0.19 0 1.6803662643635218e-06
0.02 0.2 0 1.7782501426465864e-06
0.02 0.21 0 2.230639330953574e-06
0.02 0.22 0 2.4631747685686818e-06
0.02 0.23 0 2.442692448063521e-06
0.02 0.24 0 2.2521880738466523e-06
0.02 0.25 0 2.011496015690469e-06
0.02 0.26 0 2.1197299342424964e-06
0.02 0.27 0 2.1305249280921013e-06
0.02 0.28 0 1.937318306691901e-06
0.02 0.29 0 1.557497026217655e-06
0.02 0.3 0 1.338148865925929e-06
0.02 0.31 0 1.657718160890865e-06
0.02 0.32 0 1.3026091325057597e-06
0.02 0.33 0 1.310750995815101e-06
0.02 0.34 0 1.4834646714952503e-06
0.02 0.35000000000000003 0 1.3223148059302728e-06
0.02 0.36 0 1.610574242772529e-06
0.02 0.37 0 1.8509858007290803e-06
0.02 0.38 0 2.0695748033070607e-06
0.02 0.39 0 2.015804459491319e-06
0.02 0.4 0 1.7989533852242836e-06
0.02 0.41000000000000003 0 2.0850368686763192e-06
0.02 0.42 0 2.154394770449213e-06
0.02 0.43 0 2.1908786788081482e-06
0.02 0.44 0 1.840043817845284e-06
0.02 0.45 0 1.901621754392821e-06
0.02 0.46 0 1.973310955541438e-06
0.02 0.47000000000000003 0 1.7986023200109409e-06
0.02 0.48 0 1.579243390044121e-06
0.02 0.49 0 1.822388021334696e-06
0.02 0.5 0 1.5615982624859897e-06
0.03 0.0 0 1.172729084124669e-06
0.03 0.01 0 1.1420270369288873e-06
0.03 0.02 0 1.3133221221636398e-06
0.03 0.03 0 1.324498764410346e-06
0.03 0.04 0 1.4331470120126567e-06
0.03 0.05 0 1.4599007333186443e-06
0.03 0.06 0 1.5717706784460118e-06
0.03 0.07 0 1.3013761414057875e-06
0.03 0.08 0 1.2036847999150804e-06
0.03 0.09 0 1.0582937190391315e-06
0.03 0.1 0 8.701564242621362e-07
0.03 0.11 0 9.391361577231592e-07
0.03 0.12 0 1.1354319251521977e-06
0.03 0.13 0 1.0906613734148428e-06
0.03 0.14 0 1.2726996977132477e-06
0.03 0.15 0 1.2571451893361704e-06
0.03 0.16 0 1.2789692375696759e-06
0.03 0.17 0 1.4381200847218356e-06
0.03 0.18 0 1.5919511425420668e-06
0.03 0.19 0 1.79843109925909e-06
0.03 0.2 0 1.8627564797020465e-06
0.03 0.21 0 2.028645770656572e-06
0.03 0.22 0 1.8379880876930795e-06
0.03 0.23 0 1.864515870444403e-06
0.03 0.24 0 1.782982054731689e-06
0.03 0.25 0 1.4040321018989094e-06
0.03 0.26 0 1.5622944510031399e-06
0.03 0.27 0 1.7586262806497423e-06
0.03 0.28 0 1.8848926394395155e-06
0.03 0.29 0 1.5565181028602702e-06
0.03 0.3 0 1.3664133164445087e-06
0.03 0.31 0 1.2383193821504935e-06
0.03 0.32 0 1.2389824883095127e-06
0.03 0.33 0 1.1659594398816885e-06
0.03 0.34 0 1.0617709877826606e-06
0.03 0.35000000000000003 0 1.2497904492467831e-06
0.03 0.36 0 1.2714277519282374e-06
0.03 0.37 0 1.5101780026072773e-06
0.03 0.38 0 1.7137330859121993e-06
0.03 0.39 0 2.002930291916349e-06
0.03 0.4 0 1.8348416834986164e-06
0.03 0.41000000000000003 0 1.5826259189798544e-06
0.03 0.42 0 1.7292044134895994e-06
0.03 0.43 0 1.6629901143173635e-06
0.03 0.44 0 1.8784234689118933e-06
0.03 0.45 0 1.719667294692311e-06
0.03 0.46 0 2.019965702267083e-06
0.03 0.47000000000000003 0 1.997735768848613e-06
0.03 0.48 0 1.9806487120363583e-06
0.03 0.49 0 1.822495393319188e-06
0.03 0.5 0 1.529909744581441e-06
0.04 0.0 0 9.742379816401942e-07
0.04 0.01 0 1.1301107247694042e-06
0.04 0.02 0 1.2131555041027242e-06
0.04 0.03 0 1.1510714341266037e-06
0.04 0.04 0 1.4138950671131673e-06
0.04 0.05 0 1.5040375964345835e-06
0.04 0.06 0 1.4370409759129946e-06
0.04 0.07 0 1.2481320598884688e-06
0.04 0.08 0 1.0703582460272017e-06
0.04 0.09 0 1.1372800737779141e-06
0.04 0.1 0 9.552189407849855e-07
0.04 0.11 0 9.29242559673417e-07
0.04 0.12 0 8.026293608860378e-07
0.04 0.13 0 9.055253876771631e-07
0.04 0.14 0 1.030664637955546e-06
0.04 0.15 0 1.1445539056287403e-06
0.04 0.16 0 1.296855492156103e-06
0.04 0.17 0 1.3564067776822945e-06
0.04 0.18 0 1.5059010075901903e-06
0.04 0.19 0 1.6485904035193455e-06
0.04 0.2 0 1.7386894401674624e-06
0.04 0.21 0 1.7914190348569764e-06
0.04 0.22 0 1.708583638200897e-06
0.04 0.23 0 1.5716439241174778e-06
0.04 0.24 0 1.3727246206254256e-06
0.04 0.25 0 1.3364732910095533e-06
0.04 0.26 0 1.3443954417898757e-06
0.04 0.27 0 1.6086482626076056e-06
0.04 0.28 0 1.3997681723475134e-06
0.04 0.29 0 1.3849120704331432e-06
0.04 0.3 0 1.3030957975800191e-06
0.04 0.31 0 1.2692293964431877e-06
0.04 0.32 0 1.3026806913224574e-06
0.04 0.33 0 1.293094628566729e-06
0.04 0.34 0 1.231722508259561e-06
0.04 0.35000000000000003 0 1.2260597540294491e-06
0.04 0.36 0 1.4261164334379154e-06
0.04 0.37 0 1.5310962460641172e-06
0.04 0.38 0 1.836762703615227e-06
0.04 0.39 0 2.1687906999252515e-06
0.04 0.4 0 1.9665088511944006e-06
0.04 0.41000000000000003 0 1.959444631507654e-06
0.04 0.42 0 2.129477154095232e-06
0.04 0.43 0 1.9227604616610525e-06
0.04 0.44 0 1.7277733569265405e-06
0.04 0.45 0 1.6741777292140107e-06
0.04 0.46 0 1.6361815240687704e-06
0.04 0.47000000000000003 0 1.6773282148789969e-06
0.04 0.48 0 2.102015057253e-06
0.04 0.49 0 1.9742442370943476e-06
0.04 0.5 0 1.7225022182528696e-06
0.05 0.0 0 9.82026029269664e-07
0.05 0.01 0 1.2006218058018795e-06
0.05 0.02 0 1.2134175886435324e-06
0.05 0.03 0 1.365376226441803e-06
0.05 0.04 0 1.2161988341800871e-06
0.05 0.05 0 1.2307787221449695e-06
0.05 0.06 0 1.2936879654436484e-06
0.05 0.07 0 1.1566997557090482e-06
0.05 0.08 0 1.248757957686317e-06
0.05 0.09 0 1.0025758645739513e-06
0.05 0.1 0 9.60745268066251e-07
0.05 0.11 0 8.996601036440719e-07
0.05 0.12 0 7.11900329479918e-07
0.05 0.13 0 8.233923939329075e-07
0.05 0.14 0 9.174545400811276e-07
0.05 0.15 0 9.468830975044349e-07
0.05 0.16 0 1.0909478986739556e-06
0.05 0.17 0 1.0191548205674987e-06
0.05 0.18 0 9.725836647101645e-07
0.05 0.19 0 1.0235693050291142e-06
0.05 0.2 0 1.0806540065672445e-06
0.05 0.21 0 1.131349120445827e-06
0.05 0.22 0 1.19692561742344e-06
0.05 0.23 0 1.2994927845896856e-06
0.05 0.24 0 1.179687757563767e-06
0.05 0.25 0 1.1280972363861278e-06
0.05 0.26 0 1.3715057692688675e-06
0.05 0.27 0 1.123235888556139e-06
0.05 0.28 0 1.0446409815020885e-06
0.05 0.29 0 1.1695073884423415e-06
0.05 0.3 0 1.0931939550133738e-06
0.05 0.31 0 1.2944861046769278e-06
0.05 0.32 0 1.3068433346898423e-06
0.05 0.33 0 1.1550246843274826e-06
0.05 0.34 0 1.4853417378693e-06
0.05 0.35000000000000003 0 1.613178353190896e-06
0.05 0.36 0 2.050066383035357e-06
0.05 0.37 0 1.7675079796203534e-06
0.05 0.38 0 2.062033615043955e-06
0.05 0.39 0 2.2381883482302203e-06
0.05 0.4 0 2.1623564964385043e-06
0.05 0.41000000000000003 0 2.2629241690146946e-06
0.05 0.42 0 2.0770338776232385e-06
0.05 0.43 0 1.9462230003405616e-06
0.05 0.44 0 1.6878455920289096e-06
0.05 0.45 0 1.4668692589114447e-06
0.05 0.46 0 1.529985655584061e-06
0.05 0.47000000000000003 0 1.9266300314512014e-06
0.05 0.48 0 1.8798863506206583e-06
0.05 0.49 0 1.9484886330835223e-06
0.05 0.5 0 1.752130361682828e-06
0.06 0.0 0 1.3445793329230641e-06
0.06 0.01 0 1.2975322715610631e-06
0.06 0.02 0 9.826055931992336e-07
0.06 0.03 0 1.1592249618814816e-06
0.06 0.04 0 1.1932731626377408e-06
0.06 0.05 0 1.140284314708706e-06
0.06 0.06 0 1.1304935417003141e-06
0.06 0.07 0 1.3134151372668899e-06
0.06 0.08 0 1.5360966582803266e-06
0.06 0.09 0 1.6350170626622435e-06
0.06 0.1 0 1.4153306857428018e-06
0.06 0.11 0 1.1103436476265018e-06
0.06 0.12 0 1.0012727490661192e-06
0.06 0.13 0 9.655052553251804e-07
0.06 0.14 0 7.970887808679296e-07
0.06 0.15 0 7.925957502641739e-07
0.06 0.16 0 8.710936366197862e-07
0.06 0.17 0 8.890572671144682e-07
0.06 0.18 0 9.289754217375999e-07
0.06 0.19 0 1.0950927863438522e-06
0.06 0.2 0 1.0292059011219433e-06
0.06 0.21 0 1.2264525453116731e-06
0.06 0.22 0 1.3557217958253141e-06
0.06 0.23 0 1.4934865821167432e-06
0.06 0.24 0 1.293910624950413e-06
0.06 0.25 0 1.072134750969125e-06
0.06 0.26 0 1.2508633016183518e-06
0.06 0.27 0 1.0966982062832894e-06
0.06 0.28 0 1.1942663288776273e-06
0.06 0.29 0 1.1825163056274052e-06
0.06 0.3 0 1.2187188706949674e-06
0.06 0.31 0 1.2329250169582465e-06
0.06 0.32 0 1.2370390167088787e-06
0.06 0.33 0 1.3770709788296079e-06
0.06 0.34 0 1.3706923888002295e-06
0.06 0.35000000000000003 0 1.5941178100778046e-06
0.06 0.36 0 1.6709907933300309e-06
0.06 0.37 0 1.9072276932526431e-06
0.06 0.38 0 2.0201882152199197e-06
0.06 0.39 0 2.0557901078758694e-06
0.06 0.4 0 1.7867053155371719e-06
0.06 0.41000000000000003 0 2.0492015921040547e-06
0.06 0.42 0 2.0166002299369885e-06
0.06 0.43 0 1.8250729760255464e-06
0.06 0.44 0 1.7995437465456925e-06
0.06 0.45 0 1.599460268339681e-06
0.06 0.46 0 1.7216765663608632e-06
0.06 0.47000000000000003 0 2.00274205412036e-06
0.06 0.48 0 1.959970681346911e-06
0.06 0.49 0 2.067116975713392e-06
0.06 0.5 0 1.8846935261831765e-06
0.07 0.0 0 1.4581499809037084e-06
0.07 0.01 0 1.470905581572169e-06
0.07 0.02 0 1.4677577022598939e-06
0.07 0.03 0 1.4136896163000944e-06
0.07 0.04 0 1.5987733286623476e-06
0.07 0.05 0 1.5229143726785106e-06
0.07 0.06 0 1.3718570611590983e-06
0.07 0.07 0 1.3096104418145808e-06
0.07 0.08 0 1.2422183611731286e-06
0.07 0.09 0 1.4683399739313147e-06
0.07 0.1 0 1.4427394371999607e-06
0.07 0.11 0 1.2008059221504224e-06
0.07 0.12 0 1.1069694236523768e-06
0.07 0.13 0 1.12938374397134e-06
0.07 0.14 0 1.0368879041408511e-06
0.07 0.15 0 1.0869387728251314e-06
0.07 0.16 0 1.2775826202760107e-06
0.07 0.17 0 9.939246377736412e-07
0.07 0.18 0 9.77300653006661e-07
0.07 0.19 0 1.083061340242013e-06
0.07 0.2 0 1.3769723603484154e-06
0.07 0.21 0 1.2561397132790517e-06
0.07 0.22 0 1.3797114182539913e-06
0.07 0.23 0 1.4624178137997519e-06
0.07 0.24 0 1.616266185663885e-06
0.07 0.25 0 1.8883015471399705e-06
0.07 0.26 0 1.6366517642888802e-06
0.07 0.27 0 1.3500440248030734e-06
0.07 0.28 0 1.3158652298878912e-06
0.07 0.29 0 1.2090404242888762e-06
0.07 0.3 0 1.412439046129272e-06
0.07 0.31 0 1.5172747617386827e-06
0.07 0.32 0 1.2814905707874834e-06
0.07 0.33 0 1.2640558628380195e-06
0.07 0.34 0 1.3553605867070581e-06
0.07 0.35000000000000003 0 1.3759345338613525e-06
0.07 0.36 0 1.2228853438724686e-06
0.07 0.37 0 1.207723180382682e-06
0.07 0.38 0 1.321566626312191e-06
0.07 0.39 0 1.4571365851485904e-06
0.07 0.4 0 1.5054890045974413e-06
0.07 0.41000000000000003 0 1.5773680981308368e-06
0.07 0.42 0 1.7696496027686268e-06
0.07 0.43 0 1.992850604239345e-06
0.07 0.44 0 1.5567479169019281e-06
0.07 0.45 0 1.2684180639210462e-06
0.07 0.46 0 1.6611049123678525e-06
0.07 0.47000000000000003 0 1.5915539673963563e-06
0.07 0.48 0 1.9442668891014384e-06
0.07 0.49 0 2.200968228621055e-06
0.07 0.5 0 2.4523504784635745e-06
0.08 0.0 0 1.8629640879548398e-06
0.08 0.01 0 1.7548035900208711e-06
0.08 0.02 0 1.385412292890127e-06
0.08 0.03 0 1.5236431853826416e-06
0.08 0.04 0 1.30218775982293e-06
0.08 0.05 0 1.319563110452823e-06
0.08 0.06 0 1.5888112239059823e-06
0.08 0.07 0 1.441838258794118e-06
0.08 0.08 0 1.6203090225640497e-06
0.08 0.09 0 1.5205983515829956e-06
0.08 0.1 0 1.292725933518808e-06
0.08 0.11 0 1.2794802410294492e-06
0.08 0.12 0 1.3408286797368508e-06
0.08 0.13 0 1.3313614039406946e-06
0.08 0.14 0 1.1163212221904144e-06
0.08 0.15 0 1.093716756240904e-06
0.08 0.16 0 1.2270282806251166e-06
0.08 0.17 0 1.157961792394747e-06
0.08 0.18 0 1.1158684947194967e-06
0.08 0.19 0 1.0391661760190606e-06
0.08 0.2 0 1.182961824744595e-06
0.08 0.21 0 1.2456344451988377e-06
0.08 0.22 0 1.1380961127967419e-06
0.08 0.23 0 1.3710037228232102e-06
0.08 0.24 0 1.7499183217224558e-06
0.08 0.25 0 1.929034217038841e-06
0.08 0.26 0 1.6862785254492195e-06
0.08 0.27 0 1.4875344453934735e-06
0.08 0.28 0 1.1623909553454833e-06
0.08 0.29 0 1.300351220422288e-06
0.08 0.3 0 1.2431993664769948e-06
0.08 0.31 0 1.5429408553432315e-06
0.08 0.32 0 1.504845390717246e-06
0.08 0.33 0 1.4274638445515699e-06
0.08 0.34 0 1.4064075115287606e-06
0.08 0.35000000000000003 0 1.3438118450989587e-06
0.08 0.36 0 1.4398430642728495e-06
0.08 0.37 0 1.1158325683027306e-06
0.08 0.38 0 9.823153356750801e-07
0.08 0.39 0 1.0375650473590278e-06
0.08 0.4 0 1.2767216136410777e-06
0.08 0.41000000000000003 0 1.589813272058438e-06
0.08 0.42 0 1.5615272803307777e-06
0.08 0.43 0 1.6636454589622942e-06
0.08 0.44 0 1.4646038954831814e-06
0.08 0.45 0 1.5514942309049424e-06
0.08 0.46 0 1.843180873533841e-06
0.08 0.47000000000000003 0 1.98083090448553e-06
0.08 0.48 0 1.7130668338311524e-06
0.08 0.49 0 1.81910729859895e-06
0.08 0.5 0 2.1033351553450698e-06
0.09 0.0 0 1.895822602609731e-06
0.09 0.01 0 1.8244839396047664e-06
0.09 0.02 0 1.56637871879828e-06
0.09 0.03 0 1.5036741230889441e-06
0.09 0.04 0 1.3363328616773372e-06
0.09 0.05 0 1.429548272094392e-06
0.09 0.06 0 1.5741751959346801e-06
0.09 0.07 0 1.306097053329803e-06
0.09 0.08 0 1.3176452048668404e-06
0.09 0.09 0 1.2257976177391785e-06
0.09 0.1 0 1.35651026214962e-06
0.09 0.11 0 1.2898063668886427e-06
0.09 0.12 0 1.4247866468355423e-06
0.09 0.13 0 1.4372146474112388e-06
0.09 0.14 0 1.3323861478705256e-06
0.09 0.15 0 1.212401729274845e-06
0.09 0.16 0 1.3355077437404328e-06
0.09 0.17 0 1.3855759507872203e-06
0.09 0.18 0 1.3178559118387479e-06
0.09 0.19 0 1.3756065028798613e-06
0.09 0.2 0 1.2070532210839165e-06
0.09 0.21 0 1.3316714154974058e-06
0.09 0.22 0 1.0024289141905485e-06
0.09 0.23 0 1.0176893375871848e-06
0.09 0.24 0 1.2002932636351847e-06
0.09 0.25 0 1.1165241037225722e-06
0.09 0.26 0 1.175492065966492e-06
0.09 0.27 0 1.1094244213784203e-06
0.09 0.28 0 1.2438569105741105e-06
0.09 0.29 0 1.245776727036714e-06
0.09 0.3 0 1.3790360788605078e-06
0.09 0.31 0 1.4306680166805104e-06
0.09 0.32 0 1.4094121069799331e-06
0.09 0.33 0 1.509036428825586e-06
0.09 0.34 0 1.319142957646679e-06
0.09 0.35000000000000003 0 1.1778165330077947e-06
0.09 0.36 0 1.2735693626201929e-06
0.09 0.37 0 1.1749909922752562e-06
0.09 0.38 0 1.0848947291452992e-06
0.09 0.39 0 1.1359186986840368e-06
0.09 0.4 0 1.215188415214594e-06
0.09 0.41000000000000003 0 1.3451740606683016e-06
0.09 0.42 0 1.751169992873222e-06
0.09 0.43 0 1.577449606571014e-06
0.09 0.44 0 1.6036035439146842e-06
0.09 0.45 0 1.7474340466678662e-06
0.09 0.46 0 2.0155596363007542e-06
0.09 0.47000000000000003 0 2.0869636616985276e-06
0.09 0.48 0 2.0182811779796356e-06
0.09 0.49 0 2.0063879660266287e-06
0.09 0.5 0 2.0334923787576313e-06
0.1 0.0 0 2.1759836628048725e-06
0.1 0.01 0 1.7655432097221617e-06
0.1 0.02 0 1.9764467627346235e-06
0.1 0.03 0 1.6606657316709205e-06
0.1 0.04 0 1.4667958097404769e-06
0.1 0.05 0 1.4124242179515398e-06
0.1 0.06 0 1.3037175045911209e-06
0.1 0.07 0 1.403820711162716e-06
0.1 0.08 0 1.4247669677072941e-06
0.1 0.09 0 1.4359617354968986e-06
0.1 0.1 0 1.6216352836690275e-06
0.1 0.11 0 1.954878512760591e-06
0.1 0.12 0 1.763382618444118e-06
0.1 0.13 0 2.063315655250706e-06
0.1 0.14 0 1.935155821871076e-06
0.1 0.15 0 1.8068988126334578e-06
0.1 0.16 0 1.4385511946493127e-06
0.1 0.17 0 1.2857035668978272e-06
0.1 0.18 0 1.1826086559503668e-06
0.1 0.19 0 1.062951473793613e-06
0.1 0.2 0 1.1495755134599257e-06
0.1 0.21 0 9.900227396885777e-07
0.1 0.22 0 8.639025084515191e-07
0.1 0.23 0 1.0789864238750991e-06
0.1 0.24 0 1.0537303569977387e-06
0.1 0.25 0 1.2360947983718105e-06
0.1 0.26 0 1.2072184926102438e-06
0.1 0.27 0 1.0210935225328158e-06
0.1 0.28 0 1.1349723707739195e-06
0.1 0.29 0 1.1503207708566614e-06
0.1 0.3 0 1.2349779022016717e-06
0.1 0.31 0 1.2289528349204616e-06
0.1 0.32 0 1.204411082268723e-06
0.1 0.33 0 1.1889047089838166e-06
0.1 0.34 0 1.1148044720702106e-06
0.1 0.35000000000000003 0 1.2767067780800033e-06
0.1 0.36 0 1.312838275716335e-06
0.1 0.37 0 1.141468175489946e-06
0.1 0.38 0 1.0140311402295358e-06
0.1 0.39 0 9.589041904972714e-07
0.1 0.4 0 1.0012034142517415e-06
0.1 0.41000000000000003 0 1.2188517269855807e-06
0.1 0.42 0 1.114596508277114e-06
0.1 0.43 0 1.142709001461929e-06
0.1 0.44 0 1.2109111510257244e-06
0.1 0.45 0 1.1943605034423877e-06
0.1 0.46 0 1.557822764704077e-06
0.1 0.47000000000000003 0 1.5976830113623883e-06
0.1 0.48 0 2.0174417481803598e-06
0.1 0.49 0 1.9635917803671434e-06
0.1 0.5 0 1.894570945950334e-06
0.11 0.0 0 1.8817656307216335e-06
0.11 0.01 0 2.1233985450221186e-06
0.11 0.02 0 1.783584535906179e-06
0.11 0.03 0 1.614077438318371e-06
0.11 0.04 0 1.4624226544916742e-06
0.11 0.05 0 1.551905586050084e-06
0.11 0.06 0 1.7203527518178157e-06
0.11 0.07 0 1.9817755496299722e-06
0.11 0.08 0 2.1100755904871173e-06
0.11 0.09 0 2.043421953574811e-06
0.11 0.1 0 2.0390726766550657e-06
0.11 0.11 0 2.1011629128562076e-06
0.11 0.12 0 2.1099249305435117e-06
0.11 0.13 0 2.3239555895614073e-06
0.11 0.14 0 1.9929321764191444e-06
0.11 0.15 0 1.9978666274312907e-06
0.11 0.16 0 1.8014323760726216e-06
0.11 0.17 0 1.504188411794136e-06
0.11 0.18 0 1.40940269359033e-06
0.11 0.19 0 1.0892208667408762e-06
0.11 0.2 0 1.048710970189266e-06
0.11 0.21 0 8.503076443076601e-07
0.11 0.22 0 9.002333168499029e-07
0.11 0.23 0 9.903171019735595e-07
0.11 0.24 0 1.0367215077498958e-06
0.11 0.25 0 1.043479604660354e-06
0.11 0.26 0 1.0569630178509939e-06
0.11 0.27 0 1.0783477603737511e-06
0.11 0.28 0 1.1751596797993723e-06
0.11 0.29 0 1.4185375688462566e-06
0.11 0.3 0 1.5606832554469578e-06
0.11 0.31 0 1.6053142932922816e-06
0.11 0.32 0 1.5373672191519923e-06
0.11 0.33 0 1.427483106741817e-06
0.11 0.34 0 1.4658239561121547e-06
0.11 0.35000000000000003 0 1.476083075883049e-06
0.11 0.36 0 1.4571341845530008e-06
0.11 0.37 0 9.96492368930886e-07
0.11 0.38 0 1.0167301078137005e-06
0.11 0.39 0 8.088801710847413e-07
0.11 0.4 0 8.436668434296375e-07
0.11 0.41000000000000003 0 1.1052940175123277e-06
0.11 0.42 0 1.026549989158871e-06
0.11 0.43 0 1.0430487403203976e-06
0.11 0.44 0 1.1719010966604688e-06
0.11 0.45 0 1.500102142786891e-06
0.11 0.46 0 1.4949515481459555e-06
0.11 0.47000000000000003 0 1.5588921745923536e-06
0.11 0.48 0 1.6609766295703055e-06
0.11 0.49 0 1.7130965827806138e-06
0.11 0.5 0 2.035922253265103e-06
0.12 0.0 0 1.3288029915500078e-06
0.12 0.01 0 1.6726517670543615e-06
0.12 0.02 0 1.5538312908186007e-06
0.12 0.03 0 1.6566636809119181e-06
0.12 0.04 0 1.4517461821705128e-06
0.12 0.05 0 1.5939271062715217e-06
0.12 0.06 0 1.7343331111745657e-06
0.12 0.07 0 1.957238733644151e-06
0.12 0.08 0 1.973131854365284e-06
0.12 0.09 0 2.015469071616506e-06
0.12 0.1 0 2.263443269210863e-06
0.12 0.11 0 2.136478628682852e-06
0.12 0.12 0 2.2940575198122867e-06
0.12 0.13 0 2.257311971178777e-06
0.12 0.14 0 2.1120125533306177e-06
0.12 0.15 0 1.7527897310128307e-06
0.12 0.16 0 1.708184191982316e-06
0.12 0.17 0 1.4103578168603696e-06
0.12 0.18 0 1.108679918648442e-06
0.12 0.19 0 1.112900709185346e-06
0.12 0.2 0 8.618265286030839e-07
0.12 0.21 0 8.565064826905978e-07
0.12 0.22 0 9.461180189825548e-07
0.12 0.23 0 9.689359968210776e-07
0.12 0.24 0 1.0240196554634478e-06
0.12 0.25 0 1.0643690109383352e-06
0.12 0.26 0 1.1248699659612261e-06
0.12 0.27 0 1.2016554424528268e-06
0.12 0.28 0 1.5816125791835093e-06
0.12 0.29 0 1.5051307136824188e-06
0.12 0.3 0 1.4411087196269164e-06
0.12 0.31 0 1.543318554619874e-06
0.12 0.32 0 1.3030575523681566e-06
0.12 0.33 0 1.0561107871559758e-06
0.12 0.34 0 1.05860549833826e-06
0.12 0.35000000000000003 0 1.3140965503508318e-06
0.12 0.36 0 1.2783060481229746e-06
0.12 0.37 0 1.4069216516020948e-06
0.12 0.38 0 1.324894878231715e-06
0.12 0.39 0 1.1971980969289502e-06
0.12 0.4 0 1.1062785064629038e-06
0.12 0.41000000000000003 0 1.011173814454786e-06
0.12 0.42 0 1.066389145483834e-06
0.12 0.43 0 1.196338725270719e-06
0.12 0.44 0 1.1195490652265138e-06
0.12 0.45 0 1.2540639325201608e-06
0.12 0.46 0 1.3049414695521236e-06
0.12 0.47000000000000003 0 1.6713612341022091e-06
0.12 0.48 0 1.5744112294068444e-06
0.12 0.49 0 1.6935701065388143e-06
0.12 0.5 0 1.9724611262257453e-06
0.13 0.0 0 1.585422596389077e-06
0.13 0.01 0 1.4904402474733253e-06
0.13 0.02 0 1.747475970589455e-06
0.13 0.03 0 1.8078255675268022e-06
0.13 0.04 0 1.6013687376072212e-06
0.13 0.05 0 1.5494785936195363e-06
0.13 0.06 0 1.5877080981712447e-06
0.13 0.07 0 1.5143248626125408e-06
0.13 0.08 0 1.7612835444248107e-06
0.13 0.09 0 1.8953090668875933e-06
0.13 0.1 0 1.8026373206511214e-06
0.13 0.11 0 1.6964493906599606e-06
0.13 0.12 0 1.9214826843991368e-06
0.13 0.13 0 2.0386588862232726e-06
0.13 0.14 0 1.6596107419296115e-06
0.13 0.15 0 1.4001280568348046e-06
0.13 0.16 0 1.1509384936653305e-06
0.13 0.17 0 9.54138683860862e-07
0.13 0.18 0 1.0499520395509489e-06
0.13 0.19 0 9.016050644876182e-07
0.13 0.2 0 8.983966552347901e-07
0.13 0.21 0 8.932673242490451e-07
0.13 0.22 0 9.484149162661066e-07
0.13 0.23 0 1.179620434978772e-06
0.13 0.24 0 1.2755551686749018e-06
0.13 0.25 0 1.3006145611873727e-06
0.13 0.26 0 1.1339980778143807e-06
0.13 0.27 0 1.0883982039442376e-06
0.13 0.28 0 1.4785621077532715e-06
0.13 0.29 0 1.5355132004554822e-06
0.13 0.3 0 1.5567502819367316e-06
0.13 0.31 0 1.5919973504656363e-06
0.13 0.32 0 1.536221784303125e-06
0.13 0.33 0 1.4009656168555708e-06
0.13 0.34 0 1.3034285182880774e-06
0.13 0.35000000000000003 0 1.4760975306454616e-06
0.13 0.36 0 1.397966580246187e-06
0.13 0.37 0 1.420705120671836e-06
0.13 0.38 0 1.4008716376313825e-06
0.13 0.39 0 1.538369524909229e-06
0.13 0.4 0 1.6137653605722585e-06
0.13 0.41000000000000003 0 1.7516347476469915e-06
0.13 0.42 0 1.5685133070403706e-06
0.13 0.43 0 1.703230159904571e-06
0.13 0.44 0 1.8121316315156953e-06
0.13 0.45 0 1.4197020802897802e-06
0.13 0.46 0 1.6873047218668345e-06
0.13 0.47000000000000003 0 1.5489011688821381e-06
0.13 0.48 0 1.7504352365494698e-06
0.13 0.49 0 1.6727020480536832e-06
0.13 0.5 0 1.8662038695413472e-06
0.14 0.0 0 1.4028096876247578e-06
0.14 0.01 0 1.2868723567896547e-06
0.14 0.02 0 1.5142375499760168e-06
0.14 0.03 0 1.518839495793128e-06
0.14 0.04 0 1.4270352219741224e-06
0.14 0.05 0 1.7781487350591759e-06
0.14 0.06 0 2.1638730011333483e-06
0.14 0.07 0 1.951083038588131e-06
0.14 0.08 0 1.8246986619430433e-06
0.14 0.09 0 1.716086293108521e-06
0.14 0.1 0 1.7091801578723088e-06
0.14 0.11 0 1.466721016198071e-06
0.14 0.12 0 1.5310829558408578e-06
0.14 0.13 0 1.8563577728622355e-06
0.14 0.14 0 1.6793513508936861e-06
0.14 0.15 0 1.8615404404606862e-06
0.14 0.16 0 1.7107903241094314e-06
0.14 0.17 0 1.5475176480027404e-06
0.14 0.18 0 1.6976332214115506e-06
0.14 0.19 0 1.2450940360467923e-06
0.14 0.2 0 1.1537976035900905e-06
0.14 0.21 0 1.2083879111805777e-06
0.14 0.22 0 1.3405779775516406e-06
0.14 0.23 0 1.6006745637547673e-06
0.14 0.24 0 1.8762621401463385e-06
0.14 0.25 0 2.1894897629635625e-06
0.14 0.26 0 1.770351707256797e-06
0.14 0.27 0 1.8369168896881375e-06
0.14 0.28 0 1.9044009804687951e-06
0.14 0.29 0 1.8940461473807172e-06
0.14 0.3 0 1.7403309290670752e-06
0.14 0.31 0 1.8779533867159882e-06
0.14 0.32 0 1.7341116088071013e-06
0.14 0.33 0 2.175630013238991e-06
0.14 0.34 0 2.0658381494832153e-06
0.14 0.35000000000000003 0 1.8804830836940581e-06
0.14 0.36 0 1.9537356374694583e-06
0.14 0.37 0 1.5169741267419094e-06
0.14 0.38 0 1.6898423760001538e-06
0.14 0.39 0 1.9758424504902735e-06
0.14 0.4 0 2.0683260752614583e-06
0.14 0.41000000000000003 0 1.736356761599502e-06
0.14 0.42 0 1.4302505648318362e-06
0.14 0.43 0 1.432808616691818e-06
0.14 0.44 0 1.295221261711775e-06
0.14 0.45 0 1.263275543965616e-06
0.14 0.46 0 1.2601914358920432e-06
0.14 0.47000000000000003 0 1.1268898134293379e-06
0.14 0.48 0 1.2916595843975365e-06
0.14 0.49 0 1.4514453357504062e-06
0.14 0.5 0 1.656329717282631e-06
0.15 0.0 0 1.6629549318715015e-06
0.15 0.01 0 1.52363531141336e-06
0.15 0.02 0 1.6162154692103494e-06
0.15 0.03 0 1.6202190452967969e-06
0.15 0.04 0 1.4313434943852176e-06
0.15 0.05 0 1.520206481647893e-06
0.15 0.06 0 1.4690397413086178e-06
0.15 0.07 0 1.5374876067307764e-06
0.15 0.08 0 1.6486654181079964e-06
0.15 0.09 0 1.623942794265244e-06
0.15 0.1 0 1.764187857704385e-06
0.15 0.11 0 1.8044028559039151e-06
0.15 0.12 0 2.1157752132896077e-06
0.15 0.13 0 2.1229167815208806e-06
0.15 0.14 0 2.528229789340787e-06
0.15 0.15 0 2.527581800632723e-06
0.15 0.16 0 2.1474234109840325e-06
0.15 0.17 0 2.351929975304199e-06
0.15 0.18 0 2.1234943984712695e-06
0.15 0.19 0 2.2679137716248876e-06
0.15 0.2 0 2.2389502414851054e-06
0.15 0.21 0 2.280225570921039e-06
0.15 0.22 0 2.358384322980404e-06
0.15 0.23 0 2.4396648302749183e-06
0.15 0.24 0 2.1869297826717666e-06
0.15 0.25 0 2.152034588671738e-06
0.15 0.26 0 1.9733770779215627e-06
0.15 0.27 0 1.8238839810868235e-06
0.15 0.28 0 1.7907431696988268e-06
0.15 0.29 0 1.7666002447642098e-06
0.15 0.3 0 1.8389919917105304e-06
0.15 0.31 0 1.818397917815846e-06
0.15 0.32 0 2.2621805534713495e-06
0.15 0.33 0 2.554116430217699e-06
0.15 0.34 0 2.3787511020513245e-06
0.15 0.35000000000000003 0 2.3245051369587133e-06
0.15 0.36 0 2.320277776801781e-06
0.15 0.37 0 2.1660820977416994e-06
0.15 0.38 0 2.264267380505548e-06
0.15 0.39 0 2.0309196879389405e-06
0.15 0.4 0 2.3059030090953704e-06
0.15 0.41000000000000003 0 1.5943436618710307e-06
0.15 0.42 0 1.2861572239420548e-06
0.15 0.43 0 1.1464303894983425e-06
0.15 0.44 0 9.74681939088802e-07
0.15 0.45 0 1.0271160278637494e-06
0.15 0.46 0 9.199836274609699e-07
0.15 0.47000000000000003 0 9.826193160041542e-07
0.15 0.48 0 1.1348183679527043e-06
0.15 0.49 0 1.1829570521094735e-06
0.15 0.5 0 1.2148904569707153e-06
0.16 0.0 0 1.4706220029672419e-06
0.16 0.01 0 1.3940635905246134e-06
0.16 0.02 0 1.51698180154406e-06
0.16 0.03 0 1.3710892363654606e-06
0.16 0.04 0 1.3363249626961232e-06
0.16 0.05 0 1.3765510322445294e-06
0.16 0.06 0 1.450432032749903e-06
0.16 0.07 0 1.6218520664904393e-06
0.16 0.08 0 1.6895803505524694e-06
0.16 0.09 0 1.7563983733835509e-06
0.16 0.1 0 1.6519913813325837e-06
0.16 0.11 0 1.7512770984016003e-06
0.16 0.12 0 2.251464974001293e-06
0.16 0.13 0 3.0235154186509797e-06
0.16 0.14 0 3.349309041066998e-06
0.16 0.15 0 3.6044162332607126e-06
0.16 0.16 0 3.4373774014350857e-06
0.16 0.17 0 3.6616402784346185e-06
0.16 0.18 0 3.3530780448692063e-06
0.16 0.19 0 3.096867070232406e-06
0.16 0.2 0 3.0092218842124982e-06
0.16 0.21 0 2.915886409960349e-06
0.16 0.22 0 2.778278807247859e-06
0.16 0.23 0 2.893693352252095e-06
0.16 0.24 0 2.4256123744028526e-06
0.16 0.25 0 2.0090253924020263e-06
0.16 0.26 0 1.8246548978037083e-06
0.16 0.27 0 1.5807542377702406e-06
0.16 0.28 0 1.5214567823346448e-06
0.16 0.29 0 1.4534634910210847e-06
0.16 0.3 0 1.642973464411907e-06
0.16 0.31 0 1.295008709672002e-06
0.16 0.32 0 1.5478925242697648e-06
0.16 0.33 0 1.7408862380442964e-06
0.16 0.34 0 1.724446844348922e-06
0.16 0.35000000000000003 0 1.9377169754153167e-06
0.16 0.36 0 1.7519297795125016e-06
0.16 0.37 0 1.7282808389780245e-06
0.16 0.38 0 1.8680575910290542e-06
0.16 0.39 0 2.1259258959681937e-06
0.16 0.4 0 1.9645021491357574e-06
0.16 0.41000000000000003 0 1.8566012476246804e-06
0.16 0.42 0 1.5913755713067872e-06
0.16 0.43 0 1.4106989215948497e-06
0.16 0.44 0 1.4662068241809733e-06
0.16 0.45 0 1.5727321674217429e-06
0.16 0.46 0 1.455727090330695e-06
0.16 0.47000000000000003 0 1.3462524150686436e-06
0.16 0.48 0 1.4965813929146546e-06
0.16 0.49 0 1.5205110884353858e-06
0.16 0.5 0 1.7215253946170501e-06
0.17 0.0 0 1.90193874839046e-06
0.17 0.01 0 1.694448035130849e-06
0.17 0.02 0 1.3698635443430677e-06
0.17 0.03 0 1.1587952930269278e-06
0.17 0.04 0 1.0486417613990734e-06
0.17 0.05 0 1.0965957062683192e-06
0.17 0.06 0 1.10692523411041e-06
0.17 0.07 0 1.2522083349650124e-06
0.17 0.08 0 1.2977994832981e-06
0.17 0.09 0 1.3961404167687753e-06
0.17 0.1 0 1.5768165162937564e-06
0.17 0.11 0 1.620408685606478e-06
0.17 0.12 0 1.5417525320384364e-06
0.17 0.13 0 2.5333992114984954e-06
0.17 0.14 0 2.9508376094504573e-06
0.17 0.15 0 3.610032868507429e-06
0.17 0.16 0 4.210444288542014e-06
0.17 0.17 0 3.6588178784997167e-06
0.17 0.18 0 3.32375850579408e-06
0.17 0.19 0 2.694785458585124e-06
0.17 0.2 0 2.7011424037450396e-06
0.17 0.21 0 2.3247596840237593e-06
0.17 0.22 0 2.6867894141971725e-06
0.17 0.23 0 2.6662484234594527e-06
0.17 0.24 0 2.2383582265149815e-06
0.17 0.25 0 1.9245795253832247e-06
0.17 0.26 0 1.6838297523736269e-06
0.17 0.27 0 1.4551163231096487e-06
0.17 0.28 0 1.5427446485139657e-06
0.17 0.29 0 1.4835840467125248e-06
0.17 0.3 0 1.2454211442544023e-06
0.17 0.31 0 1.2113180268562513e-06
0.17 0.32 0 1.159665171816757e-06
0.17 0.33 0 1.1867549107896966e-06
0.17 0.34 0 1.1822330405376513e-06
0.17 0.35000000000000003 0 1.0605496511165833e-06
0.17 0.36 0 1.0470480922103323e-06
0.17 0.37 0 1.0395896384025171e-06
0.17 0.38 0 1.1854650452120497e-06
0.17 0.39 0 1.3722817756495498e-06
0.17 0.4 0 1.3532419153724348e-06
0.17 0.41000000000000003 0 1.3406369302994266e-06
0.17 0.42 0 1.3793659955647565e-06
0.17 0.43 0 1.7786903324358701e-06
0.17 0.44 0 2.0032135539382864e-06
0.17 0.45 0 1.955114902996637e-06
0.17 0.46 0 1.9920353598184593e-06
0.17 0.47000000000000003 0 2.140059053708006e-06
0.17 0.48 0 2.3027514658347398e-06
0.17 0.49 0 2.3899022029347935e-06
0.17 0.5 0 2.5940675331097612e-06
0.18 0.0 0 1.5899520151172354e-06
0.18 0.01 0 1.5341190091754822e-06
0.18 0.02 0 1.235413104533613e-06
0.18 0.03 0 1.0819831544814134e-06
0.18 0.04 0 8.395863769001201e-07
0.18 0.05 0 9.547010390747053e-07
0.18 0.06 0 1.0987218067830443e-06
0.18 0.07 0 1.350382828786778e-06
0.18 0.08 0 1.4879655173238314e-06
0.18 0.09 0 1.74873484079468e-06
0.18 0.1 0 2.171083974681097e-06
0.18 0.11 0 1.7928287837111137e-06
0.18 0.12 0 2.0740830196459843e-06
0.18 0.13 0 2.0729496437300385e-06
0.18 0.14 0 2.281644587741648e-06
0.18 0.15 0 2.540662560782737e-06
0.18 0.16 0 2.784680562202733e-06
0.18 0.17 0 2.7873763041145457e-06
0.18 0.18 0 2.248173821302512e-06
0.18 0.19 0 1.9946931562569355e-06
0.18 0.2 0 2.4025060907743547e-06
0.18 0.21 0 2.4659631806265346e-06
0.18 0.22 0 2.5679398452912146e-06
0.18 0.23 0 2.153298576322074e-06
0.18 0.24 0 1.8901047167005128e-06
0.18 0.25 0 1.9052877403931702e-06
0.18 0.26 0 1.7318972987932913e-06
0.18 0.27 0 1.5609476677015349e-06
0.18 0.28 0 1.5951312932682434e-06
0.18 0.29 0 1.7766553203133122e-06
0.18 0.3 0 1.700887645930172e-06
0.18 0.31 0 1.5577414455841345e-06
0.18 0.32 0 1.2638647989453973e-06
0.18 0.33 0 1.0770585210411584e-06
0.18 0.34 0 9.260534834868504e-07
0.18 0.35000000000000003 0 1.0485016575145899e-06
0.18 0.36 0 1.0538379224704824e-06
0.18 0.37 0 1.1145729840301304e-06
0.18 0.38 0 1.2570013297790019e-06
0.18 0.39 0 1.128178249127543e-06
0.18 0.4 0 1.3591187058037263e-06
0.18 0.41000000000000003 0 1.342578054748161e-06
0.18 0.42 0 1.2531286108579967e-06
0.18 0.43 0 1.6729309572987308e-06
0.18 0.44 0 1.887530669765673e-06
0.18 0.45 0 2.1753904078779213e-06
0.18 0.46 0 2.1176170257221283e-06
0.18 0.47000000000000003 0 2.519464524695681e-06
0.18 0.48 0 2.3858707944519023e-06
0.18 0.49 0 2.531080014012914e-06
0.18 0.5 0 2.7797292488440802e-06
0.19 0.0 0 1.3723986802792154e-06
0.19 0.01 0 1.1599423007685602e-06
0.19 0.02 0 1.2444274963650163e-06
0.19 0.03 0 1.125405742270435e-06
0.19 0.04 0 9.56610566065006e-07
0.19 0.05 0 8.596043679829369e-07
0.19 0.06 0 1.039821473953121e-06
0.19 0.07 0 1.33928697006338e-06
0.19 0.08 0 1.2994585217657633e-06
0.19 0.09 0 1.6773587621217342e-06
0.19 0.1 0 2.2218250905930275e-06
0.19 0.11 0 2.037405325854991e-06
0.19 0.12 0 2.5403000738710724e-06
0.19 0.13 0 2.4972417225950435e-06
0.19 0.14 0 2.438402022254075e-06
0.19 0.15 0 2.2153391469324716e-06
0.19 0.16 0 2.03866592416256e-06
0.19 0.17 0 2.235979620883167e-06
0.19 0.18 0 2.241322050476902e-06
0.19 0.19 0 1.9933943789423487e-06
0.19 0.2 0 1.827516187693223e-06
0.19 0.21 0 2.323841646795193e-06
0.19 0.22 0 2.6795649552853457e-06
0.19 0.23 0 2.3755344479183917e-06
0.19 0.24 0 1.8925638438566753e-06
0.19 0.25 0 1.9561439448641447e-06
0.19 0.26 0 1.5834066414548717e-06
0.19 0.27 0 1.7548686330048793e-06
0.19 0.28 0 2.0074687594765256e-06
0.19 0.29 0 1.8332302049954223e-06
0.19 0.3 0 2.1800106278153526e-06
0.19 0.31 0 1.8615253548587497e-06
0.19 0.32 0 1.8143902665552807e-06
0.19 0.33 0 1.8048808256280337e-06
0.19 0.34 0 1.4074198636952265e-06
0.19 0.35000000000000003 0 1.3753624782844991e-06
0.19 0.36 0 1.286010568655063e-06
0.19 0.37 0 1.5565670814872288e-06
0.19 0.38 0 1.3846684863299537e-06
0.19 0.39 0 1.2952846750417235e-06
0.19 0.4 0 1.3381068633477222e-06
0.19 0.41000000000000003 0 1.2598747050241727e-06
0.19 0.42 0 1.4210017573191825e-06
0.19 0.43 0 1.70238916691751e-06
0.19 0.44 0 1.8307820675684101e-06
0.19 0.45 0 1.924613611243243e-06
0.19 0.46 0 2.154689142608679e-06
0.19 0.47000000000000003 0 2.0515274777268354e-06
0.19 0.48 0 2.191180364524834e-06
0.19 0.49 0 1.8667958371847395e-06
0.19 0.5 0 2.326479298811362e-06
0.2 0.0 0 1.6776088821225463e-06
0.2 0.01 0 1.2305993061139638e-06
0.2 0.02 0 1.175246579970276e-06
0.2 0.03 0 1.0632242340777954e-06
0.2 0.04 0 1.1464728663396367e-06
0.2 0.05 0 1.0975652697049351e-06
0.2 0.06 0 1.3212627311126625e-06
0.2 0.07 0 1.3680517974965585e-06
0.2 0.08 0 1.6765312990977244e-06
0.2 0.09 0 1.8643659351055163e-06
0.2 0.1 0 2.0933693654318135e-06
0.2 0.11 0 2.5625609779896013e-06
0.2 0.12 0 2.308765468360074e-06
0.2 0.13 0 2.226514691067235e-06
0.2 0.14 0 2.2587294473697903e-06
0.2 0.15 0 2.5375130250045075e-06
0.2 0.16 0 2.4101541571129568e-06
0.2 0.17 0 2.2624492591222643e-06
0.2 0.18 0 2.134562579580462e-06
0.2 0.19 0 1.8985492807499676e-06
0.2 0.2 0 1.9248147291007293e-06
0.2 0.21 0 1.9757648099203194e-06
0.2 0.22 0 2.142024733645938e-06
0.2 0.23 0 2.0343878705628074e-06
0.2 0.24 0 1.984451576307237e-06
0.2 0.25 0 2.0582095653356676e-06
0.2 0.26 0 1.92518126251875e-06
0.2 0.27 0 1.8976345248906722e-06
0.2 0.28 0 1.7075217990551875e-06
0.2 0.29 0 1.8444528188877607e-06
0.2 0.3 0 1.853318190789343e-06
0.2 0.31 0 1.920772300447791e-06
0.2 0.32 0 2.0006838795732065e-06
0.2 0.33 0 1.977810018443073e-06
0.2 0.34 0 1.9328377871215974e-06
0.2 0.35000000000000003 0 1.5217087850677107e-06
0.2 0.36 0 1.4841744385974087e-06
0.2 0.37 0 1.7273931136738199e-06
0.2 0.38 0 1.582724678811152e-06
0.2 0.39 0 1.3174715439750998e-06
0.2 0.4 0 1.1737910497289145e-06
0.2 0.41000000000000003 0 1.0323760595935509e-06
0.2 0.42 0 1.1137658501264085e-06
0.2 0.43 0 1.2502300116322705e-06
0.2 0.44 0 1.419029103319396e-06
0.2 0.45 0 1.3936592047235408e-06
0.2 0.46 0 1.3863890957905432e-06
0.2 0.47000000000000003 0 1.3537557490930664e-06
0.2 0.48 0 1.6775382685481668e-06
0.2 0.49 0 1.7045821590599076e-06
0.2 0.5 0 1.6825968905816138e-06
0.21 0.0 0 1.2172346703964031e-06
0.21 0.01 0 1.281806016218958e-06
0.21 0.02 0 1.37943210455427e-06
0.21 0.03 0 1.4901570044417519e-06
0.21 0.04 0 1.290491809221379e-06
0.21 0.05 0 1.4213377738787488e-06
0.21 0.06 0 1.4539352942102646e-06
0.21 0.07 0 1.6518222801405424e-06
0.21 0.08 0 1.7939630268480316e-06
0.21 0.09 0 1.947706905189452e-06
0.21 0.1 0 2.120615889248333e-06
0.21 0.11 0 2.3832719404080725e-06
0.21 0.12 0 2.572468878252782e-06
0.21 0.13 0 2.2951582118660944e-06
0.21 0.14 0 2.226329459932232e-06
0.21 0.15 0 2.541006283696548e-06
0.21 0.16 0 2.293423283523244e-06
0.21 0.17 0 2.417652922488378e-06
0.21 0.18 0 2.084008315607883e-06
0.21 0.19 0 1.8464196424254629e-06
0.21 0.2 0 1.7405726937359207e-06
0.21 0.21 0 1.7456054996022163e-06
0.21 0.22 0 1.601879628274356e-06
0.21 0.23 0 1.4540877921185774e-06
0.21 0.24 0 1.515569316720033e-06
0.21 0.25 0 1.4601206854999165e-06
0.21 0.26 0 1.4805476065665672e-06
0.21 0.27 0 1.492135389449701e-06
0.21 0.28 0 1.3045540433871074e-06
0.21 0.29 0 1.5710704928004745e-06
0.21 0.3 0 1.8507414512958678e-06
0.21 0.31 0 1.981742366377754e-06
0.21 0.32 0 1.9700266190346753e-06
0.21 0.33 0 1.8299175380458018e-06
0.21 0.34 0 1.5971627353275169e-06
0.21 0.35000000000000003 0 1.5651566455418275e-06
0.21 0.36 0 1.752088013214458e-06
0.21 0.37 0 1.6348817751963705e-06
0.21 0.38 0 1.7579637350592396e-06
0.21 0.39 0 1.332506066063067e-06
0.21 0.4 0 1.1849925731267682e-06
0.21 0.41000000000000003 0 1.0792572751188143e-06
0.21 0.42 0 1.144532434493262e-06
0.21 0.43 0 9.675238575478072e-07
0.21 0.44 0 9.76670942795892e-07
0.21 0.45 0 1.313596200837279e-06
0.21 0.46 0 1.2435612658634614e-06
0.21 0.47000000000000003 0 1.5002144762878034e-06
0.21 0.48 0 1.4072490458199402e-06
0.21 0.49 0 1.4042605593910173e-06
0.21 0.5 0 1.3470674554125726e-06
0.22 0.0 0 1.0781885690558506e-06
0.22 0.01 0 9.99529604301553e-07
0.22 0.02 0 1.2157926142985067e-06
0.22 0.03 0 1.1616982004401652e-06
0.22 0.04 0 1.2104029986609595e-06
0.22 0.05 0 1.2105253540154996e-06
0.22 0.06 0 1.0343951821183283e-06
0.22 0.07 0 1.3801465746053682e-06
0.22 0.08 0 1.3596257767625806e-06
0.22 0.09 0 1.385463472239288e-06
0.22 0.1 0 1.6424481814673082e-06
0.22 0.11 0 1.764309751112839e-06
0.22 0.12 0 1.9595008657731383e-06
0.22 0.13 0 1.665028360194069e-06
0.22 0.14 0 1.6574395168331856e-06
0.22 0.15 0 1.7560598184789128e-06
0.22 0.16 0 1.815861079844777e-06
0.22 0.17 0 1.75105280363135e-06
0.22 0.18 0 1.4561087554682839e-06
0.22 0.19 0 1.2810850338338717e-06
0.22 0.2 0 1.1325330887989879e-06
0.22 0.21 0 1.0018710970038146e-06
0.22 0.22 0 1.1087337960219062e-06
0.22 0.23 0 1.2052116763731184e-06
0.22 0.24 0 1.02646434849388e-06
0.22 0.25 0 1.067448535030932e-06
0.22 0.26 0 1.0114223801889246e-06
0.22 0.27 0 1.009726872077011e-06
0.22 0.28 0 1.271987711597566e-06
0.22 0.29 0 1.1053626924404535e-06
0.22 0.3 0 1.3689597408448046e-06
0.22 0.31 0 1.3761398059556307e-06
0.22 0.32 0 1.7601733585276342e-06
0.22 0.33 0 1.634800058145321e-06
0.22 0.34 0 1.389316313834e-06
0.22 0.35000000000000003 0 1.481031689910055e-06
0.22 0.36 0 1.5082526114462286e-06
0.22 0.37 0 1.7030702835695275e-06
0.22 0.38 0 1.6188470543806196e-06
0.22 0.39 0 1.3723544003583766e-06
0.22 0.4 0 1.2155052363154306e-06
0.22 0.41000000000000003 0 1.2366397762383483e-06
0.22 0.42 0 1.269325647398263e-06
0.22 0.43 0 1.2437167390523571e-06
0.22 0.44 0 1.150086359946839e-06
0.22 0.45 0 1.2073915825510348e-06
0.22 0.46 0 1.1394904605731925e-06
0.22 0.47000000000000003 0 1.1487423729075472e-06
0.22 0.48 0 1.2347694911035426e-06
0.22 0.49 0 1.0629539505009743e-06
0.22 0.5 0 9.38992576982086e-07
0.23 0.0 0 1.4274540767495818e-06
0.23 0.01 0 1.2833425173464723e-06
0.23 0.02 0 1.2454806735811765e-06
0.23 0.03 0 1.0905210322798182e-06
0.23 0.04 0 1.0336556171752913e-06
0.23 0.05 0 9.262718010248654e-07
0.23 0.06 0 9.315760577110826e-07
0.23 0.07 0 9.626629503000864e-07
0.23 0.08 0 1.0478476674476982e-06
0.23 0.09 0 1.3260515534001767e-06
0.23 0.1 0 1.2721908711603547e-06
0.23 0.11 0 1.1979684817009536e-06
0.23 0.12 0 1.0580583132181302e-06
0.23 0.13 0 1.1109198639925977e-06
0.23 0.14 0 1.2574582865522891e-06
0.23 0.15 0 1.5658872846355103e-06
0.23 0.16 0 1.6747836270798996e-06
0.23 0.17 0 1.6366245185978006e-06
0.23 0.18 0 1.3318888135409837e-06
0.23 0.19 0 1.1147476962179038e-06
0.23 0.2 0 1.0195420548374416e-06
0.23 0.21 0 8.283413476797438e-07
0.23 0.22 0 9.464888552249037e-07
0.23 0.23 0 9.732022549945367e-07
0.23 0.24 0 1.1579543144202586e-06
0.23 0.25 0 1.3666679164707592e-06
0.23 0.26 0 1.4032962624927826e-06
0.23 0.27 0 1.3987552721186736e-06
0.23 0.28 0 1.456823090732909e-06
0.23 0.29 0 1.5969861592017666e-06
0.23 0.3 0 1.403638077543596e-06
0.23 0.31 0 1.4149547215040947e-06
0.23 0.32 0 1.6860564999441858e-06
0.23 0.33 0 1.4068957176234409e-06
0.23 0.34 0 1.2847699906221173e-06
0.23 0.35000000000000003 0 1.5618787986615859e-06
0.23 0.36 0 1.671943389244657e-06
0.23 0.37 0 2.2023514577854404e-06
0.23 0.38 0 2.171000475372933e-06
0.23 0.39 0 1.928071031557345e-06
0.23 0.4 0 1.6784051579603163e-06
0.23 0.41000000000000003 0 1.812211704296246e-06
0.23 0.42 0 1.589847979613418e-06
0.23 0.43 0 1.5224812158471644e-06
0.23 0.44 0 1.4083746359150733e-06
0.23 0.45 0 1.2237535743120423e-06
0.23 0.46 0 1.103411433462536e-06
0.23 0.47000000000000003 0 1.2657988480129074e-06
0.23 0.48 0 1.4589141806479634e-06
0.23 0.49 0 1.261319304608074e-06
0.23 0.5 0 1.1806617495645227e-06
0.24 0.0 0 1.6793342392257906e-06
0.24 0.01 0 1.492279954587199e-06
0.24 0.02 0 1.3251546188195905e-06
0.24 0.03 0 1.3509141895163665e-06
0.24 0.04 0 1.1759359836597464e-06
0.24 0.05 0 9.852620286797376e-07
0.24 0.06 0 1.1685952822583569e-06
0.24 0.07 0 1.2506843977151145e-06
0.24 0.08 0 1.2310070306956131e-06
0.24 0.09 0 1.4534852773176422e-06
0.24 0.1 0 1.5662050865511327e-06
0.24 0.11 0 1.2639018253936654e-06
0.24 0.12 0 1.1573399678536122e-06
0.24 0.13 0 1.0520003194241806e-06
0.24 0.14 0 1.2425335868216267e-06
0.24 0.15 0 1.3225002752459185e-06
0.24 0.16 0 1.3069351844365187e-06
0.24 0.17 0 1.1721268568967114e-06
0.24 0.18 0 1.2940430108917901e-06
0.24 0.19 0 1.3694021665387917e-06
0.24 0.2 0 1.1029017572300823e-06
0.24 0.21 0 1.0463364425308068e-06
0.24 0.22 0 1.3923953779926246e-06
0.24 0.23 0 1.217005522612135e-06
0.24 0.24 0 1.5109511267408194e-06
0.24 0.25 0 1.653092016818899e-06
0.24 0.26 0 1.536388494560599e-06
0.24 0.27 0 1.55465311179791e-06
0.24 0.28 0 1.4683981385704843e-06
0.24 0.29 0 1.823017391590158e-06
0.24 0.3 0 1.787049145416889e-06
0.24 0.31 0 1.8865436596771833e-06
0.24 0.32 0 1.6756811140111133e-06
0.24 0.33 0 1.450581354152753e-06
0.24 0.34 0 1.3495029730208093e-06
0.24 0.35000000000000003 0 1.4042211901344771e-06
0.24 0.36 0 1.5659304411234698e-06
0.24 0.37 0 1.7997687402211368e-06
0.24 0.38 0 1.7141718120972807e-06
0.24 0.39 0 1.6497489194835459e-06
0.24 0.4 0 1.9073972819642186e-06
0.24 0.41000000000000003 0 1.6440553954214704e-06
0.24 0.42 0 1.6661950421855805e-06
0.24 0.43 0 1.4828235117560634e-06
0.24 0.44 0 1.5714386793263316e-06
0.24 0.45 0 1.686354582315699e-06
0.24 0.46 0 1.4486309474602475e-06
0.24 0.47000000000000003 0 1.7651158365450565e-06
0.24 0.48 0 1.7123872343654477e-06
0.24 0.49 0 1.50171342508824e-06
0.24 0.5 0 1.3185027202885092e-06
0.25 0.0 0 1.633289495136542e-06
0.25 0.01 0 1.3977821864400674e-06
0.25 0.02 0 1.4607658316780407e-06
0.25 0.03 0 1.488671689618476e-06
0.25 0.04 0 1.455984417749825e-06
0.25 0.05 0 1.5989459591694837e-06
0.25 0.06 0 1.4719942890738884e-06
0.25 0.07 0 1.468767058585088e-06
0.25 0.08 0 1.4296330193671387e-06
0.25 0.09 0 1.483493792545851e-06
0.25 0.1 0 1.4656922870220043e-06
0.25 0.11 0 1.2917213203534157e-06
0.25 0.12 0 1.3484366944558566e-06
0.25 0.13 0 1.1182265090487176e-06
0.25 0.14 0 1.1691883486144945e-06
0.25 0.15 0 1.2558943538936285e-06
0.25 0.16 0 1.2797715588968298e-06
0.25 0.17 0 1.2608517947625652e-06
0.25 0.18 0 1.3227247510899796e-06
0.25 0.19 0 1.4453309954968721e-06
0.25 0.2 0 1.2523196364176124e-06
0.25 0.21 0 1.3336507727853986e-06
0.25 0.22 0 1.345418668423786e-06
0.25 0.23 0 1.472897981272217e-06
0.25 0.24 0 1.2965193582033899e-06
0.25 0.25 0 1.6418185174265358e-06
0.25 0.26 0 1.7239366280366753e-06
0.25 0.27 0 1.7777910200656033e-06
0.25 0.28 0 1.7786483124866104e-06
0.25 0.29 0 1.7860733615586845e-06
0.25 0.3 0 2.1017159907457485e-06
0.25 0.31 0 2.271747158190429e-06
0.25 0.32 0 2.0182249415302818e-06
0.25 0.33 0 1.7339241521589516e-06
0.25 0.34 0 1.5715271139744188e-06
0.25 0.35000000000000003 0 1.4243339390102631e-06
0.25 0.36 0 1.3550303626839806e-06
0.25 0.37 0 1.5698517808849953e-06
0.25 0.38 0 1.4202463040321549e-06
0.25 0.39 0 1.3152255817547435e-06
0.25 0.4 0 1.433507835056763e-06
0.25 0.41000000000000003 0 1.395542096859493e-06
0.25 0.42 0 1.3784128970388872e-06
0.25 0.43 0 1.378012870540699e-06
0.25 0.44 0 1.4287079619195675e-06
0.25 0.45 0 1.4088524762512238e-06
0.25 0.46 0 1.5152454428260094e-06
0.25 0.47000000000000003 0 1.457243568857394e-06
0.25 0.48 0 1.5333365375296754e-06
0.25 0.49 0 1.788580579617466e-06
0.25 0.5 0 1.3968558092355743e-06
0.26 0.0 0 1.5720146753854994e-06
0.26 0.01 0 1.2809722190008744e-06
0.26 0.02 0 1.5174282119081936e-06
0.26 0.03 0 1.512209350898209e-06
0.26 0.04 0 1.7490534727838796e-06
0.26 0.05 0 1.7165990182279466e-06
0.26 0.06 0 1.8966978917003197e-06
0.26 0.07 0 1.7063840402909088e-06
0.26 0.08 0 1.8347238404414523e-06
0.26 0.09 0 1.9808931602582795e-06
0.26 0.1 0 1.622792417705194e-06
0.26 0.11 0 1.2901339628266073e-06
0.26 0.12 0 1.16445407310383e-06
0.26 0.13 0 1.097153945487417e-06
0.26 0.14 0 1.1240679777085513e-06
0.26 0.15 0 1.1880038895127073e-06
0.26 0.16 0 9.454210555519403e-07
0.26 0.17 0 9.651984266264953e-07
0.26 0.18 0 1.1042183202723392e-06
0.26 0.19 0 1.1380165857746502e-06
0.26 0.2 0 1.0771799391619472e-06
0.26 0.21 0 1.0465585538342577e-06
0.26 0.22 0 1.0287585422655831e-06
0.26 0.23 0 1.1107444966844071e-06
0.26 0.24 0 1.3065065018649662e-06
0.26 0.25 0 1.4475668434899484e-06
0.26 0.26 0 1.5627239984521628e-06
0.26 0.27 0 1.4939746946286049e-06
0.26 0.28 0 1.1741374824013409e-06
0.26 0.29 0 1.1453501259453638e-06
0.26 0.3 0 1.4760735037706395e-06
0.26 0.31 0 1.3808968473588653e-06
0.26 0.32 0 1.446236430105127e-06
0.26 0.33 0 1.5017626258197649e-06
0.26 0.34 0 1.6746856132682238e-06
0.26 0.35000000000000003 0 1.6085552392276362e-06
0.26 0.36 0 1.602412433985715e-06
0.26 0.37 0 1.4667029363594775e-06
0.26 0.38 0 1.343586488488281e-06
0.26 0.39 0 1.2366679771721092e-06
0.26 0.4 0 1.034585976998275e-06
0.26 0.41000000000000003 0 1.060071414311408e-06
0.26 0.42 0 1.2445931370749134e-06
0.26 0.43 0 1.313730085499602e-06
0.26 0.44 0 1.4086994262584162e-06
0.26 0.45 0 1.5120749873333027e-06
0.26 0.46 0 1.8961882117999962e-06
0.26 0.47000000000000003 0 1.929326114058814e-06
0.26 0.48 0 1.969202980144268e-06
0.26 0.49 0 1.673015450790833e-06
0.26 0.5 0 1.5715656561311618e-06
0.27 0.0 0 1.6288632548128002e-06
0.27 0.01 0 1.8377744601535183e-06
0.27 0.02 0 1.714396139107826e-06
0.27 0.03 0 1.5590605953217922e-06
0.27 0.04 0 1.7083843087534011e-06
0.27 0.05 0 1.5645062939886372e-06
0.27 0.06 0 1.5043832907282115e-06
0.27 0.07 0 1.6777256317966806e-06
0.27 0.08 0 1.7293724811069753e-06
0.27 0.09 0 1.7865169752868731e-06
0.27 0.1 0 1.3527096221864137e-06
0.27 0.11 0 1.3154547233527716e-06
0.27 0.12 0 1.1478204046756428e-06
0.27 0.13 0 1.0625676373791898e-06
0.27 0.14 0 1.0028495828077575e-06
0.27 0.15 0 9.502832433132829e-07
0.27 0.16 0 8.513159606385155e-07
0.27 0.17 0 9.175061145191807e-07
0.27 0.18 0 8.173012406971773e-07
0.27 0.19 0 9.991649156471607e-07
0.27 0.2 0 1.029353708594154e-06
0.27 0.21 0 8.776329085287908e-07
0.27 0.22 0 9.552444422566254e-07
0.27 0.23 0 8.624757653977262e-07
0.27 0.24 0 1.0309803727459062e-06
0.27 0.25 0 1.0377631083439441e-06
0.27 0.26 0 1.0752158136871474e-06
0.27 0.27 0 1.2039106485148094e-06
0.27 0.28 0 1.0079085914689442e-06
0.27 0.29 0 1.2158591933265663e-06
0.27 0.3 0 1.4239900285219196e-06
0.27 0.31 0 1.4349840858960952e-06
0.27 0.32 0 1.315545714991716e-06
0.27 0.33 0 1.2321417120473603e-06
0.27 0.34 0 1.3431782334376596e-06
0.27 0.35000000000000003 0 1.315900809775334e-06
0.27 0.36 0 1.1800749196607438e-06
0.27 0.37 0 1.1191401743647055e-06
0.27 0.38 0 1.0821865796916449e-06
0.27 0.39 0 1.1947248775758273e-06
0.27 0.4 0 1.3310810913860327e-06
0.27 0.41000000000000003 0 1.1283275611467965e-06
0.27 0.42 0 1.2667499337152154e-06
0.27 0.43 0 1.2665037842157724e-06
0.27 0.44 0 1.2992533963785476e-06
0.27 0.45 0 1.787342324774224e-06
0.27 0.46 0 1.6592068679862218e-06
0.27 0.47000000000000003 0 1.6449796230247137e-06
0.27 0.48 0 1.3099625219133677e-06
0.27 0.49 0 1.1573610134175818e-06
0.27 0.5 0 1.1582288507935388e-06
0.28 0.0 0 1.5279424121264624e-06
0.28 0.01 0 1.7150549905865378e-06
0.28 0.02 0 1.7090633591716451e-06
0.28 0.03 0 1.613326186265518e-06
0.28 0.04 0 1.4213310149394782e-06
0.28 0.05 0 1.4730725699698869e-06
0.28 0.06 0 1.320019280667228e-06
0.28 0.07 0 1.414579133952738e-06
0.28 0.08 0 1.4118801594068067e-06
0.28 0.09 0 1.57267803187066e-06
0.28 0.1 0 1.5473565235700864e-06
0.28 0.11 0 1.3783011621489691e-06
0.28 0.12 0 1.2751128636053285e-06
0.28 0.13 0 1.1401643637587464e-06
0.28 0.14 0 1.3630909566210413e-06
0.28 0.15 0 1.1206141806628781e-06
0.28 0.16 0 1.1496368736570754e-06
0.28 0.17 0 1.098234937220367e-06
0.28 0.18 0 9.597959908061532e-07
0.28 0.19 0 9.744245030846552e-07
0.28 0.2 0 1.0687875975130293e-06
0.28 0.21 0 1.0837004228329355e-06
0.28 0.22 0 9.943804725921985e-07
0.28 0.23 0 1.0162997000954984e-06
0.28 0.24 0 1.1514841050787825e-06
0.28 0.25 0 1.2520341618140476e-06
0.28 0.26 0 1.5095981590434478e-06
0.28 0.27 0 1.3252257103114747e-06
0.28 0.28 0 1.2574745620439988e-06
0.28 0.29 0 1.3375768054357226e-06
0.28 0.3 0 1.3568599226990923e-06
0.28 0.31 0 1.2640255340126326e-06
0.28 0.32 0 1.4099643373740321e-06
0.28 0.33 0 1.335560802604201e-06
0.28 0.34 0 1.432974531644762e-06
0.28 0.35000000000000003 0 1.538396461207801e-06
0.28 0.36 0 1.447278838889563e-06
0.28 0.37 0 1.450698095355821e-06
0.28 0.38 0 1.388323225983038e-06
0.28 0.39 0 1.2342990907699676e-06
0.28 0.4 0 1.1706018166264786e-06
0.28 0.41000000000000003 0 1.1794580911858695e-06
0.28 0.42 0 1.2582091319329503e-06
0.28 0.43 0 1.2568761649347251e-06
0.28 0.44 0 1.4676361542586472e-06
0.28 0.45 0 1.5657572848364554e-06
0.28 0.46 0 1.5358945309375342e-06
0.28 0.47000000000000003 0 1.6588004008538116e-06
0.28 0.48 0 1.1210841357273236e-06
0.28 0.49 0 1.0527793682903284e-06
0.28 0.5 0 1.0877860101472737e-06
0.29 0.0 0 1.5253345149915136e-06
0.29 0.01 0 1.5970125941970208e-06
0.29 0.02 0 1.521261779570206e-06
0.29 0.03 0 1.494182217168392e-06
0.29 0.04 0 1.1969506010965713e-06
0.29 0.05 0 7.989819920483345e-07
0.29 0.06 0 8.875370304998516e-07
0.29 0.07 0 1.2813658465107601e-06
0.29 0.08 0 1.5722309166995004e-06
0.29 0.09 0 1.6148418995469504e-06
0.29 0.1 0 1.6535984718588713e-06
0.29 0.11 0 1.6500259739359663e-06
0.29 0.12 0 1.4110089870560514e-06
0.29 0.13 0 1.3135553311611528e-06
0.29 0.14 0 1.1746410104194666e-06
0.29 0.15 0 1.1491072006351635e-06
0.29 0.16 0 1.2647447478131003e-06
0.29 0.17 0 1.2007844359940228e-06
0.29 0.18 0 1.3839030375133355e-06
0.29 0.19 0 1.463562682807257e-06
0.29 0.2 0 1.2592922524423882e-06
0.29 0.21 0 1.2232015167627252e-06
0.29 0.22 0 1.1583421400343954e-06
0.29 0.23 0 1.1553169000580765e-06
0.29 0.24 0 1.1902572970699025e-06
0.29 0.25 0 1.3816982046760402e-06
0.29 0.26 0 1.524872930795243e-06
0.29 0.27 0 1.4583569163255832e-06
0.29 0.28 0 1.3363436460340903e-06
0.29 0.29 0 1.3253325017283442e-06
0.29 0.3 0 1.3304995107600021e-06
0.29 0.31 0 1.3080167301715764e-06
0.29 0.32 0 1.1862848861240245e-06
0.29 0.33 0 1.1587442959688923e-06
0.29 0.34 0 1.3619057435537501e-06
0.29 0.35000000000000003 0 1.42511696774732e-06
0.29 0.36 0 1.4354616864972759e-06
0.29 0.37 0 1.4139714665096523e-06
0.29 0.38 0 1.0300096796966824e-06
0.29 0.39 0 1.0546495194958059e-06
0.29 0.4 0 9.160593686653334e-07
0.29 0.41000000000000003 0 1.235254369311287e-06
0.29 0.42 0 1.2251948712987897e-06
0.29 0.43 0 1.298462259808208e-06
0.29 0.44 0 1.6526183840206537e-06
0.29 0.45 0 1.71962737044138e-06
0.29 0.46 0 1.7449345200434785e-06
0.29 0.47000000000000003 0 1.5376140222659594e-06
0.29 0.48 0 1.2130704744970702e-06
0.29 0.49 0 1.0055185648722715e-06
0.29 0.5 0 1.113500096774881e-06
0.3 0.0 0 1.9052362978757688e-06
0.3 0.01 0 1.926439088262537e-06
0.3 0.02 0 1.6510046685381738e-06
0.3 0.03 0 1.371185475028584e-06
0.3 0.04 0 1.3687567754794602e-06
0.3 0.05 0 1.0143234090670565e-06
0.3 0.06 0 1.0507414535490862e-06
0.3 0.07 0 1.149676601073094e-06
0.3 0.08 0 1.4650993906139287e-06
0.3 0.09 0 1.6511584712012605e-06
0.3 0.1 0 1.6630209797649232e-06
0.3 0.11 0 1.6630102892876434e-06
0.3 0.12 0 1.6664655941818097e-06
0.3 0.13 0 1.400408928004981e-06
0.3 0.14 0 1.1725431741518943e-06
0.3 0.15 0 1.0986866439559884e-06
0.3 0.16 0 1.091067478478167e-06
0.3 0.17 0 1.168143525602092e-06
0.3 0.18 0 1.1857124061438135e-06
0.3 0.19 0 1.2846936322528043e-06
0.3 0.2 0 1.1858738441209882e-06
0.3 0.21 0 9.241313113098094e-07
0.3 0.22 0 1.0724563824958335e-06
0.3 0.23 0 9.945303300258778e-07
0.3 0.24 0 1.1629442664638657e-06
0.3 0.25 0 1.2184181180658574e-06
0.3 0.26 0 1.2496619777771564e-06
0.3 0.27 0 1.5369363382017676e-06
0.3 0.28 0 1.7300553956570403e-06
0.3 0.29 0 1.8368645261291825e-06
0.3 0.3 0 1.4367666738679094e-06
0.3 0.31 0 1.2990212173199156e-06
0.3 0.32 0 1.0141815824706745e-06
0.3 0.33 0 9.034020659988744e-07
0.3 0.34 0 9.996654805830658e-07
0.3 0.35000000000000003 0 9.744764230563263e-07
0.3 0.36 0 9.455314164056039e-07
0.3 0.37 0 1.1882353353510722e-06
0.3 0.38 0 1.325529521184049e-06
0.3 0.39 0 1.184202993211631e-06
0.3 0.4 0 1.3040357820697762e-06
0.3 0.41000000000000003 0 1.2280650386351076e-06
0.3 0.42 0 1.2184837032052767e-06
0.3 0.43 0 1.2229788308165343e-06
0.3 0.44 0 1.3079515335767808e-06
0.3 0.45 0 1.4095733422215943e-06
0.3 0.46 0 1.5460840796207776e-06
0.3 0.47000000000000003 0 1.3458038115963307e-06
0.3 0.48 0 1.2570800592314223e-06
0.3 0.49 0 1.2636522602591147e-06
0.3 0.5 0 1.3669434936038986e-06
#STOP
