#MEDIUM_PROPERTIES_DISTRIBUTED
$MSH_TYPE
	 GROUNDWATER_FLOW	
$MMP_TYPE
	 PERMEABILITY	
$DIS_TYPE
	 NEAREST_VALUE	
;hj
$CONVERSION_FACTOR
	 1.0	
$DATA
0.0 0.0 0 1.669767977626772e-06
0.0 0.01 0 1.6517106530618332e-06
0.0 0.02 0 1.5206261824738419e-06
0.0 0.03 0 1.4172420753242233e-06
0.0 0.04 0 1.4128450902484874e-06
0.0 0.05 0 1.459188470861653e-06
0.0 0.06 0 1.4660675572131963e-06
0.0 0.07 0 1.425977612090523e-06
0.0 0.08 0 1.4203416690304746e-06
0.0 0.09 0 1.501781414879059e-06
0.0 0.1 0 1.6250243117263522e-06
0.0 0.11 0 1.684508417071876e-06
0.0 0.12 0 1.6389328395093335e-06
0.0 0.13 0 1.552859438983059e-06
0.0 0.14 0 1.4963689404067236e-06
0.0 0.15 0 1.4850988848037993e-06
0.0 0.16 0 1.5051750914266109e-06
0.0 0.17 0 1.5383419854104505e-06
0.0 0.18 0 1.5525045899645206e-06
0.0 0.19 0 1.5078871149412845e-06
0.0 0.2 0 1.4117425225958577e-06
0.0 0.21 0 1.3325615103336902e-06
0.0 0.22 0 1.3257872927179559e-06
0.0 0.23 0 1.3682917350454896e-06
0.0 0.24 0 1.3683078317189152e-06
0.0 0.25 0 1.2690097100579005e-06
0.0 0.26 0 1.1246779085451253e-06
0.0 0.27 0 1.0166198801220918e-06
0.0 0.28 0 9.658816288865189e-07
0.0 0.29 0 9.460880702619238e-07
0.0 0.3 0 9.291133982755546e-07
0.0 0.31 0 9.069020114057494e-07
0.0 0.32 0 8.791344822031595e-07
0.0 0.33 0 8.433932200640927e-07
0.0 0.34 0 8.065981769322167e-07
0.0 0.35000000000000003 0 7.873457382741999e-07
0.0 0.36 0 7.958436811630069e-07
0.0 0.37 0 8.204765912683408e-07
0.0 0.38 0 8.430496553031835e-07
0.0 0.39 0 8.664258895460822e-07
0.0 0.4 0 9.110189272094138e-07
0.0 0.41000000000000003 0 9.810317388097302e-07
0.0 0.42 0 1.0505070551173418e-06
0.0 0.43 0 1.098754286958135e-06
0.0 0.44 0 1.1493556128276654e-06
0.0 0.45 0 1.2405981851188626e-06
0.0 0.46 0 1.3616335530101365e-06
0.0 0.47000000000000003 0 1.4431265847750287e-06
0.0 0.48 0 1.4466006683287497e-06
0.0 0.49 0 1.4325700289283582e-06
0.0 0.5 0 1.479269175092316e-06
0.01 0.0 0 2.044395896110323e-06
0.01 0.01 0 2.0317239022858953e-06
0.01 0.02 0 2.0455515178223404e-06
0.01 0.03 0 2.107873781805415e-06
0.01 0.04 0 2.1859774821860124e-06
0.01 0.05 0 2.2400206604851133e-06
0.01 0.06 0 2.2394740211988516e-06
0.01 0.07 0 2.170041506185691e-06
0.01 0.08 0 2.0660911255961684e-06
0.01 0.09 0 2.0041468619150358e-06
0.01 0.1 0 2.0237782928325746e-06
0.01 0.11 0 2.0603234091889045e-06
0.01 0.12 0 1.9885162197087685e-06
0.01 0.13 0 1.7880804257926523e-06
0.01 0.14 0 1.5855825238454892e-06
0.01 0.15 0 1.4879736477061265e-06
0.01 0.16 0 1.4874310013388857e-06
0.01 0.17 0 1.5012908867592906e-06
0.01 0.18 0 1.4736712596842245e-06
0.01 0.19 0 1.4398287222784038e-06
0.01 0.2 0 1.4616342278391819e-06
0.01 0.21 0 1.5421884173782426e-06
0.01 0.22 0 1.6243463062199672e-06
0.01 0.23 0 1.6637698125706925e-06
0.01 0.24 0 1.6794881937493036e-06
0.01 0.25 0 1.7001201715633807e-06
0.01 0.26 0 1.7004519574388488e-06
0.01 0.27 0 1.6355311784872238e-06
0.01 0.28 0 1.5215841142296352e-06
0.01 0.29 0 1.4244622436298215e-06
0.01 0.3 0 1.378020017884656e-06
0.01 0.31 0 1.358976095324692e-06
0.01 0.32 0 1.3315787551051013e-06
0.01 0.33 0 1.294520974381106e-06
0.01 0.34 0 1.2659290918281244e-06
0.01 0.35000000000000003 0 1.2402688406892685e-06
0.01 0.36 0 1.19314743521529e-06
0.01 0.37 0 1.1263243958677522e-06
0.01 0.38 0 1.0742639761151194e-06
0.01 0.39 0 1.0599975801806653e-06
0.01 0.4 0 1.071111383418597e-06
0.01 0.41000000000000003 0 1.0835838721851858e-06
0.01 0.42 0 1.0970428601084485e-06
0.01 0.43 0 1.1286581027491614e-06
0.01 0.44 0 1.1784289403968942e-06
0.01 0.45 0 1.2259271097829979e-06
0.01 0.46 0 1.2664497335847095e-06
0.01 0.47000000000000003 0 1.3221736960912459e-06
0.01 0.48 0 1.3978026715681425e-06
0.01 0.49 0 1.4514115800092888e-06
0.01 0.5 0 1.44915974744137e-06
0.02 0.0 0 2.669210226362636e-06
0.02 0.01 0 2.8103226228151503e-06
0.02 0.02 0 2.8157905686701355e-06
0.02 0.03 0 2.721977581492846e-06
0.02 0.04 0 2.627268588442507e-06
0.02 0.05 0 2.5661270231445895e-06
0.02 0.06 0 2.502446279391704e-06
0.02 0.07 0 2.4098917817781376e-06
0.02 0.08 0 2.3081251054748296e-06
0.02 0.09 0 2.218775142199717e-06
0.02 0.1 0 2.1367568917028633e-06
0.02 0.11 0 2.0602056958574343e-06
0.02 0.12 0 2.0090384207766815e-06
0.02 0.13 0 1.9893596810431903e-06
0.02 0.14 0 1.9674070802128474e-06
0.02 0.15 0 1.9140904358670155e-06
0.02 0.16 0 1.8598869517874467e-06
0.02 0.17 0 1.8548631426198957e-06
0.02 0.18 0 1.8834830672933467e-06
0.02 0.19 0 1.8656290080476964e-06
0.02 0.2 0 1.7759368287799663e-06
0.02 0.21 0 1.7058880161600289e-06
0.02 0.22 0 1.7465198847520984e-06
0.02 0.23 0 1.8668800118887752e-06
0.02 0.24 0 1.918677015223453e-06
0.02 0.25 0 1.8171007404881043e-06
0.02 0.26 0 1.6701780441929949e-06
0.02 0.27 0 1.6104562564533388e-06
0.02 0.28 0 1.6368811051321284e-06
0.02 0.29 0 1.6413721837584901e-06
0.02 0.3 0 1.5551411265642284e-06
0.02 0.31 0 1.4447693398147353e-06
0.02 0.32 0 1.4096687791750262e-06
0.02 0.33 0 1.4724711074738535e-06
0.02 0.34 0 1.579369862177037e-06
0.02 0.35000000000000003 0 1.6630873537875238e-06
0.02 0.36 0 1.7133375227508815e-06
0.02 0.37 0 1.7692080211032545e-06
0.02 0.38 0 1.855080835892262e-06
0.02 0.39 0 1.9492416877054595e-06
0.02 0.4 0 2.0020470344189427e-06
0.02 0.41000000000000003 0 1.9793012355507004e-06
0.02 0.42 0 1.8992983013438353e-06
0.02 0.43 0 1.8292290147028713e-06
0.02 0.44 0 1.8361231305617316e-06
0.02 0.45 0 1.9275543387873804e-06
0.02 0.46 0 2.01730154535473e-06
0.02 0.47000000000000003 0 1.9803342697531013e-06
0.02 0.48 0 1.8066337063548654e-06
0.02 0.49 0 1.619370123511457e-06
0.02 0.5 0 1.5075322926864067e-06
0.03 0.0 0 2.1442755551351817e-06
0.03 0.01 0 2.1696440099929956e-06
0.03 0.02 0 2.271180473770014e-06
0.03 0.03 0 2.393030219542544e-06
0.03 0.04 0 2.4141672630373745e-06
0.03 0.05 0 2.3190240183717317e-06
0.03 0.06 0 2.2149625075136827e-06
0.03 0.07 0 2.1819974321950014e-06
0.03 0.08 0 2.2024005273433717e-06
0.03 0.09 0 2.2115783448104936e-06
0.03 0.1 0 2.173148603792627e-06
0.03 0.11 0 2.0933924063388817e-06
0.03 0.12 0 1.988514073492116e-06
0.03 0.13 0 1.876383508272538e-06
0.03 0.14 0 1.7861617772856133e-06
0.03 0.15 0 1.7422754122818788e-06
0.03 0.16 0 1.738477869106788e-06
0.03 0.17 0 1.743560061161108e-06
0.03 0.18 0 1.7396397017635195e-06
0.03 0.19 0 1.7410200882863397e-06
0.03 0.2 0 1.7609601850096488e-06
0.03 0.21 0 1.77782720696332e-06
0.03 0.22 0 1.7598555056640827e-06
0.03 0.23 0 1.7189463659143769e-06
0.03 0.24 0 1.701331762893624e-06
0.03 0.25 0 1.7204038931260194e-06
0.03 0.26 0 1.730202188546064e-06
0.03 0.27 0 1.6866825893730354e-06
0.03 0.28 0 1.6209969833604904e-06
0.03 0.29 0 1.6043190321670686e-06
0.03 0.3 0 1.6611786966514557e-06
0.03 0.31 0 1.7479738319653332e-06
0.03 0.32 0 1.8088383512725238e-06
0.03 0.33 0 1.8361437989161266e-06
0.03 0.34 0 1.8416201075279574e-06
0.03 0.35000000000000003 0 1.8031011723852979e-06
0.03 0.36 0 1.709016946086465e-06
0.03 0.37 0 1.627513198247124e-06
0.03 0.38 0 1.652468442529198e-06
0.03 0.39 0 1.7925633207280012e-06
0.03 0.4 0 1.9205361004387594e-06
0.03 0.41000000000000003 0 1.8890699074975876e-06
0.03 0.42 0 1.750741888921197e-06
0.03 0.43 0 1.686366932217534e-06
0.03 0.44 0 1.7774606810842985e-06
0.03 0.45 0 1.942813060483668e-06
0.03 0.46 0 2.0184094213401216e-06
0.03 0.47000000000000003 0 1.956711374888423e-06
0.03 0.48 0 1.8716855634792456e-06
0.03 0.49 0 1.8562350421360817e-06
0.03 0.5 0 1.8867362291485483e-06
0.04 0.0 0 1.191478373545653e-06
0.04 0.01 0 1.2223989814009745e-06
0.04 0.02 0 1.2250468905935674e-06
0.04 0.03 0 1.2178288917551245e-06
0.04 0.04 0 1.222908799690741e-06
0.04 0.05 0 1.2242555434363228e-06
0.04 0.06 0 1.193612075203078e-06
0.04 0.07 0 1.1423566451948146e-06
0.04 0.08 0 1.1081380940678898e-06
0.04 0.09 0 1.100470129328544e-06
0.04 0.1 0 1.0969615419748724e-06
0.04 0.11 0 1.0964594836877993e-06
0.04 0.12 0 1.1449463103468302e-06
0.04 0.13 0 1.2838780407435616e-06
0.04 0.14 0 1.475188441879092e-06
0.04 0.15 0 1.594472474230387e-06
0.04 0.16 0 1.5852571104047983e-06
0.04 0.17 0 1.5565672229518513e-06
0.04 0.18 0 1.6244220147329155e-06
0.04 0.19 0 1.7660401059042236e-06
0.04 0.2 0 1.833261858943349e-06
0.04 0.21 0 1.7405594705907225e-06
0.04 0.22 0 1.5918215761440418e-06
0.04 0.23 0 1.5187073155967609e-06
0.04 0.24 0 1.5385692660518355e-06
0.04 0.25 0 1.573999812426309e-06
0.04 0.26 0 1.544258031029205e-06
0.04 0.27 0 1.448143925321479e-06
0.04 0.28 0 1.3427590377497498e-06
0.04 0.29 0 1.2732644374332241e-06
0.04 0.3 0 1.2516999200231148e-06
0.04 0.31 0 1.2696736461248054e-06
0.04 0.32 0 1.3097188291322809e-06
0.04 0.33 0 1.3552352223466972e-06
0.04 0.34 0 1.4018205261178208e-06
0.04 0.35000000000000003 0 1.4541442929560693e-06
0.04 0.36 0 1.5043472877309389e-06
0.04 0.37 0 1.5251229380943478e-06
0.04 0.38 0 1.504708372564958e-06
0.04 0.39 0 1.4782578387223265e-06
0.04 0.4 0 1.492310267266903e-06
0.04 0.41000000000000003 0 1.5403189237355382e-06
0.04 0.42 0 1.5520194548085274e-06
0.04 0.43 0 1.4797229658856642e-06
0.04 0.44 0 1.3803585464579712e-06
0.04 0.45 0 1.345162488384708e-06
0.04 0.46 0 1.3882663805216075e-06
0.04 0.47000000000000003 0 1.426793619174076e-06
0.04 0.48 0 1.3768904350687145e-06
0.04 0.49 0 1.2775201880460634e-06
0.04 0.5 0 1.2297045366734005e-06
0.05 0.0 0 9.846675399905258e-07
0.05 0.01 0 1.0271492126490154e-06
0.05 0.02 0 1.0263748630848318e-06
0.05 0.03 0 9.994256146167023e-07
0.05 0.04 0 9.953113915966487e-07
0.05 0.05 0 1.0530776551826352e-06
0.05 0.06 0 1.167941869296713e-06
0.05 0.07 0 1.277998880499552e-06
0.05 0.08 0 1.3111017234352157e-06
0.05 0.09 0 1.2727438592207275e-06
0.05 0.1 0 1.2326878841246542e-06
0.05 0.11 0 1.2302212011332415e-06
0.05 0.12 0 1.2411018906086535e-06
0.05 0.13 0 1.2280682475366335e-06
0.05 0.14 0 1.2048786328684702e-06
0.05 0.15 0 1.220529416132835e-06
0.05 0.16 0 1.2904862290366584e-06
0.05 0.17 0 1.3682520806174118e-06
0.05 0.18 0 1.396198991007836e-06
0.05 0.19 0 1.384547190197205e-06
0.05 0.2 0 1.390450590733998e-06
0.05 0.21 0 1.4317973648312654e-06
0.05 0.22 0 1.4687565714085322e-06
0.05 0.23 0 1.4727413656024318e-06
0.05 0.24 0 1.479776593308611e-06
0.05 0.25 0 1.5371116291850869e-06
0.05 0.26 0 1.6272812653112585e-06
0.05 0.27 0 1.6795062268828793e-06
0.05 0.28 0 1.6683063743361152e-06
0.05 0.29 0 1.6491951698969274e-06
0.05 0.3 0 1.6633909148153472e-06
0.05 0.31 0 1.670791728501203e-06
0.05 0.32 0 1.6092638315986037e-06
0.05 0.33 0 1.4952451305151581e-06
0.05 0.34 0 1.3996509881586207e-06
0.05 0.35000000000000003 0 1.3512614336383e-06
0.05 0.36 0 1.321610568502033e-06
0.05 0.37 0 1.2846065447192508e-06
0.05 0.38 0 1.2565844174647317e-06
0.05 0.39 0 1.2631526683800671e-06
0.05 0.4 0 1.2958836522740674e-06
0.05 0.41000000000000003 0 1.325421008567809e-06
0.05 0.42 0 1.3497242512258388e-06
0.05 0.43 0 1.3995231809991585e-06
0.05 0.44 0 1.4885521545606031e-06
0.05 0.45 0 1.5825521282080864e-06
0.05 0.46 0 1.6335805912372007e-06
0.05 0.47000000000000003 0 1.636404767561525e-06
0.05 0.48 0 1.6173661699958117e-06
0.05 0.49 0 1.5824894984808578e-06
0.05 0.5 0 1.5175854069690087e-06
0.06 0.0 0 1.0124665545776653e-06
0.06 0.01 0 1.0882769216334005e-06
0.06 0.02 0 1.1256451273614925e-06
0.06 0.03 0 1.1210004878975573e-06
0.06 0.04 0 1.1166876802245258e-06
0.06 0.05 0 1.1328070752219876e-06
0.06 0.06 0 1.1498013647208914e-06
0.06 0.07 0 1.1522960522622275e-06
0.06 0.08 0 1.1581397601692315e-06
0.06 0.09 0 1.1875604960374242e-06
0.06 0.1 0 1.2291750972991007e-06
0.06 0.11 0 1.2569631227513672e-06
0.06 0.12 0 1.2698154759789888e-06
0.06 0.13 0 1.2862903402880056e-06
0.06 0.14 0 1.3068123074027927e-06
0.06 0.15 0 1.315538026483875e-06
0.06 0.16 0 1.3221258484406138e-06
0.06 0.17 0 1.3650047256705665e-06
0.06 0.18 0 1.4557399479866969e-06
0.06 0.19 0 1.5381745177159778e-06
0.06 0.2 0 1.538518573729133e-06
0.06 0.21 0 1.4707587472463014e-06
0.06 0.22 0 1.422371055680182e-06
0.06 0.23 0 1.4435028562089664e-06
0.06 0.24 0 1.50470685269055e-06
0.06 0.25 0 1.544794698699504e-06
0.06 0.26 0 1.5504921521795667e-06
0.06 0.27 0 1.563379418872361e-06
0.06 0.28 0 1.6121582680616295e-06
0.06 0.29 0 1.680197965639065e-06
0.06 0.3 0 1.74049512639635e-06
0.06 0.31 0 1.7948814986977645e-06
0.06 0.32 0 1.8538440919533367e-06
0.06 0.33 0 1.896382280973419e-06
0.06 0.34 0 1.889991213235014e-06
0.06 0.35000000000000003 0 1.8497367627629626e-06
0.06 0.36 0 1.8318317236865348e-06
0.06 0.37 0 1.8653260720534563e-06
0.06 0.38 0 1.926185294654708e-06
0.06 0.39 0 1.9881628809125885e-06
0.06 0.4 0 2.0754170654592926e-06
0.06 0.41000000000000003 0 2.2201547458044848e-06
0.06 0.42 0 2.3688925012261575e-06
0.06 0.43 0 2.3934627134761564e-06
0.06 0.44 0 2.2687514853811706e-06
0.06 0.45 0 2.1419456573819184e-06
0.06 0.46 0 2.1466815025521576e-06
0.06 0.47000000000000003 0 2.2561919351109704e-06
0.06 0.48 0 2.305219363802893e-06
0.06 0.49 0 2.1821387170971136e-06
0.06 0.5 0 1.9783196529352873e-06
0.07 0.0 0 1.2592428331408103e-06
0.07 0.01 0 1.3196267542297398e-06
0.07 0.02 0 1.3904415997533228e-06
0.07 0.03 0 1.4343857408070004e-06
0.07 0.04 0 1.4206312817209498e-06
0.07 0.05 0 1.3787950036763124e-06
0.07 0.06 0 1.3614784243778202e-06
0.07 0.07 0 1.3710160205629817e-06
0.07 0.08 0 1.357212532619671e-06
0.07 0.09 0 1.2958534237099867e-06
0.07 0.1 0 1.23833749874475e-06
0.07 0.11 0 1.2480788640582896e-06
0.07 0.12 0 1.3241214931772119e-06
0.07 0.13 0 1.395057044995645e-06
0.07 0.14 0 1.399225058854286e-06
0.07 0.15 0 1.3689371098843936e-06
0.07 0.16 0 1.3783992327523872e-06
0.07 0.17 0 1.4465761691644005e-06
0.07 0.18 0 1.5253765854036873e-06
0.07 0.19 0 1.5699340822437583e-06
0.07 0.2 0 1.602766799823466e-06
0.07 0.21 0 1.677233181096731e-06
0.07 0.22 0 1.8047266723134e-06
0.07 0.23 0 1.9397843375211932e-06
0.07 0.24 0 2.0247022336538275e-06
0.07 0.25 0 2.0379439867394637e-06
0.07 0.26 0 1.999197052325997e-06
0.07 0.27 0 1.951582027937975e-06
0.07 0.28 0 1.9362024078251652e-06
0.07 0.29 0 1.9500862626706257e-06
0.07 0.3 0 1.9270723935473487e-06
0.07 0.31 0 1.8128150072177916e-06
0.07 0.32 0 1.6695263279927268e-06
0.07 0.33 0 1.6239417021137113e-06
0.07 0.34 0 1.7283610540355642e-06
0.07 0.35000000000000003 0 1.8859645172443253e-06
0.07 0.36 0 1.9047319963722369e-06
0.07 0.37 0 1.7513515254898609e-06
0.07 0.38 0 1.6141189348537628e-06
0.07 0.39 0 1.6447612681906828e-06
0.07 0.4 0 1.8305686669901825e-06
0.07 0.41000000000000003 0 2.0165558043688817e-06
0.07 0.42 0 2.0618821610456725e-06
0.07 0.43 0 2.0218499680789852e-06
0.07 0.44 0 2.0390795116633043e-06
0.07 0.45 0 2.1534257209071622e-06
0.07 0.46 0 2.283345535698075e-06
0.07 0.47000000000000003 0 2.335300703365049e-06
0.07 0.48 0 2.3071026520098334e-06
0.07 0.49 0 2.247372038337257e-06
0.07 0.5 0 2.169349560657744e-06
0.08 0.0 0 1.0276477883558693e-06
0.08 0.01 0 1.0423572305982683e-06
0.08 0.02 0 1.068002061334587e-06
0.08 0.03 0 1.1269398916317025e-06
0.08 0.04 0 1.2156379014326164e-06
0.08 0.05 0 1.2830365821916873e-06
0.08 0.06 0 1.289204971139706e-06
0.08 0.07 0 1.2802849428650164e-06
0.08 0.08 0 1.337901536135586e-06
0.08 0.09 0 1.4677713429593245e-06
0.08 0.1 0 1.556579020163285e-06
0.08 0.11 0 1.4939802529845565e-06
0.08 0.12 0 1.3492177274482998e-06
0.08 0.13 0 1.2708957810968009e-06
0.08 0.14 0 1.3069112411562367e-06
0.08 0.15 0 1.3828992571254478e-06
0.08 0.16 0 1.3847568424138122e-06
0.08 0.17 0 1.2971388752376558e-06
0.08 0.18 0 1.202248148013967e-06
0.08 0.19 0 1.1518896136709213e-06
0.08 0.2 0 1.1298835435305474e-06
0.08 0.21 0 1.106711021148207e-06
0.08 0.22 0 1.0888836077671425e-06
0.08 0.23 0 1.102874369399689e-06
0.08 0.24 0 1.151414713028092e-06
0.08 0.25 0 1.2072314632132197e-06
0.08 0.26 0 1.2503034231672932e-06
0.08 0.27 0 1.2949205253917304e-06
0.08 0.28 0 1.3613032513624499e-06
0.08 0.29 0 1.434502268194431e-06
0.08 0.3 0 1.4724660266545325e-06
0.08 0.31 0 1.458672248464656e-06
0.08 0.32 0 1.421838819348158e-06
0.08 0.33 0 1.3949109987120772e-06
0.08 0.34 0 1.3841127334986402e-06
0.08 0.35000000000000003 0 1.3808972701870628e-06
0.08 0.36 0 1.3810000094237724e-06
0.08 0.37 0 1.3822408231873877e-06
0.08 0.38 0 1.3795795613136857e-06
0.08 0.39 0 1.3777579391855832e-06
0.08 0.4 0 1.395229135981859e-06
0.08 0.41000000000000003 0 1.4342446339132165e-06
0.08 0.42 0 1.4542919168978116e-06
0.08 0.43 0 1.4113620547670387e-06
0.08 0.44 0 1.3330634497939668e-06
0.08 0.45 0 1.2984558354624437e-06
0.08 0.46 0 1.343638281849784e-06
0.08 0.47000000000000003 0 1.4176251982174443e-06
0.08 0.48 0 1.4357814136810184e-06
0.08 0.49 0 1.3994347533185941e-06
0.08 0.5 0 1.3963655402280073e-06
0.09 0.0 0 9.835304789882609e-07
0.09 0.01 0 1.0114901679094542e-06
0.09 0.02 0 1.0720042802662253e-06
0.09 0.03 0 1.1319107445155736e-06
0.09 0.04 0 1.1397968910352282e-06
0.09 0.05 0 1.0928100553971787e-06
0.09 0.06 0 1.0466795013556026e-06
0.09 0.07 0 1.0490217212529574e-06
0.09 0.08 0 1.0976260427944764e-06
0.09 0.09 0 1.153947574251284e-06
0.09 0.1 0 1.1862746842120988e-06
0.09 0.11 0 1.1945885940163821e-06
0.09 0.12 0 1.1882114293623018e-06
0.09 0.13 0 1.1654774473416562e-06
0.09 0.14 0 1.1281848718740646e-06
0.09 0.15 0 1.0917469015091782e-06
0.09 0.16 0 1.0657320039314929e-06
0.09 0.17 0 1.0415138119923185e-06
0.09 0.18 0 1.0134856462507261e-06
0.09 0.19 0 9.990018638124882e-07
0.09 0.2 0 1.017489958816648e-06
0.09 0.21 0 1.0570322278380717e-06
0.09 0.22 0 1.0820965508476273e-06
0.09 0.23 0 1.087207242307468e-06
0.09 0.24 0 1.114413534350469e-06
0.09 0.25 0 1.1921299314925658e-06
0.09 0.26 0 1.2761285933163465e-06
0.09 0.27 0 1.2815126793487758e-06
0.09 0.28 0 1.2035853328053337e-06
0.09 0.29 0 1.129128176413462e-06
0.09 0.3 0 1.1132867315268658e-06
0.09 0.31 0 1.1275186758275002e-06
0.09 0.32 0 1.1158536470668829e-06
0.09 0.33 0 1.0826554371555795e-06
0.09 0.34 0 1.085516072659913e-06
0.09 0.35000000000000003 0 1.1496773970842985e-06
0.09 0.36 0 1.2285245992544937e-06
0.09 0.37 0 1.2570208935351142e-06
0.09 0.38 0 1.24971814478971e-06
0.09 0.39 0 1.2863416944733567e-06
0.09 0.4 0 1.4074726553617473e-06
0.09 0.41000000000000003 0 1.5572883706765426e-06
0.09 0.42 0 1.6251868956276333e-06
0.09 0.43 0 1.5821731562334415e-06
0.09 0.44 0 1.5163970048603982e-06
0.09 0.45 0 1.5121230269695791e-06
0.09 0.46 0 1.5742895574437265e-06
0.09 0.47000000000000003 0 1.6455582030494956e-06
0.09 0.48 0 1.6667360196061096e-06
0.09 0.49 0 1.632021608987841e-06
0.09 0.5 0 1.582029015414995e-06
0.1 0.0 0 8.231290683393994e-07
0.1 0.01 0 9.024615403547571e-07
0.1 0.02 0 9.5402135186852e-07
0.1 0.03 0 9.706229766525688e-07
0.1 0.04 0 9.973385352508027e-07
0.1 0.05 0 1.0557549879255955e-06
0.1 0.06 0 1.1105712884646715e-06
0.1 0.07 0 1.1187994536361753e-06
0.1 0.08 0 1.0923286551622021e-06
0.1 0.09 0 1.0709790630023325e-06
0.1 0.1 0 1.0599546618955203e-06
0.1 0.11 0 1.0320625785744158e-06
0.1 0.12 0 9.799696256396875e-07
0.1 0.13 0 9.333318570951727e-07
0.1 0.14 0 9.170815365849738e-07
0.1 0.15 0 9.209146429665088e-07
0.1 0.16 0 9.15656409917953e-07
0.1 0.17 0 8.9230861335969e-07
0.1 0.18 0 8.712382766550162e-07
0.1 0.19 0 8.723251381448998e-07
0.1 0.2 0 8.945996409077911e-07
0.1 0.21 0 9.255593035677192e-07
0.1 0.22 0 9.597805616030828e-07
0.1 0.23 0 1.0017233306301915e-06
0.1 0.24 0 1.055248571351404e-06
0.1 0.25 0 1.121899802877921e-06
0.1 0.26 0 1.2073330905190839e-06
0.1 0.27 0 1.312675229065252e-06
0.1 0.28 0 1.4115491958126246e-06
0.1 0.29 0 1.4571080388270014e-06
0.1 0.3 0 1.4393381787741224e-06
0.1 0.31 0 1.407407052698673e-06
0.1 0.32 0 1.4052255774756285e-06
0.1 0.33 0 1.415918369895624e-06
0.1 0.34 0 1.392865524572656e-06
0.1 0.35000000000000003 0 1.3413674879141407e-06
0.1 0.36 0 1.322548458345354e-06
0.1 0.37 0 1.3674357014547108e-06
0.1 0.38 0 1.4259058829107685e-06
0.1 0.39 0 1.421636739091824e-06
0.1 0.4 0 1.3681351499994838e-06
0.1 0.41000000000000003 0 1.3568946751846355e-06
0.1 0.42 0 1.4338566183716356e-06
0.1 0.43 0 1.5401661513170277e-06
0.1 0.44 0 1.5704828903995097e-06
0.1 0.45 0 1.5124529668423232e-06
0.1 0.46 0 1.4563074183493394e-06
0.1 0.47000000000000003 0 1.4666552498783584e-06
0.1 0.48 0 1.5310394363146252e-06
0.1 0.49 0 1.6045703913159108e-06
0.1 0.5 0 1.665812304777976e-06
0.11 0.0 0 9.166871181286507e-07
0.11 0.01 0 9.519764578536953e-07
0.11 0.02 0 1.0380003783838467e-06
0.11 0.03 0 1.1200508590561121e-06
0.11 0.04 0 1.1245646533324066e-06
0.11 0.05 0 1.0618691646897907e-06
0.11 0.06 0 1.015494379174094e-06
0.11 0.07 0 1.0307446298716519e-06
0.11 0.08 0 1.0696790719568125e-06
0.11 0.09 0 1.059365243127438e-06
0.11 0.1 0 9.913643363073454e-07
0.11 0.11 0 9.269967964412854e-07
0.11 0.12 0 9.035707050459392e-07
0.11 0.13 0 8.989230074408721e-07
0.11 0.14 0 8.767985060514502e-07
0.11 0.15 0 8.44065272936908e-07
0.11 0.16 0 8.392668724368669e-07
0.11 0.17 0 8.797013272220069e-07
0.11 0.18 0 9.419613921276141e-07
0.11 0.19 0 9.863908086978744e-07
0.11 0.2 0 9.980158071130872e-07
0.11 0.21 0 9.926576162797062e-07
0.11 0.22 0 9.921140139336369e-07
0.11 0.23 0 1.0127709963958633e-06
0.11 0.24 0 1.0623990496527232e-06
0.11 0.25 0 1.123651447129928e-06
0.11 0.26 0 1.1480187493595024e-06
0.11 0.27 0 1.1057836903954394e-06
0.11 0.28 0 1.0400860463194066e-06
0.11 0.29 0 1.0225547518360175e-06
0.11 0.3 0 1.0745113083011943e-06
0.11 0.31 0 1.1414819132581656e-06
0.11 0.32 0 1.1441983784792943e-06
0.11 0.33 0 1.0857386733242184e-06
0.11 0.34 0 1.0502417422662086e-06
0.11 0.35000000000000003 0 1.0988502726535929e-06
0.11 0.36 0 1.222503723037048e-06
0.11 0.37 0 1.3592034700950747e-06
0.11 0.38 0 1.4591708009991515e-06
0.11 0.39 0 1.5358047561732624e-06
0.11 0.4 0 1.6246093417667514e-06
0.11 0.41000000000000003 0 1.7244897806009681e-06
0.11 0.42 0 1.804644880533019e-06
0.11 0.43 0 1.848601176533072e-06
0.11 0.44 0 1.8634032715295423e-06
0.11 0.45 0 1.8567878771386277e-06
0.11 0.46 0 1.8420828705315422e-06
0.11 0.47000000000000003 0 1.8582122876806886e-06
0.11 0.48 0 1.945170200194072e-06
0.11 0.49 0 2.0857903531264947e-06
0.11 0.5 0 2.1907516017871176e-06
0.12 0.0 0 1.0623083222481416e-06
0.12 0.01 0 1.0245132225614117e-06
0.12 0.02 0 9.831171926964617e-07
0.12 0.03 0 9.60451966307536e-07
0.12 0.04 0 9.796053889653687e-07
0.12 0.05 0 1.0261878871134512e-06
0.12 0.06 0 1.0506972246087114e-06
0.12 0.07 0 1.0247532104970065e-06
0.12 0.08 0 9.786593872817278e-07
0.12 0.09 0 9.555192116713648e-07
0.12 0.1 0 9.596604079187264e-07
0.12 0.11 0 9.617317981736013e-07
0.12 0.12 0 9.386824482957281e-07
0.12 0.13 0 8.958207745864359e-07
0.12 0.14 0 8.474018525420443e-07
0.12 0.15 0 8.005710164295177e-07
0.12 0.16 0 7.670224264325726e-07
0.12 0.17 0 7.688434468837397e-07
0.12 0.18 0 8.175139785412599e-07
0.12 0.19 0 8.856058343394525e-07
0.12 0.2 0 9.124480159931598e-07
0.12 0.21 0 8.755403370998178e-07
0.12 0.22 0 8.28382261092743e-07
0.12 0.23 0 8.27380581534406e-07
0.12 0.24 0 8.668712006187878e-07
0.12 0.25 0 8.864429711576096e-07
0.12 0.26 0 8.475615170112737e-07
0.12 0.27 0 7.91090633669116e-07
0.12 0.28 0 7.76551134559791e-07
0.12 0.29 0 8.151207003737022e-07
0.12 0.3 0 8.709039818373093e-07
0.12 0.31 0 9.06392318357581e-07
0.12 0.32 0 9.265618989334529e-07
0.12 0.33 0 9.586120589548521e-07
0.12 0.34 0 1.0053498395587141e-06
0.12 0.35000000000000003 0 1.040989166180419e-06
0.12 0.36 0 1.0451483698460978e-06
0.12 0.37 0 1.0243689016378853e-06
0.12 0.38 0 9.995906511812646e-07
0.12 0.39 0 9.932958798588186e-07
0.12 0.4 0 1.0274062497211886e-06
0.12 0.41000000000000003 0 1.1107311082520285e-06
0.12 0.42 0 1.216242879065368e-06
0.12 0.43 0 1.2876417501988757e-06
0.12 0.44 0 1.303452508227303e-06
0.12 0.45 0 1.3118023555109492e-06
0.12 0.46 0 1.366428512902951e-06
0.12 0.47000000000000003 0 1.460726786572629e-06
0.12 0.48 0 1.541525499575919e-06
0.12 0.49 0 1.5883406591653543e-06
0.12 0.5 0 1.643510698275725e-06
0.13 0.0 0 1.320267836662533e-06
0.13 0.01 0 1.1933554600442703e-06
0.13 0.02 0 1.096136279275359e-06
0.13 0.03 0 1.085896467002311e-06
0.13 0.04 0 1.127416667854986e-06
0.13 0.05 0 1.1449545264933756e-06
0.13 0.06 0 1.1104808546964413e-06
0.13 0.07 0 1.0649455319441316e-06
0.13 0.08 0 1.046416305535234e-06
0.13 0.09 0 1.0481557979039443e-06
0.13 0.1 0 1.0407128955521161e-06
0.13 0.11 0 1.0088625450623998e-06
0.13 0.12 0 9.606273228188663e-07
0.13 0.13 0 9.130429410357973e-07
0.13 0.14 0 8.816143909670816e-07
0.13 0.15 0 8.728151070881343e-07
0.13 0.16 0 8.748285575273653e-07
0.13 0.17 0 8.631114916303778e-07
0.13 0.18 0 8.300327666319826e-07
0.13 0.19 0 7.993577573609375e-07
0.13 0.2 0 7.949195050264804e-07
0.13 0.21 0 8.069822253438472e-07
0.13 0.22 0 8.022355066601593e-07
0.13 0.23 0 7.731141704352554e-07
0.13 0.24 0 7.543722456095755e-07
0.13 0.25 0 7.74675643929173e-07
0.13 0.26 0 8.151655858534793e-07
0.13 0.27 0 8.257225884804989e-07
0.13 0.28 0 7.958816195722046e-07
0.13 0.29 0 7.76314758461842e-07
0.13 0.3 0 8.09450532609566e-07
0.13 0.31 0 8.774536571527876e-07
0.13 0.32 0 9.174785804169434e-07
0.13 0.33 0 9.076840989040984e-07
0.13 0.34 0 9.086316907496874e-07
0.13 0.35000000000000003 0 9.843179039414105e-07
0.13 0.36 0 1.1271608847756691e-06
0.13 0.37 0 1.2476336872687627e-06
0.13 0.38 0 1.2728375061592039e-06
0.13 0.39 0 1.2544067740786534e-06
0.13 0.4 0 1.2906995871757717e-06
0.13 0.41000000000000003 0 1.4096338984734249e-06
0.13 0.42 0 1.5508534185436618e-06
0.13 0.43 0 1.6337853028185622e-06
0.13 0.44 0 1.6506846795681568e-06
0.13 0.45 0 1.6538098779434178e-06
0.13 0.46 0 1.6756157904911105e-06
0.13 0.47000000000000003 0 1.7074627617287673e-06
0.13 0.48 0 1.7303051580264326e-06
0.13 0.49 0 1.7374260587859404e-06
0.13 0.5 0 1.735461110146949e-06
0.14 0.0 0 9.345239563561429e-07
0.14 0.01 0 9.582556078498614e-07
0.14 0.02 0 9.55803352269496e-07
0.14 0.03 0 9.274903290600346e-07
0.14 0.04 0 9.093356861527837e-07
0.14 0.05 0 9.177822651120962e-07
0.14 0.06 0 9.287143754880973e-07
0.14 0.07 0 9.168437891737265e-07
0.14 0.08 0 8.996845211603361e-07
0.14 0.09 0 9.135961756968687e-07
0.14 0.1 0 9.574512576615103e-07
0.14 0.11 0 9.78704598354883e-07
0.14 0.12 0 9.322484926283846e-07
0.14 0.13 0 8.453718124939883e-07
0.14 0.14 0 7.775562718994242e-07
0.14 0.15 0 7.521887800278871e-07
0.14 0.16 0 7.546361646631706e-07
0.14 0.17 0 7.662092082459846e-07
0.14 0.18 0 7.865686047731124e-07
0.14 0.19 0 8.205396964085217e-07
0.14 0.2 0 8.550948169335079e-07
0.14 0.21 0 8.683021222033665e-07
0.14 0.22 0 8.616784149436169e-07
0.14 0.23 0 8.598097726028637e-07
0.14 0.24 0 8.74832763816699e-07
0.14 0.25 0 8.916120908334691e-07
0.14 0.26 0 8.925611233747067e-07
0.14 0.27 0 8.845964809670678e-07
0.14 0.28 0 8.871311619962373e-07
0.14 0.29 0 9.067642478299431e-07
0.14 0.3 0 9.395454639664478e-07
0.14 0.31 0 9.887419051994824e-07
0.14 0.32 0 1.0610268783460602e-06
0.14 0.33 0 1.1416752842440174e-06
0.14 0.34 0 1.1951453678220522e-06
0.14 0.35000000000000003 0 1.2115506252896098e-06
0.14 0.36 0 1.2280530970752448e-06
0.14 0.37 0 1.2789620731470633e-06
0.14 0.38 0 1.3503468921621656e-06
0.14 0.39 0 1.4040316758324371e-06
0.14 0.4 0 1.4414344425396947e-06
0.14 0.41000000000000003 0 1.5033904012201973e-06
0.14 0.42 0 1.5987019396923645e-06
0.14 0.43 0 1.6757141423485335e-06
0.14 0.44 0 1.6986120113368226e-06
0.14 0.45 0 1.7204484500603611e-06
0.14 0.46 0 1.8113570494705637e-06
0.14 0.47000000000000003 0 1.9367018921597285e-06
0.14 0.48 0 1.9538622781595855e-06
0.14 0.49 0 1.8025877421624994e-06
0.14 0.5 0 1.6175157319262256e-06
0.15 0.0 0 7.856317622596861e-07
0.15 0.01 0 7.68681571003754e-07
0.15 0.02 0 7.690600461500052e-07
0.15 0.03 0 7.88466479430732e-07
0.15 0.04 0 7.982971598534707e-07
0.15 0.05 0 7.772505737332942e-07
0.15 0.06 0 7.413982065009261e-07
0.15 0.07 0 7.183360999479151e-07
0.15 0.08 0 7.144173729485531e-07
0.15 0.09 0 7.218630419991747e-07
0.15 0.1 0 7.430572997323653e-07
0.15 0.11 0 7.908670706551495e-07
0.15 0.12 0 8.628235318222878e-07
0.15 0.13 0 9.280659124967547e-07
0.15 0.14 0 9.580830352225926e-07
0.15 0.15 0 9.636938975517083e-07
0.15 0.16 0 9.719809236921768e-07
0.15 0.17 0 9.835212830978893e-07
0.15 0.18 0 9.807000055437447e-07
0.15 0.19 0 9.691206683862368e-07
0.15 0.2 0 9.772503626228325e-07
0.15 0.21 0 1.008495161852636e-06
0.15 0.22 0 1.019366209083711e-06
0.15 0.23 0 9.739514900665608e-07
0.15 0.24 0 9.106950076631359e-07
0.15 0.25 0 9.026844019117048e-07
0.15 0.26 0 9.793888580299489e-07
0.15 0.27 0 1.096492282618263e-06
0.15 0.28 0 1.1657385941248005e-06
0.15 0.29 0 1.1642072415779036e-06
0.15 0.3 0 1.1697417208251108e-06
0.15 0.31 0 1.2580175972109439e-06
0.15 0.32 0 1.4263900712209194e-06
0.15 0.33 0 1.5922259319974022e-06
0.15 0.34 0 1.670780356233994e-06
0.15 0.35000000000000003 0 1.6661345084222608e-06
0.15 0.36 0 1.6406140161872259e-06
0.15 0.37 0 1.63578217340462e-06
0.15 0.38 0 1.657349185446904e-06
0.15 0.39 0 1.6940873083065843e-06
0.15 0.4 0 1.7260126383190707e-06
0.15 0.41000000000000003 0 1.7341008438082963e-06
0.15 0.42 0 1.724248766379681e-06
0.15 0.43 0 1.7258369700235947e-06
0.15 0.44 0 1.7454256729907312e-06
0.15 0.45 0 1.7378178348951338e-06
0.15 0.46 0 1.6604418601099983e-06
0.15 0.47000000000000003 0 1.5519046998408739e-06
0.15 0.48 0 1.4948886214703515e-06
0.15 0.49 0 1.5147299490194642e-06
0.15 0.5 0 1.5492686587373006e-06
0.16 0.0 0 8.629234809744156e-07
0.16 0.01 0 8.568524632060816e-07
0.16 0.02 0 8.628501601285956e-07
0.16 0.03 0 8.370993692001071e-07
0.16 0.04 0 7.724012827114356e-07
0.16 0.05 0 6.997661260427721e-07
0.16 0.06 0 6.468996041269217e-07
0.16 0.07 0 6.183613939992178e-07
0.16 0.08 0 6.034488439229147e-07
0.16 0.09 0 5.881382618831978e-07
0.16 0.1 0 5.65402336296045e-07
0.16 0.11 0 5.439334954734796e-07
0.16 0.12 0 5.461557992824491e-07
0.16 0.13 0 5.924737274265657e-07
0.16 0.14 0 6.799566232002643e-07
0.16 0.15 0 7.670954547552411e-07
0.16 0.16 0 8.072504957860341e-07
0.16 0.17 0 8.193217338016671e-07
0.16 0.18 0 8.727039639211834e-07
0.16 0.19 0 1.0066110703898543e-06
0.16 0.2 0 1.1788667170748584e-06
0.16 0.21 0 1.2920705687209134e-06
0.16 0.22 0 1.3260375459894438e-06
0.16 0.23 0 1.370326271586285e-06
0.16 0.24 0 1.490794080023604e-06
0.16 0.25 0 1.6447847434786252e-06
0.16 0.26 0 1.7285655412872355e-06
0.16 0.27 0 1.715496700078387e-06
0.16 0.28 0 1.6801597050310868e-06
0.16 0.29 0 1.6818397329403288e-06
0.16 0.3 0 1.7149438904715035e-06
0.16 0.31 0 1.7564741827454142e-06
0.16 0.32 0 1.8075286234507063e-06
0.16 0.33 0 1.8718924539504945e-06
0.16 0.34 0 1.927401069306488e-06
0.16 0.35000000000000003 0 1.952818095597546e-06
0.16 0.36 0 1.9632781082584942e-06
0.16 0.37 0 1.9783270619370264e-06
0.16 0.38 0 1.9706821755993845e-06
0.16 0.39 0 1.8943311676684203e-06
0.16 0.4 0 1.766490448346169e-06
0.16 0.41000000000000003 0 1.6633039765206284e-06
0.16 0.42 0 1.6309165988242952e-06
0.16 0.43 0 1.643780644918848e-06
0.16 0.44 0 1.644521889596133e-06
0.16 0.45 0 1.614099039089445e-06
0.16 0.46 0 1.5800959598770645e-06
0.16 0.47000000000000003 0 1.5573190057465974e-06
0.16 0.48 0 1.5228558716148364e-06
0.16 0.49 0 1.4610481966139636e-06
0.16 0.5 0 1.400381457243327e-06
0.17 0.0 0 7.472472486882325e-07
0.17 0.01 0 7.343823711461449e-07
0.17 0.02 0 7.312231795794921e-07
0.17 0.03 0 7.58971494711727e-07
0.17 0.04 0 8.102807556237074e-07
0.17 0.05 0 8.607091641222711e-07
0.17 0.06 0 9.029686149694809e-07
0.17 0.07 0 9.524288954272362e-07
0.17 0.08 0 1.0164289099028931e-06
0.17 0.09 0 1.080300590875504e-06
0.17 0.1 0 1.1317844639463355e-06
0.17 0.11 0 1.1818824224003423e-06
0.17 0.12 0 1.2442407995386712e-06
0.17 0.13 0 1.307726244126361e-06
0.17 0.14 0 1.3487590401634909e-06
0.17 0.15 0 1.3666197928430159e-06
0.17 0.16 0 1.3837789136040036e-06
0.17 0.17 0 1.4124192803931754e-06
0.17 0.18 0 1.442153828200886e-06
0.17 0.19 0 1.460473840932573e-06
0.17 0.2 0 1.4655250298413308e-06
0.17 0.21 0 1.4520259508355717e-06
0.17 0.22 0 1.410006038670782e-06
0.17 0.23 0 1.3568447868308878e-06
0.17 0.24 0 1.3473092403413865e-06
0.17 0.25 0 1.4291007302697018e-06
0.17 0.26 0 1.5871534065075445e-06
0.17 0.27 0 1.7267478457473447e-06
0.17 0.28 0 1.7647068983412237e-06
0.17 0.29 0 1.7495150138247935e-06
0.17 0.3 0 1.79605748436646e-06
0.17 0.31 0 1.9376837453634236e-06
0.17 0.32 0 2.082791773485552e-06
0.17 0.33 0 2.120648560213001e-06
0.17 0.34 0 2.0746315923487597e-06
0.17 0.35000000000000003 0 2.051123057241618e-06
0.17 0.36 0 2.080675061228304e-06
0.17 0.37 0 2.0992396058873955e-06
0.17 0.38 0 2.065865696691004e-06
0.17 0.39 0 2.034308325608668e-06
0.17 0.4 0 2.0640759836749354e-06
0.17 0.41000000000000003 0 2.1240770969797288e-06
0.17 0.42 0 2.1297670475412667e-06
0.17 0.43 0 2.067637729791223e-06
0.17 0.44 0 2.0106984988032235e-06
0.17 0.45 0 2.0016540452451304e-06
0.17 0.46 0 1.9998215785373306e-06
0.17 0.47000000000000003 0 1.9534501674885578e-06
0.17 0.48 0 1.8796854991209563e-06
0.17 0.49 0 1.82508371956981e-06
0.17 0.5 0 1.7861417135089662e-06
0.18 0.0 0 1.1517563063650602e-06
0.18 0.01 0 1.154988321687289e-06
0.18 0.02 0 1.114170022726827e-06
0.18 0.03 0 1.0567153101992986e-06
0.18 0.04 0 1.0350743681996434e-06
0.18 0.05 0 1.0640331807709166e-06
0.18 0.06 0 1.1030759794620506e-06
0.18 0.07 0 1.1065192274887893e-06
0.18 0.08 0 1.093958720073697e-06
0.18 0.09 0 1.1291017597292797e-06
0.18 0.1 0 1.2387548928628263e-06
0.18 0.11 0 1.3773819029154198e-06
0.18 0.12 0 1.479140540215985e-06
0.18 0.13 0 1.5545728315772455e-06
0.18 0.14 0 1.667965386650756e-06
0.18 0.15 0 1.8160045153013712e-06
0.18 0.16 0 1.896903142062475e-06
0.18 0.17 0 1.8572374241127975e-06
0.18 0.18 0 1.802647550313579e-06
0.18 0.19 0 1.8613043259469682e-06
0.18 0.2 0 2.031218845229352e-06
0.18 0.21 0 2.1691464283299545e-06
0.18 0.22 0 2.1508528973821264e-06
0.18 0.23 0 2.040011545551389e-06
0.18 0.24 0 1.977423652798884e-06
0.18 0.25 0 2.0060369717202536e-06
0.18 0.26 0 2.058100555589477e-06
0.18 0.27 0 2.0433026681995922e-06
0.18 0.28 0 1.9414554488051193e-06
0.18 0.29 0 1.803718779627912e-06
0.18 0.3 0 1.6887107479751744e-06
0.18 0.31 0 1.6238212267977688e-06
0.18 0.32 0 1.6020319135161477e-06
0.18 0.33 0 1.597410476646072e-06
0.18 0.34 0 1.5983512617900083e-06
0.18 0.35000000000000003 0 1.629982856546097e-06
0.18 0.36 0 1.7232075820697278e-06
0.18 0.37 0 1.8504536368745008e-06
0.18 0.38 0 1.9112349051692566e-06
0.18 0.39 0 1.847966101851315e-06
0.18 0.4 0 1.7541023707787093e-06
0.18 0.41000000000000003 0 1.7674941894963412e-06
0.18 0.42 0 1.9117174571255446e-06
0.18 0.43 0 2.0415813769110393e-06
0.18 0.44 0 1.9773755678755626e-06
0.18 0.45 0 1.7744243957712792e-06
0.18 0.46 0 1.6485017726470735e-06
0.18 0.47000000000000003 0 1.7032544808690582e-06
0.18 0.48 0 1.8584937801936654e-06
0.18 0.49 0 1.9195797033741696e-06
0.18 0.5 0 1.8094270887694886e-06
0.19 0.0 0 1.509837369400097e-06
0.19 0.01 0 1.5579322010017779e-06
0.19 0.02 0 1.59451014892368e-06
0.19 0.03 0 1.6114220471824644e-06
0.19 0.04 0 1.6061755685806873e-06
0.19 0.05 0 1.5885806249334904e-06
0.19 0.06 0 1.5779222719195582e-06
0.19 0.07 0 1.576930276149378e-06
0.19 0.08 0 1.5632002379441694e-06
0.19 0.09 0 1.5250491908581968e-06
0.19 0.1 0 1.4911704923453486e-06
0.19 0.11 0 1.4967387252367724e-06
0.19 0.12 0 1.5305274425205835e-06
0.19 0.13 0 1.5405628292594153e-06
0.19 0.14 0 1.5092376972336692e-06
0.19 0.15 0 1.4924631356482973e-06
0.19 0.16 0 1.5482407621186423e-06
0.19 0.17 0 1.6526584393204006e-06
0.19 0.18 0 1.7046194251554435e-06
0.19 0.19 0 1.6552237414263205e-06
0.19 0.2 0 1.5933681538206935e-06
0.19 0.21 0 1.6285696151872387e-06
0.19 0.22 0 1.7624274767086587e-06
0.19 0.23 0 1.8773653836710126e-06
0.19 0.24 0 1.8697121240432677e-06
0.19 0.25 0 1.797617485706322e-06
0.19 0.26 0 1.7872708320730942e-06
0.19 0.27 0 1.8699020973294344e-06
0.19 0.28 0 1.9641212754835446e-06
0.19 0.29 0 1.984045238685734e-06
0.19 0.3 0 1.9463285410335196e-06
0.19 0.31 0 1.917517392089467e-06
0.19 0.32 0 1.913175727747227e-06
0.19 0.33 0 1.9089938285523564e-06
0.19 0.34 0 1.9105149275327357e-06
0.19 0.35000000000000003 0 1.9526818183900924e-06
0.19 0.36 0 2.0300972397779783e-06
0.19 0.37 0 2.075189143972473e-06
0.19 0.38 0 2.0397240063366738e-06
0.19 0.39 0 1.9646655371912154e-06
0.19 0.4 0 1.914465872335405e-06
0.19 0.41000000000000003 0 1.889775490376046e-06
0.19 0.42 0 1.8442188102369298e-06
0.19 0.43 0 1.7627230625963227e-06
0.19 0.44 0 1.68141704310355e-06
0.19 0.45 0 1.6319603127696214e-06
0.19 0.46 0 1.6121626673869717e-06
0.19 0.47000000000000003 0 1.612293080513035e-06
0.19 0.48 0 1.6363069229797071e-06
0.19 0.49 0 1.6816392231413412e-06
0.19 0.5 0 1.7218299016695443e-06
0.2 0.0 0 1.9820812350026947e-06
0.2 0.01 0 1.9164709823148195e-06
0.2 0.02 0 1.9302160965511085e-06
0.2 0.03 0 1.987919511475897e-06
0.2 0.04 0 2.0417587709180328e-06
0.2 0.05 0 2.0502905567075814e-06
0.2 0.06 0 1.9820137844586064e-06
0.2 0.07 0 1.8534669367920396e-06
0.2 0.08 0 1.747140219044923e-06
0.2 0.09 0 1.742425426830783e-06
0.2 0.1 0 1.83412107935084e-06
0.2 0.11 0 1.916859860449432e-06
0.2 0.12 0 1.8897511389524728e-06
0.2 0.13 0 1.7941910451322182e-06
0.2 0.14 0 1.7461318410562094e-06
0.2 0.15 0 1.7772093948145057e-06
0.2 0.16 0 1.8058972012513744e-06
0.2 0.17 0 1.7462912185625146e-06
0.2 0.18 0 1.6263179592526162e-06
0.2 0.19 0 1.5347362127427958e-06
0.2 0.2 0 1.50581824724719e-06
0.2 0.21 0 1.507878024789513e-06
0.2 0.22 0 1.501445057700612e-06
0.2 0.23 0 1.4827282258508774e-06
0.2 0.24 0 1.470935097288733e-06
0.2 0.25 0 1.482217237238158e-06
0.2 0.26 0 1.5292946730412564e-06
0.2 0.27 0 1.618533466210502e-06
0.2 0.28 0 1.7215503371614645e-06
0.2 0.29 0 1.7672499041784565e-06
0.2 0.3 0 1.7169739276252738e-06
0.2 0.31 0 1.6370739658898e-06
0.2 0.32 0 1.6307923165746763e-06
0.2 0.33 0 1.7276617394104387e-06
0.2 0.34 0 1.8514680724472774e-06
0.2 0.35000000000000003 0 1.8971487874876865e-06
0.2 0.36 0 1.8713859387022475e-06
0.2 0.37 0 1.8796914825506502e-06
0.2 0.38 0 1.9761311128731955e-06
0.2 0.39 0 2.092599502072304e-06
0.2 0.4 0 2.116322784948895e-06
0.2 0.41000000000000003 0 2.0393698153014156e-06
0.2 0.42 0 1.948601901371947e-06
0.2 0.43 0 1.8804960730820276e-06
0.2 0.44 0 1.787911227514776e-06
0.2 0.45 0 1.6465598936531218e-06
0.2 0.46 0 1.5235535866481878e-06
0.2 0.47000000000000003 0 1.5001781545668516e-06
0.2 0.48 0 1.5847375747613428e-06
0.2 0.49 0 1.7036875903462793e-06
0.2 0.5 0 1.7694163160042843e-06
0.21 0.0 0 2.1657654019017685e-06
0.21 0.01 0 2.0664630655188515e-06
0.21 0.02 0 2.0584867211389103e-06
0.21 0.03 0 2.1640759133759813e-06
0.21 0.04 0 2.2708414162601486e-06
0.21 0.05 0 2.2535142936410534e-06
0.21 0.06 0 2.1470999810755015e-06
0.21 0.07 0 2.0866758315370362e-06
0.21 0.08 0 2.118050530807923e-06
0.21 0.09 0 2.1488851836255677e-06
0.21 0.1 0 2.068891773978215e-06
0.21 0.11 0 1.9061244614358765e-06
0.21 0.12 0 1.780472322669488e-06
0.21 0.13 0 1.750093605607168e-06
0.21 0.14 0 1.7737910265352657e-06
0.21 0.15 0 1.7744423445917861e-06
0.21 0.16 0 1.723887333600759e-06
0.21 0.17 0 1.6558583759601946e-06
0.21 0.18 0 1.6094786802974983e-06
0.21 0.19 0 1.60028590034425e-06
0.21 0.2 0 1.6306415279479773e-06
0.21 0.21 0 1.6892918536187244e-06
0.21 0.22 0 1.735660370202881e-06
0.21 0.23 0 1.7206398902998287e-06
0.21 0.24 0 1.6505809505126327e-06
0.21 0.25 0 1.5927692715062911e-06
0.21 0.26 0 1.5966975551772622e-06
0.21 0.27 0 1.6407961107643465e-06
0.21 0.28 0 1.6627400363802303e-06
0.21 0.29 0 1.6412349608432904e-06
0.21 0.3 0 1.6145794224636502e-06
0.21 0.31 0 1.6080017856862347e-06
0.21 0.32 0 1.5974743571866191e-06
0.21 0.33 0 1.5644120354961226e-06
0.21 0.34 0 1.5442283401868594e-06
0.21 0.35000000000000003 0 1.576269282971173e-06
0.21 0.36 0 1.6283302556176828e-06
0.21 0.37 0 1.6137273650899877e-06
0.21 0.38 0 1.5134329623458413e-06
0.21 0.39 0 1.4160053024111786e-06
0.21 0.4 0 1.3989574914190299e-06
0.21 0.41000000000000003 0 1.4495635121862662e-06
0.21 0.42 0 1.4956484897042416e-06
0.21 0.43 0 1.4982849556202236e-06
0.21 0.44 0 1.4906090343570559e-06
0.21 0.45 0 1.5034283603483017e-06
0.21 0.46 0 1.5092299791026906e-06
0.21 0.47000000000000003 0 1.4710751060918612e-06
0.21 0.48 0 1.4168662650779015e-06
0.21 0.49 0 1.412487830234967e-06
0.21 0.5 0 1.4796684169203134e-06
0.22 0.0 0 2.2052564509556235e-06
0.22 0.01 0 2.2194502718650085e-06
0.22 0.02 0 2.211889940369229e-06
0.22 0.03 0 2.1736969307846783e-06
0.22 0.04 0 2.165718558140216e-06
0.22 0.05 0 2.215186970104573e-06
0.22 0.06 0 2.2475441855649694e-06
0.22 0.07 0 2.177301140775391e-06
0.22 0.08 0 2.054781949494843e-06
0.22 0.09 0 2.006396078802543e-06
0.22 0.1 0 2.0570180750227767e-06
0.22 0.11 0 2.0822528062996786e-06
0.22 0.12 0 1.96622665904152e-06
0.22 0.13 0 1.793025514732447e-06
0.22 0.14 0 1.7338770951410226e-06
0.22 0.15 0 1.8445186146146038e-06
0.22 0.16 0 2.0209792765540273e-06
0.22 0.17 0 2.0934733558123744e-06
0.22 0.18 0 2.0372098944173783e-06
0.22 0.19 0 1.984016085355394e-06
0.22 0.2 0 2.015740057361939e-06
0.22 0.21 0 2.0784416420008622e-06
0.22 0.22 0 2.069585077531545e-06
0.22 0.23 0 1.9779112172257102e-06
0.22 0.24 0 1.8856320457756834e-06
0.22 0.25 0 1.8531868968561424e-06
0.22 0.26 0 1.868650823456864e-06
0.22 0.27 0 1.8814052397641344e-06
0.22 0.28 0 1.8562365278488485e-06
0.22 0.29 0 1.7981605619719728e-06
0.22 0.3 0 1.737665066541585e-06
0.22 0.31 0 1.7033417506672736e-06
0.22 0.32 0 1.6993319264379295e-06
0.22 0.33 0 1.6964941474497123e-06
0.22 0.34 0 1.6586493507011063e-06
0.22 0.35000000000000003 0 1.596069904188717e-06
0.22 0.36 0 1.5715437928403439e-06
0.22 0.37 0 1.6344238747505904e-06
0.22 0.38 0 1.7527790909111247e-06
0.22 0.39 0 1.8119312683169395e-06
0.22 0.4 0 1.740217480412412e-06
0.22 0.41000000000000003 0 1.6187781901879686e-06
0.22 0.42 0 1.5710646205764672e-06
0.22 0.43 0 1.6209149059151018e-06
0.22 0.44 0 1.6801821041818613e-06
0.22 0.45 0 1.649229217107851e-06
0.22 0.46 0 1.5412783888074112e-06
0.22 0.47000000000000003 0 1.4400900863902031e-06
0.22 0.48 0 1.3789032913924812e-06
0.22 0.49 0 1.3295823997975765e-06
0.22 0.5 0 1.2682614408911503e-06
0.23 0.0 0 3.0831850639470405e-06
0.23 0.01 0 2.9726280339358927e-06
0.23 0.02 0 2.832165260352792e-06
0.23 0.03 0 2.7339266460979607e-06
0.23 0.04 0 2.6822400811163158e-06
0.23 0.05 0 2.6236389521522216e-06
0.23 0.06 0 2.5229935231805135e-06
0.23 0.07 0 2.4010918252333102e-06
0.23 0.08 0 2.2933376888983945e-06
0.23 0.09 0 2.2101665341108118e-06
0.23 0.1 0 2.1484381065090113e-06
0.23 0.11 0 2.1082312029319064e-06
0.23 0.12 0 2.07601384610755e-06
0.23 0.13 0 2.01205102410952e-06
0.23 0.14 0 1.8937135976565353e-06
0.23 0.15 0 1.765792493132772e-06
0.23 0.16 0 1.7049187567526305e-06
0.23 0.17 0 1.7440069602135162e-06
0.23 0.18 0 1.8488063696166932e-06
0.23 0.19 0 1.960745665332054e-06
0.23 0.2 0 2.0638283883258406e-06
0.23 0.21 0 2.174894311899496e-06
0.23 0.22 0 2.2631358039767344e-06
0.23 0.23 0 2.2534724854788863e-06
0.23 0.24 0 2.153812211582801e-06
0.23 0.25 0 2.082729024170196e-06
0.23 0.26 0 2.1194442060847097e-06
0.23 0.27 0 2.19800350529441e-06
0.23 0.28 0 2.178949959801416e-06
0.23 0.29 0 2.0582236603988597e-06
0.23 0.3 0 1.988482998481766e-06
0.23 0.31 0 2.066191135025814e-06
0.23 0.32 0 2.208359591967253e-06
0.23 0.33 0 2.2257784366929315e-06
0.23 0.34 0 2.0774344923531437e-06
0.23 0.35000000000000003 0 1.927200399737117e-06
0.23 0.36 0 1.8970439571768972e-06
0.23 0.37 0 1.942567533399085e-06
0.23 0.38 0 1.9287823530110698e-06
0.23 0.39 0 1.8074135779467864e-06
0.23 0.4 0 1.6762393282854432e-06
0.23 0.41000000000000003 0 1.6385546378122527e-06
0.23 0.42 0 1.7064218189160164e-06
0.23 0.43 0 1.8108355394460289e-06
0.23 0.44 0 1.8613419039620475e-06
0.23 0.45 0 1.828171196719498e-06
0.23 0.46 0 1.7648000463607867e-06
0.23 0.47000000000000003 0 1.7463738716725705e-06
0.23 0.48 0 1.802578697071571e-06
0.23 0.49 0 1.8857735549062378e-06
0.23 0.5 0 1.89243861770474e-06
0.24 0.0 0 2.4663620256563264e-06
0.24 0.01 0 2.4740479258206894e-06
0.24 0.02 0 2.416981292832109e-06
0.24 0.03 0 2.2398003516743727e-06
0.24 0.04 0 2.066972297440915e-06
0.24 0.05 0 2.029238576274293e-06
0.24 0.06 0 2.097484185847457e-06
0.24 0.07 0 2.1009477420720595e-06
0.24 0.08 0 1.940719069029722e-06
0.24 0.09 0 1.7423611342117166e-06
0.24 0.1 0 1.6702673975285483e-06
0.24 0.11 0 1.7544566992699672e-06
0.24 0.12 0 1.8960003895282006e-06
0.24 0.13 0 1.9665046723843236e-06
0.24 0.14 0 1.952459120458843e-06
0.24 0.15 0 1.9462943498202545e-06
0.24 0.16 0 2.0111891421886716e-06
0.24 0.17 0 2.1241357041871575e-06
0.24 0.18 0 2.215355589980131e-06
0.24 0.19 0 2.241726427530528e-06
0.24 0.2 0 2.222975391399644e-06
0.24 0.21 0 2.212207724613209e-06
0.24 0.22 0 2.2436864291536992e-06
0.24 0.23 0 2.294865476278364e-06
0.24 0.24 0 2.2879299451999763e-06
0.24 0.25 0 2.166853269831123e-06
0.24 0.26 0 1.985785930900621e-06
0.24 0.27 0 1.863570456282307e-06
0.24 0.28 0 1.8635745439194834e-06
0.24 0.29 0 1.9431464041556972e-06
0.24 0.3 0 1.9936563232101596e-06
0.24 0.31 0 1.964718668737407e-06
0.24 0.32 0 1.9280484196147274e-06
0.24 0.33 0 1.9670425144915644e-06
0.24 0.34 0 2.0635682929759084e-06
0.24 0.35000000000000003 0 2.1183852278016517e-06
0.24 0.36 0 2.0878271929012093e-06
0.24 0.37 0 2.0427789576786512e-06
0.24 0.38 0 2.0422262727361022e-06
0.24 0.39 0 2.035305040565009e-06
0.24 0.4 0 1.9431566986963015e-06
0.24 0.41000000000000003 0 1.8088166535727428e-06
0.24 0.42 0 1.7584234977487926e-06
0.24 0.43 0 1.8413427827469058e-06
0.24 0.44 0 1.9623246218702786e-06
0.24 0.45 0 1.963028002336514e-06
0.24 0.46 0 1.826954661986347e-06
0.24 0.47000000000000003 0 1.691853734276445e-06
0.24 0.48 0 1.6541500831304408e-06
0.24 0.49 0 1.6968133997255388e-06
0.24 0.5 0 1.7507791942262958e-06
0.25 0.0 0 2.650867950714454e-06
0.25 0.01 0 2.4575002594325013e-06
0.25 0.02 0 2.281326071515907e-06
0.25 0.03 0 2.2607152588631718e-06
0.25 0.04 0 2.3580509029786465e-06
0.25 0.05 0 2.4025887243048737e-06
0.25 0.06 0 2.281381767080983e-06
0.25 0.07 0 2.0768976007519566e-06
0.25 0.08 0 1.9230809547033736e-06
0.25 0.09 0 1.850542763921585e-06
0.25 0.1 0 1.8099336824297579e-06
0.25 0.11 0 1.762028059564145e-06
0.25 0.12 0 1.7127886227241835e-06
0.25 0.13 0 1.6728898745732804e-06
0.25 0.14 0 1.6339944411712345e-06
0.25 0.15 0 1.6016690422751616e-06
0.25 0.16 0 1.6111479531161226e-06
0.25 0.17 0 1.6807481839210929e-06
0.25 0.18 0 1.7657345761521828e-06
0.25 0.19 0 1.7958333084807496e-06
0.25 0.2 0 1.7794025499632125e-06
0.25 0.21 0 1.808715331202938e-06
0.25 0.22 0 1.949500892894621e-06
0.25 0.23 0 2.1722609985844927e-06
0.25 0.24 0 2.3901660071582266e-06
0.25 0.25 0 2.571806188667989e-06
0.25 0.26 0 2.7615231573183423e-06
0.25 0.27 0 2.959782823877877e-06
0.25 0.28 0 3.0707930535516755e-06
0.25 0.29 0 3.031302472341513e-06
0.25 0.3 0 2.9141789755658354e-06
0.25 0.31 0 2.812125023021377e-06
0.25 0.32 0 2.711244589759261e-06
0.25 0.33 0 2.5461899572571602e-06
0.25 0.34 0 2.3297573795374867e-06
0.25 0.35000000000000003 0 2.1468696812355655e-06
0.25 0.36 0 2.0423072621276942e-06
0.25 0.37 0 1.983768880859314e-06
0.25 0.38 0 1.920638028847192e-06
0.25 0.39 0 1.8459032226120828e-06
0.25 0.4 0 1.7833952909536738e-06
0.25 0.41000000000000003 0 1.7406654001999847e-06
0.25 0.42 0 1.7099935385908624e-06
0.25 0.43 0 1.7037131329019955e-06
0.25 0.44 0 1.752717840535761e-06
0.25 0.45 0 1.8588885017568718e-06
0.25 0.46 0 1.9650398172644184e-06
0.25 0.47000000000000003 0 2.0034509909271494e-06
0.25 0.48 0 1.9815998286756503e-06
0.25 0.49 0 1.964113510138703e-06
0.25 0.5 0 1.9737333499670003e-06
0.26 0.0 0 1.8770867839835088e-06
0.26 0.01 0 1.7996635472540865e-06
0.26 0.02 0 1.7108169089004372e-06
0.26 0.03 0 1.6409603686839336e-06
0.26 0.04 0 1.6377727330324086e-06
0.26 0.05 0 1.7202487543478155e-06
0.26 0.06 0 1.8301118544095568e-06
0.26 0.07 0 1.8635728605098563e-06
0.26 0.08 0 1.801712708560393e-06
0.26 0.09 0 1.7436147665598836e-06
0.26 0.1 0 1.7721771376210284e-06
0.26 0.11 0 1.8620509901354863e-06
0.26 0.12 0 1.915895838191187e-06
0.26 0.13 0 1.8905983102547422e-06
0.26 0.14 0 1.848858895900868e-06
0.26 0.15 0 1.856125896732039e-06
0.26 0.16 0 1.9005466380578441e-06
0.26 0.17 0 1.930896849238321e-06
0.26 0.18 0 1.9404236497986045e-06
0.26 0.19 0 1.9691088298890293e-06
0.26 0.2 0 2.0235122492189216e-06
0.26 0.21 0 2.0445766529234526e-06
0.26 0.22 0 1.98432224818009e-06
0.26 0.23 0 1.8848575693849846e-06
0.26 0.24 0 1.8271235406345116e-06
0.26 0.25 0 1.8412862217942231e-06
0.26 0.26 0 1.902346708633565e-06
0.26 0.27 0 1.98756075604993e-06
0.26 0.28 0 2.1068552031733884e-06
0.26 0.29 0 2.2551206319370715e-06
0.26 0.3 0 2.36185513510346e-06
0.26 0.31 0 2.354501946280994e-06
0.26 0.32 0 2.2738602685541364e-06
0.26 0.33 0 2.231089853602666e-06
0.26 0.34 0 2.2633839284732648e-06
0.26 0.35000000000000003 0 2.2947796191418898e-06
0.26 0.36 0 2.2461099661149863e-06
0.26 0.37 0 2.15992343439056e-06
0.26 0.38 0 2.1471250890894264e-06
0.26 0.39 0 2.255653712409321e-06
0.26 0.4 0 2.4351578802359644e-06
0.26 0.41000000000000003 0 2.59582628080232e-06
0.26 0.42 0 2.6896767176951337e-06
0.26 0.43 0 2.7158844979968008e-06
0.26 0.44 0 2.6798821351075135e-06
0.26 0.45 0 2.5998229318656536e-06
0.26 0.46 0 2.5140783208671253e-06
0.26 0.47000000000000003 0 2.432666921004277e-06
0.26 0.48 0 2.3159453676646465e-06
0.26 0.49 0 2.1519976340552206e-06
0.26 0.5 0 2.0199228121823015e-06
0.27 0.0 0 2.4501950998586783e-06
0.27 0.01 0 2.6104800209304096e-06
0.27 0.02 0 2.5913436748521316e-06
0.27 0.03 0 2.5142813853278877e-06
0.27 0.04 0 2.4985166570836153e-06
0.27 0.05 0 2.5126188100558133e-06
0.27 0.06 0 2.447522997097727e-06
0.27 0.07 0 2.281936340149694e-06
0.27 0.08 0 2.1065484812561225e-06
0.27 0.09 0 1.9979770078563333e-06
0.27 0.1 0 1.957250328333338e-06
0.27 0.11 0 1.9465017546996777e-06
0.27 0.12 0 1.9371393463954245e-06
0.27 0.13 0 1.9241584322836266e-06
0.27 0.14 0 1.919120200190673e-06
0.27 0.15 0 1.9402768532153845e-06
0.27 0.16 0 1.9874237435066117e-06
0.27 0.17 0 2.0121177659147153e-06
0.27 0.18 0 1.9504771566400655e-06
0.27 0.19 0 1.824219384470534e-06
0.27 0.2 0 1.7475056629816953e-06
0.27 0.21 0 1.8009054422294121e-06
0.27 0.22 0 1.9312347250374273e-06
0.27 0.23 0 1.968355997144679e-06
0.27 0.24 0 1.8365979565533606e-06
0.27 0.25 0 1.6859447120430687e-06
0.27 0.26 0 1.681428693831321e-06
0.27 0.27 0 1.828457201363357e-06
0.27 0.28 0 1.9698562983701357e-06
0.27 0.29 0 1.9511503744460135e-06
0.27 0.3 0 1.8386309021285018e-06
0.27 0.31 0 1.8017102327422098e-06
0.27 0.32 0 1.8871560129267138e-06
0.27 0.33 0 1.988744668384149e-06
0.27 0.34 0 1.9814468299646982e-06
0.27 0.35000000000000003 0 1.8938355072710206e-06
0.27 0.36 0 1.8568230294878935e-06
0.27 0.37 0 1.9384418687611296e-06
0.27 0.38 0 2.0982828304757027e-06
0.27 0.39 0 2.243886383460467e-06
0.27 0.4 0 2.3289604761641023e-06
0.27 0.41000000000000003 0 2.3887460863099715e-06
0.27 0.42 0 2.482164202244848e-06
0.27 0.43 0 2.640891211488972e-06
0.27 0.44 0 2.8550643938583577e-06
0.27 0.45 0 3.0555474917308347e-06
0.27 0.46 0 3.119482767785744e-06
0.27 0.47000000000000003 0 2.9766570164294653e-06
0.27 0.48 0 2.718434365018093e-06
0.27 0.49 0 2.510071977260447e-06
0.27 0.5 0 2.426860784485365e-06
0.28 0.0 0 2.1208681265540706e-06
0.28 0.01 0 2.1956747431362304e-06
0.28 0.02 0 2.355424649730724e-06
0.28 0.03 0 2.4317505416915573e-06
0.28 0.04 0 2.3948008449661923e-06
0.28 0.05 0 2.391342775560445e-06
0.28 0.06 0 2.5249538498923333e-06
0.28 0.07 0 2.722824690074622e-06
0.28 0.08 0 2.8138193675399718e-06
0.28 0.09 0 2.7546380010430305e-06
0.28 0.1 0 2.6767602895459485e-06
0.28 0.11 0 2.6829636703912967e-06
0.28 0.12 0 2.7356325125839656e-06
0.28 0.13 0 2.735048045663712e-06
0.28 0.14 0 2.656394483824109e-06
0.28 0.15 0 2.5600901919087833e-06
0.28 0.16 0 2.489171172754881e-06
0.28 0.17 0 2.4331698863567954e-06
0.28 0.18 0 2.381741411474646e-06
0.28 0.19 0 2.3553929870845076e-06
0.28 0.2 0 2.362400783276876e-06
0.28 0.21 0 2.360331347901974e-06
0.28 0.22 0 2.299124791107417e-06
0.28 0.23 0 2.195512876815255e-06
0.28 0.24 0 2.11697322990824e-06
0.28 0.25 0 2.1001238977796597e-06
0.28 0.26 0 2.1215693333530473e-06
0.28 0.27 0 2.1383652889368943e-06
0.28 0.28 0 2.1334507365008925e-06
0.28 0.29 0 2.1109985550953295e-06
0.28 0.3 0 2.075489995877822e-06
0.28 0.31 0 2.0440142455471936e-06
0.28 0.32 0 2.050929277515469e-06
0.28 0.33 0 2.0994339550624456e-06
0.28 0.34 0 2.1172983014354725e-06
0.28 0.35000000000000003 0 2.0225165064452827e-06
0.28 0.36 0 1.8566229964560274e-06
0.28 0.37 0 1.7523836087221837e-06
0.28 0.38 0 1.7747379511031604e-06
0.28 0.39 0 1.8531816801724251e-06
0.28 0.4 0 1.8514114622159748e-06
0.28 0.41000000000000003 0 1.7445321371258244e-06
0.28 0.42 0 1.6477634111963391e-06
0.28 0.43 0 1.6434016090076208e-06
0.28 0.44 0 1.6941460566968796e-06
0.28 0.45 0 1.7087518391370492e-06
0.28 0.46 0 1.669430605911559e-06
0.28 0.47000000000000003 0 1.6428619543178576e-06
0.28 0.48 0 1.665727546981589e-06
0.28 0.49 0 1.6966921871874947e-06
0.28 0.5 0 1.6907152311846981e-06
0.29 0.0 0 2.851333086236635e-06
0.29 0.01 0 2.8644440635719174e-06
0.29 0.02 0 2.7656816805647775e-06
0.29 0.03 0 2.61348174145855e-06
0.29 0.04 0 2.5149615128333896e-06
0.29 0.05 0 2.5208484281496872e-06
0.29 0.06 0 2.6188618408803037e-06
0.29 0.07 0 2.7505943320908576e-06
0.29 0.08 0 2.815113147539325e-06
0.29 0.09 0 2.730119818309815e-06
0.29 0.1 0 2.5472640766477395e-06
0.29 0.11 0 2.427433397898115e-06
0.29 0.12 0 2.46970196157263e-06
0.29 0.13 0 2.5975472150347986e-06
0.29 0.14 0 2.6015266072015316e-06
0.29 0.15 0 2.395543737987585e-06
0.29 0.16 0 2.1476357758365122e-06
0.29 0.17 0 2.0301444109663344e-06
0.29 0.18 0 2.0407480715791992e-06
0.29 0.19 0 2.060838540420444e-06
0.29 0.2 0 2.0211734985764275e-06
0.29 0.21 0 1.9854965231402632e-06
0.29 0.22 0 2.0257799160778437e-06
0.29 0.23 0 2.095635759504562e-06
0.29 0.24 0 2.076380263136416e-06
0.29 0.25 0 1.953389913703098e-06
0.29 0.26 0 1.8465233880611263e-06
0.29 0.27 0 1.8422116854646861e-06
0.29 0.28 0 1.8979352819679525e-06
0.29 0.29 0 1.8951240816397933e-06
0.29 0.3 0 1.7875993179630826e-06
0.29 0.31 0 1.656712230155015e-06
0.29 0.32 0 1.590743196406111e-06
0.29 0.33 0 1.595997068547186e-06
0.29 0.34 0 1.6154031589173552e-06
0.29 0.35000000000000003 0 1.5939034745025984e-06
0.29 0.36 0 1.527841171106951e-06
0.29 0.37 0 1.4508118094718915e-06
0.29 0.38 0 1.3926113289721541e-06
0.29 0.39 0 1.3618951675589517e-06
0.29 0.4 0 1.3474546127274862e-06
0.29 0.41000000000000003 0 1.327334335655471e-06
0.29 0.42 0 1.2908201434068817e-06
0.29 0.43 0 1.2560840425545326e-06
0.29 0.44 0 1.250631542271673e-06
0.29 0.45 0 1.2697061051120907e-06
0.29 0.46 0 1.2672090710810296e-06
0.29 0.47000000000000003 0 1.2137169844361111e-06
0.29 0.48 0 1.1540940824618037e-06
0.29 0.49 0 1.1612512415033174e-06
0.29 0.5 0 1.2518120029142492e-06
0.3 0.0 0 2.914541054902586e-06
0.3 0.01 0 2.85566338815733e-06
0.3 0.02 0 2.749321970102116e-06
0.3 0.03 0 2.574922170194847e-06
0.3 0.04 0 2.3846455392903423e-06
0.3 0.05 0 2.2682989576872646e-06
0.3 0.06 0 2.262434684172924e-06
0.3 0.07 0 2.3217326450068566e-06
0.3 0.08 0 2.37002982558084e-06
0.3 0.09 0 2.378697576169225e-06
0.3 0.1 0 2.371940244870023e-06
0.3 0.11 0 2.3592207439683524e-06
0.3 0.12 0 2.3137547818769497e-06
0.3 0.13 0 2.226528500152238e-06
0.3 0.14 0 2.1320389255220532e-06
0.3 0.15 0 2.052842000662737e-06
0.3 0.16 0 1.959233601118929e-06
0.3 0.17 0 1.8210149249605626e-06
0.3 0.18 0 1.6773251172911792e-06
0.3 0.19 0 1.6038948013899317e-06
0.3 0.2 0 1.6303869228482091e-06
0.3 0.21 0 1.7172159405184867e-06
0.3 0.22 0 1.8056348800848344e-06
0.3 0.23 0 1.890779824793003e-06
0.3 0.24 0 2.0066035240978218e-06
0.3 0.25 0 2.131109014815753e-06
0.3 0.26 0 2.1683577398284147e-06
0.3 0.27 0 2.0799031954490507e-06
0.3 0.28 0 1.961060553747283e-06
0.3 0.29 0 1.9084536748357872e-06
0.3 0.3 0 1.901782054161984e-06
0.3 0.31 0 1.8474104702050882e-06
0.3 0.32 0 1.7193966217438554e-06
0.3 0.33 0 1.5969683394752716e-06
0.3 0.34 0 1.5468571093906373e-06
0.3 0.35000000000000003 0 1.5509206940482292e-06
0.3 0.36 0 1.5428413108084106e-06
0.3 0.37 0 1.4854634177602084e-06
0.3 0.38 0 1.39256907713584e-06
0.3 0.39 0 1.2839340149369042e-06
0.3 0.4 0 1.1686816894420302e-06
0.3 0.41000000000000003 0 1.067946589896048e-06
0.3 0.42 0 1.0115908338119339e-06
0.3 0.43 0 1.0081272624221707e-06
0.3 0.44 0 1.033960836637178e-06
0.3 0.45 0 1.0588123256737546e-06
0.3 0.46 0 1.0818297297035895e-06
0.3 0.47000000000000003 0 1.1240471627605574e-06
0.3 0.48 0 1.1839036093051416e-06
0.3 0.49 0 1.2240419286861743e-06
0.3 0.5 0 1.2212317024587144e-06
#STOP
