#MEDIUM_PROPERTIES_DISTRIBUTED
$MSH_TYPE
	 GROUNDWATER_FLOW	
$MMP_TYPE
	 PERMEABILITY	
$DIS_TYPE
	 NEAREST_VALUE	
;hj
$CONVERSION_FACTOR
	 1.0	
$DATA
0.0 0.0 0 4.226483189619509e-06
0.0 0.01 0 2.8911759866887965e-06
0.0 0.02 0 3.7641136890095754e-06
0.0 0.03 0 3.3091467433413166e-06
0.0 0.04 0 2.2156845464467466e-06
0.0 0.05 0 2.9010417963250847e-06
0.0 0.06 0 1.7516995235824035e-06
0.0 0.07 0 3.0610730419677154e-06
0.0 0.08 0 4.874969008793318e-06
0.0 0.09 0 2.5247243434144452e-06
0.0 0.1 0 1.9912516733115762e-06
0.0 0.11 0 1.2944391424746037e-06
0.0 0.12 0 1.1231178365695068e-06
0.0 0.13 0 1.4474728402739453e-06
0.0 0.14 0 2.7714112125299096e-06
0.0 0.15 0 1.248698982009278e-06
0.0 0.16 0 1.3286470687573287e-06
0.0 0.17 0 2.770648761675716e-06
0.0 0.18 0 2.531527164597395e-06
0.0 0.19 0 1.3494617602733267e-06
0.0 0.2 0 2.2977897977725296e-06
0.0 0.21 0 2.325802978794461e-06
0.0 0.22 0 1.5222491168420715e-06
0.0 0.23 0 2.260030137859961e-06
0.0 0.24 0 1.4652085136204506e-06
0.0 0.25 0 1.225357111909184e-06
0.0 0.26 0 1.5548591296936444e-06
0.0 0.27 0 1.4863938490125923e-06
0.0 0.28 0 1.6693209824028882e-06
0.0 0.29 0 2.5760752600323353e-06
0.0 0.3 0 2.0085083325681707e-06
0.0 0.31 0 3.0984441446930037e-06
0.0 0.32 0 3.1062857929574263e-06
0.0 0.33 0 2.9123991935945873e-06
0.0 0.34 0 3.0169903582515794e-06
0.0 0.35000000000000003 0 2.2389444472477667e-06
0.0 0.36 0 1.1184944511981365e-06
0.0 0.37 0 8.357950373090746e-07
0.0 0.38 0 1.64380255119372e-06
0.0 0.39 0 1.3906492748382156e-06
0.0 0.4 0 1.69502221983633e-06
0.0 0.41000000000000003 0 1.403283335422995e-06
0.0 0.42 0 7.361577044906272e-07
0.0 0.43 0 1.0850983375092832e-06
0.0 0.44 0 2.0308653912704536e-06
0.0 0.45 0 2.3941868473477978e-06
0.0 0.46 0 1.7487566226242451e-06
0.0 0.47000000000000003 0 1.1528162572774969e-06
0.0 0.48 0 1.1033430972714548e-06
0.0 0.49 0 1.4705204052281673e-06
0.0 0.5 0 1.3444385852276821e-06
0.01 0.0 0 2.984471346840631e-06
0.01 0.01 0 2.6778344631533564e-06
0.01 0.02 0 3.406413782724424e-06
0.01 0.03 0 2.5255316016468816e-06
0.01 0.04 0 2.446741515732371e-06
0.01 0.05 0 2.1232883941069804e-06
0.01 0.06 0 4.091591684680917e-06
0.01 0.07 0 5.010764570897342e-06
0.01 0.08 0 2.8551263536297095e-06
0.01 0.09 0 2.7787576631958893e-06
0.01 0.1 0 3.5999933810985128e-06
0.01 0.11 0 5.459992355985093e-06
0.01 0.12 0 6.279535353485729e-06
0.01 0.13 0 5.262560390207253e-06
0.01 0.14 0 3.3426178676737297e-06
0.01 0.15 0 3.2450771384599045e-06
0.01 0.16 0 1.576068053285618e-06
0.01 0.17 0 2.695347324392878e-06
0.01 0.18 0 4.243845752917454e-06
0.01 0.19 0 4.7633674136848645e-06
0.01 0.2 0 2.4519465366547573e-06
0.01 0.21 0 1.8534594969914937e-06
0.01 0.22 0 1.050134993408201e-06
0.01 0.23 0 6.786341750796799e-07
0.01 0.24 0 8.064021761766252e-07
0.01 0.25 0 6.616397171478848e-07
0.01 0.26 0 1.023843382956426e-06
0.01 0.27 0 1.4411039986333307e-06
0.01 0.28 0 1.5785177240057462e-06
0.01 0.29 0 1.473914988745405e-06
0.01 0.3 0 1.2126319246377487e-06
0.01 0.31 0 1.0366623963270055e-06
0.01 0.32 0 1.4014956470372091e-06
0.01 0.33 0 1.1200218875451518e-06
0.01 0.34 0 9.162095207865647e-07
0.01 0.35000000000000003 0 4.3943831061235197e-07
0.01 0.36 0 3.371832959768854e-07
0.01 0.37 0 5.195190949627832e-07
0.01 0.38 0 7.507076500607666e-07
0.01 0.39 0 7.69634756249692e-07
0.01 0.4 0 7.814373398897671e-07
0.01 0.41000000000000003 0 5.626759648109758e-07
0.01 0.42 0 8.419926185134195e-07
0.01 0.43 0 1.5997988901531953e-06
0.01 0.44 0 1.2338471795304039e-06
0.01 0.45 0 1.922097495290454e-06
0.01 0.46 0 2.8044029332589013e-06
0.01 0.47000000000000003 0 1.9229829577690483e-06
0.01 0.48 0 1.6909051559690435e-06
0.01 0.49 0 1.0908161501242614e-06
0.01 0.5 0 8.471018394573454e-07
0.02 0.0 0 2.840638106601074e-06
0.02 0.01 0 3.697958086550278e-06
0.02 0.02 0 1.8382557348089338e-06
0.02 0.03 0 1.841480299502883e-06
0.02 0.04 0 2.5453519532941185e-06
0.02 0.05 0 1.7188138897632684e-06
0.02 0.06 0 2.5631198932133944e-06
0.02 0.07 0 3.950294686752241e-06
0.02 0.08 0 3.0944431703238877e-06
0.02 0.09 0 2.066866566937258e-06
0.02 0.1 0 3.663382772475309e-06
0.02 0.11 0 2.2891847150789085e-06
0.02 0.12 0 6.020300572417485e-06
0.02 0.13 0 6.2619991482522644e-06
0.02 0.14 0 4.811129800338622e-06
0.02 0.15 0 8.092924478214545e-06
0.02 0.16 0 6.039096085064661e-06
0.02 0.17 0 3.4971682870868704e-06
0.02 0.18 0 2.4164293761379005e-06
0.02 0.19 0 1.209589371527637e-06
0.02 0.2 0 1.0173004848468735e-06
0.02 0.21 0 1.6907599034235308e-06
0.02 0.22 0 9.455533741714374e-07
0.02 0.23 0 6.56878418585654e-07
0.02 0.24 0 3.812722294159954e-07
0.02 0.25 0 4.974723940469888e-07
0.02 0.26 0 5.733667934146303e-07
0.02 0.27 0 6.949290855138265e-07
0.02 0.28 0 5.395312299683683e-07
0.02 0.29 0 4.566040811213702e-07
0.02 0.3 0 3.41219745324979e-07
0.02 0.31 0 3.2150323694142265e-07
0.02 0.32 0 2.585090743589503e-07
0.02 0.33 0 2.869787095513292e-07
0.02 0.34 0 5.069574968997757e-07
0.02 0.35000000000000003 0 3.3228583263263566e-07
0.02 0.36 0 4.5266171036986375e-07
0.02 0.37 0 5.326300798987763e-07
0.02 0.38 0 5.968758172429526e-07
0.02 0.39 0 6.216519525739863e-07
0.02 0.4 0 7.372960712509925e-07
0.02 0.41000000000000003 0 1.0049595246607715e-06
0.02 0.42 0 1.112232490285899e-06
0.02 0.43 0 1.2072983818288402e-06
0.02 0.44 0 8.859467976275737e-07
0.02 0.45 0 4.551041499915149e-07
0.02 0.46 0 4.1155279457227407e-07
0.02 0.47000000000000003 0 4.854911783289028e-07
0.02 0.48 0 5.845590233718263e-07
0.02 0.49 0 1.2386129208510408e-06
0.02 0.5 0 1.1395071680768407e-06
0.03 0.0 0 2.2750558440141327e-06
0.03 0.01 0 3.7828754505097685e-06
0.03 0.02 0 3.518530719821613e-06
0.03 0.03 0 3.0998994594134508e-06
0.03 0.04 0 2.5048789864302493e-06
0.03 0.05 0 2.751543021189131e-06
0.03 0.06 0 4.048088861723679e-06
0.03 0.07 0 3.7118004544882704e-06
0.03 0.08 0 2.660880583806667e-06
0.03 0.09 0 3.469837082189241e-06
0.03 0.1 0 2.0287910838265046e-06
0.03 0.11 0 1.2517919328936424e-06
0.03 0.12 0 6.373705061111139e-07
0.03 0.13 0 4.7101740207067393e-07
0.03 0.14 0 4.390783694370624e-07
0.03 0.15 0 7.836339979732406e-07
0.03 0.16 0 6.586880210638996e-07
0.03 0.17 0 5.823172572664687e-07
0.03 0.18 0 7.215652082610514e-07
0.03 0.19 0 8.323863071888542e-07
0.03 0.2 0 8.086047638932663e-07
0.03 0.21 0 4.951351593646889e-07
0.03 0.22 0 8.127382279922344e-07
0.03 0.23 0 1.0247132828061562e-06
0.03 0.24 0 7.864206156287097e-07
0.03 0.25 0 6.638884543902127e-07
0.03 0.26 0 8.484804594595904e-07
0.03 0.27 0 8.625060759474197e-07
0.03 0.28 0 8.530481139096214e-07
0.03 0.29 0 8.853166787619951e-07
0.03 0.3 0 9.834244504143553e-07
0.03 0.31 0 1.1232705558666826e-06
0.03 0.32 0 1.990651751530922e-06
0.03 0.33 0 1.8174339929415858e-06
0.03 0.34 0 1.3327872998649343e-06
0.03 0.35000000000000003 0 1.9087428401722408e-06
0.03 0.36 0 1.5381088974041352e-06
0.03 0.37 0 5.895241800271681e-07
0.03 0.38 0 5.507511751532601e-07
0.03 0.39 0 4.554901538080297e-07
0.03 0.4 0 2.994649389743111e-07
0.03 0.41000000000000003 0 6.214007986303484e-07
0.03 0.42 0 6.822751338291741e-07
0.03 0.43 0 5.790478236614975e-07
0.03 0.44 0 8.018789045435762e-07
0.03 0.45 0 6.751439437167098e-07
0.03 0.46 0 8.333289145062579e-07
0.03 0.47000000000000003 0 7.885612387133206e-07
0.03 0.48 0 4.425598465377012e-07
0.03 0.49 0 8.737342863818149e-07
0.03 0.5 0 8.529950675020327e-07
0.04 0.0 0 2.0682580238127913e-06
0.04 0.01 0 2.1753651712686614e-06
0.04 0.02 0 2.019989732340414e-06
0.04 0.03 0 1.6068098864297331e-06
0.04 0.04 0 2.1697295732013874e-06
0.04 0.05 0 1.0100563925982846e-06
0.04 0.06 0 1.0264068433560528e-06
0.04 0.07 0 8.122855525610526e-07
0.04 0.08 0 9.592429966091933e-07
0.04 0.09 0 5.946222190028224e-07
0.04 0.1 0 1.0875380365719712e-06
0.04 0.11 0 1.1252485090118237e-06
0.04 0.12 0 6.426700214112473e-07
0.04 0.13 0 1.115984357256827e-06
0.04 0.14 0 7.05682460049632e-07
0.04 0.15 0 3.7291602362741293e-07
0.04 0.16 0 5.442570890432614e-07
0.04 0.17 0 6.31169680884373e-07
0.04 0.18 0 3.676135886482488e-07
0.04 0.19 0 7.182967239606926e-07
0.04 0.2 0 4.136179892088177e-07
0.04 0.21 0 3.151358237379632e-07
0.04 0.22 0 2.6941377250927364e-07
0.04 0.23 0 3.884441495513211e-07
0.04 0.24 0 6.45384731089919e-07
0.04 0.25 0 1.2403836523260058e-06
0.04 0.26 0 1.1359406540263411e-06
0.04 0.27 0 1.1031259532005847e-06
0.04 0.28 0 9.074984814439289e-07
0.04 0.29 0 8.499112356145049e-07
0.04 0.3 0 1.1717082639607212e-06
0.04 0.31 0 7.03567204293561e-07
0.04 0.32 0 8.852288794312659e-07
0.04 0.33 0 9.148590382662815e-07
0.04 0.34 0 1.069724692094491e-06
0.04 0.35000000000000003 0 8.187646732834264e-07
0.04 0.36 0 1.0041230485918075e-06
0.04 0.37 0 1.2730756312198581e-06
0.04 0.38 0 1.3394651620676924e-06
0.04 0.39 0 1.5861781121373298e-06
0.04 0.4 0 1.1319072076511984e-06
0.04 0.41000000000000003 0 5.928866955004807e-07
0.04 0.42 0 6.996058616044886e-07
0.04 0.43 0 9.74945942750629e-07
0.04 0.44 0 9.421135447215961e-07
0.04 0.45 0 7.550557334131707e-07
0.04 0.46 0 7.315864009774502e-07
0.04 0.47000000000000003 0 7.949434303363388e-07
0.04 0.48 0 5.51608446502188e-07
0.04 0.49 0 1.0256937397313999e-06
0.04 0.5 0 1.4045522227949283e-06
0.05 0.0 0 1.8639540583402907e-06
0.05 0.01 0 1.382788380970256e-06
0.05 0.02 0 1.6581780885898703e-06
0.05 0.03 0 1.5005450422992118e-06
0.05 0.04 0 1.4487827521774766e-06
0.05 0.05 0 2.0204232192912356e-06
0.05 0.06 0 1.1707927876948868e-06
0.05 0.07 0 1.0561190145352474e-06
0.05 0.08 0 1.0648955575903447e-06
0.05 0.09 0 9.184235637292103e-07
0.05 0.1 0 8.56134852922872e-07
0.05 0.11 0 1.3508814687549994e-06
0.05 0.12 0 1.796095476673124e-06
0.05 0.13 0 1.7798673047165207e-06
0.05 0.14 0 2.24058201955193e-06
0.05 0.15 0 2.6369402907736404e-06
0.05 0.16 0 2.1994062344382375e-06
0.05 0.17 0 1.609854371105698e-06
0.05 0.18 0 3.032827016362888e-06
0.05 0.19 0 1.5731637592293991e-06
0.05 0.2 0 5.637665304936711e-07
0.05 0.21 0 5.755063025966887e-07
0.05 0.22 0 8.605506050930468e-07
0.05 0.23 0 7.823947306702909e-07
0.05 0.24 0 8.032943993023488e-07
0.05 0.25 0 7.053330682000645e-07
0.05 0.26 0 4.780135333346851e-07
0.05 0.27 0 9.111102366069773e-07
0.05 0.28 0 8.631613663314916e-07
0.05 0.29 0 5.034831334949525e-07
0.05 0.3 0 9.65485624510697e-07
0.05 0.31 0 1.0684647479077569e-06
0.05 0.32 0 9.914122347028534e-07
0.05 0.33 0 1.3279676246538674e-06
0.05 0.34 0 8.382378115701996e-07
0.05 0.35000000000000003 0 1.378745388355224e-06
0.05 0.36 0 2.52767901640014e-06
0.05 0.37 0 1.5257026425353218e-06
0.05 0.38 0 1.6677088556560825e-06
0.05 0.39 0 2.826940842019748e-06
0.05 0.4 0 2.6701537868412504e-06
0.05 0.41000000000000003 0 2.049684777779918e-06
0.05 0.42 0 2.2876898841049803e-06
0.05 0.43 0 1.8714650042272567e-06
0.05 0.44 0 1.3563662808638558e-06
0.05 0.45 0 1.3098112155803582e-06
0.05 0.46 0 6.245116008775072e-07
0.05 0.47000000000000003 0 8.005756406532006e-07
0.05 0.48 0 1.3805935258011387e-06
0.05 0.49 0 1.1043749853998217e-06
0.05 0.5 0 7.223852395649121e-07
0.06 0.0 0 3.9775975406508735e-06
0.06 0.01 0 3.4215006073593562e-06
0.06 0.02 0 4.477344225066023e-06
0.06 0.03 0 2.114718971289468e-06
0.06 0.04 0 3.0729259943893737e-06
0.06 0.05 0 4.417839673648856e-06
0.06 0.06 0 4.281899513919675e-06
0.06 0.07 0 3.258740599777732e-06
0.06 0.08 0 2.985529739523644e-06
0.06 0.09 0 1.9113195905256995e-06
0.06 0.1 0 1.3871509916032486e-06
0.06 0.11 0 1.8747925585962624e-06
0.06 0.12 0 1.6793298975886416e-06
0.06 0.13 0 3.7791181268858095e-06
0.06 0.14 0 2.0352404108807447e-06
0.06 0.15 0 1.9367801015260718e-06
0.06 0.16 0 2.564217476595747e-06
0.06 0.17 0 1.6150554382202492e-06
0.06 0.18 0 1.1534894953881653e-06
0.06 0.19 0 2.8749217407643162e-06
0.06 0.2 0 1.8871663853791993e-06
0.06 0.21 0 2.2674399067248233e-06
0.06 0.22 0 2.496198131251794e-06
0.06 0.23 0 1.7052979812965316e-06
0.06 0.24 0 1.3708558731775267e-06
0.06 0.25 0 1.3219423591011743e-06
0.06 0.26 0 1.931544839601533e-06
0.06 0.27 0 1.4521957094219343e-06
0.06 0.28 0 2.0104242340217936e-06
0.06 0.29 0 1.8335394570739258e-06
0.06 0.3 0 2.3806869608058575e-06
0.06 0.31 0 2.989215293726458e-06
0.06 0.32 0 3.993520463032066e-06
0.06 0.33 0 4.191425750262684e-06
0.06 0.34 0 4.40619919708459e-06
0.06 0.35000000000000003 0 2.0659785649016115e-06
0.06 0.36 0 1.985094725616859e-06
0.06 0.37 0 3.5642536894183487e-06
0.06 0.38 0 2.5226290107279115e-06
0.06 0.39 0 1.877253241761862e-06
0.06 0.4 0 1.6355457149230445e-06
0.06 0.41000000000000003 0 8.168400031777187e-07
0.06 0.42 0 7.192005034193511e-07
0.06 0.43 0 7.795998315887831e-07
0.06 0.44 0 5.3614993392377e-07
0.06 0.45 0 7.235727456650412e-07
0.06 0.46 0 8.539311709408103e-07
0.06 0.47000000000000003 0 1.3659802567772913e-06
0.06 0.48 0 1.3269809409354707e-06
0.06 0.49 0 9.002843185338993e-07
0.06 0.5 0 9.144067079158162e-07
0.07 0.0 0 3.4480831886087093e-06
0.07 0.01 0 3.147620221887258e-06
0.07 0.02 0 2.250007487271564e-06
0.07 0.03 0 8.846981414065693e-07
0.07 0.04 0 1.2640393314436762e-06
0.07 0.05 0 1.8148318165833562e-06
0.07 0.06 0 1.3024405878567175e-06
0.07 0.07 0 1.7826274906858994e-06
0.07 0.08 0 2.2588024569575516e-06
0.07 0.09 0 1.8751095902103718e-06
0.07 0.1 0 2.5285824443453867e-06
0.07 0.11 0 2.3126409839056343e-06
0.07 0.12 0 2.9014953175331115e-06
0.07 0.13 0 2.3603522500328294e-06
0.07 0.14 0 2.3422585300574036e-06
0.07 0.15 0 2.3028675901947676e-06
0.07 0.16 0 4.564989567099737e-06
0.07 0.17 0 7.441367974572331e-06
0.07 0.18 0 5.905239676193177e-06
0.07 0.19 0 4.725297161793587e-06
0.07 0.2 0 3.088417082260028e-06
0.07 0.21 0 2.44176049704538e-06
0.07 0.22 0 2.396365217466571e-06
0.07 0.23 0 3.2269334552923817e-06
0.07 0.24 0 2.1006922826578446e-06
0.07 0.25 0 2.3130484197682645e-06
0.07 0.26 0 2.1554551351610793e-06
0.07 0.27 0 1.4739858849574547e-06
0.07 0.28 0 1.7064472604082735e-06
0.07 0.29 0 1.4143307771088936e-06
0.07 0.3 0 1.5198943573236176e-06
0.07 0.31 0 4.086073579852589e-06
0.07 0.32 0 1.9737175599068145e-06
0.07 0.33 0 8.365195951075244e-07
0.07 0.34 0 1.743240354613497e-06
0.07 0.35000000000000003 0 1.7529428362371046e-06
0.07 0.36 0 1.4778538050083605e-06
0.07 0.37 0 1.4607294575300623e-06
0.07 0.38 0 1.5789941347809025e-06
0.07 0.39 0 1.655474989167193e-06
0.07 0.4 0 1.5673266879554016e-06
0.07 0.41000000000000003 0 1.3749703286140905e-06
0.07 0.42 0 1.1736432231803598e-06
0.07 0.43 0 1.3099679177428618e-06
0.07 0.44 0 1.9534936475405412e-06
0.07 0.45 0 2.6371414143726244e-06
0.07 0.46 0 1.2525738076183216e-06
0.07 0.47000000000000003 0 1.7786092470125653e-06
0.07 0.48 0 2.0869250341654093e-06
0.07 0.49 0 9.90571231232885e-07
0.07 0.5 0 5.34042369900219e-07
0.08 0.0 0 1.8324064923888011e-06
0.08 0.01 0 1.3059568053849498e-06
0.08 0.02 0 1.1879919013395698e-06
0.08 0.03 0 1.2532004578222051e-06
0.08 0.04 0 1.02592507697693e-06
0.08 0.05 0 9.930280058717546e-07
0.08 0.06 0 1.0488871362362675e-06
0.08 0.07 0 8.078398763743175e-07
0.08 0.08 0 5.863545687503868e-07
0.08 0.09 0 1.6669817426221516e-06
0.08 0.1 0 9.773827195340389e-07
0.08 0.11 0 1.0663963504575134e-06
0.08 0.12 0 1.4966234608684552e-06
0.08 0.13 0 1.7078641821163818e-06
0.08 0.14 0 1.7380981532209893e-06
0.08 0.15 0 1.773347904583801e-06
0.08 0.16 0 1.4109919373450475e-06
0.08 0.17 0 3.042364446570898e-06
0.08 0.18 0 2.362578314544279e-06
0.08 0.19 0 2.31462669633714e-06
0.08 0.2 0 3.3308498335449134e-06
0.08 0.21 0 2.0556386761942073e-06
0.08 0.22 0 2.283351177671103e-06
0.08 0.23 0 1.755121984340184e-06
0.08 0.24 0 2.0755304478201353e-06
0.08 0.25 0 1.9534432670971968e-06
0.08 0.26 0 2.0248371867254614e-06
0.08 0.27 0 1.6998486330572098e-06
0.08 0.28 0 2.333206790099193e-06
0.08 0.29 0 1.6306816163645004e-06
0.08 0.3 0 1.1595511864559744e-06
0.08 0.31 0 9.304014337113401e-07
0.08 0.32 0 1.055930473684475e-06
0.08 0.33 0 1.4974096826517406e-06
0.08 0.34 0 1.674562673336806e-06
0.08 0.35000000000000003 0 1.837348282020835e-06
0.08 0.36 0 1.8178699538287615e-06
0.08 0.37 0 1.3532066147506949e-06
0.08 0.38 0 1.3749129230692046e-06
0.08 0.39 0 1.944833921134965e-06
0.08 0.4 0 1.7709074753874616e-06
0.08 0.41000000000000003 0 2.137910383387295e-06
0.08 0.42 0 3.4058654298344665e-06
0.08 0.43 0 3.3205572389601967e-06
0.08 0.44 0 1.4983862525549303e-06
0.08 0.45 0 2.7791532208381143e-06
0.08 0.46 0 2.755682683764665e-06
0.08 0.47000000000000003 0 1.353513218591637e-06
0.08 0.48 0 1.8152007935555717e-06
0.08 0.49 0 1.8786903501755502e-06
0.08 0.5 0 1.3019633629507465e-06
0.09 0.0 0 1.6203743237759526e-06
0.09 0.01 0 7.916411939836953e-07
0.09 0.02 0 7.007291925420117e-07
0.09 0.03 0 1.248739172021935e-06
0.09 0.04 0 1.1912616175133049e-06
0.09 0.05 0 1.3035537717077467e-06
0.09 0.06 0 2.460039160274587e-06
0.09 0.07 0 1.7587746706937522e-06
0.09 0.08 0 2.0603427515818174e-06
0.09 0.09 0 8.792222076572309e-07
0.09 0.1 0 7.13079569834938e-07
0.09 0.11 0 1.2646879301439134e-06
0.09 0.12 0 1.1816861128894416e-06
0.09 0.13 0 9.150614598326309e-07
0.09 0.14 0 1.0733292089276265e-06
0.09 0.15 0 7.342220398478192e-07
0.09 0.16 0 4.6175595643358216e-07
0.09 0.17 0 1.0717431984028553e-06
0.09 0.18 0 7.363207734949166e-07
0.09 0.19 0 7.98862647285858e-07
0.09 0.2 0 1.8288186165224907e-06
0.09 0.21 0 3.990992290588237e-06
0.09 0.22 0 3.105113180015269e-06
0.09 0.23 0 3.210506798949143e-06
0.09 0.24 0 2.3272749065137708e-06
0.09 0.25 0 1.3517593425886873e-06
0.09 0.26 0 1.1382539095113874e-06
0.09 0.27 0 1.136660436648052e-06
0.09 0.28 0 1.6724224814520223e-06
0.09 0.29 0 2.8818462738123488e-06
0.09 0.3 0 3.4984504750731587e-06
0.09 0.31 0 4.053539535895105e-06
0.09 0.32 0 4.798751805314753e-06
0.09 0.33 0 3.3877944078854198e-06
0.09 0.34 0 5.312276712789906e-06
0.09 0.35000000000000003 0 4.083774574238555e-06
0.09 0.36 0 3.2835842719831524e-06
0.09 0.37 0 3.1550297840640055e-06
0.09 0.38 0 3.134167945430355e-06
0.09 0.39 0 3.7983110645521588e-06
0.09 0.4 0 3.103154825876892e-06
0.09 0.41000000000000003 0 2.4240662906980527e-06
0.09 0.42 0 1.9546290921169523e-06
0.09 0.43 0 4.149876522219614e-06
0.09 0.44 0 4.7977858121938145e-06
0.09 0.45 0 2.807261262012658e-06
0.09 0.46 0 3.123928872171411e-06
0.09 0.47000000000000003 0 4.207979157942762e-06
0.09 0.48 0 3.0348434218773576e-06
0.09 0.49 0 2.078220680573378e-06
0.09 0.5 0 1.48851383289364e-06
0.1 0.0 0 1.5578684760271893e-06
0.1 0.01 0 2.117297772907764e-06
0.1 0.02 0 6.837050574316154e-07
0.1 0.03 0 6.481942824964799e-07
0.1 0.04 0 7.332414556714382e-07
0.1 0.05 0 5.862113222775392e-07
0.1 0.06 0 4.215632159692669e-07
0.1 0.07 0 6.107847548845862e-07
0.1 0.08 0 4.201702641477806e-07
0.1 0.09 0 7.066604357911891e-07
0.1 0.1 0 8.804631596767437e-07
0.1 0.11 0 7.049204323465897e-07
0.1 0.12 0 6.085554939171936e-07
0.1 0.13 0 5.409747216968936e-07
0.1 0.14 0 4.3283056350278713e-07
0.1 0.15 0 5.902800110831579e-07
0.1 0.16 0 8.934891441224484e-07
0.1 0.17 0 1.0164711611354486e-06
0.1 0.18 0 1.2183232436731182e-06
0.1 0.19 0 7.654680752911691e-07
0.1 0.2 0 6.11542915425709e-07
0.1 0.21 0 7.154458207534794e-07
0.1 0.22 0 1.933398437471613e-06
0.1 0.23 0 1.2204684372998314e-06
0.1 0.24 0 1.595610441962835e-06
0.1 0.25 0 2.275864525718994e-06
0.1 0.26 0 1.1611150400339265e-06
0.1 0.27 0 1.0191917013666553e-06
0.1 0.28 0 8.721599488445675e-07
0.1 0.29 0 5.551207988870357e-07
0.1 0.3 0 6.447043887611194e-07
0.1 0.31 0 8.126039790403126e-07
0.1 0.32 0 1.040773570030251e-06
0.1 0.33 0 1.2212378913646826e-06
0.1 0.34 0 1.0885650720949365e-06
0.1 0.35000000000000003 0 1.143869405398123e-06
0.1 0.36 0 1.4704236278317503e-06
0.1 0.37 0 3.6076175287578294e-06
0.1 0.38 0 3.701853675899181e-06
0.1 0.39 0 3.039279379175259e-06
0.1 0.4 0 4.72140148724615e-06
0.1 0.41000000000000003 0 5.264827089661087e-06
0.1 0.42 0 3.9242500757892425e-06
0.1 0.43 0 6.556681361422069e-06
0.1 0.44 0 4.017553526719003e-06
0.1 0.45 0 3.2421469618697235e-06
0.1 0.46 0 4.675066183503718e-06
0.1 0.47000000000000003 0 2.9849693725743596e-06
0.1 0.48 0 3.20578872551878e-06
0.1 0.49 0 6.0703982635367865e-06
0.1 0.5 0 3.520454025606915e-06
0.11 0.0 0 1.0036727964615832e-06
0.11 0.01 0 9.090027443281244e-07
0.11 0.02 0 1.0296013709127404e-06
0.11 0.03 0 6.504123854968906e-07
0.11 0.04 0 9.02124223086754e-07
0.11 0.05 0 8.392167885782159e-07
0.11 0.06 0 6.839824907797363e-07
0.11 0.07 0 7.398282133643543e-07
0.11 0.08 0 8.465376987416294e-07
0.11 0.09 0 7.919530615452476e-07
0.11 0.1 0 1.2874437632635511e-06
0.11 0.11 0 1.7159183784762916e-06
0.11 0.12 0 9.117381479766146e-07
0.11 0.13 0 1.0292950135242482e-06
0.11 0.14 0 6.151982624369668e-07
0.11 0.15 0 1.5351347732114145e-06
0.11 0.16 0 1.9467259209970123e-06
0.11 0.17 0 1.8255199661117202e-06
0.11 0.18 0 1.5196815750356262e-06
0.11 0.19 0 1.3127752363969613e-06
0.11 0.2 0 1.2493533653973925e-06
0.11 0.21 0 1.3719116170387122e-06
0.11 0.22 0 8.177341075508371e-07
0.11 0.23 0 7.379559663975815e-07
0.11 0.24 0 7.808299635334426e-07
0.11 0.25 0 4.834845027766423e-07
0.11 0.26 0 6.23074011197415e-07
0.11 0.27 0 6.693879016280178e-07
0.11 0.28 0 7.268523756209613e-07
0.11 0.29 0 8.362774107658986e-07
0.11 0.3 0 9.70876351822852e-07
0.11 0.31 0 5.67430989704261e-07
0.11 0.32 0 1.3128996530829752e-06
0.11 0.33 0 1.7795029603596085e-06
0.11 0.34 0 1.972671350901303e-06
0.11 0.35000000000000003 0 2.366305472587183e-06
0.11 0.36 0 1.250937380442473e-06
0.11 0.37 0 1.1207015023346664e-06
0.11 0.38 0 1.0284909011183836e-06
0.11 0.39 0 7.133822960443522e-07
0.11 0.4 0 7.533558816468392e-07
0.11 0.41000000000000003 0 1.2406721465513124e-06
0.11 0.42 0 1.0304392771722767e-06
0.11 0.43 0 1.1931665358014413e-06
0.11 0.44 0 1.402796397922795e-06
0.11 0.45 0 1.132431884587824e-06
0.11 0.46 0 1.2632323066061555e-06
0.11 0.47000000000000003 0 2.402462139040669e-06
0.11 0.48 0 2.6792707666723328e-06
0.11 0.49 0 1.7643068273163167e-06
0.11 0.5 0 2.0431494676557644e-06
0.12 0.0 0 7.10412751697356e-07
0.12 0.01 0 1.34549649572388e-06
0.12 0.02 0 1.9589358925888774e-06
0.12 0.03 0 1.50171972602688e-06
0.12 0.04 0 1.4077663907094254e-06
0.12 0.05 0 1.3838570280376336e-06
0.12 0.06 0 6.753241663958765e-07
0.12 0.07 0 4.783813095349314e-07
0.12 0.08 0 3.768744308038968e-07
0.12 0.09 0 4.70065787749014e-07
0.12 0.1 0 7.650052796973998e-07
0.12 0.11 0 5.701446982325923e-07
0.12 0.12 0 7.999927613463254e-07
0.12 0.13 0 1.2633536021812613e-06
0.12 0.14 0 1.0564281551963424e-06
0.12 0.15 0 1.0115248456967015e-06
0.12 0.16 0 1.2947963311689907e-06
0.12 0.17 0 1.2300557697236658e-06
0.12 0.18 0 2.5515772017690712e-06
0.12 0.19 0 1.494069459423752e-06
0.12 0.2 0 1.445365556526537e-06
0.12 0.21 0 1.943038516631787e-06
0.12 0.22 0 1.2795505253801537e-06
0.12 0.23 0 1.5629484487195597e-06
0.12 0.24 0 1.3313691059913783e-06
0.12 0.25 0 1.4510548002311971e-06
0.12 0.26 0 2.669056756647007e-06
0.12 0.27 0 2.645762870452899e-06
0.12 0.28 0 2.2069279442275225e-06
0.12 0.29 0 2.959353504189716e-06
0.12 0.3 0 3.7285145374061015e-06
0.12 0.31 0 4.1797747985868215e-06
0.12 0.32 0 3.892428001888024e-06
0.12 0.33 0 3.2459391689491215e-06
0.12 0.34 0 1.6517034153684384e-06
0.12 0.35000000000000003 0 1.3634655690040307e-06
0.12 0.36 0 1.624254762769004e-06
0.12 0.37 0 1.747203662197453e-06
0.12 0.38 0 2.869758059228197e-06
0.12 0.39 0 5.179670495298872e-06
0.12 0.4 0 3.767194604754137e-06
0.12 0.41000000000000003 0 4.661982704046557e-06
0.12 0.42 0 4.692644795720794e-06
0.12 0.43 0 3.4810953002719674e-06
0.12 0.44 0 4.803195956161959e-06
0.12 0.45 0 5.152527265231152e-06
0.12 0.46 0 3.233652281359497e-06
0.12 0.47000000000000003 0 3.196291211005944e-06
0.12 0.48 0 2.6795516693532183e-06
0.12 0.49 0 4.1125568015626295e-06
0.12 0.5 0 3.7961248937871947e-06
0.13 0.0 0 6.310659560822017e-07
0.13 0.01 0 7.867242136582187e-07
0.13 0.02 0 7.670036603630182e-07
0.13 0.03 0 6.668176300188717e-07
0.13 0.04 0 8.887059143753627e-07
0.13 0.05 0 6.220382495591602e-07
0.13 0.06 0 5.606470221088921e-07
0.13 0.07 0 7.03094781836461e-07
0.13 0.08 0 3.3297451451101605e-07
0.13 0.09 0 6.088898349773859e-07
0.13 0.1 0 5.566206571765661e-07
0.13 0.11 0 5.192250574559893e-07
0.13 0.12 0 2.312983179044975e-07
0.13 0.13 0 2.230750913493229e-07
0.13 0.14 0 1.9699887473444924e-07
0.13 0.15 0 3.675993888713854e-07
0.13 0.16 0 7.061346226888199e-07
0.13 0.17 0 7.352655657678268e-07
0.13 0.18 0 8.094605467211416e-07
0.13 0.19 0 9.16684482173865e-07
0.13 0.2 0 6.167873672252631e-07
0.13 0.21 0 5.574719551161871e-07
0.13 0.22 0 9.650073420807553e-07
0.13 0.23 0 8.496390668341445e-07
0.13 0.24 0 1.4180340584665672e-06
0.13 0.25 0 1.4024251977147763e-06
0.13 0.26 0 1.6488047083584319e-06
0.13 0.27 0 1.7662900700157005e-06
0.13 0.28 0 2.6483534030111346e-06
0.13 0.29 0 1.6702807131657082e-06
0.13 0.3 0 1.7038526963237432e-06
0.13 0.31 0 1.653376033477359e-06
0.13 0.32 0 1.65040602538766e-06
0.13 0.33 0 2.5356017765950347e-06
0.13 0.34 0 1.9023565753511728e-06
0.13 0.35000000000000003 0 1.7302665849816547e-06
0.13 0.36 0 2.9843208528235437e-06
0.13 0.37 0 4.768351213409702e-06
0.13 0.38 0 2.892086031126297e-06
0.13 0.39 0 3.8645929376925175e-06
0.13 0.4 0 4.8712674836311e-06
0.13 0.41000000000000003 0 5.2854068898099305e-06
0.13 0.42 0 1.0356953911540551e-05
0.13 0.43 0 1.5157458578490608e-05
0.13 0.44 0 1.1636168987884536e-05
0.13 0.45 0 1.3278164830014823e-05
0.13 0.46 0 1.365878551104667e-05
0.13 0.47000000000000003 0 1.552180250864768e-05
0.13 0.48 0 1.3418358160231856e-05
0.13 0.49 0 1.334490886022426e-05
0.13 0.5 0 1.353121272632652e-05
0.14 0.0 0 1.1580470267493856e-06
0.14 0.01 0 1.011469265568489e-06
0.14 0.02 0 8.671902614873547e-07
0.14 0.03 0 7.265306898265722e-07
0.14 0.04 0 4.490187193218898e-07
0.14 0.05 0 3.8286830328868246e-07
0.14 0.06 0 5.007309188828045e-07
0.14 0.07 0 3.549267797100532e-07
0.14 0.08 0 3.3580776570304034e-07
0.14 0.09 0 3.9999967798852305e-07
0.14 0.1 0 3.451622628986451e-07
0.14 0.11 0 1.7374031904034967e-07
0.14 0.12 0 2.039092020130161e-07
0.14 0.13 0 2.784419571332843e-07
0.14 0.14 0 3.578907565046993e-07
0.14 0.15 0 5.110697243355515e-07
0.14 0.16 0 7.675836629303395e-07
0.14 0.17 0 5.920525365347473e-07
0.14 0.18 0 4.0323725097042064e-07
0.14 0.19 0 4.115984132987229e-07
0.14 0.2 0 2.514299118845396e-07
0.14 0.21 0 3.4994050780246865e-07
0.14 0.22 0 4.416707691308631e-07
0.14 0.23 0 3.5602724565679226e-07
0.14 0.24 0 3.358344094479674e-07
0.14 0.25 0 8.720877473952079e-07
0.14 0.26 0 1.872121851484095e-06
0.14 0.27 0 1.4920764419154741e-06
0.14 0.28 0 8.015328034365728e-07
0.14 0.29 0 5.076430487565727e-07
0.14 0.3 0 9.342623870418491e-07
0.14 0.31 0 1.277671990024322e-06
0.14 0.32 0 9.214711202238939e-07
0.14 0.33 0 1.8561566080471023e-06
0.14 0.34 0 1.8260639409876432e-06
0.14 0.35000000000000003 0 1.1319036234053277e-06
0.14 0.36 0 2.155730827540612e-06
0.14 0.37 0 2.2635801242479614e-06
0.14 0.38 0 2.7027667204360765e-06
0.14 0.39 0 6.24218389763542e-06
0.14 0.4 0 5.362297763922728e-06
0.14 0.41000000000000003 0 5.552857727729761e-06
0.14 0.42 0 6.249005936808464e-06
0.14 0.43 0 5.370987636462012e-06
0.14 0.44 0 4.798145528769107e-06
0.14 0.45 0 4.896073021153163e-06
0.14 0.46 0 4.554594403078356e-06
0.14 0.47000000000000003 0 7.5487539083356365e-06
0.14 0.48 0 8.920381308861108e-06
0.14 0.49 0 5.914381454399562e-06
0.14 0.5 0 6.9171883389110105e-06
0.15 0.0 0 1.9970036294306396e-06
0.15 0.01 0 1.7064274853013309e-06
0.15 0.02 0 8.385103593750821e-07
0.15 0.03 0 5.461314458144324e-07
0.15 0.04 0 4.108435734599818e-07
0.15 0.05 0 4.918972544793949e-07
0.15 0.06 0 1.7045089096278714e-07
0.15 0.07 0 1.9517085734914235e-07
0.15 0.08 0 1.908893303387125e-07
0.15 0.09 0 1.8858073766877482e-07
0.15 0.1 0 1.9552963834006093e-07
0.15 0.11 0 3.5042287996963774e-07
0.15 0.12 0 1.8814196979775764e-07
0.15 0.13 0 3.0335905943330723e-07
0.15 0.14 0 7.822038415585823e-07
0.15 0.15 0 3.864076666816632e-07
0.15 0.16 0 6.730139764197265e-07
0.15 0.17 0 7.55112088250039e-07
0.15 0.18 0 4.19527282083257e-07
0.15 0.19 0 8.955981596064963e-07
0.15 0.2 0 1.462805769516625e-06
0.15 0.21 0 6.171474445267982e-07
0.15 0.22 0 1.1123575211473694e-06
0.15 0.23 0 6.672896320255442e-07
0.15 0.24 0 5.861634766528682e-07
0.15 0.25 0 5.866889511610027e-07
0.15 0.26 0 6.849869357120738e-07
0.15 0.27 0 8.794634315794035e-07
0.15 0.28 0 9.659190283018708e-07
0.15 0.29 0 8.669750371722125e-07
0.15 0.3 0 1.0451403667224738e-06
0.15 0.31 0 2.1401066648773996e-06
0.15 0.32 0 1.917457754871208e-06
0.15 0.33 0 2.028304849754069e-06
0.15 0.34 0 2.5831678805286155e-06
0.15 0.35000000000000003 0 3.2419078053440814e-06
0.15 0.36 0 2.656376336958218e-06
0.15 0.37 0 4.0889798238803064e-06
0.15 0.38 0 4.417610376402904e-06
0.15 0.39 0 4.038356744107424e-06
0.15 0.4 0 7.938600286064118e-06
0.15 0.41000000000000003 0 1.721896897374156e-05
0.15 0.42 0 1.1057210929918367e-05
0.15 0.43 0 8.665126777463354e-06
0.15 0.44 0 7.391214917250764e-06
0.15 0.45 0 6.639597574853702e-06
0.15 0.46 0 5.987110561994365e-06
0.15 0.47000000000000003 0 6.808076958117575e-06
0.15 0.48 0 9.537869513439952e-06
0.15 0.49 0 9.074751307567032e-06
0.15 0.5 0 9.138819724388509e-06
0.16 0.0 0 9.876044596831863e-07
0.16 0.01 0 7.017265159183977e-07
0.16 0.02 0 1.6348601885052658e-06
0.16 0.03 0 1.3518074117753293e-06
0.16 0.04 0 6.916196793937528e-07
0.16 0.05 0 6.653630900839064e-07
0.16 0.06 0 4.956986073197286e-07
0.16 0.07 0 4.271100527083628e-07
0.16 0.08 0 9.846589076821343e-07
0.16 0.09 0 1.1697809068735309e-06
0.16 0.1 0 8.89226136499565e-07
0.16 0.11 0 7.518802508880824e-07
0.16 0.12 0 5.900765921448642e-07
0.16 0.13 0 8.204206987766923e-07
0.16 0.14 0 9.256666607966498e-07
0.16 0.15 0 1.1893718090557535e-06
0.16 0.16 0 9.768844428860382e-07
0.16 0.17 0 9.435398048454592e-07
0.16 0.18 0 6.599631724037997e-07
0.16 0.19 0 7.296151342780959e-07
0.16 0.2 0 5.900915664219488e-07
0.16 0.21 0 9.084917526917588e-07
0.16 0.22 0 1.1162493326545445e-06
0.16 0.23 0 6.113273629644133e-07
0.16 0.24 0 8.664399722781214e-07
0.16 0.25 0 8.873969357468483e-07
0.16 0.26 0 7.616930112128992e-07
0.16 0.27 0 8.597488973022484e-07
0.16 0.28 0 1.1680424177913358e-06
0.16 0.29 0 2.071653543562246e-06
0.16 0.3 0 3.259616871213474e-06
0.16 0.31 0 2.488410595050503e-06
0.16 0.32 0 1.6170340406721655e-06
0.16 0.33 0 1.1687689067346397e-06
0.16 0.34 0 2.56487120300102e-06
0.16 0.35000000000000003 0 4.420909787323026e-06
0.16 0.36 0 3.566727074973851e-06
0.16 0.37 0 3.928327227289647e-06
0.16 0.38 0 3.8998605328385864e-06
0.16 0.39 0 4.185306446323203e-06
0.16 0.4 0 1.830267095861107e-06
0.16 0.41000000000000003 0 1.6790231648481602e-06
0.16 0.42 0 6.373187993187171e-06
0.16 0.43 0 8.74043728376181e-06
0.16 0.44 0 5.208195686412341e-06
0.16 0.45 0 1.0518950552192857e-05
0.16 0.46 0 9.936735774411204e-06
0.16 0.47000000000000003 0 6.624347728998445e-06
0.16 0.48 0 1.9820171551692556e-05
0.16 0.49 0 1.412155079188148e-05
0.16 0.5 0 1.2826474064120793e-05
0.17 0.0 0 1.1844822156337505e-06
0.17 0.01 0 7.156454822834834e-07
0.17 0.02 0 5.896010517782895e-07
0.17 0.03 0 1.3138992993010905e-06
0.17 0.04 0 1.002493929246689e-06
0.17 0.05 0 8.092441424479476e-07
0.17 0.06 0 5.629665602223445e-07
0.17 0.07 0 9.021205603356412e-07
0.17 0.08 0 8.199738896053409e-07
0.17 0.09 0 7.903816618922739e-07
0.17 0.1 0 1.0820746952595012e-06
0.17 0.11 0 9.534266143828411e-07
0.17 0.12 0 2.1971829524502657e-06
0.17 0.13 0 2.5839937162152694e-06
0.17 0.14 0 3.0571782600426443e-06
0.17 0.15 0 3.7245953140628986e-06
0.17 0.16 0 2.819387628070796e-06
0.17 0.17 0 2.3779751798173485e-06
0.17 0.18 0 3.136376213243246e-06
0.17 0.19 0 1.1895492108072516e-06
0.17 0.2 0 1.5698296798311923e-06
0.17 0.21 0 1.3987389719253325e-06
0.17 0.22 0 1.3016886180386833e-06
0.17 0.23 0 1.4772940681243939e-06
0.17 0.24 0 1.3719981468059362e-06
0.17 0.25 0 1.5996538630258366e-06
0.17 0.26 0 1.2929604747946214e-06
0.17 0.27 0 1.3801298602555382e-06
0.17 0.28 0 1.3747333658835864e-06
0.17 0.29 0 1.2122468161005305e-06
0.17 0.3 0 1.0519287568029057e-06
0.17 0.31 0 1.8710460769259335e-06
0.17 0.32 0 1.877608018923921e-06
0.17 0.33 0 1.876439939747485e-06
0.17 0.34 0 1.907883725280184e-06
0.17 0.35000000000000003 0 2.507525109585115e-06
0.17 0.36 0 3.1155546366624963e-06
0.17 0.37 0 3.574128519482578e-06
0.17 0.38 0 3.2811815654794744e-06
0.17 0.39 0 4.867543750737335e-06
0.17 0.4 0 5.9030444317752045e-06
0.17 0.41000000000000003 0 5.362356890742422e-06
0.17 0.42 0 6.2228846685569166e-06
0.17 0.43 0 1.0365306301269716e-05
0.17 0.44 0 8.48837098513638e-06
0.17 0.45 0 1.1171117490800751e-05
0.17 0.46 0 2.30232303326685e-05
0.17 0.47000000000000003 0 1.4959250313679676e-05
0.17 0.48 0 1.9098212126120254e-05
0.17 0.49 0 2.5250002041639214e-05
0.17 0.5 0 1.9548151602024825e-05
0.18 0.0 0 1.3387088521427542e-06
0.18 0.01 0 2.2754096973429524e-06
0.18 0.02 0 1.466742968098873e-06
0.18 0.03 0 1.2999153077236029e-06
0.18 0.04 0 1.339323954120292e-06
0.18 0.05 0 9.348717813519942e-07
0.18 0.06 0 7.609201509424109e-07
0.18 0.07 0 6.559492315455805e-07
0.18 0.08 0 5.091415103214426e-07
0.18 0.09 0 6.82940357806132e-07
0.18 0.1 0 7.722437706530103e-07
0.18 0.11 0 2.8674188040403635e-06
0.18 0.12 0 3.834779909313223e-06
0.18 0.13 0 3.4706894611034014e-06
0.18 0.14 0 3.118920735499673e-06
0.18 0.15 0 4.721895636117748e-06
0.18 0.16 0 3.2402940737885836e-06
0.18 0.17 0 3.4429551704298215e-06
0.18 0.18 0 5.697903022091308e-06
0.18 0.19 0 4.879352172228735e-06
0.18 0.2 0 4.6601560686646474e-06
0.18 0.21 0 2.8206554859923628e-06
0.18 0.22 0 2.1299325661555973e-06
0.18 0.23 0 1.3371675831682687e-06
0.18 0.24 0 1.457791750972394e-06
0.18 0.25 0 2.609126326903015e-06
0.18 0.26 0 4.421656996294379e-06
0.18 0.27 0 2.3610911444553054e-06
0.18 0.28 0 3.267270458820307e-06
0.18 0.29 0 4.924941397328968e-06
0.18 0.3 0 3.176381313945822e-06
0.18 0.31 0 3.287287007988828e-06
0.18 0.32 0 3.417633611555364e-06
0.18 0.33 0 1.5039905376967843e-06
0.18 0.34 0 1.4941088346296859e-06
0.18 0.35000000000000003 0 2.1536154480052005e-06
0.18 0.36 0 1.7559751697401925e-06
0.18 0.37 0 4.954325055744204e-06
0.18 0.38 0 6.480500892558416e-06
0.18 0.39 0 5.868142718755039e-06
0.18 0.4 0 5.807199810232462e-06
0.18 0.41000000000000003 0 8.127578347191575e-06
0.18 0.42 0 1.755630959450505e-05
0.18 0.43 0 2.4721796174442492e-05
0.18 0.44 0 1.7840521414791327e-05
0.18 0.45 0 1.1065547545042035e-05
0.18 0.46 0 1.733381205852994e-05
0.18 0.47000000000000003 0 1.857839595281747e-05
0.18 0.48 0 1.1447462986512133e-05
0.18 0.49 0 1.0008757583369477e-05
0.18 0.5 0 1.680424032543761e-05
0.19 0.0 0 8.595789375370171e-07
0.19 0.01 0 1.4907547355538829e-06
0.19 0.02 0 7.87370727484927e-07
0.19 0.03 0 1.1508006815193401e-06
0.19 0.04 0 2.627142147520496e-06
0.19 0.05 0 1.6690015901074625e-06
0.19 0.06 0 1.9046042046318833e-06
0.19 0.07 0 2.8129676997738203e-06
0.19 0.08 0 3.2827245793496453e-06
0.19 0.09 0 4.203921779881197e-06
0.19 0.1 0 6.545535472659405e-06
0.19 0.11 0 5.039492221082772e-06
0.19 0.12 0 7.649825816917773e-06
0.19 0.13 0 5.641019180973032e-06
0.19 0.14 0 3.65488243152055e-06
0.19 0.15 0 3.908301065493964e-06
0.19 0.16 0 5.975337848985397e-06
0.19 0.17 0 4.763668669298146e-06
0.19 0.18 0 5.180224126175427e-06
0.19 0.19 0 8.41609804289034e-06
0.19 0.2 0 1.5351611540979686e-05
0.19 0.21 0 1.2634111291530971e-05
0.19 0.22 0 8.131315709636518e-06
0.19 0.23 0 8.66341863043947e-06
0.19 0.24 0 4.0661430321605315e-06
0.19 0.25 0 5.374637529283933e-06
0.19 0.26 0 6.729679443243151e-06
0.19 0.27 0 6.3651247337988496e-06
0.19 0.28 0 6.097099434508949e-06
0.19 0.29 0 5.9273489949683506e-06
0.19 0.3 0 5.812636402436359e-06
0.19 0.31 0 5.097599023023115e-06
0.19 0.32 0 3.6672491624106865e-06
0.19 0.33 0 5.894780836196491e-06
0.19 0.34 0 8.734661589689042e-06
0.19 0.35000000000000003 0 1.1475017173688923e-05
0.19 0.36 0 1.5127601983842677e-05
0.19 0.37 0 1.189888734721662e-05
0.19 0.38 0 5.5927413301331295e-06
0.19 0.39 0 6.172713383090005e-06
0.19 0.4 0 9.844676308482576e-06
0.19 0.41000000000000003 0 8.86023153258215e-06
0.19 0.42 0 6.5289051144025905e-06
0.19 0.43 0 7.180084427607695e-06
0.19 0.44 0 1.0283573797249364e-05
0.19 0.45 0 9.389920477592039e-06
0.19 0.46 0 1.4446784659732773e-05
0.19 0.47000000000000003 0 1.5991977966787976e-05
0.19 0.48 0 9.042711789545459e-06
0.19 0.49 0 7.520799385918485e-06
0.19 0.5 0 6.297108766051345e-06
0.2 0.0 0 4.480305319289516e-06
0.2 0.01 0 6.392158408657098e-06
0.2 0.02 0 4.125242520142147e-06
0.2 0.03 0 3.1222532213396066e-06
0.2 0.04 0 1.980788431987568e-06
0.2 0.05 0 2.8996115812035726e-06
0.2 0.06 0 2.485017414752801e-06
0.2 0.07 0 2.3778669944547123e-06
0.2 0.08 0 1.9632805842457456e-06
0.2 0.09 0 2.013000789827668e-06
0.2 0.1 0 7.846503639911553e-07
0.2 0.11 0 1.073403519041336e-06
0.2 0.12 0 1.1576533786003677e-06
0.2 0.13 0 1.5343416965920654e-06
0.2 0.14 0 4.606289350005413e-06
0.2 0.15 0 4.659898447762337e-06
0.2 0.16 0 3.328163624251866e-06
0.2 0.17 0 2.8024634983421367e-06
0.2 0.18 0 4.017712463691081e-06
0.2 0.19 0 2.5925184371386326e-06
0.2 0.2 0 3.290151168740561e-06
0.2 0.21 0 2.3555039884465645e-06
0.2 0.22 0 1.6746736507020054e-06
0.2 0.23 0 2.422173709393244e-06
0.2 0.24 0 6.409748041475966e-06
0.2 0.25 0 3.992646839993932e-06
0.2 0.26 0 3.0608949103889755e-06
0.2 0.27 0 3.9783529921841116e-06
0.2 0.28 0 2.2895568784912517e-06
0.2 0.29 0 1.494406837090413e-06
0.2 0.3 0 1.9583068189207086e-06
0.2 0.31 0 1.554423136823003e-06
0.2 0.32 0 1.309612920193407e-06
0.2 0.33 0 2.575409515639261e-06
0.2 0.34 0 1.5613837774988235e-06
0.2 0.35000000000000003 0 2.201077211383921e-06
0.2 0.36 0 1.5568474874435345e-06
0.2 0.37 0 1.2021073884772262e-06
0.2 0.38 0 2.55018943462985e-06
0.2 0.39 0 2.848142395349781e-06
0.2 0.4 0 3.876923892021679e-06
0.2 0.41000000000000003 0 1.132643057060227e-05
0.2 0.42 0 1.13071490164349e-05
0.2 0.43 0 7.5074365094145655e-06
0.2 0.44 0 1.1391408419085938e-05
0.2 0.45 0 1.0793886072555396e-05
0.2 0.46 0 9.429990028863199e-06
0.2 0.47000000000000003 0 1.2934067534163178e-05
0.2 0.48 0 1.4969623998784439e-05
0.2 0.49 0 1.662490899479989e-05
0.2 0.5 0 4.025136711029698e-05
0.21 0.0 0 8.144249270321349e-06
0.21 0.01 0 6.204885423866035e-06
0.21 0.02 0 7.438626350897899e-06
0.21 0.03 0 6.202184998502455e-06
0.21 0.04 0 6.140091789436597e-06
0.21 0.05 0 3.829915374185093e-06
0.21 0.06 0 2.5047073485272178e-06
0.21 0.07 0 2.0943693152310917e-06
0.21 0.08 0 2.255965210259637e-06
0.21 0.09 0 1.751192100782403e-06
0.21 0.1 0 1.941063540596379e-06
0.21 0.11 0 1.2784392440486156e-06
0.21 0.12 0 1.0363321194219229e-06
0.21 0.13 0 1.2565995700475665e-06
0.21 0.14 0 6.141959313570977e-07
0.21 0.15 0 5.920848504182595e-07
0.21 0.16 0 1.653583336232761e-06
0.21 0.17 0 1.596731234628122e-06
0.21 0.18 0 1.6927658635437198e-06
0.21 0.19 0 2.7361913102956105e-06
0.21 0.2 0 1.1836852399527788e-06
0.21 0.21 0 1.6888397374359199e-06
0.21 0.22 0 1.343098485836396e-06
0.21 0.23 0 8.971042688873624e-07
0.21 0.24 0 1.5421404462605577e-06
0.21 0.25 0 1.338977181788114e-06
0.21 0.26 0 9.108351584215951e-07
0.21 0.27 0 1.1579369952354936e-06
0.21 0.28 0 1.5692757242826017e-06
0.21 0.29 0 1.8965016671301555e-06
0.21 0.3 0 2.077699876585067e-06
0.21 0.31 0 2.061821145379716e-06
0.21 0.32 0 1.904454015027955e-06
0.21 0.33 0 2.131638269235624e-06
0.21 0.34 0 1.905698490671018e-06
0.21 0.35000000000000003 0 1.3814339254929045e-06
0.21 0.36 0 1.0531121950581084e-06
0.21 0.37 0 8.020606843411065e-07
0.21 0.38 0 7.637084556416017e-07
0.21 0.39 0 1.3199570054737219e-06
0.21 0.4 0 2.318555398891596e-06
0.21 0.41000000000000003 0 2.6603129355243958e-06
0.21 0.42 0 4.141591642817916e-06
0.21 0.43 0 6.565042743963534e-06
0.21 0.44 0 7.5191971484685864e-06
0.21 0.45 0 6.968384769428053e-06
0.21 0.46 0 9.026706474527253e-06
0.21 0.47000000000000003 0 1.0676974150528885e-05
0.21 0.48 0 1.5799595396742497e-05
0.21 0.49 0 1.889453147522233e-05
0.21 0.5 0 1.5555077735864213e-05
0.22 0.0 0 2.3407612973897883e-06
0.22 0.01 0 3.700144361349957e-06
0.22 0.02 0 2.640022456260004e-06
0.22 0.03 0 1.94428400063486e-06
0.22 0.04 0 2.278780791511235e-06
0.22 0.05 0 3.252683342716352e-06
0.22 0.06 0 2.448014943230302e-06
0.22 0.07 0 5.763156073004159e-06
0.22 0.08 0 3.669177712579552e-06
0.22 0.09 0 3.3541628582398096e-06
0.22 0.1 0 5.572884591275224e-06
0.22 0.11 0 2.0996177992691024e-06
0.22 0.12 0 1.9710593332280863e-06
0.22 0.13 0 2.0567737168059255e-06
0.22 0.14 0 1.857411185444134e-06
0.22 0.15 0 1.1172538911056597e-06
0.22 0.16 0 1.458064105370371e-06
0.22 0.17 0 9.171372073781744e-07
0.22 0.18 0 1.209359327425047e-06
0.22 0.19 0 1.3348406217471358e-06
0.22 0.2 0 1.2791577862266912e-06
0.22 0.21 0 1.7532591954290695e-06
0.22 0.22 0 3.2321591097706792e-06
0.22 0.23 0 2.1670714024692975e-06
0.22 0.24 0 1.7892548287119837e-06
0.22 0.25 0 1.642492596719917e-06
0.22 0.26 0 1.4230747395856103e-06
0.22 0.27 0 3.113014484000072e-06
0.22 0.28 0 2.9548361079757805e-06
0.22 0.29 0 2.728887320783406e-06
0.22 0.3 0 2.5943421425422625e-06
0.22 0.31 0 3.101498960111767e-06
0.22 0.32 0 1.8208297408749227e-06
0.22 0.33 0 1.6756498465335296e-06
0.22 0.34 0 1.1040774610868192e-06
0.22 0.35000000000000003 0 1.18708674106139e-06
0.22 0.36 0 1.5920884095296323e-06
0.22 0.37 0 1.617818465491841e-06
0.22 0.38 0 1.422734379605347e-06
0.22 0.39 0 1.3000939834121323e-06
0.22 0.4 0 2.349025428644624e-06
0.22 0.41000000000000003 0 3.554668626204177e-06
0.22 0.42 0 4.143168657141622e-06
0.22 0.43 0 5.713234828027061e-06
0.22 0.44 0 6.077345504160676e-06
0.22 0.45 0 5.860585734824544e-06
0.22 0.46 0 6.579757307541336e-06
0.22 0.47000000000000003 0 8.37674105174236e-06
0.22 0.48 0 9.835259065792346e-06
0.22 0.49 0 4.913558895042903e-06
0.22 0.5 0 4.217949112668862e-06
0.23 0.0 0 3.233780940759919e-06
0.23 0.01 0 2.299011868483437e-06
0.23 0.02 0 2.2184556672692004e-06
0.23 0.03 0 2.3422586283124233e-06
0.23 0.04 0 3.2844875474210837e-06
0.23 0.05 0 5.130379591940841e-06
0.23 0.06 0 3.5916083981749773e-06
0.23 0.07 0 2.580876805580363e-06
0.23 0.08 0 2.1298168030685195e-06
0.23 0.09 0 1.7457843885589905e-06
0.23 0.1 0 1.6103939188100231e-06
0.23 0.11 0 1.2958937349424966e-06
0.23 0.12 0 1.0437192207579987e-06
0.23 0.13 0 1.3101089916822165e-06
0.23 0.14 0 7.821789240450674e-07
0.23 0.15 0 1.0045391156505395e-06
0.23 0.16 0 1.3340087772680769e-06
0.23 0.17 0 1.067701375862628e-06
0.23 0.18 0 6.423675793064459e-07
0.23 0.19 0 6.748276612682336e-07
0.23 0.2 0 1.0397158701745336e-06
0.23 0.21 0 1.4260009835463128e-06
0.23 0.22 0 1.8019213187289495e-06
0.23 0.23 0 2.2119872771180434e-06
0.23 0.24 0 3.240792737389485e-06
0.23 0.25 0 3.080475872376793e-06
0.23 0.26 0 3.0577437554426585e-06
0.23 0.27 0 1.413070171528645e-06
0.23 0.28 0 9.473608618932637e-07
0.23 0.29 0 1.3913066306004066e-06
0.23 0.3 0 1.4314769144317576e-06
0.23 0.31 0 1.66595010190056e-06
0.23 0.32 0 1.8730700381749626e-06
0.23 0.33 0 2.061090005559281e-06
0.23 0.34 0 1.6368195162936316e-06
0.23 0.35000000000000003 0 9.950256667489757e-07
0.23 0.36 0 1.2245751579281047e-06
0.23 0.37 0 1.356598865036809e-06
0.23 0.38 0 1.2915718595538432e-06
0.23 0.39 0 2.092455614069014e-06
0.23 0.4 0 1.565187829232562e-06
0.23 0.41000000000000003 0 1.4131222931837625e-06
0.23 0.42 0 2.0381299523676253e-06
0.23 0.43 0 1.285908101078123e-06
0.23 0.44 0 1.733225799690783e-06
0.23 0.45 0 2.926684554930987e-06
0.23 0.46 0 2.7498651752547317e-06
0.23 0.47000000000000003 0 2.744444511374135e-06
0.23 0.48 0 4.60619873389916e-06
0.23 0.49 0 2.8381836847068273e-06
0.23 0.5 0 4.082597766079391e-06
0.24 0.0 0 2.2944057630629187e-06
0.24 0.01 0 2.3728640852625237e-06
0.24 0.02 0 2.8834431629462555e-06
0.24 0.03 0 3.91945770837283e-06
0.24 0.04 0 4.132096874743078e-06
0.24 0.05 0 4.028767179475154e-06
0.24 0.06 0 2.3602194421593907e-06
0.24 0.07 0 9.868066311833376e-07
0.24 0.08 0 9.995035218600701e-07
0.24 0.09 0 6.895034447566219e-07
0.24 0.1 0 8.867113064556949e-07
0.24 0.11 0 6.748743345423641e-07
0.24 0.12 0 8.345805494677536e-07
0.24 0.13 0 9.905472084720043e-07
0.24 0.14 0 1.9524711213947e-06
0.24 0.15 0 1.1693221257417055e-06
0.24 0.16 0 1.4461770037253852e-06
0.24 0.17 0 3.087528683209443e-06
0.24 0.18 0 2.5829633732661565e-06
0.24 0.19 0 2.233163554689542e-06
0.24 0.2 0 2.75622302340189e-06
0.24 0.21 0 1.3695890660506743e-06
0.24 0.22 0 1.012914975057013e-06
0.24 0.23 0 1.223818822011888e-06
0.24 0.24 0 5.895753155302821e-07
0.24 0.25 0 8.857193504011421e-07
0.24 0.26 0 8.39918840726231e-07
0.24 0.27 0 8.59987391403609e-07
0.24 0.28 0 9.21949110909207e-07
0.24 0.29 0 1.3880028377332515e-06
0.24 0.3 0 1.8751031553830676e-06
0.24 0.31 0 3.040305667232879e-06
0.24 0.32 0 1.3428415138900159e-06
0.24 0.33 0 8.854328797908632e-07
0.24 0.34 0 1.2623475704508402e-06
0.24 0.35000000000000003 0 8.995253666002853e-07
0.24 0.36 0 9.404815691929544e-07
0.24 0.37 0 6.813659023567535e-07
0.24 0.38 0 4.4354832212654585e-07
0.24 0.39 0 7.392476040643121e-07
0.24 0.4 0 7.961569809199308e-07
0.24 0.41000000000000003 0 6.879993812941684e-07
0.24 0.42 0 9.020988586197923e-07
0.24 0.43 0 8.445537824189246e-07
0.24 0.44 0 1.1783239109925586e-06
0.24 0.45 0 1.2010990918058362e-06
0.24 0.46 0 1.2628188789895383e-06
0.24 0.47000000000000003 0 1.0537809222955876e-06
0.24 0.48 0 1.0637893978779542e-06
0.24 0.49 0 1.1352868688185334e-06
0.24 0.5 0 8.501677567791201e-07
0.25 0.0 0 1.7807718410954951e-06
0.25 0.01 0 1.5182298755660062e-06
0.25 0.02 0 8.561318218560571e-07
0.25 0.03 0 1.8940961178643937e-06
0.25 0.04 0 1.0659184426249693e-06
0.25 0.05 0 5.018881991178399e-07
0.25 0.06 0 6.635058107150493e-07
0.25 0.07 0 7.813407686378058e-07
0.25 0.08 0 1.122399202530949e-06
0.25 0.09 0 3.3936073737889802e-06
0.25 0.1 0 2.562958758732338e-06
0.25 0.11 0 2.8011634689514747e-06
0.25 0.12 0 2.7976944331921888e-06
0.25 0.13 0 2.5950211621086714e-06
0.25 0.14 0 2.8672711164190436e-06
0.25 0.15 0 2.1416703465335062e-06
0.25 0.16 0 1.974560893517584e-06
0.25 0.17 0 1.8802134197250059e-06
0.25 0.18 0 1.908024788195034e-06
0.25 0.19 0 1.920839345002599e-06
0.25 0.2 0 2.3343183741602775e-06
0.25 0.21 0 1.8629276701662474e-06
0.25 0.22 0 2.0625976727094197e-06
0.25 0.23 0 8.074638481182145e-07
0.25 0.24 0 1.212004793762371e-06
0.25 0.25 0 2.1949488669380153e-06
0.25 0.26 0 8.845041277616884e-07
0.25 0.27 0 1.1630856586020077e-06
0.25 0.28 0 1.61622918659732e-06
0.25 0.29 0 8.818953014402942e-07
0.25 0.3 0 5.709915936986813e-07
0.25 0.31 0 3.5328447352943024e-07
0.25 0.32 0 2.879298905992384e-07
0.25 0.33 0 6.241469373647884e-07
0.25 0.34 0 8.080210337472736e-07
0.25 0.35000000000000003 0 6.603090580803187e-07
0.25 0.36 0 6.142292772279944e-07
0.25 0.37 0 7.851860059629232e-07
0.25 0.38 0 5.686023728342329e-07
0.25 0.39 0 6.900528695248356e-07
0.25 0.4 0 8.548660995107302e-07
0.25 0.41000000000000003 0 5.567966520041547e-07
0.25 0.42 0 1.145460488968078e-06
0.25 0.43 0 1.031280253548925e-06
0.25 0.44 0 6.23737369272367e-07
0.25 0.45 0 1.186494167540482e-06
0.25 0.46 0 1.7594698229221248e-06
0.25 0.47000000000000003 0 7.763963467538828e-07
0.25 0.48 0 6.925278388616639e-07
0.25 0.49 0 5.446261486433258e-07
0.25 0.5 0 2.8711643677554774e-07
0.26 0.0 0 4.809196190892815e-07
0.26 0.01 0 4.318432596151813e-07
0.26 0.02 0 7.238226973047407e-07
0.26 0.03 0 1.0376789381075015e-06
0.26 0.04 0 1.4060023357122542e-06
0.26 0.05 0 1.386657936223912e-06
0.26 0.06 0 1.6261449429284645e-06
0.26 0.07 0 1.3578273820982325e-06
0.26 0.08 0 2.6247011410132025e-06
0.26 0.09 0 1.3883233982028266e-06
0.26 0.1 0 2.019002773508731e-06
0.26 0.11 0 4.4263937215181725e-06
0.26 0.12 0 4.655907158316234e-06
0.26 0.13 0 4.0954610602600965e-06
0.26 0.14 0 3.618664728890518e-06
0.26 0.15 0 2.163560069569632e-06
0.26 0.16 0 1.3070393928957044e-06
0.26 0.17 0 1.206867209525857e-06
0.26 0.18 0 1.282700491744085e-06
0.26 0.19 0 1.2181350131665499e-06
0.26 0.2 0 7.808961447376357e-07
0.26 0.21 0 9.53153742731143e-07
0.26 0.22 0 7.884373945935586e-07
0.26 0.23 0 8.225290497163899e-07
0.26 0.24 0 6.284263402942857e-07
0.26 0.25 0 1.6502777110584883e-06
0.26 0.26 0 2.194378859002231e-06
0.26 0.27 0 1.3074312076980424e-06
0.26 0.28 0 1.3158079783112523e-06
0.26 0.29 0 1.5290349411378725e-06
0.26 0.3 0 1.0548838326204388e-06
0.26 0.31 0 9.103824655275789e-07
0.26 0.32 0 9.511392637687158e-07
0.26 0.33 0 5.881666513177623e-07
0.26 0.34 0 6.627346432952294e-07
0.26 0.35000000000000003 0 8.612658693065825e-07
0.26 0.36 0 5.459513052581478e-07
0.26 0.37 0 4.0387676735651846e-07
0.26 0.38 0 4.130084432922289e-07
0.26 0.39 0 2.583802815242843e-07
0.26 0.4 0 2.2882428558788916e-07
0.26 0.41000000000000003 0 2.1026678442533494e-07
0.26 0.42 0 2.4093153106871033e-07
0.26 0.43 0 3.1105876743913826e-07
0.26 0.44 0 3.1351874523643217e-07
0.26 0.45 0 1.2618804713279995e-07
0.26 0.46 0 1.3867785201510978e-07
0.26 0.47000000000000003 0 1.9306186036219722e-07
0.26 0.48 0 2.22043071112408e-07
0.26 0.49 0 3.952007989548758e-07
0.26 0.5 0 7.407122505552321e-07
0.27 0.0 0 1.6196154636249985e-07
0.27 0.01 0 2.5182202441381935e-07
0.27 0.02 0 3.299638847157286e-07
0.27 0.03 0 4.1247381113719334e-07
0.27 0.04 0 6.092096221027244e-07
0.27 0.05 0 7.642058953068267e-07
0.27 0.06 0 5.348720512838532e-07
0.27 0.07 0 6.401110625613437e-07
0.27 0.08 0 7.598091189292806e-07
0.27 0.09 0 1.063337521704318e-06
0.27 0.1 0 8.384814218069778e-07
0.27 0.11 0 6.381398178856476e-07
0.27 0.12 0 7.98765186229463e-07
0.27 0.13 0 4.785949558472419e-07
0.27 0.14 0 5.771041554475618e-07
0.27 0.15 0 6.698925671858926e-07
0.27 0.16 0 9.384744489866131e-07
0.27 0.17 0 5.235175770108139e-07
0.27 0.18 0 6.2888422737777e-07
0.27 0.19 0 6.845121921200264e-07
0.27 0.2 0 7.08196950602601e-07
0.27 0.21 0 6.778131199309391e-07
0.27 0.22 0 8.536191458780484e-07
0.27 0.23 0 9.310265943097146e-07
0.27 0.24 0 6.555062441836869e-07
0.27 0.25 0 7.457903421909432e-07
0.27 0.26 0 8.127884631136136e-07
0.27 0.27 0 7.910265694403814e-07
0.27 0.28 0 8.073509366116695e-07
0.27 0.29 0 2.0191030159480513e-06
0.27 0.3 0 1.7375377005323647e-06
0.27 0.31 0 1.1923171048719918e-06
0.27 0.32 0 1.7752789203300167e-06
0.27 0.33 0 1.853171554317367e-06
0.27 0.34 0 8.314430049380177e-07
0.27 0.35000000000000003 0 8.085297417938614e-07
0.27 0.36 0 5.427837459233448e-07
0.27 0.37 0 5.136918177041576e-07
0.27 0.38 0 5.256703577040131e-07
0.27 0.39 0 2.427334443533274e-07
0.27 0.4 0 4.4260538303440356e-07
0.27 0.41000000000000003 0 5.533569401264515e-07
0.27 0.42 0 4.551634706178375e-07
0.27 0.43 0 3.365886478568833e-07
0.27 0.44 0 2.470726362743614e-07
0.27 0.45 0 4.0643295055240665e-07
0.27 0.46 0 6.658220980426447e-07
0.27 0.47000000000000003 0 5.239639852082497e-07
0.27 0.48 0 4.893024216276323e-07
0.27 0.49 0 5.867814385635825e-07
0.27 0.5 0 5.303553200670318e-07
0.28 0.0 0 2.777154967476478e-07
0.28 0.01 0 3.225508802470731e-07
0.28 0.02 0 5.251235209058424e-07
0.28 0.03 0 3.2694143194612383e-07
0.28 0.04 0 2.919860108855224e-07
0.28 0.05 0 1.7768023162941944e-07
0.28 0.06 0 2.4713596847328205e-07
0.28 0.07 0 4.7213249252964745e-07
0.28 0.08 0 4.523890934484203e-07
0.28 0.09 0 5.179216636227551e-07
0.28 0.1 0 5.609125537744531e-07
0.28 0.11 0 4.106331349092307e-07
0.28 0.12 0 5.287903653743808e-07
0.28 0.13 0 6.070703942112639e-07
0.28 0.14 0 4.4166382275680027e-07
0.28 0.15 0 8.920570711112273e-07
0.28 0.16 0 7.556168721555526e-07
0.28 0.17 0 7.405436425569647e-07
0.28 0.18 0 1.2762827878601428e-06
0.28 0.19 0 1.6308876698403653e-06
0.28 0.2 0 1.3076842005752932e-06
0.28 0.21 0 1.2525424355650482e-06
0.28 0.22 0 4.846348433174947e-07
0.28 0.23 0 6.510030801479004e-07
0.28 0.24 0 1.2127403379870142e-06
0.28 0.25 0 1.0678094913305717e-06
0.28 0.26 0 1.9666671318674194e-06
0.28 0.27 0 2.337837468652117e-06
0.28 0.28 0 1.6215766382435385e-06
0.28 0.29 0 1.448831074469302e-06
0.28 0.3 0 1.5257473725927369e-06
0.28 0.31 0 9.98206400398879e-07
0.28 0.32 0 7.488889021014061e-07
0.28 0.33 0 1.1171839153926083e-06
0.28 0.34 0 1.8424078843621696e-06
0.28 0.35000000000000003 0 1.298348253968434e-06
0.28 0.36 0 6.351342660750692e-07
0.28 0.37 0 4.333631026747464e-07
0.28 0.38 0 4.271578422244726e-07
0.28 0.39 0 4.222944268996581e-07
0.28 0.4 0 7.461825080420873e-07
0.28 0.41000000000000003 0 7.498279421968376e-07
0.28 0.42 0 8.791819264883209e-07
0.28 0.43 0 7.721744802954609e-07
0.28 0.44 0 5.76374804225089e-07
0.28 0.45 0 7.026375716542992e-07
0.28 0.46 0 7.864707864490289e-07
0.28 0.47000000000000003 0 7.55115566060867e-07
0.28 0.48 0 8.884339637988214e-07
0.28 0.49 0 5.131642986524691e-07
0.28 0.5 0 4.1360947615169525e-07
0.29 0.0 0 3.018486489188283e-07
0.29 0.01 0 4.716381671937955e-07
0.29 0.02 0 7.645704109154796e-07
0.29 0.03 0 1.1444097602260664e-06
0.29 0.04 0 7.946167213495541e-07
0.29 0.05 0 4.803434695064848e-07
0.29 0.06 0 4.655548971323959e-07
0.29 0.07 0 4.0360512915330795e-07
0.29 0.08 0 4.6086256174786867e-07
0.29 0.09 0 6.766338745164524e-07
0.29 0.1 0 9.018101147928816e-07
0.29 0.11 0 4.286770528686253e-07
0.29 0.12 0 1.1534499456705243e-06
0.29 0.13 0 9.671489797664726e-07
0.29 0.14 0 9.00349396043908e-07
0.29 0.15 0 9.491087460246364e-07
0.29 0.16 0 6.722596396237522e-07
0.29 0.17 0 6.253252484935607e-07
0.29 0.18 0 1.0375937370300467e-06
0.29 0.19 0 7.845534307729361e-07
0.29 0.2 0 7.994450194273679e-07
0.29 0.21 0 1.3568135197622258e-06
0.29 0.22 0 1.0394163564833142e-06
0.29 0.23 0 2.017138296113857e-06
0.29 0.24 0 1.9841377990508514e-06
0.29 0.25 0 1.636961364735676e-06
0.29 0.26 0 1.3820312776435419e-06
0.29 0.27 0 1.7816059521662753e-06
0.29 0.28 0 1.8954731648758462e-06
0.29 0.29 0 1.900817349646128e-06
0.29 0.3 0 1.4197993117369715e-06
0.29 0.31 0 1.4819132365482951e-06
0.29 0.32 0 9.034440462252442e-07
0.29 0.33 0 1.126339337516968e-06
0.29 0.34 0 1.3785503508664356e-06
0.29 0.35000000000000003 0 1.3553007312494747e-06
0.29 0.36 0 2.3753212705097336e-06
0.29 0.37 0 1.26758640282185e-06
0.29 0.38 0 1.3111333712543295e-06
0.29 0.39 0 9.298692043868743e-07
0.29 0.4 0 4.897560940265043e-07
0.29 0.41000000000000003 0 5.977445699894614e-07
0.29 0.42 0 4.551892133894082e-07
0.29 0.43 0 2.8485236318707025e-07
0.29 0.44 0 4.51129600187252e-07
0.29 0.45 0 5.444599641027741e-07
0.29 0.46 0 4.335209484996236e-07
0.29 0.47000000000000003 0 2.7051005624904124e-07
0.29 0.48 0 2.244259552401301e-07
0.29 0.49 0 4.934782913178972e-07
0.29 0.5 0 8.460253260777644e-07
0.3 0.0 0 9.334139544399121e-07
0.3 0.01 0 1.6281700733026954e-06
0.3 0.02 0 1.1774674441327214e-06
0.3 0.03 0 1.4646904779725054e-06
0.3 0.04 0 1.564817183840758e-06
0.3 0.05 0 5.822802342076691e-07
0.3 0.06 0 4.003249568548491e-07
0.3 0.07 0 6.292209155414133e-07
0.3 0.08 0 2.942128995608803e-07
0.3 0.09 0 1.9108371148442204e-07
0.3 0.1 0 3.8122012687645416e-07
0.3 0.11 0 5.775395552409322e-07
0.3 0.12 0 3.298281663780804e-07
0.3 0.13 0 6.440967747650907e-07
0.3 0.14 0 8.944016520501544e-07
0.3 0.15 0 6.784690377992022e-07
0.3 0.16 0 1.112710022077473e-06
0.3 0.17 0 1.2103112483202545e-06
0.3 0.18 0 7.35107983031658e-07
0.3 0.19 0 1.1179321958045667e-06
0.3 0.2 0 8.890321075853382e-07
0.3 0.21 0 6.838803063139431e-07
0.3 0.22 0 1.4112811065177735e-06
0.3 0.23 0 1.4058060631822985e-06
0.3 0.24 0 2.1166548046101733e-06
0.3 0.25 0 1.6840162229809536e-06
0.3 0.26 0 8.837758838792011e-07
0.3 0.27 0 1.1212098667831346e-06
0.3 0.28 0 1.6167077949495453e-06
0.3 0.29 0 1.4854750354411093e-06
0.3 0.3 0 1.6639831445092927e-06
0.3 0.31 0 2.2326267403458406e-06
0.3 0.32 0 1.2985854385518833e-06
0.3 0.33 0 9.283060745517668e-07
0.3 0.34 0 1.127153078544512e-06
0.3 0.35000000000000003 0 6.164866778069882e-07
0.3 0.36 0 5.236422338140908e-07
0.3 0.37 0 6.307254726583767e-07
0.3 0.38 0 6.029905097559089e-07
0.3 0.39 0 5.15955832754458e-07
0.3 0.4 0 5.012391000242587e-07
0.3 0.41000000000000003 0 4.2429458044250403e-07
0.3 0.42 0 3.540138299559291e-07
0.3 0.43 0 3.7497167040841017e-07
0.3 0.44 0 4.914735288619119e-07
0.3 0.45 0 3.41151111020104e-07
0.3 0.46 0 5.03918836080588e-07
0.3 0.47000000000000003 0 9.358981694593657e-07
0.3 0.48 0 4.930573920708175e-07
0.3 0.49 0 3.9956378650271017e-07
0.3 0.5 0 5.432546137508435e-07
#STOP
