#MEDIUM_PROPERTIES_DISTRIBUTED
$MSH_TYPE
	 GROUNDWATER_FLOW	
$MMP_TYPE
	 PERMEABILITY	
$DIS_TYPE
	 NEAREST_VALUE	
;hj
$CONVERSION_FACTOR
	 1.0	
$DATA
0.0 0.0 0 7.576313185851881e-07
0.0 0.01 0 8.142462001176642e-07
0.0 0.02 0 1.0928181882605669e-06
0.0 0.03 0 1.4080174590638843e-06
0.0 0.04 0 1.3318642084427855e-06
0.0 0.05 0 1.4842655845415764e-06
0.0 0.06 0 1.959661907581344e-06
0.0 0.07 0 2.7089666085225675e-06
0.0 0.08 0 3.0377679238132102e-06
0.0 0.09 0 2.464174003356017e-06
0.0 0.1 0 2.0614148488935477e-06
0.0 0.11 0 1.5464731493774856e-06
0.0 0.12 0 1.7533025036688052e-06
0.0 0.13 0 2.2190790119835537e-06
0.0 0.14 0 2.2555860655299074e-06
0.0 0.15 0 1.8778342216085417e-06
0.0 0.16 0 1.8785358998477777e-06
0.0 0.17 0 2.4702732781698866e-06
0.0 0.18 0 3.88510162192391e-06
0.0 0.19 0 4.3311945772171516e-06
0.0 0.2 0 4.826199891842507e-06
0.0 0.21 0 4.217363773860489e-06
0.0 0.22 0 5.66754813341098e-06
0.0 0.23 0 8.290322405313984e-06
0.0 0.24 0 8.48016398895279e-06
0.0 0.25 0 5.129732493515621e-06
0.0 0.26 0 3.2834972852584147e-06
0.0 0.27 0 2.9514255092187597e-06
0.0 0.28 0 3.213053640465493e-06
0.0 0.29 0 2.4460947509019723e-06
0.0 0.3 0 2.15695344461398e-06
0.0 0.31 0 1.7530852943668256e-06
0.0 0.32 0 1.70926965637791e-06
0.0 0.33 0 1.6441855151517474e-06
0.0 0.34 0 1.466946901712456e-06
0.0 0.35000000000000003 0 1.409481368769974e-06
0.0 0.36 0 1.5972921533898356e-06
0.0 0.37 0 2.1379282138457718e-06
0.0 0.38 0 2.3216244291552467e-06
0.0 0.39 0 1.723643316277656e-06
0.0 0.4 0 1.5941652945422364e-06
0.0 0.41000000000000003 0 1.7805348019397327e-06
0.0 0.42 0 2.062652057031465e-06
0.0 0.43 0 2.4861599900718317e-06
0.0 0.44 0 2.497668093651905e-06
0.0 0.45 0 2.432344434495264e-06
0.0 0.46 0 1.7150492387571238e-06
0.0 0.47000000000000003 0 1.6592309658975753e-06
0.0 0.48 0 1.8888679314908125e-06
0.0 0.49 0 1.9156191223318858e-06
0.0 0.5 0 1.400428454332419e-06
0.01 0.0 0 2.5114739152992325e-06
0.01 0.01 0 3.239673001260217e-06
0.01 0.02 0 4.804984448748797e-06
0.01 0.03 0 4.411060027389621e-06
0.01 0.04 0 3.9814664452076875e-06
0.01 0.05 0 3.4710282701535486e-06
0.01 0.06 0 4.6284343704246316e-06
0.01 0.07 0 3.968078221216832e-06
0.01 0.08 0 3.9659858429848765e-06
0.01 0.09 0 2.9777000516656868e-06
0.01 0.1 0 3.95909681420823e-06
0.01 0.11 0 2.9832230149806705e-06
0.01 0.12 0 2.365249294094574e-06
0.01 0.13 0 1.8691736041291533e-06
0.01 0.14 0 2.9070433039730515e-06
0.01 0.15 0 4.2727136876686215e-06
0.01 0.16 0 6.054787299181532e-06
0.01 0.17 0 4.045910829652727e-06
0.01 0.18 0 3.39849201538977e-06
0.01 0.19 0 2.3552644711507262e-06
0.01 0.2 0 2.962096348288924e-06
0.01 0.21 0 2.4809599135954724e-06
0.01 0.22 0 2.4803003082167613e-06
0.01 0.23 0 2.371535182625511e-06
0.01 0.24 0 2.8494987051963705e-06
0.01 0.25 0 2.4009311391998673e-06
0.01 0.26 0 2.227455087916841e-06
0.01 0.27 0 1.8339280838085144e-06
0.01 0.28 0 2.3614050618149863e-06
0.01 0.29 0 2.2115739250683914e-06
0.01 0.3 0 2.825581044130673e-06
0.01 0.31 0 2.7315448974731223e-06
0.01 0.32 0 2.5673430433616445e-06
0.01 0.33 0 1.9205966704310117e-06
0.01 0.34 0 1.6058097536909208e-06
0.01 0.35000000000000003 0 1.463862956077267e-06
0.01 0.36 0 1.5896901712510979e-06
0.01 0.37 0 1.2975342223170054e-06
0.01 0.38 0 1.0262906366702237e-06
0.01 0.39 0 6.640861080347962e-07
0.01 0.4 0 7.890989665370122e-07
0.01 0.41000000000000003 0 1.1689574013378403e-06
0.01 0.42 0 1.4943765637700892e-06
0.01 0.43 0 1.3925990697827494e-06
0.01 0.44 0 1.2377649688347747e-06
0.01 0.45 0 1.3605282880319512e-06
0.01 0.46 0 1.5385673071457056e-06
0.01 0.47000000000000003 0 1.522401866011569e-06
0.01 0.48 0 1.8035259511685758e-06
0.01 0.49 0 2.1039925344213755e-06
0.01 0.5 0 2.8226834506730384e-06
0.02 0.0 0 4.6712580803814884e-06
0.02 0.01 0 4.816792103401962e-06
0.02 0.02 0 5.519379198473659e-06
0.02 0.03 0 5.956638662296526e-06
0.02 0.04 0 5.265206299390565e-06
0.02 0.05 0 4.473537482016548e-06
0.02 0.06 0 4.783399760470144e-06
0.02 0.07 0 4.092477682860789e-06
0.02 0.08 0 4.1005412286272355e-06
0.02 0.09 0 4.140147047719456e-06
0.02 0.1 0 5.337636520508211e-06
0.02 0.11 0 5.48179693755407e-06
0.02 0.12 0 4.704240393362765e-06
0.02 0.13 0 3.998293733060291e-06
0.02 0.14 0 3.046065989353398e-06
0.02 0.15 0 2.2929700919535507e-06
0.02 0.16 0 2.241816900067552e-06
0.02 0.17 0 2.2816201348154347e-06
0.02 0.18 0 2.528026158140373e-06
0.02 0.19 0 2.207542701735119e-06
0.02 0.2 0 1.8225434477486463e-06
0.02 0.21 0 1.5845394223749015e-06
0.02 0.22 0 1.642749498318122e-06
0.02 0.23 0 2.491324183388616e-06
0.02 0.24 0 2.6592559641262465e-06
0.02 0.25 0 2.085779203625148e-06
0.02 0.26 0 1.7419857902858282e-06
0.02 0.27 0 2.120461929078536e-06
0.02 0.28 0 2.8620677750246213e-06
0.02 0.29 0 3.1093529433401904e-06
0.02 0.3 0 2.728480824055793e-06
0.02 0.31 0 2.601818035114286e-06
0.02 0.32 0 1.9212916379725325e-06
0.02 0.33 0 1.950043948976049e-06
0.02 0.34 0 1.790482697340297e-06
0.02 0.35000000000000003 0 2.0447347741836e-06
0.02 0.36 0 2.1326266870897305e-06
0.02 0.37 0 2.444678311291093e-06
0.02 0.38 0 2.4919789460375232e-06
0.02 0.39 0 2.863767995335943e-06
0.02 0.4 0 3.215849074586126e-06
0.02 0.41000000000000003 0 4.010716464844669e-06
0.02 0.42 0 2.686718199981228e-06
0.02 0.43 0 2.5127172507837213e-06
0.02 0.44 0 2.609055338245845e-06
0.02 0.45 0 3.416649742366957e-06
0.02 0.46 0 2.5355470107840533e-06
0.02 0.47000000000000003 0 1.7236099775582404e-06
0.02 0.48 0 1.3645432740771356e-06
0.02 0.49 0 1.561342143215569e-06
0.02 0.5 0 1.584669394872058e-06
0.03 0.0 0 7.619932248817571e-06
0.03 0.01 0 9.382397147679381e-06
0.03 0.02 0 9.10033572668314e-06
0.03 0.03 0 6.98734098586333e-06
0.03 0.04 0 4.4332349716459195e-06
0.03 0.05 0 3.7660908435696154e-06
0.03 0.06 0 4.923927051011215e-06
0.03 0.07 0 5.241822099216176e-06
0.03 0.08 0 4.053263050913361e-06
0.03 0.09 0 3.266130000337076e-06
0.03 0.1 0 3.5013915144522825e-06
0.03 0.11 0 4.914151394139795e-06
0.03 0.12 0 4.804025437599253e-06
0.03 0.13 0 4.806535069909762e-06
0.03 0.14 0 3.696815271796571e-06
0.03 0.15 0 2.782034773378477e-06
0.03 0.16 0 2.2083334415590318e-06
0.03 0.17 0 2.3184053809094086e-06
0.03 0.18 0 2.59895227527276e-06
0.03 0.19 0 2.961002548632209e-06
0.03 0.2 0 2.2766261016445057e-06
0.03 0.21 0 2.1641567550222718e-06
0.03 0.22 0 1.8877963325699466e-06
0.03 0.23 0 2.8472999268226496e-06
0.03 0.24 0 2.9114233968269696e-06
0.03 0.25 0 2.3812784914070154e-06
0.03 0.26 0 1.6627405357037433e-06
0.03 0.27 0 2.0094776207798676e-06
0.03 0.28 0 2.5272279327209926e-06
0.03 0.29 0 3.293855672210769e-06
0.03 0.3 0 2.799066560349639e-06
0.03 0.31 0 3.615714494284846e-06
0.03 0.32 0 3.069237475340386e-06
0.03 0.33 0 3.200582884597931e-06
0.03 0.34 0 2.4502202513327143e-06
0.03 0.35000000000000003 0 2.8907353195358915e-06
0.03 0.36 0 3.378797336944908e-06
0.03 0.37 0 4.142202982523822e-06
0.03 0.38 0 2.672159830041547e-06
0.03 0.39 0 1.7044350217527415e-06
0.03 0.4 0 1.0240800861640358e-06
0.03 0.41000000000000003 0 1.305375653875977e-06
0.03 0.42 0 1.0471721926022993e-06
0.03 0.43 0 8.825875681137412e-07
0.03 0.44 0 5.860512104389989e-07
0.03 0.45 0 6.361574215885943e-07
0.03 0.46 0 6.75617608539566e-07
0.03 0.47000000000000003 0 7.825522199710123e-07
0.03 0.48 0 7.016895430817669e-07
0.03 0.49 0 7.04968282974104e-07
0.03 0.5 0 5.44499031519733e-07
0.04 0.0 0 3.171923020123231e-06
0.04 0.01 0 2.2709783854436998e-06
0.04 0.02 0 2.2351061291859234e-06
0.04 0.03 0 2.19337068569057e-06
0.04 0.04 0 2.419054274544185e-06
0.04 0.05 0 2.021709614809536e-06
0.04 0.06 0 2.2978190430010016e-06
0.04 0.07 0 2.1438288443724443e-06
0.04 0.08 0 2.7011982503562463e-06
0.04 0.09 0 4.076545598226737e-06
0.04 0.1 0 5.749072644717885e-06
0.04 0.11 0 5.17748510499289e-06
0.04 0.12 0 3.7507969878455912e-06
0.04 0.13 0 3.7402886518391517e-06
0.04 0.14 0 5.991517831721609e-06
0.04 0.15 0 8.369994700816434e-06
0.04 0.16 0 9.969998618622025e-06
0.04 0.17 0 7.440511412593229e-06
0.04 0.18 0 4.994767235669997e-06
0.04 0.19 0 4.020418346529314e-06
0.04 0.2 0 3.584053719576969e-06
0.04 0.21 0 3.586065856812738e-06
0.04 0.22 0 3.343267807068041e-06
0.04 0.23 0 3.660222974418773e-06
0.04 0.24 0 3.7816283322441405e-06
0.04 0.25 0 2.8410854889408826e-06
0.04 0.26 0 2.2630480147471136e-06
0.04 0.27 0 1.9665412664416067e-06
0.04 0.28 0 1.7523568007236253e-06
0.04 0.29 0 1.76600601381781e-06
0.04 0.3 0 1.964844983336144e-06
0.04 0.31 0 2.668239100900197e-06
0.04 0.32 0 2.7609781798765813e-06
0.04 0.33 0 2.8362990870294404e-06
0.04 0.34 0 3.597428415940931e-06
0.04 0.35000000000000003 0 4.396447119711289e-06
0.04 0.36 0 4.940354834996157e-06
0.04 0.37 0 3.912686745509162e-06
0.04 0.38 0 2.8129645608533473e-06
0.04 0.39 0 2.4658581838964675e-06
0.04 0.4 0 2.6250244008578985e-06
0.04 0.41000000000000003 0 2.6143664388694305e-06
0.04 0.42 0 1.7055204445871902e-06
0.04 0.43 0 1.1476188369817749e-06
0.04 0.44 0 1.5269780420265963e-06
0.04 0.45 0 1.999202914735437e-06
0.04 0.46 0 2.0748507178997003e-06
0.04 0.47000000000000003 0 1.3723512081421792e-06
0.04 0.48 0 1.2992441479144487e-06
0.04 0.49 0 1.6320505229080613e-06
0.04 0.5 0 2.369418764067969e-06
0.05 0.0 0 1.4885715082465453e-06
0.05 0.01 0 2.16242954328033e-06
0.05 0.02 0 3.106280761304914e-06
0.05 0.03 0 3.5341800857031234e-06
0.05 0.04 0 3.804056499642063e-06
0.05 0.05 0 4.319012415669099e-06
0.05 0.06 0 5.731421355990197e-06
0.05 0.07 0 5.924089523400804e-06
0.05 0.08 0 4.111104917228095e-06
0.05 0.09 0 3.954228584082033e-06
0.05 0.1 0 4.580001344646285e-06
0.05 0.11 0 5.897803006043542e-06
0.05 0.12 0 5.030310783575118e-06
0.05 0.13 0 4.4584133100576395e-06
0.05 0.14 0 4.913231740956824e-06
0.05 0.15 0 6.101034035181214e-06
0.05 0.16 0 7.930377448341198e-06
0.05 0.17 0 1.1147831105973876e-05
0.05 0.18 0 1.1334353112201175e-05
0.05 0.19 0 1.0462298587340765e-05
0.05 0.2 0 6.708660857543875e-06
0.05 0.21 0 5.567711393745358e-06
0.05 0.22 0 5.350481758258407e-06
0.05 0.23 0 6.521971833665335e-06
0.05 0.24 0 6.52440096110734e-06
0.05 0.25 0 4.210377407815774e-06
0.05 0.26 0 2.71922121869571e-06
0.05 0.27 0 2.771106139843523e-06
0.05 0.28 0 2.9212980235835947e-06
0.05 0.29 0 2.84636373298967e-06
0.05 0.3 0 2.2906004625350846e-06
0.05 0.31 0 2.7439758325102936e-06
0.05 0.32 0 3.6780259390765497e-06
0.05 0.33 0 4.022040185590245e-06
0.05 0.34 0 3.780344551603899e-06
0.05 0.35000000000000003 0 2.935590590575959e-06
0.05 0.36 0 2.911769001332162e-06
0.05 0.37 0 3.4614930847601084e-06
0.05 0.38 0 3.942288847451494e-06
0.05 0.39 0 3.731254413278847e-06
0.05 0.4 0 3.1557491227473603e-06
0.05 0.41000000000000003 0 3.072654960697377e-06
0.05 0.42 0 3.5059625225840624e-06
0.05 0.43 0 3.3867616615506867e-06
0.05 0.44 0 4.033410609108413e-06
0.05 0.45 0 3.3099852128555607e-06
0.05 0.46 0 2.5113928335863953e-06
0.05 0.47000000000000003 0 1.6029427055185482e-06
0.05 0.48 0 1.4469914499339903e-06
0.05 0.49 0 1.4145212269172457e-06
0.05 0.5 0 1.349805069182969e-06
0.06 0.0 0 3.915318315664912e-06
0.06 0.01 0 4.634365540032081e-06
0.06 0.02 0 5.3632822040430236e-06
0.06 0.03 0 8.037027870247728e-06
0.06 0.04 0 7.84255130290873e-06
0.06 0.05 0 7.469555422221172e-06
0.06 0.06 0 4.989162105156107e-06
0.06 0.07 0 4.57054684160241e-06
0.06 0.08 0 3.0915164944683502e-06
0.06 0.09 0 4.183357534136754e-06
0.06 0.1 0 4.1756289780368995e-06
0.06 0.11 0 4.4996172027678045e-06
0.06 0.12 0 3.0876571419549534e-06
0.06 0.13 0 2.907780166101503e-06
0.06 0.14 0 2.504594203442181e-06
0.06 0.15 0 2.6278406446137217e-06
0.06 0.16 0 2.129531460212052e-06
0.06 0.17 0 2.5203585467541077e-06
0.06 0.18 0 2.0864682139860684e-06
0.06 0.19 0 2.7793164900036305e-06
0.06 0.2 0 2.8933031664016094e-06
0.06 0.21 0 3.7641831886592876e-06
0.06 0.22 0 3.7307680363412264e-06
0.06 0.23 0 4.364106462587348e-06
0.06 0.24 0 4.266614040331863e-06
0.06 0.25 0 4.269711176395197e-06
0.06 0.26 0 3.738455907209391e-06
0.06 0.27 0 4.873081796570368e-06
0.06 0.28 0 4.638399022627212e-06
0.06 0.29 0 5.602151997552786e-06
0.06 0.3 0 5.6274041454975664e-06
0.06 0.31 0 5.604421319167401e-06
0.06 0.32 0 3.4198876646291305e-06
0.06 0.33 0 1.9565697903483698e-06
0.06 0.34 0 1.6027067206214244e-06
0.06 0.35000000000000003 0 1.9250668573546133e-06
0.06 0.36 0 2.068208402926775e-06
0.06 0.37 0 2.02164609174433e-06
0.06 0.38 0 1.396469095041008e-06
0.06 0.39 0 1.3131676256661427e-06
0.06 0.4 0 1.4733946819790598e-06
0.06 0.41000000000000003 0 1.7079212244071098e-06
0.06 0.42 0 1.4190987490661733e-06
0.06 0.43 0 1.0524062204198816e-06
0.06 0.44 0 1.260540468596735e-06
0.06 0.45 0 1.7522055247066483e-06
0.06 0.46 0 1.8148578338873913e-06
0.06 0.47000000000000003 0 1.6448147772753743e-06
0.06 0.48 0 1.45177161534406e-06
0.06 0.49 0 1.6158269769253861e-06
0.06 0.5 0 1.7143202821597027e-06
0.07 0.0 0 5.691171432433144e-06
0.07 0.01 0 1.0499786019939766e-05
0.07 0.02 0 1.7341634247563105e-05
0.07 0.03 0 2.0751970861557613e-05
0.07 0.04 0 1.811760825320135e-05
0.07 0.05 0 1.5799167422254733e-05
0.07 0.06 0 1.3500370886708441e-05
0.07 0.07 0 1.4618464189988725e-05
0.07 0.08 0 1.30077285375762e-05
0.07 0.09 0 1.5132121774583844e-05
0.07 0.1 0 1.6074567230487335e-05
0.07 0.11 0 1.2233675392457266e-05
0.07 0.12 0 7.573894225797221e-06
0.07 0.13 0 5.814683941044215e-06
0.07 0.14 0 6.794683795153277e-06
0.07 0.15 0 7.796028610454957e-06
0.07 0.16 0 6.543526176483003e-06
0.07 0.17 0 5.510036615105443e-06
0.07 0.18 0 4.285395709013429e-06
0.07 0.19 0 3.8129852619764917e-06
0.07 0.2 0 3.842811904283759e-06
0.07 0.21 0 3.783546886483931e-06
0.07 0.22 0 4.495493125483679e-06
0.07 0.23 0 4.8253717832208395e-06
0.07 0.24 0 5.609058628473663e-06
0.07 0.25 0 5.011613384001658e-06
0.07 0.26 0 4.915867187063962e-06
0.07 0.27 0 6.417437954540077e-06
0.07 0.28 0 8.519014124454955e-06
0.07 0.29 0 7.892965034761844e-06
0.07 0.3 0 7.426659116568775e-06
0.07 0.31 0 6.7540374437905405e-06
0.07 0.32 0 8.071751315804563e-06
0.07 0.33 0 6.115539837109017e-06
0.07 0.34 0 5.067444576420904e-06
0.07 0.35000000000000003 0 3.787644367711466e-06
0.07 0.36 0 3.961612110054543e-06
0.07 0.37 0 4.839224412270606e-06
0.07 0.38 0 5.908208174082649e-06
0.07 0.39 0 4.389827165608461e-06
0.07 0.4 0 3.1556152071864473e-06
0.07 0.41000000000000003 0 2.020453962189783e-06
0.07 0.42 0 2.1436776585945286e-06
0.07 0.43 0 1.9118150315573075e-06
0.07 0.44 0 2.241939934381128e-06
0.07 0.45 0 1.8654000170927066e-06
0.07 0.46 0 1.2809915773894244e-06
0.07 0.47000000000000003 0 8.108508745418237e-07
0.07 0.48 0 7.748951510933986e-07
0.07 0.49 0 8.3534148895213e-07
0.07 0.5 0 9.818724846322445e-07
0.08 0.0 0 7.191503770134541e-06
0.08 0.01 0 6.913338254730399e-06
0.08 0.02 0 7.038114080206284e-06
0.08 0.03 0 6.449268651951451e-06
0.08 0.04 0 6.422310454780415e-06
0.08 0.05 0 7.120842890281134e-06
0.08 0.06 0 8.553111793244503e-06
0.08 0.07 0 9.877722797041402e-06
0.08 0.08 0 1.0126799270681457e-05
0.08 0.09 0 1.0171535769043136e-05
0.08 0.1 0 1.2298626568412144e-05
0.08 0.11 0 9.598646655181373e-06
0.08 0.12 0 7.816952613354252e-06
0.08 0.13 0 5.582546807065933e-06
0.08 0.14 0 5.576886010390081e-06
0.08 0.15 0 5.687733236261878e-06
0.08 0.16 0 6.8453007357001246e-06
0.08 0.17 0 7.057948189459468e-06
0.08 0.18 0 6.419785671701674e-06
0.08 0.19 0 4.246265573122817e-06
0.08 0.2 0 4.164706648917536e-06
0.08 0.21 0 3.3903335871313023e-06
0.08 0.22 0 4.388675487881299e-06
0.08 0.23 0 4.888262313576422e-06
0.08 0.24 0 7.163036358035429e-06
0.08 0.25 0 7.342584221369469e-06
0.08 0.26 0 8.059101588920322e-06
0.08 0.27 0 7.364095436971382e-06
0.08 0.28 0 7.304685723695393e-06
0.08 0.29 0 5.043471107975714e-06
0.08 0.3 0 5.894633654992357e-06
0.08 0.31 0 5.749162108403671e-06
0.08 0.32 0 8.504268783388999e-06
0.08 0.33 0 8.764521288985335e-06
0.08 0.34 0 1.1664489404907002e-05
0.08 0.35000000000000003 0 1.0627340592770233e-05
0.08 0.36 0 1.0311648533691141e-05
0.08 0.37 0 9.273586960456924e-06
0.08 0.38 0 1.1429329211955165e-05
0.08 0.39 0 9.666526899408263e-06
0.08 0.4 0 1.0240279997946836e-05
0.08 0.41000000000000003 0 7.1398568054558985e-06
0.08 0.42 0 7.0198714349848976e-06
0.08 0.43 0 5.659690301524791e-06
0.08 0.44 0 6.37092136953295e-06
0.08 0.45 0 4.944782648872564e-06
0.08 0.46 0 3.0131953422273746e-06
0.08 0.47000000000000003 0 1.6460342361235509e-06
0.08 0.48 0 1.4532090449404515e-06
0.08 0.49 0 1.296436926610889e-06
0.08 0.5 0 1.646909118577158e-06
0.09 0.0 0 5.416170375350861e-06
0.09 0.01 0 5.6558074487562234e-06
0.09 0.02 0 5.243292095178176e-06
0.09 0.03 0 5.4148527600670894e-06
0.09 0.04 0 4.545782738086852e-06
0.09 0.05 0 4.550356561425943e-06
0.09 0.06 0 3.9912288722922125e-06
0.09 0.07 0 4.097579909694875e-06
0.09 0.08 0 3.4722063655174745e-06
0.09 0.09 0 2.9906895434653488e-06
0.09 0.1 0 3.048853092707508e-06
0.09 0.11 0 2.860417610046235e-06
0.09 0.12 0 2.7591543428010725e-06
0.09 0.13 0 3.2961974886287713e-06
0.09 0.14 0 4.107623126352749e-06
0.09 0.15 0 4.806571083567375e-06
0.09 0.16 0 4.5605945467309246e-06
0.09 0.17 0 5.310067488804768e-06
0.09 0.18 0 6.889340962848957e-06
0.09 0.19 0 7.322876977744142e-06
0.09 0.2 0 7.5266259736724384e-06
0.09 0.21 0 6.294669426843721e-06
0.09 0.22 0 6.309388078267194e-06
0.09 0.23 0 7.788326889478469e-06
0.09 0.24 0 9.681699724331822e-06
0.09 0.25 0 9.278662720831265e-06
0.09 0.26 0 6.423472502565049e-06
0.09 0.27 0 5.547935615731704e-06
0.09 0.28 0 6.528397087777816e-06
0.09 0.29 0 7.110410157682836e-06
0.09 0.3 0 8.10177758464944e-06
0.09 0.31 0 7.967452400849225e-06
0.09 0.32 0 7.799273391551047e-06
0.09 0.33 0 7.684522861936017e-06
0.09 0.34 0 7.967902988085042e-06
0.09 0.35000000000000003 0 9.53954736717771e-06
0.09 0.36 0 8.383231898392859e-06
0.09 0.37 0 6.734695285856052e-06
0.09 0.38 0 4.913367901962824e-06
0.09 0.39 0 3.549571955488625e-06
0.09 0.4 0 3.173325073642347e-06
0.09 0.41000000000000003 0 3.3454363698252522e-06
0.09 0.42 0 3.1202395875075836e-06
0.09 0.43 0 2.634256804331922e-06
0.09 0.44 0 1.96975706723722e-06
0.09 0.45 0 2.232948254903904e-06
0.09 0.46 0 1.928851070557285e-06
0.09 0.47000000000000003 0 1.7598116978076114e-06
0.09 0.48 0 1.5298623776128454e-06
0.09 0.49 0 1.6864371916949604e-06
0.09 0.5 0 1.7746070198353118e-06
0.1 0.0 0 8.592155458409017e-06
0.1 0.01 0 1.0276661156404352e-05
0.1 0.02 0 1.2707399405859439e-05
0.1 0.03 0 1.3195237764089489e-05
0.1 0.04 0 9.848993381933445e-06
0.1 0.05 0 7.47916036005037e-06
0.1 0.06 0 6.768300241133558e-06
0.1 0.07 0 5.649863453822393e-06
0.1 0.08 0 4.231859461219333e-06
0.1 0.09 0 2.5866249957274455e-06
0.1 0.1 0 2.49475752181529e-06
0.1 0.11 0 2.5341705414149847e-06
0.1 0.12 0 2.8035879193830084e-06
0.1 0.13 0 2.7883528632789094e-06
0.1 0.14 0 2.581967127254556e-06
0.1 0.15 0 2.579970093793481e-06
0.1 0.16 0 3.1099115859167455e-06
0.1 0.17 0 3.381189415475598e-06
0.1 0.18 0 3.526281896845843e-06
0.1 0.19 0 3.057415048654569e-06
0.1 0.2 0 4.1000531406588855e-06
0.1 0.21 0 5.288795144388142e-06
0.1 0.22 0 6.171534082248881e-06
0.1 0.23 0 6.493722876327951e-06
0.1 0.24 0 6.450068952168362e-06
0.1 0.25 0 6.559050364261828e-06
0.1 0.26 0 6.547897794244261e-06
0.1 0.27 0 6.463963409077492e-06
0.1 0.28 0 6.613405832959007e-06
0.1 0.29 0 5.860095651914622e-06
0.1 0.3 0 6.501322265544176e-06
0.1 0.31 0 7.144338121670899e-06
0.1 0.32 0 5.925998895308538e-06
0.1 0.33 0 4.261068886643709e-06
0.1 0.34 0 2.551303232215122e-06
0.1 0.35000000000000003 0 2.121946441079962e-06
0.1 0.36 0 2.2692397259429876e-06
0.1 0.37 0 3.819460460162258e-06
0.1 0.38 0 6.223701044869822e-06
0.1 0.39 0 6.578380742180962e-06
0.1 0.4 0 5.166615136210367e-06
0.1 0.41000000000000003 0 4.92410749274856e-06
0.1 0.42 0 4.763174162877619e-06
0.1 0.43 0 6.022657864513953e-06
0.1 0.44 0 5.546450213199804e-06
0.1 0.45 0 5.71743302188335e-06
0.1 0.46 0 4.148040318844335e-06
0.1 0.47000000000000003 0 3.809879385961741e-06
0.1 0.48 0 3.6018188083478146e-06
0.1 0.49 0 3.543624572152274e-06
0.1 0.5 0 2.92774395867714e-06
0.11 0.0 0 3.3649594436365134e-06
0.11 0.01 0 2.141531378937765e-06
0.11 0.02 0 1.8657944319153716e-06
0.11 0.03 0 2.033634159721849e-06
0.11 0.04 0 3.3195243940377204e-06
0.11 0.05 0 3.4949677978208172e-06
0.11 0.06 0 4.21575075647744e-06
0.11 0.07 0 3.506992329902468e-06
0.11 0.08 0 4.598846570556364e-06
0.11 0.09 0 4.316923627957449e-06
0.11 0.1 0 5.9833444870241956e-06
0.11 0.11 0 5.147000264363129e-06
0.11 0.12 0 4.628331081117718e-06
0.11 0.13 0 3.7765829740789086e-06
0.11 0.14 0 4.088542926063847e-06
0.11 0.15 0 3.1982517764250694e-06
0.11 0.16 0 3.295554117168607e-06
0.11 0.17 0 3.170716593499221e-06
0.11 0.18 0 5.015054538872418e-06
0.11 0.19 0 4.628886586139002e-06
0.11 0.2 0 4.2580756734302115e-06
0.11 0.21 0 2.843635190888365e-06
0.11 0.22 0 2.6903644129253875e-06
0.11 0.23 0 3.631600233740637e-06
0.11 0.24 0 6.379416989884599e-06
0.11 0.25 0 6.625951172609455e-06
0.11 0.26 0 5.536080422858052e-06
0.11 0.27 0 4.394050936472663e-06
0.11 0.28 0 6.611762280841606e-06
0.11 0.29 0 8.189376411381122e-06
0.11 0.3 0 9.904968945766685e-06
0.11 0.31 0 9.790202052545052e-06
0.11 0.32 0 9.16978924939786e-06
0.11 0.33 0 8.13420728060423e-06
0.11 0.34 0 6.86428965677465e-06
0.11 0.35000000000000003 0 5.394343105065168e-06
0.11 0.36 0 4.548851813836427e-06
0.11 0.37 0 3.824508402855495e-06
0.11 0.38 0 4.067885478902876e-06
0.11 0.39 0 3.3569992327048335e-06
0.11 0.4 0 2.7653652518343343e-06
0.11 0.41000000000000003 0 2.5739386148684393e-06
0.11 0.42 0 2.2961705541956073e-06
0.11 0.43 0 2.112512848242664e-06
0.11 0.44 0 2.168302320532053e-06
0.11 0.45 0 3.0267972558608026e-06
0.11 0.46 0 3.928984731095518e-06
0.11 0.47000000000000003 0 3.263593387498925e-06
0.11 0.48 0 2.795457132191285e-06
0.11 0.49 0 2.731677184028308e-06
0.11 0.5 0 3.4166432423495446e-06
0.12 0.0 0 3.355232387204942e-06
0.12 0.01 0 3.354624086464256e-06
0.12 0.02 0 3.6211931418578938e-06
0.12 0.03 0 3.7574332584931976e-06
0.12 0.04 0 3.406893802678242e-06
0.12 0.05 0 3.022111209097246e-06
0.12 0.06 0 4.4045442028257995e-06
0.12 0.07 0 5.965438592692723e-06
0.12 0.08 0 7.315684542136887e-06
0.12 0.09 0 7.1633943037651216e-06
0.12 0.1 0 9.079377780601443e-06
0.12 0.11 0 1.28088589888256e-05
0.12 0.12 0 1.1995369804931016e-05
0.12 0.13 0 8.160759647019575e-06
0.12 0.14 0 4.99147117193152e-06
0.12 0.15 0 4.228980086719018e-06
0.12 0.16 0 5.5173283671589675e-06
0.12 0.17 0 6.207341711318073e-06
0.12 0.18 0 4.851236518988294e-06
0.12 0.19 0 3.1497513526289343e-06
0.12 0.2 0 2.4221751891578535e-06
0.12 0.21 0 2.7329751633544894e-06
0.12 0.22 0 2.6651227559066325e-06
0.12 0.23 0 3.378684114162006e-06
0.12 0.24 0 4.0093986983043985e-06
0.12 0.25 0 4.686785860176191e-06
0.12 0.26 0 4.682559629924311e-06
0.12 0.27 0 5.0895329666929344e-06
0.12 0.28 0 5.768387259701411e-06
0.12 0.29 0 6.997656789761705e-06
0.12 0.3 0 6.811700988313356e-06
0.12 0.31 0 8.263447591866547e-06
0.12 0.32 0 7.687260306014509e-06
0.12 0.33 0 1.029515493319098e-05
0.12 0.34 0 1.2551778604239378e-05
0.12 0.35000000000000003 0 1.6674078572805495e-05
0.12 0.36 0 1.7736274069381696e-05
0.12 0.37 0 1.8621001292113098e-05
0.12 0.38 0 1.4948299117334022e-05
0.12 0.39 0 1.0961612275927577e-05
0.12 0.4 0 7.155095977933222e-06
0.12 0.41000000000000003 0 8.524000237567415e-06
0.12 0.42 0 8.192515619697447e-06
0.12 0.43 0 7.745784014174125e-06
0.12 0.44 0 5.084828604487865e-06
0.12 0.45 0 4.028519595507367e-06
0.12 0.46 0 3.3885649159299917e-06
0.12 0.47000000000000003 0 3.168703589559994e-06
0.12 0.48 0 2.756360279018735e-06
0.12 0.49 0 2.4331960565628e-06
0.12 0.5 0 2.0071921847278313e-06
0.13 0.0 0 2.470267968309969e-06
0.13 0.01 0 2.4983898709269683e-06
0.13 0.02 0 2.6028218629624e-06
0.13 0.03 0 3.985735353028546e-06
0.13 0.04 0 5.315825796016654e-06
0.13 0.05 0 5.256282078868916e-06
0.13 0.06 0 4.531074605800478e-06
0.13 0.07 0 4.338103284424967e-06
0.13 0.08 0 4.206829444575003e-06
0.13 0.09 0 5.632908562561327e-06
0.13 0.1 0 7.120345413609425e-06
0.13 0.11 0 1.0052008408072686e-05
0.13 0.12 0 7.50787610190866e-06
0.13 0.13 0 6.861961596205732e-06
0.13 0.14 0 6.8136885103937235e-06
0.13 0.15 0 8.625051797896033e-06
0.13 0.16 0 8.914553642857943e-06
0.13 0.17 0 9.65025233063036e-06
0.13 0.18 0 8.219434448193275e-06
0.13 0.19 0 9.381849961621414e-06
0.13 0.2 0 8.398981299930133e-06
0.13 0.21 0 1.0652223556609689e-05
0.13 0.22 0 8.447730861431726e-06
0.13 0.23 0 1.0036904276080052e-05
0.13 0.24 0 1.0662002248123898e-05
0.13 0.25 0 1.1427080166649097e-05
0.13 0.26 0 7.692339160943723e-06
0.13 0.27 0 6.929204544381558e-06
0.13 0.28 0 6.378919288262606e-06
0.13 0.29 0 8.57967984726902e-06
0.13 0.3 0 7.656212173779212e-06
0.13 0.31 0 1.0609197046695012e-05
0.13 0.32 0 9.35009187133997e-06
0.13 0.33 0 9.529187881208414e-06
0.13 0.34 0 7.484384165772861e-06
0.13 0.35000000000000003 0 8.427440854457792e-06
0.13 0.36 0 9.532165027035319e-06
0.13 0.37 0 1.3710283439951639e-05
0.13 0.38 0 1.3045162157672752e-05
0.13 0.39 0 1.170964586277924e-05
0.13 0.4 0 6.765213114688356e-06
0.13 0.41000000000000003 0 6.9901736425352345e-06
0.13 0.42 0 5.881527888598662e-06
0.13 0.43 0 5.643252585812113e-06
0.13 0.44 0 4.854476945088931e-06
0.13 0.45 0 5.486316153039757e-06
0.13 0.46 0 4.781304280915867e-06
0.13 0.47000000000000003 0 3.3221824201754916e-06
0.13 0.48 0 2.207209794284345e-06
0.13 0.49 0 2.74718011746548e-06
0.13 0.5 0 3.3575657364176627e-06
0.14 0.0 0 3.873196040584235e-06
0.14 0.01 0 2.8260240402636255e-06
0.14 0.02 0 3.589821249299284e-06
0.14 0.03 0 5.684756849431589e-06
0.14 0.04 0 7.842182399153655e-06
0.14 0.05 0 6.243076728869579e-06
0.14 0.06 0 5.800705786356206e-06
0.14 0.07 0 5.695098028890424e-06
0.14 0.08 0 5.265877954527538e-06
0.14 0.09 0 5.102041974733192e-06
0.14 0.1 0 5.476379187958854e-06
0.14 0.11 0 7.112220150722168e-06
0.14 0.12 0 7.292910077935662e-06
0.14 0.13 0 6.104968050527986e-06
0.14 0.14 0 5.627439771463673e-06
0.14 0.15 0 5.841503513493402e-06
0.14 0.16 0 7.53643590349438e-06
0.14 0.17 0 8.718285465058508e-06
0.14 0.18 0 7.2370088533672686e-06
0.14 0.19 0 6.199114174124229e-06
0.14 0.2 0 5.29280512826675e-06
0.14 0.21 0 5.545747810343049e-06
0.14 0.22 0 5.269625277527726e-06
0.14 0.23 0 5.394106701583025e-06
0.14 0.24 0 5.9387872388779025e-06
0.14 0.25 0 4.872211614955372e-06
0.14 0.26 0 3.789719710401929e-06
0.14 0.27 0 3.7279509464947006e-06
0.14 0.28 0 4.447418524734284e-06
0.14 0.29 0 5.197420730915129e-06
0.14 0.3 0 4.277831689260601e-06
0.14 0.31 0 3.659921975042895e-06
0.14 0.32 0 3.456752893289634e-06
0.14 0.33 0 3.2123953178424626e-06
0.14 0.34 0 2.9109519120600388e-06
0.14 0.35000000000000003 0 1.846118112357536e-06
0.14 0.36 0 1.505612589359118e-06
0.14 0.37 0 1.7645796730121366e-06
0.14 0.38 0 2.7520301447122054e-06
0.14 0.39 0 3.5220140306232496e-06
0.14 0.4 0 3.555952230575628e-06
0.14 0.41000000000000003 0 3.62210172670444e-06
0.14 0.42 0 4.241840796123462e-06
0.14 0.43 0 3.989370385726966e-06
0.14 0.44 0 5.10943982811915e-06
0.14 0.45 0 5.4840563288814535e-06
0.14 0.46 0 6.441015587741233e-06
0.14 0.47000000000000003 0 4.850236801661976e-06
0.14 0.48 0 3.7999150690304675e-06
0.14 0.49 0 2.859054266696199e-06
0.14 0.5 0 2.628416783188284e-06
0.15 0.0 0 4.988509513448519e-06
0.15 0.01 0 7.212539039829237e-06
0.15 0.02 0 8.692465685740362e-06
0.15 0.03 0 9.449576649143846e-06
0.15 0.04 0 1.0244475692360394e-05
0.15 0.05 0 1.056849696087351e-05
0.15 0.06 0 1.1414377636718603e-05
0.15 0.07 0 1.338721832555669e-05
0.15 0.08 0 1.1107603697708908e-05
0.15 0.09 0 1.139746945298363e-05
0.15 0.1 0 1.2428995629069986e-05
0.15 0.11 0 1.3387677926521236e-05
0.15 0.12 0 8.249605770673654e-06
0.15 0.13 0 4.528570671122688e-06
0.15 0.14 0 4.2425640027204484e-06
0.15 0.15 0 6.40126129180204e-06
0.15 0.16 0 9.66185045106108e-06
0.15 0.17 0 1.1782723808583085e-05
0.15 0.18 0 8.733827486119349e-06
0.15 0.19 0 7.251990733572127e-06
0.15 0.2 0 7.0154364271839034e-06
0.15 0.21 0 8.719793248418405e-06
0.15 0.22 0 9.23428938069369e-06
0.15 0.23 0 7.853451009532839e-06
0.15 0.24 0 7.799406600673018e-06
0.15 0.25 0 7.4099546814673e-06
0.15 0.26 0 7.5057591344058274e-06
0.15 0.27 0 9.099261725685131e-06
0.15 0.28 0 1.0333711622786923e-05
0.15 0.29 0 9.039497989034974e-06
0.15 0.3 0 6.479787200555099e-06
0.15 0.31 0 5.764143529575865e-06
0.15 0.32 0 7.2545867028021514e-06
0.15 0.33 0 7.021753456355772e-06
0.15 0.34 0 7.445981562462432e-06
0.15 0.35000000000000003 0 6.575972848846457e-06
0.15 0.36 0 6.782060837583518e-06
0.15 0.37 0 6.10083350035081e-06
0.15 0.38 0 5.120520444032098e-06
0.15 0.39 0 3.7337785100399193e-06
0.15 0.4 0 3.463049144233706e-06
0.15 0.41000000000000003 0 3.561027479963709e-06
0.15 0.42 0 4.084008651149439e-06
0.15 0.43 0 2.4070447138821013e-06
0.15 0.44 0 2.0565731120136807e-06
0.15 0.45 0 2.089974297108979e-06
0.15 0.46 0 2.8955288546965507e-06
0.15 0.47000000000000003 0 2.3972504461104268e-06
0.15 0.48 0 1.9549751696919297e-06
0.15 0.49 0 1.8106738088973024e-06
0.15 0.5 0 2.5304836347982154e-06
0.16 0.0 0 3.452806609371923e-06
0.16 0.01 0 3.904260011139299e-06
0.16 0.02 0 5.3886415451590616e-06
0.16 0.03 0 9.426746832057925e-06
0.16 0.04 0 8.93980580639581e-06
0.16 0.05 0 8.761654266574076e-06
0.16 0.06 0 8.036418729582053e-06
0.16 0.07 0 1.467706824957812e-05
0.16 0.08 0 1.663018425992575e-05
0.16 0.09 0 2.272929817159659e-05
0.16 0.1 0 2.1556372890003765e-05
0.16 0.11 0 2.36117372444989e-05
0.16 0.12 0 1.7876848376328992e-05
0.16 0.13 0 1.552548559644172e-05
0.16 0.14 0 1.3412399166957581e-05
0.16 0.15 0 1.4978894278979212e-05
0.16 0.16 0 1.1443034525929344e-05
0.16 0.17 0 1.1301203966079599e-05
0.16 0.18 0 9.093120680901244e-06
0.16 0.19 0 1.1428637132169482e-05
0.16 0.2 0 1.0807630026175822e-05
0.16 0.21 0 8.37657134552058e-06
0.16 0.22 0 5.270130718897502e-06
0.16 0.23 0 5.136968584583102e-06
0.16 0.24 0 6.9969045815229466e-06
0.16 0.25 0 8.575601112482534e-06
0.16 0.26 0 5.584172495108733e-06
0.16 0.27 0 4.354602692543784e-06
0.16 0.28 0 3.776718339030288e-06
0.16 0.29 0 4.3389001125031414e-06
0.16 0.3 0 3.986635880724005e-06
0.16 0.31 0 3.565663246731523e-06
0.16 0.32 0 3.7969101576286665e-06
0.16 0.33 0 4.4911898137586905e-06
0.16 0.34 0 5.373257622713581e-06
0.16 0.35000000000000003 0 5.423154277649754e-06
0.16 0.36 0 4.995618954189377e-06
0.16 0.37 0 7.051209519268005e-06
0.16 0.38 0 1.047898099279663e-05
0.16 0.39 0 1.2620329308896693e-05
0.16 0.4 0 9.981361838680771e-06
0.16 0.41000000000000003 0 7.1618398316156735e-06
0.16 0.42 0 6.996628384940807e-06
0.16 0.43 0 7.734062292524137e-06
0.16 0.44 0 1.007508417854229e-05
0.16 0.45 0 1.0413156083086526e-05
0.16 0.46 0 6.230656806056035e-06
0.16 0.47000000000000003 0 3.4210022273303654e-06
0.16 0.48 0 2.4439933439410044e-06
0.16 0.49 0 3.1486577686858067e-06
0.16 0.5 0 4.533390610044794e-06
0.17 0.0 0 3.5511928159620256e-06
0.17 0.01 0 2.991684012105465e-06
0.17 0.02 0 3.0010015535718325e-06
0.17 0.03 0 3.7520838242694774e-06
0.17 0.04 0 4.931124001827178e-06
0.17 0.05 0 6.716741859157598e-06
0.17 0.06 0 7.551506138461652e-06
0.17 0.07 0 8.872151835606394e-06
0.17 0.08 0 7.132644811905648e-06
0.17 0.09 0 6.0578486834823755e-06
0.17 0.1 0 7.401822858658993e-06
0.17 0.11 0 9.096160923957112e-06
0.17 0.12 0 8.473931343568048e-06
0.17 0.13 0 5.3838905891072825e-06
0.17 0.14 0 4.0522176109012965e-06
0.17 0.15 0 3.6857771210655877e-06
0.17 0.16 0 3.4045493801336357e-06
0.17 0.17 0 3.40555131306603e-06
0.17 0.18 0 3.374542281780204e-06
0.17 0.19 0 3.3552269632722997e-06
0.17 0.2 0 4.766426674217032e-06
0.17 0.21 0 6.288751134276141e-06
0.17 0.22 0 8.287147221682962e-06
0.17 0.23 0 6.823501485004008e-06
0.17 0.24 0 5.999086069170025e-06
0.17 0.25 0 4.720941575781687e-06
0.17 0.26 0 3.8487245085630555e-06
0.17 0.27 0 3.336837490456704e-06
0.17 0.28 0 3.0896707064298727e-06
0.17 0.29 0 2.137262850647743e-06
0.17 0.3 0 2.2101745439467458e-06
0.17 0.31 0 3.065626613389955e-06
0.17 0.32 0 6.6994891417370325e-06
0.17 0.33 0 7.421211377497923e-06
0.17 0.34 0 6.603960782287605e-06
0.17 0.35000000000000003 0 5.807922095676899e-06
0.17 0.36 0 7.67615580055259e-06
0.17 0.37 0 1.1573369632773141e-05
0.17 0.38 0 1.6560976354431034e-05
0.17 0.39 0 1.4369355921773712e-05
0.17 0.4 0 1.3097214147155804e-05
0.17 0.41000000000000003 0 1.032029428443149e-05
0.17 0.42 0 1.0008055701835791e-05
0.17 0.43 0 6.490106382245962e-06
0.17 0.44 0 5.553106176576488e-06
0.17 0.45 0 6.772191715445233e-06
0.17 0.46 0 8.302278573305397e-06
0.17 0.47000000000000003 0 6.744569299582717e-06
0.17 0.48 0 4.680775899749087e-06
0.17 0.49 0 3.511760667670402e-06
0.17 0.5 0 3.3927152796930506e-06
0.18 0.0 0 3.950049914970613e-06
0.18 0.01 0 4.561034315761059e-06
0.18 0.02 0 6.8190326385333846e-06
0.18 0.03 0 7.296257834912726e-06
0.18 0.04 0 6.661946773299605e-06
0.18 0.05 0 5.783478308637414e-06
0.18 0.06 0 6.866894564034276e-06
0.18 0.07 0 8.377994287642684e-06
0.18 0.08 0 9.890685641527656e-06
0.18 0.09 0 8.34912577328907e-06
0.18 0.1 0 1.0836917925695358e-05
0.18 0.11 0 1.026620985653969e-05
0.18 0.12 0 1.05917985020497e-05
0.18 0.13 0 7.888943813228761e-06
0.18 0.14 0 8.267428490088992e-06
0.18 0.15 0 7.726820532954376e-06
0.18 0.16 0 7.227137043475003e-06
0.18 0.17 0 5.18586158586062e-06
0.18 0.18 0 5.504054052728141e-06
0.18 0.19 0 5.1731660375665975e-06
0.18 0.2 0 7.206359222925803e-06
0.18 0.21 0 5.358241597801942e-06
0.18 0.22 0 5.096201258961224e-06
0.18 0.23 0 4.732858347021646e-06
0.18 0.24 0 7.580511272017128e-06
0.18 0.25 0 8.316761878534687e-06
0.18 0.26 0 7.51712869331496e-06
0.18 0.27 0 5.464912808395866e-06
0.18 0.28 0 7.099218793051711e-06
0.18 0.29 0 7.195234528197455e-06
0.18 0.3 0 9.354658646343112e-06
0.18 0.31 0 7.274191416872109e-06
0.18 0.32 0 7.783621628785781e-06
0.18 0.33 0 6.3381085721461095e-06
0.18 0.34 0 6.177469374655453e-06
0.18 0.35000000000000003 0 4.645014452470056e-06
0.18 0.36 0 3.873988300006538e-06
0.18 0.37 0 3.1184389279042347e-06
0.18 0.38 0 3.6361227431790838e-06
0.18 0.39 0 2.9472973850080433e-06
0.18 0.4 0 2.9544210277025124e-06
0.18 0.41000000000000003 0 2.2764012944883485e-06
0.18 0.42 0 2.444522949564155e-06
0.18 0.43 0 2.3424745075171835e-06
0.18 0.44 0 3.0420354696023993e-06
0.18 0.45 0 4.380781261863307e-06
0.18 0.46 0 5.780504442105775e-06
0.18 0.47000000000000003 0 5.543470753877529e-06
0.18 0.48 0 5.912950071522198e-06
0.18 0.49 0 5.692422856548577e-06
0.18 0.5 0 6.54336695956631e-06
0.19 0.0 0 8.340315800447236e-06
0.19 0.01 0 7.79472712419738e-06
0.19 0.02 0 7.70652828645878e-06
0.19 0.03 0 8.804983845857563e-06
0.19 0.04 0 8.014172043111692e-06
0.19 0.05 0 6.4794312622946746e-06
0.19 0.06 0 4.930189738938707e-06
0.19 0.07 0 4.914574438291543e-06
0.19 0.08 0 5.7668153503545015e-06
0.19 0.09 0 5.797773851621978e-06
0.19 0.1 0 6.736397297069443e-06
0.19 0.11 0 6.435682935873216e-06
0.19 0.12 0 5.281232400726185e-06
0.19 0.13 0 4.375541985660186e-06
0.19 0.14 0 3.979965220354264e-06
0.19 0.15 0 3.8513081854042255e-06
0.19 0.16 0 3.6555391142307523e-06
0.19 0.17 0 4.312629577040541e-06
0.19 0.18 0 6.4063201634533316e-06
0.19 0.19 0 6.184440430364288e-06
0.19 0.2 0 4.655807649532206e-06
0.19 0.21 0 2.72233736955193e-06
0.19 0.22 0 1.9197368456272086e-06
0.19 0.23 0 2.0325619764966645e-06
0.19 0.24 0 2.746081446598937e-06
0.19 0.25 0 3.6550696215330647e-06
0.19 0.26 0 3.2730327920389968e-06
0.19 0.27 0 2.7307829984682793e-06
0.19 0.28 0 2.644909227930936e-06
0.19 0.29 0 2.2033388489538506e-06
0.19 0.3 0 1.9306791566292817e-06
0.19 0.31 0 1.929633122169777e-06
0.19 0.32 0 1.8031656795832875e-06
0.19 0.33 0 1.3984649521101411e-06
0.19 0.34 0 8.169154962190254e-07
0.19 0.35000000000000003 0 7.397315240872812e-07
0.19 0.36 0 7.805706825313507e-07
0.19 0.37 0 1.0140528536599904e-06
0.19 0.38 0 1.0848760304926122e-06
0.19 0.39 0 8.311738136812038e-07
0.19 0.4 0 5.38320377199285e-07
0.19 0.41000000000000003 0 5.486696254028222e-07
0.19 0.42 0 7.532317978053175e-07
0.19 0.43 0 1.4147090469967619e-06
0.19 0.44 0 1.7307983513489558e-06
0.19 0.45 0 2.3964263751726157e-06
0.19 0.46 0 2.0535981881454067e-06
0.19 0.47000000000000003 0 1.8968898228486852e-06
0.19 0.48 0 1.9055795273766169e-06
0.19 0.49 0 2.629821038123123e-06
0.19 0.5 0 2.801683711828978e-06
0.2 0.0 0 2.378540474287976e-05
0.2 0.01 0 1.7478174235437226e-05
0.2 0.02 0 1.2103700197728212e-05
0.2 0.03 0 9.11755387797456e-06
0.2 0.04 0 7.289438901290956e-06
0.2 0.05 0 6.02590819787379e-06
0.2 0.06 0 4.884636971588135e-06
0.2 0.07 0 2.8865755668795007e-06
0.2 0.08 0 1.824230431691014e-06
0.2 0.09 0 1.2835699421970058e-06
0.2 0.1 0 1.7377369841278626e-06
0.2 0.11 0 2.4961969269210077e-06
0.2 0.12 0 2.6010003181989276e-06
0.2 0.13 0 2.2934961935767238e-06
0.2 0.14 0 2.344959856923285e-06
0.2 0.15 0 3.1243180531491706e-06
0.2 0.16 0 4.1099731001445376e-06
0.2 0.17 0 3.916183685589322e-06
0.2 0.18 0 3.5620228351787475e-06
0.2 0.19 0 2.873773310817192e-06
0.2 0.2 0 2.642777469858802e-06
0.2 0.21 0 2.207492022255666e-06
0.2 0.22 0 1.4581545457685691e-06
0.2 0.23 0 1.2351370549240037e-06
0.2 0.24 0 1.2857186780883902e-06
0.2 0.25 0 1.701899384178591e-06
0.2 0.26 0 1.7907385398555524e-06
0.2 0.27 0 1.6676218623468617e-06
0.2 0.28 0 1.671445087424712e-06
0.2 0.29 0 1.8569132522065502e-06
0.2 0.3 0 2.2462876504068853e-06
0.2 0.31 0 3.2754008045126455e-06
0.2 0.32 0 3.322336579264615e-06
0.2 0.33 0 3.227337023853068e-06
0.2 0.34 0 2.196428499300955e-06
0.2 0.35000000000000003 0 2.107741517345827e-06
0.2 0.36 0 2.0155147932193678e-06
0.2 0.37 0 2.2643340862107514e-06
0.2 0.38 0 2.068244879113803e-06
0.2 0.39 0 1.7076152128184268e-06
0.2 0.4 0 1.2432775064666315e-06
0.2 0.41000000000000003 0 1.4985275081647824e-06
0.2 0.42 0 1.5265621744003492e-06
0.2 0.43 0 1.8013114736595748e-06
0.2 0.44 0 1.3465365049115629e-06
0.2 0.45 0 1.4967232500353739e-06
0.2 0.46 0 1.45697713194341e-06
0.2 0.47000000000000003 0 1.5395847552751382e-06
0.2 0.48 0 1.284311854758721e-06
0.2 0.49 0 1.217256337317061e-06
0.2 0.5 0 1.044612518499744e-06
0.21 0.0 0 4.974641872347815e-06
0.21 0.01 0 4.022230346039235e-06
0.21 0.02 0 4.632357182044308e-06
0.21 0.03 0 5.392315538679947e-06
0.21 0.04 0 7.539024947106548e-06
0.21 0.05 0 6.070340358511245e-06
0.21 0.06 0 6.648689564773393e-06
0.21 0.07 0 6.486085452954179e-06
0.21 0.08 0 9.765420920340589e-06
0.21 0.09 0 8.770990823674396e-06
0.21 0.1 0 9.57329134134147e-06
0.21 0.11 0 9.356682124788005e-06
0.21 0.12 0 1.0576471037138758e-05
0.21 0.13 0 1.0716396587784369e-05
0.21 0.14 0 1.2028600170408354e-05
0.21 0.15 0 9.070228103412879e-06
0.21 0.16 0 7.90661599455684e-06
0.21 0.17 0 6.023738051833793e-06
0.21 0.18 0 6.2740760089338885e-06
0.21 0.19 0 4.348664024014614e-06
0.21 0.2 0 3.5171579693145434e-06
0.21 0.21 0 3.672082532214243e-06
0.21 0.22 0 4.765354536499599e-06
0.21 0.23 0 5.642897284009753e-06
0.21 0.24 0 5.55068157502038e-06
0.21 0.25 0 3.692082378283521e-06
0.21 0.26 0 2.4132590820831526e-06
0.21 0.27 0 1.662686541539061e-06
0.21 0.28 0 1.862968484937446e-06
0.21 0.29 0 1.8573466027907409e-06
0.21 0.3 0 1.6692514423910297e-06
0.21 0.31 0 1.710972357074463e-06
0.21 0.32 0 1.8594770040175596e-06
0.21 0.33 0 2.1548983733286126e-06
0.21 0.34 0 2.3645571165263777e-06
0.21 0.35000000000000003 0 2.486294677430847e-06
0.21 0.36 0 2.5931642091249116e-06
0.21 0.37 0 2.610982347753618e-06
0.21 0.38 0 3.865420891912934e-06
0.21 0.39 0 5.748517460957748e-06
0.21 0.4 0 6.230450409738361e-06
0.21 0.41000000000000003 0 5.541840560434982e-06
0.21 0.42 0 3.99493170007735e-06
0.21 0.43 0 2.96501881520057e-06
0.21 0.44 0 2.201482835351872e-06
0.21 0.45 0 1.754582306499873e-06
0.21 0.46 0 1.4632241370374183e-06
0.21 0.47000000000000003 0 1.0197879249724292e-06
0.21 0.48 0 1.022038213401281e-06
0.21 0.49 0 1.1867542161286621e-06
0.21 0.5 0 1.1963735024614662e-06
0.22 0.0 0 9.25717906284381e-06
0.22 0.01 0 1.0462616440730552e-05
0.22 0.02 0 1.0705441544726981e-05
0.22 0.03 0 1.2011365240213547e-05
0.22 0.04 0 1.5145033936317454e-05
0.22 0.05 0 1.5021395472711825e-05
0.22 0.06 0 1.351525077297935e-05
0.22 0.07 0 9.438085725240798e-06
0.22 0.08 0 7.276200057037883e-06
0.22 0.09 0 6.842626063857388e-06
0.22 0.1 0 7.461859074841823e-06
0.22 0.11 0 8.709368386194305e-06
0.22 0.12 0 6.268439645705551e-06
0.22 0.13 0 4.128168275857177e-06
0.22 0.14 0 2.985718672328655e-06
0.22 0.15 0 2.737246495915756e-06
0.22 0.16 0 2.909778432549649e-06
0.22 0.17 0 3.189705975210392e-06
0.22 0.18 0 3.3633344780417663e-06
0.22 0.19 0 3.843316527949885e-06
0.22 0.2 0 3.5391485492743933e-06
0.22 0.21 0 3.795809232807862e-06
0.22 0.22 0 2.9489627258286776e-06
0.22 0.23 0 2.9784348482340665e-06
0.22 0.24 0 3.157008163162099e-06
0.22 0.25 0 3.3913947212476344e-06
0.22 0.26 0 2.555675487082694e-06
0.22 0.27 0 1.7297853481415735e-06
0.22 0.28 0 1.2200069177699718e-06
0.22 0.29 0 1.2816990156684224e-06
0.22 0.3 0 1.2417338599688922e-06
0.22 0.31 0 1.62412770894984e-06
0.22 0.32 0 1.419674122502741e-06
0.22 0.33 0 1.2189769274342227e-06
0.22 0.34 0 8.861764936508155e-07
0.22 0.35000000000000003 0 8.390129013292928e-07
0.22 0.36 0 9.577101043637172e-07
0.22 0.37 0 1.2298756628057963e-06
0.22 0.38 0 1.2175335055279947e-06
0.22 0.39 0 1.040100221857429e-06
0.22 0.4 0 7.161747922669813e-07
0.22 0.41000000000000003 0 8.91308382902054e-07
0.22 0.42 0 1.1506571620620779e-06
0.22 0.43 0 1.3093049104284345e-06
0.22 0.44 0 1.034848746692382e-06
0.22 0.45 0 9.29431902063501e-07
0.22 0.46 0 1.2333357869969801e-06
0.22 0.47000000000000003 0 1.636091251500936e-06
0.22 0.48 0 1.5489052867599158e-06
0.22 0.49 0 1.0895066651518877e-06
0.22 0.5 0 6.896184504999096e-07
0.23 0.0 0 3.85157306196161e-06
0.23 0.01 0 2.8732659771847017e-06
0.23 0.02 0 2.1097823768005475e-06
0.23 0.03 0 2.715400919172974e-06
0.23 0.04 0 3.2924497597088673e-06
0.23 0.05 0 2.9741390024902888e-06
0.23 0.06 0 2.0315126474505976e-06
0.23 0.07 0 2.168650731249171e-06
0.23 0.08 0 2.3664073054319843e-06
0.23 0.09 0 3.4229724369716116e-06
0.23 0.1 0 3.4871880443041124e-06
0.23 0.11 0 5.1065613959282196e-06
0.23 0.12 0 4.489244062096517e-06
0.23 0.13 0 4.047522628878328e-06
0.23 0.14 0 2.786025084116461e-06
0.23 0.15 0 2.4029047832347526e-06
0.23 0.16 0 2.0169505696401202e-06
0.23 0.17 0 2.606035791569716e-06
0.23 0.18 0 2.3526500728258454e-06
0.23 0.19 0 2.4452937775394485e-06
0.23 0.2 0 1.7564949972702558e-06
0.23 0.21 0 2.340023857938261e-06
0.23 0.22 0 2.0301735686710317e-06
0.23 0.23 0 1.828105141166777e-06
0.23 0.24 0 1.372334046568939e-06
0.23 0.25 0 1.5313553574696948e-06
0.23 0.26 0 1.5030111289061736e-06
0.23 0.27 0 1.8693069240200526e-06
0.23 0.28 0 1.6203986053161653e-06
0.23 0.29 0 1.577841064110903e-06
0.23 0.3 0 8.596697122433518e-07
0.23 0.31 0 7.540294311877836e-07
0.23 0.32 0 6.1705087426339e-07
0.23 0.33 0 7.066996480592838e-07
0.23 0.34 0 7.174203611908724e-07
0.23 0.35000000000000003 0 7.566102072964687e-07
0.23 0.36 0 5.68101616937572e-07
0.23 0.37 0 5.166064246954195e-07
0.23 0.38 0 5.16957669104599e-07
0.23 0.39 0 7.359007171950054e-07
0.23 0.4 0 5.59667442730659e-07
0.23 0.41000000000000003 0 4.3822619793424986e-07
0.23 0.42 0 3.262722804774806e-07
0.23 0.43 0 3.557575242060701e-07
0.23 0.44 0 4.806779987701306e-07
0.23 0.45 0 7.711190945326409e-07
0.23 0.46 0 1.0128283527653377e-06
0.23 0.47000000000000003 0 9.903488966311683e-07
0.23 0.48 0 7.764383762680852e-07
0.23 0.49 0 8.128431972083538e-07
0.23 0.5 0 7.174680727585275e-07
0.24 0.0 0 1.5770653627496536e-06
0.24 0.01 0 1.7786527823510018e-06
0.24 0.02 0 1.8724610909905082e-06
0.24 0.03 0 1.756662785301914e-06
0.24 0.04 0 1.7879546287003667e-06
0.24 0.05 0 1.6821497852554391e-06
0.24 0.06 0 1.6726084233865484e-06
0.24 0.07 0 1.7381184347913614e-06
0.24 0.08 0 1.3815214111174778e-06
0.24 0.09 0 1.1327818791288396e-06
0.24 0.1 0 9.479289360673304e-07
0.24 0.11 0 1.142271274353788e-06
0.24 0.12 0 1.3502950311023899e-06
0.24 0.13 0 1.3778272604277772e-06
0.24 0.14 0 1.4863035494758747e-06
0.24 0.15 0 1.6736755375209855e-06
0.24 0.16 0 1.9233728208310843e-06
0.24 0.17 0 2.1535964780533065e-06
0.24 0.18 0 1.887445148003602e-06
0.24 0.19 0 1.8384423934704703e-06
0.24 0.2 0 1.7511586868969695e-06
0.24 0.21 0 1.9027287287183793e-06
0.24 0.22 0 1.8586240623259357e-06
0.24 0.23 0 1.6075009957129514e-06
0.24 0.24 0 1.791745337123476e-06
0.24 0.25 0 1.914048074644699e-06
0.24 0.26 0 1.8095826957982144e-06
0.24 0.27 0 1.5156206651029571e-06
0.24 0.28 0 1.3363000373711957e-06
0.24 0.29 0 1.3407288767681624e-06
0.24 0.3 0 1.1897833850658911e-06
0.24 0.31 0 9.576800160398608e-07
0.24 0.32 0 8.886450851002835e-07
0.24 0.33 0 7.253757580691839e-07
0.24 0.34 0 7.153990871305185e-07
0.24 0.35000000000000003 0 5.298026910763829e-07
0.24 0.36 0 4.587190552509608e-07
0.24 0.37 0 4.456533281000433e-07
0.24 0.38 0 5.829089095061571e-07
0.24 0.39 0 6.788658404794761e-07
0.24 0.4 0 6.650555271374828e-07
0.24 0.41000000000000003 0 5.34770453581804e-07
0.24 0.42 0 5.809841555628739e-07
0.24 0.43 0 4.5555328352066106e-07
0.24 0.44 0 4.7004348669767837e-07
0.24 0.45 0 4.2792514688128163e-07
0.24 0.46 0 5.656639308465156e-07
0.24 0.47000000000000003 0 5.311081510948948e-07
0.24 0.48 0 4.476111727854622e-07
0.24 0.49 0 3.4121804992851074e-07
0.24 0.5 0 4.133100617116325e-07
0.25 0.0 0 1.4431117713893103e-06
0.25 0.01 0 8.775096461164792e-07
0.25 0.02 0 7.084124980258107e-07
0.25 0.03 0 9.094005371112367e-07
0.25 0.04 0 1.2804766174332047e-06
0.25 0.05 0 1.1081304894086705e-06
0.25 0.06 0 6.929542182128225e-07
0.25 0.07 0 7.111270123827568e-07
0.25 0.08 0 8.478169865521871e-07
0.25 0.09 0 1.0666320116477982e-06
0.25 0.1 0 1.1183373705381577e-06
0.25 0.11 0 1.3108954421402727e-06
0.25 0.12 0 1.6021812135705519e-06
0.25 0.13 0 1.618598816433325e-06
0.25 0.14 0 1.681380053455643e-06
0.25 0.15 0 1.654408960038869e-06
0.25 0.16 0 1.6202778971082592e-06
0.25 0.17 0 1.801565499615988e-06
0.25 0.18 0 1.6852217819671474e-06
0.25 0.19 0 1.4013242560458378e-06
0.25 0.2 0 1.2213511590194803e-06
0.25 0.21 0 1.1652384650414326e-06
0.25 0.22 0 1.2199369950215665e-06
0.25 0.23 0 1.0131866857614491e-06
0.25 0.24 0 1.3459313593229904e-06
0.25 0.25 0 1.8778348606469602e-06
0.25 0.26 0 2.0349339364061964e-06
0.25 0.27 0 1.4125416908400647e-06
0.25 0.28 0 1.0202480209739607e-06
0.25 0.29 0 8.941097438137503e-07
0.25 0.3 0 1.0608736087189896e-06
0.25 0.31 0 1.0567678553068758e-06
0.25 0.32 0 1.118084460043252e-06
0.25 0.33 0 6.522832685694857e-07
0.25 0.34 0 4.748458750305425e-07
0.25 0.35000000000000003 0 3.113069548176159e-07
0.25 0.36 0 2.5948227081772663e-07
0.25 0.37 0 2.1388171880013376e-07
0.25 0.38 0 2.606212565234943e-07
0.25 0.39 0 3.0462832978055475e-07
0.25 0.4 0 3.830954057939136e-07
0.25 0.41000000000000003 0 3.602377472462096e-07
0.25 0.42 0 5.276417417693604e-07
0.25 0.43 0 5.007609595646445e-07
0.25 0.44 0 6.12140332305814e-07
0.25 0.45 0 6.847940261839111e-07
0.25 0.46 0 1.061575326974754e-06
0.25 0.47000000000000003 0 1.16870231550607e-06
0.25 0.48 0 1.2527723279649674e-06
0.25 0.49 0 1.2427289898628185e-06
0.25 0.5 0 1.7796535626940528e-06
0.26 0.0 0 5.389140484744594e-07
0.26 0.01 0 5.688140428537706e-07
0.26 0.02 0 6.260197433430716e-07
0.26 0.03 0 8.251505899740094e-07
0.26 0.04 0 7.205392168457927e-07
0.26 0.05 0 6.996847794140776e-07
0.26 0.06 0 5.442422708769791e-07
0.26 0.07 0 7.771527614845939e-07
0.26 0.08 0 8.163245273541929e-07
0.26 0.09 0 9.382393461757396e-07
0.26 0.1 0 9.226794311275606e-07
0.26 0.11 0 1.234809946477278e-06
0.26 0.12 0 1.4259954762253723e-06
0.26 0.13 0 1.296577444630573e-06
0.26 0.14 0 8.604622461595362e-07
0.26 0.15 0 7.42510180997514e-07
0.26 0.16 0 6.11448760497981e-07
0.26 0.17 0 7.223417413361657e-07
0.26 0.18 0 7.001014444860016e-07
0.26 0.19 0 7.564238937740358e-07
0.26 0.2 0 7.579424354270581e-07
0.26 0.21 0 7.183570065335904e-07
0.26 0.22 0 6.046515383138084e-07
0.26 0.23 0 4.890830470019926e-07
0.26 0.24 0 4.875811498044722e-07
0.26 0.25 0 6.177218885666837e-07
0.26 0.26 0 6.006503290157495e-07
0.26 0.27 0 5.811448913551632e-07
0.26 0.28 0 5.171196413671482e-07
0.26 0.29 0 4.774710378310197e-07
0.26 0.3 0 4.089920885623662e-07
0.26 0.31 0 3.4940376616905554e-07
0.26 0.32 0 4.2660839179780373e-07
0.26 0.33 0 5.238029826865745e-07
0.26 0.34 0 5.37060495768064e-07
0.26 0.35000000000000003 0 4.5418842544360097e-07
0.26 0.36 0 3.757271577230703e-07
0.26 0.37 0 4.946884727890441e-07
0.26 0.38 0 7.342049662984198e-07
0.26 0.39 0 8.426376588978941e-07
0.26 0.4 0 6.92730015899299e-07
0.26 0.41000000000000003 0 5.852686190336534e-07
0.26 0.42 0 8.227353675562103e-07
0.26 0.43 0 1.2057494144096616e-06
0.26 0.44 0 1.4301006191929201e-06
0.26 0.45 0 1.7080672677729287e-06
0.26 0.46 0 1.9534621597725708e-06
0.26 0.47000000000000003 0 2.558447136549272e-06
0.26 0.48 0 2.5737601686571495e-06
0.26 0.49 0 2.6143023215779246e-06
0.26 0.5 0 2.656303616696484e-06
0.27 0.0 0 1.0157649284126235e-06
0.27 0.01 0 7.686898768277268e-07
0.27 0.02 0 6.249214238552582e-07
0.27 0.03 0 6.743815836153059e-07
0.27 0.04 0 7.770021176227782e-07
0.27 0.05 0 7.265439137738272e-07
0.27 0.06 0 5.184779504566463e-07
0.27 0.07 0 5.24915603629394e-07
0.27 0.08 0 6.509861340090906e-07
0.27 0.09 0 7.023395333745122e-07
0.27 0.1 0 8.484894276307729e-07
0.27 0.11 0 9.283300519750077e-07
0.27 0.12 0 1.056354002684825e-06
0.27 0.13 0 9.490602231351788e-07
0.27 0.14 0 1.01976092245645e-06
0.27 0.15 0 1.2141351636832751e-06
0.27 0.16 0 1.2459497038028682e-06
0.27 0.17 0 1.032514485684534e-06
0.27 0.18 0 9.124641193969032e-07
0.27 0.19 0 8.091000221867974e-07
0.27 0.2 0 1.1228596048869855e-06
0.27 0.21 0 1.1602373644871722e-06
0.27 0.22 0 9.934166445665724e-07
0.27 0.23 0 6.199474321394517e-07
0.27 0.24 0 7.08765219604863e-07
0.27 0.25 0 1.1379353543616135e-06
0.27 0.26 0 1.331521658459298e-06
0.27 0.27 0 8.731104852010781e-07
0.27 0.28 0 6.780144044546314e-07
0.27 0.29 0 6.091610170393525e-07
0.27 0.3 0 7.688061597817737e-07
0.27 0.31 0 6.605798887740425e-07
0.27 0.32 0 5.877033024135452e-07
0.27 0.33 0 4.282112192578819e-07
0.27 0.34 0 4.103731920431974e-07
0.27 0.35000000000000003 0 4.7646425874767043e-07
0.27 0.36 0 5.437701429113124e-07
0.27 0.37 0 5.903737639918594e-07
0.27 0.38 0 8.058205459665433e-07
0.27 0.39 0 9.480774232087326e-07
0.27 0.4 0 9.971865717677554e-07
0.27 0.41000000000000003 0 7.950399072036018e-07
0.27 0.42 0 8.55788217394196e-07
0.27 0.43 0 9.307142667398858e-07
0.27 0.44 0 9.58134343423409e-07
0.27 0.45 0 1.135160712686186e-06
0.27 0.46 0 1.1408325402137482e-06
0.27 0.47000000000000003 0 9.089941069557169e-07
0.27 0.48 0 6.273806443038075e-07
0.27 0.49 0 5.445863042621917e-07
0.27 0.5 0 6.713828861473896e-07
0.28 0.0 0 1.6357709901207387e-06
0.28 0.01 0 1.1864186003692118e-06
0.28 0.02 0 1.4088891257454659e-06
0.28 0.03 0 1.4618867602468997e-06
0.28 0.04 0 1.4943137408324078e-06
0.28 0.05 0 1.1514889373825484e-06
0.28 0.06 0 1.1183598079318916e-06
0.28 0.07 0 1.0213810240942346e-06
0.28 0.08 0 1.0824900652883877e-06
0.28 0.09 0 5.76739952619328e-07
0.28 0.1 0 4.726383883109813e-07
0.28 0.11 0 4.137222289877879e-07
0.28 0.12 0 6.353121819735862e-07
0.28 0.13 0 6.433334319696538e-07
0.28 0.14 0 6.582911224763101e-07
0.28 0.15 0 5.688418077789627e-07
0.28 0.16 0 7.073660198819673e-07
0.28 0.17 0 7.482986297616522e-07
0.28 0.18 0 1.0710123986039812e-06
0.28 0.19 0 8.470814073592429e-07
0.28 0.2 0 8.605932706314344e-07
0.28 0.21 0 6.156597696091577e-07
0.28 0.22 0 7.218770473222558e-07
0.28 0.23 0 8.386737150908548e-07
0.28 0.24 0 1.396533520460386e-06
0.28 0.25 0 1.6758406130348103e-06
0.28 0.26 0 1.6327400892874668e-06
0.28 0.27 0 1.0561303264688974e-06
0.28 0.28 0 1.192888139577431e-06
0.28 0.29 0 1.1886528532898578e-06
0.28 0.3 0 1.6190152927738701e-06
0.28 0.31 0 1.5355542622653823e-06
0.28 0.32 0 1.9066874020330653e-06
0.28 0.33 0 1.750049835951174e-06
0.28 0.34 0 1.323424172532407e-06
0.28 0.35000000000000003 0 8.074491833617654e-07
0.28 0.36 0 6.818517978351736e-07
0.28 0.37 0 6.89111427162831e-07
0.28 0.38 0 9.360388158729437e-07
0.28 0.39 0 7.681763916787081e-07
0.28 0.4 0 6.852804653874551e-07
0.28 0.41000000000000003 0 6.645522047089686e-07
0.28 0.42 0 1.006488114545133e-06
0.28 0.43 0 1.191571848114681e-06
0.28 0.44 0 8.965202059361443e-07
0.28 0.45 0 6.731853666964579e-07
0.28 0.46 0 7.297770433111686e-07
0.28 0.47000000000000003 0 9.129113731048652e-07
0.28 0.48 0 1.144822916335862e-06
0.28 0.49 0 1.0255744386753076e-06
0.28 0.5 0 9.617810666777517e-07
0.29 0.0 0 5.391997285555488e-07
0.29 0.01 0 4.799539411887727e-07
0.29 0.02 0 4.822875462389456e-07
0.29 0.03 0 6.267955236565577e-07
0.29 0.04 0 7.770599852647296e-07
0.29 0.05 0 7.693882037451153e-07
0.29 0.06 0 7.139798474618517e-07
0.29 0.07 0 7.453409076822759e-07
0.29 0.08 0 9.467433993881706e-07
0.29 0.09 0 8.398365880645834e-07
0.29 0.1 0 8.944108109302445e-07
0.29 0.11 0 1.0805451288375503e-06
0.29 0.12 0 1.2120186093002313e-06
0.29 0.13 0 1.1157367687625208e-06
0.29 0.14 0 1.0140929651716505e-06
0.29 0.15 0 1.1407818620751475e-06
0.29 0.16 0 1.2596703642350233e-06
0.29 0.17 0 1.1038363396279715e-06
0.29 0.18 0 1.047376165199325e-06
0.29 0.19 0 1.0134591226091675e-06
0.29 0.2 0 1.3953293849147376e-06
0.29 0.21 0 1.9653134490103364e-06
0.29 0.22 0 1.8193478972438389e-06
0.29 0.23 0 1.4695564552303699e-06
0.29 0.24 0 1.4502183290785098e-06
0.29 0.25 0 2.349573095331489e-06
0.29 0.26 0 2.9124242535003424e-06
0.29 0.27 0 2.3887442523331085e-06
0.29 0.28 0 1.8866393141730598e-06
0.29 0.29 0 1.6443819711127545e-06
0.29 0.3 0 1.4937743459549583e-06
0.29 0.31 0 1.6401886796580335e-06
0.29 0.32 0 1.6922458005196208e-06
0.29 0.33 0 2.11902254564261e-06
0.29 0.34 0 1.9575023150596137e-06
0.29 0.35000000000000003 0 2.2144598856594624e-06
0.29 0.36 0 2.037217116639462e-06
0.29 0.37 0 2.176071043007239e-06
0.29 0.38 0 2.6184438129765298e-06
0.29 0.39 0 3.474305756914572e-06
0.29 0.4 0 3.1832199118518625e-06
0.29 0.41000000000000003 0 3.104489516226102e-06
0.29 0.42 0 2.3645859337691367e-06
0.29 0.43 0 2.1049342660888956e-06
0.29 0.44 0 1.1396182535175442e-06
0.29 0.45 0 9.768363554398724e-07
0.29 0.46 0 8.747124952045253e-07
0.29 0.47000000000000003 0 9.299155717752333e-07
0.29 0.48 0 8.43676233859769e-07
0.29 0.49 0 9.856454847457307e-07
0.29 0.5 0 1.0455853174085716e-06
0.3 0.0 0 8.523189316628569e-07
0.3 0.01 0 9.295159530500728e-07
0.3 0.02 0 8.231658588527225e-07
0.3 0.03 0 8.160763586019053e-07
0.3 0.04 0 9.454621808986555e-07
0.3 0.05 0 1.1079289721837923e-06
0.3 0.06 0 1.2547765669291237e-06
0.3 0.07 0 1.1931003548597957e-06
0.3 0.08 0 1.3058481869057422e-06
0.3 0.09 0 1.2838333924897736e-06
0.3 0.1 0 1.4214969086404413e-06
0.3 0.11 0 1.8601623175901236e-06
0.3 0.12 0 2.0266969235165274e-06
0.3 0.13 0 1.992750768561547e-06
0.3 0.14 0 1.5750463316585133e-06
0.3 0.15 0 1.311172391952776e-06
0.3 0.16 0 1.1297126269301076e-06
0.3 0.17 0 1.1309644772761737e-06
0.3 0.18 0 1.5606046656869124e-06
0.3 0.19 0 2.2308167055817852e-06
0.3 0.2 0 2.1454008377220255e-06
0.3 0.21 0 1.7654680344688007e-06
0.3 0.22 0 1.1649133200064945e-06
0.3 0.23 0 1.2891382954464912e-06
0.3 0.24 0 1.4869056740758346e-06
0.3 0.25 0 1.8238819038881726e-06
0.3 0.26 0 1.4667925950524155e-06
0.3 0.27 0 1.2791693935589581e-06
0.3 0.28 0 1.5438934475061856e-06
0.3 0.29 0 2.548876741359069e-06
0.3 0.3 0 2.599429713733241e-06
0.3 0.31 0 2.6509974156286193e-06
0.3 0.32 0 2.1335256186863533e-06
0.3 0.33 0 2.80943610542252e-06
0.3 0.34 0 2.689757320183816e-06
0.3 0.35000000000000003 0 3.005762027080057e-06
0.3 0.36 0 2.811446786326348e-06
0.3 0.37 0 3.231768013057312e-06
0.3 0.38 0 3.1251065903406855e-06
0.3 0.39 0 2.977953076189798e-06
0.3 0.4 0 1.7966764273914387e-06
0.3 0.41000000000000003 0 1.6244884756921613e-06
0.3 0.42 0 1.3040647778550842e-06
0.3 0.43 0 1.584465499586624e-06
0.3 0.44 0 1.3442800607806174e-06
0.3 0.45 0 1.6921866460545448e-06
0.3 0.46 0 2.13609940435963e-06
0.3 0.47000000000000003 0 2.7937397197553397e-06
0.3 0.48 0 2.558117973443219e-06
0.3 0.49 0 2.751842893115283e-06
0.3 0.5 0 2.627255004334046e-06
#STOP
