#MEDIUM_PROPERTIES_DISTRIBUTED
$MSH_TYPE
	 GROUNDWATER_FLOW	
$MMP_TYPE
	 PERMEABILITY	
$DIS_TYPE
	 NEAREST_VALUE	
;hj
$CONVERSION_FACTOR
	 1.0	
$DATA
0.0 0.0 0 2.1541759588369785e-05
0.0 0.01 0 1.742516379518561e-05
0.0 0.02 0 1.9329224382596746e-05
0.0 0.03 0 2.04183859915324e-05
0.0 0.04 0 1.8544241230299e-05
0.0 0.05 0 1.677040820091868e-05
0.0 0.06 0 1.0803706875155945e-05
0.0 0.07 0 7.484959081911532e-06
0.0 0.08 0 7.834613962056183e-06
0.0 0.09 0 5.856311380606155e-06
0.0 0.1 0 5.804699548485336e-06
0.0 0.11 0 9.723470867125562e-06
0.0 0.12 0 9.759689388605083e-06
0.0 0.13 0 9.003261086068912e-06
0.0 0.14 0 6.014400285097245e-06
0.0 0.15 0 4.02162241470684e-06
0.0 0.16 0 4.481515303782038e-06
0.0 0.17 0 4.88962395352725e-06
0.0 0.18 0 4.656117803358414e-06
0.0 0.19 0 5.7572419551736066e-06
0.0 0.2 0 4.424402791221981e-06
0.0 0.21 0 4.667429931796074e-06
0.0 0.22 0 6.377977591338321e-06
0.0 0.23 0 5.590847860846372e-06
0.0 0.24 0 3.416109562200056e-06
0.0 0.25 0 3.425008616611695e-06
0.0 0.26 0 4.326155655935918e-06
0.0 0.27 0 3.3914934724532474e-06
0.0 0.28 0 2.0592128165364116e-06
0.0 0.29 0 2.0780281123240432e-06
0.0 0.3 0 2.2587425940154984e-06
0.0 0.31 0 2.219568510229236e-06
0.0 0.32 0 2.6699695355770806e-06
0.0 0.33 0 2.176818922750285e-06
0.0 0.34 0 1.0938472647440718e-06
0.0 0.35000000000000003 0 7.687087386912695e-07
0.0 0.36 0 1.0447456080886045e-06
0.0 0.37 0 8.919881101302647e-07
0.0 0.38 0 5.558561590427595e-07
0.0 0.39 0 5.62405400539826e-07
0.0 0.4 0 8.01560867203002e-07
0.0 0.41000000000000003 0 7.889606303436406e-07
0.0 0.42 0 7.433133744623091e-07
0.0 0.43 0 8.670818460223585e-07
0.0 0.44 0 1.2887619128993105e-06
0.0 0.45 0 1.5439028803251031e-06
0.0 0.46 0 1.8393964947504467e-06
0.0 0.47000000000000003 0 1.7937520349168282e-06
0.0 0.48 0 9.28117367865031e-07
0.0 0.49 0 6.86583379136216e-07
0.0 0.5 0 1.254620265991822e-06
0.01 0.0 0 3.8591668889325266e-05
0.01 0.01 0 4.1098289997844144e-05
0.01 0.02 0 2.9444818477542775e-05
0.01 0.03 0 2.7588301550436332e-05
0.01 0.04 0 3.364252592284602e-05
0.01 0.05 0 1.854303162604203e-05
0.01 0.06 0 1.5018551431598469e-05
0.01 0.07 0 2.4175267055912145e-05
0.01 0.08 0 2.3566348954920292e-05
0.01 0.09 0 1.6398532240440714e-05
0.01 0.1 0 1.8434885019139557e-05
0.01 0.11 0 1.4778643733228984e-05
0.01 0.12 0 7.792503872207763e-06
0.01 0.13 0 5.411621557608692e-06
0.01 0.14 0 4.111959749867787e-06
0.01 0.15 0 3.3477665158131153e-06
0.01 0.16 0 3.7270602074497068e-06
0.01 0.17 0 5.56428163766041e-06
0.01 0.18 0 7.333740665965867e-06
0.01 0.19 0 6.182012331695733e-06
0.01 0.2 0 3.9924079913605345e-06
0.01 0.21 0 4.367660119928785e-06
0.01 0.22 0 5.478582682385631e-06
0.01 0.23 0 4.683550216742122e-06
0.01 0.24 0 3.94171567583163e-06
0.01 0.25 0 5.407959647176866e-06
0.01 0.26 0 5.230757703949612e-06
0.01 0.27 0 3.834138260330244e-06
0.01 0.28 0 5.656967581111468e-06
0.01 0.29 0 5.250992525879423e-06
0.01 0.3 0 1.897328650515041e-06
0.01 0.31 0 1.6976397497403235e-06
0.01 0.32 0 2.082126250764977e-06
0.01 0.33 0 9.83151871588235e-07
0.01 0.34 0 8.218657076673274e-07
0.01 0.35000000000000003 0 1.1759116346093889e-06
0.01 0.36 0 1.2714731524742042e-06
0.01 0.37 0 1.296489995361961e-06
0.01 0.38 0 1.6122075334454465e-06
0.01 0.39 0 1.4123819892001702e-06
0.01 0.4 0 1.1397681933538722e-06
0.01 0.41000000000000003 0 1.2965840467127862e-06
0.01 0.42 0 1.7956752557580288e-06
0.01 0.43 0 1.649493971485499e-06
0.01 0.44 0 1.5185965966040013e-06
0.01 0.45 0 1.3418718968950895e-06
0.01 0.46 0 1.6352520256425467e-06
0.01 0.47000000000000003 0 2.576818737337315e-06
0.01 0.48 0 2.138480662949365e-06
0.01 0.49 0 2.0002266327376064e-06
0.01 0.5 0 3.4502398961320744e-06
0.02 0.0 0 6.163437867547569e-05
0.02 0.01 0 5.2958364350204463e-05
0.02 0.02 0 7.646573260410392e-05
0.02 0.03 0 9.166006742881207e-05
0.02 0.04 0 6.989136785595933e-05
0.02 0.05 0 4.5865723052064046e-05
0.02 0.06 0 3.28902262435954e-05
0.02 0.07 0 3.2183829293696566e-05
0.02 0.08 0 2.625206639495433e-05
0.02 0.09 0 1.9855146896179213e-05
0.02 0.1 0 2.2517784764735486e-05
0.02 0.11 0 1.538581778669345e-05
0.02 0.12 0 1.0907802384622777e-05
0.02 0.13 0 1.6177763057052682e-05
0.02 0.14 0 1.0789357057850603e-05
0.02 0.15 0 5.407061627522249e-06
0.02 0.16 0 6.796967157681373e-06
0.02 0.17 0 9.612065410836666e-06
0.02 0.18 0 6.000292027720893e-06
0.02 0.19 0 4.6978990455654065e-06
0.02 0.2 0 4.435518432758689e-06
0.02 0.21 0 3.4381133153475807e-06
0.02 0.22 0 3.033728483928487e-06
0.02 0.23 0 4.038162331121173e-06
0.02 0.24 0 4.041809250381377e-06
0.02 0.25 0 3.860996411260835e-06
0.02 0.26 0 3.4481003865084328e-06
0.02 0.27 0 3.7723510215996834e-06
0.02 0.28 0 3.102231325884946e-06
0.02 0.29 0 1.97424189374308e-06
0.02 0.3 0 2.4295249733035606e-06
0.02 0.31 0 2.981340275432721e-06
0.02 0.32 0 1.8209368146653689e-06
0.02 0.33 0 1.2081291909825768e-06
0.02 0.34 0 9.658020199327535e-07
0.02 0.35000000000000003 0 1.0510053439049139e-06
0.02 0.36 0 1.3504083129770581e-06
0.02 0.37 0 1.228792256485676e-06
0.02 0.38 0 1.4552386605908314e-06
0.02 0.39 0 1.2110855684965878e-06
0.02 0.4 0 1.1458632616691973e-06
0.02 0.41000000000000003 0 1.9805270139295466e-06
0.02 0.42 0 1.928264529476285e-06
0.02 0.43 0 1.4522860863683752e-06
0.02 0.44 0 2.1492564202402865e-06
0.02 0.45 0 2.143348872021636e-06
0.02 0.46 0 2.0142941879650663e-06
0.02 0.47000000000000003 0 1.8932298933680058e-06
0.02 0.48 0 1.374223789450105e-06
0.02 0.49 0 1.34237151301894e-06
0.02 0.5 0 1.8120293253753357e-06
0.03 0.0 0 5.3237007616398233e-05
0.03 0.01 0 5.2771095484229335e-05
0.03 0.02 0 5.656868586168216e-05
0.03 0.03 0 4.089617349070811e-05
0.03 0.04 0 3.699015397658417e-05
0.03 0.05 0 3.2529788343269774e-05
0.03 0.06 0 3.339411564615937e-05
0.03 0.07 0 3.5051599342320965e-05
0.03 0.08 0 3.8801745322738684e-05
0.03 0.09 0 3.9693331699145534e-05
0.03 0.1 0 2.6772702007722827e-05
0.03 0.11 0 1.4598781651302887e-05
0.03 0.12 0 1.3732133347077604e-05
0.03 0.13 0 1.5883007450050085e-05
0.03 0.14 0 1.6295777555537246e-05
0.03 0.15 0 1.528161022472572e-05
0.03 0.16 0 1.3816457919824084e-05
0.03 0.17 0 1.1348295691786073e-05
0.03 0.18 0 8.11567375930783e-06
0.03 0.19 0 6.976073630694024e-06
0.03 0.2 0 6.0013764661460545e-06
0.03 0.21 0 5.448437197911162e-06
0.03 0.22 0 5.607393549545762e-06
0.03 0.23 0 6.522293569184172e-06
0.03 0.24 0 5.763368960547227e-06
0.03 0.25 0 3.394971782743563e-06
0.03 0.26 0 2.4117834904590546e-06
0.03 0.27 0 3.250596408944836e-06
0.03 0.28 0 3.173696571220035e-06
0.03 0.29 0 2.2934078495869243e-06
0.03 0.3 0 2.105306868970385e-06
0.03 0.31 0 1.8242867924674264e-06
0.03 0.32 0 1.3644714949389644e-06
0.03 0.33 0 1.2135701502999043e-06
0.03 0.34 0 1.3705267867962275e-06
0.03 0.35000000000000003 0 1.3355157392144306e-06
0.03 0.36 0 1.565619434382343e-06
0.03 0.37 0 2.5818264002492175e-06
0.03 0.38 0 2.8525910883425747e-06
0.03 0.39 0 1.7928847786211473e-06
0.03 0.4 0 1.9289542905499388e-06
0.03 0.41000000000000003 0 2.8059974063710267e-06
0.03 0.42 0 3.934605961590888e-06
0.03 0.43 0 3.430479007592241e-06
0.03 0.44 0 2.2404176297886644e-06
0.03 0.45 0 2.032934756394984e-06
0.03 0.46 0 2.589797420694055e-06
0.03 0.47000000000000003 0 3.072344453092154e-06
0.03 0.48 0 4.091981060086225e-06
0.03 0.49 0 3.818933904400355e-06
0.03 0.5 0 2.7114395072932223e-06
0.04 0.0 0 0.0002162001241326007
0.04 0.01 0 0.00014204924478074696
0.04 0.02 0 8.017255219643904e-05
0.04 0.03 0 0.00010043391230225919
0.04 0.04 0 0.00010076765092815973
0.04 0.05 0 5.6651530073523964e-05
0.04 0.06 0 6.418335207934335e-05
0.04 0.07 0 6.370799991131224e-05
0.04 0.08 0 3.9125825879931936e-05
0.04 0.09 0 3.268192876338416e-05
0.04 0.1 0 2.5170461478698247e-05
0.04 0.11 0 1.7476056138014383e-05
0.04 0.12 0 2.1945766052067237e-05
0.04 0.13 0 2.7439705917553198e-05
0.04 0.14 0 2.159185774226425e-05
0.04 0.15 0 1.8420952617085814e-05
0.04 0.16 0 1.5295100981833527e-05
0.04 0.17 0 1.1426039605304873e-05
0.04 0.18 0 1.032071701801017e-05
0.04 0.19 0 1.164655517998904e-05
0.04 0.2 0 7.698772983133847e-06
0.04 0.21 0 5.154466471709665e-06
0.04 0.22 0 3.577169099191635e-06
0.04 0.23 0 2.521579426632324e-06
0.04 0.24 0 2.601963428664954e-06
0.04 0.25 0 3.2136506130280014e-06
0.04 0.26 0 2.7231362194388397e-06
0.04 0.27 0 3.060126449726295e-06
0.04 0.28 0 2.2080369239109645e-06
0.04 0.29 0 1.3316883350941994e-06
0.04 0.3 0 1.6564688056802106e-06
0.04 0.31 0 1.9853528655361817e-06
0.04 0.32 0 1.5303278592540224e-06
0.04 0.33 0 2.2809242485289597e-06
0.04 0.34 0 4.054113060124342e-06
0.04 0.35000000000000003 0 2.7826320455257287e-06
0.04 0.36 0 1.9283025200593805e-06
0.04 0.37 0 2.7705073464242663e-06
0.04 0.38 0 2.66244754975405e-06
0.04 0.39 0 1.9472487793434606e-06
0.04 0.4 0 3.83126870379517e-06
0.04 0.41000000000000003 0 5.040517013131046e-06
0.04 0.42 0 3.5205618419537157e-06
0.04 0.43 0 5.156465792055536e-06
0.04 0.44 0 1.1181698034640074e-05
0.04 0.45 0 8.940617406873938e-06
0.04 0.46 0 6.881494552371974e-06
0.04 0.47000000000000003 0 9.404995380172302e-06
0.04 0.48 0 9.957834171934872e-06
0.04 0.49 0 6.6915204087875845e-06
0.04 0.5 0 6.071427235462472e-06
0.05 0.0 0 6.0327548111615625e-05
0.05 0.01 0 6.059302142513994e-05
0.05 0.02 0 6.391568114058767e-05
0.05 0.03 0 7.897281088506403e-05
0.05 0.04 0 8.911256196955905e-05
0.05 0.05 0 8.350066958308482e-05
0.05 0.06 0 6.938703273846842e-05
0.05 0.07 0 5.1547717596711205e-05
0.05 0.08 0 5.849091543434746e-05
0.05 0.09 0 5.735550608163139e-05
0.05 0.1 0 5.225078819114843e-05
0.05 0.11 0 3.324545930367067e-05
0.05 0.12 0 1.9466498166195784e-05
0.05 0.13 0 1.716850757170951e-05
0.05 0.14 0 1.6424743972913556e-05
0.05 0.15 0 1.8352032348145528e-05
0.05 0.16 0 1.940653340807822e-05
0.05 0.17 0 1.0808708914360913e-05
0.05 0.18 0 9.420863991209756e-06
0.05 0.19 0 8.574331082109971e-06
0.05 0.2 0 4.192152722300022e-06
0.05 0.21 0 4.85869055756761e-06
0.05 0.22 0 7.5452727978280364e-06
0.05 0.23 0 8.231517195093525e-06
0.05 0.24 0 9.223353143846883e-06
0.05 0.25 0 7.808333528423201e-06
0.05 0.26 0 5.1728271832292e-06
0.05 0.27 0 4.453529709435528e-06
0.05 0.28 0 4.201220914775174e-06
0.05 0.29 0 4.947625771639398e-06
0.05 0.3 0 5.167813078700283e-06
0.05 0.31 0 5.16311967597563e-06
0.05 0.32 0 6.23090774210316e-06
0.05 0.33 0 7.2798627781225934e-06
0.05 0.34 0 5.669557381775887e-06
0.05 0.35000000000000003 0 3.905861181824029e-06
0.05 0.36 0 4.782396083028985e-06
0.05 0.37 0 5.78581988287981e-06
0.05 0.38 0 4.899810606770902e-06
0.05 0.39 0 5.0451581448492685e-06
0.05 0.4 0 6.4263480161074625e-06
0.05 0.41000000000000003 0 6.568633218478527e-06
0.05 0.42 0 7.683296743770717e-06
0.05 0.43 0 1.0050916683777319e-05
0.05 0.44 0 1.088851889663862e-05
0.05 0.45 0 7.76642528716372e-06
0.05 0.46 0 1.014683533136702e-05
0.05 0.47000000000000003 0 1.4454625747335078e-05
0.05 0.48 0 1.0366438644301266e-05
0.05 0.49 0 8.865098633908274e-06
0.05 0.5 0 9.209402980262921e-06
0.06 0.0 0 2.600992119212632e-05
0.06 0.01 0 2.912951238268138e-05
0.06 0.02 0 2.385962754487193e-05
0.06 0.03 0 1.763497762723601e-05
0.06 0.04 0 1.8453755024735503e-05
0.06 0.05 0 1.725521260957568e-05
0.06 0.06 0 1.7534177805472523e-05
0.06 0.07 0 2.4708266569195873e-05
0.06 0.08 0 2.3858328848103212e-05
0.06 0.09 0 1.719888529830121e-05
0.06 0.1 0 2.4832540397760986e-05
0.06 0.11 0 3.841908415663631e-05
0.06 0.12 0 3.2498180949696524e-05
0.06 0.13 0 2.6163431319157246e-05
0.06 0.14 0 3.572295841260908e-05
0.06 0.15 0 2.8453521714241463e-05
0.06 0.16 0 1.0884835429929023e-05
0.06 0.17 0 1.1106168530827994e-05
0.06 0.18 0 1.3486184663493646e-05
0.06 0.19 0 1.014597300208279e-05
0.06 0.2 0 1.8975173475841748e-05
0.06 0.21 0 3.9375078714455284e-05
0.06 0.22 0 2.192578735331391e-05
0.06 0.23 0 1.7291064735430816e-05
0.06 0.24 0 2.3723269979665512e-05
0.06 0.25 0 2.516745170072302e-05
0.06 0.26 0 1.948554838010665e-05
0.06 0.27 0 2.514644517359094e-05
0.06 0.28 0 4.132102152716889e-05
0.06 0.29 0 4.653190487636298e-05
0.06 0.3 0 3.254416425786958e-05
0.06 0.31 0 2.5197590590140282e-05
0.06 0.32 0 1.7995505994037658e-05
0.06 0.33 0 1.418997599316412e-05
0.06 0.34 0 1.391760737679056e-05
0.06 0.35000000000000003 0 1.2631343738274465e-05
0.06 0.36 0 7.212250895046446e-06
0.06 0.37 0 4.0388408306976175e-06
0.06 0.38 0 5.841255160297316e-06
0.06 0.39 0 1.0349534500329505e-05
0.06 0.4 0 7.810261054874816e-06
0.06 0.41000000000000003 0 5.591794472099032e-06
0.06 0.42 0 8.70402061606467e-06
0.06 0.43 0 1.0853594485000743e-05
0.06 0.44 0 1.337297266825937e-05
0.06 0.45 0 2.0299022025119863e-05
0.06 0.46 0 2.07502435353394e-05
0.06 0.47000000000000003 0 1.5116500379294196e-05
0.06 0.48 0 1.9403447362179843e-05
0.06 0.49 0 1.6247816464502454e-05
0.06 0.5 0 7.417425007703889e-06
0.07 0.0 0 3.37606880245993e-05
0.07 0.01 0 2.026206218572884e-05
0.07 0.02 0 1.7412782300940148e-05
0.07 0.03 0 1.3792698153448362e-05
0.07 0.04 0 1.4593490264397576e-05
0.07 0.05 0 2.1384076678343265e-05
0.07 0.06 0 2.2544236215220472e-05
0.07 0.07 0 1.4445884429399588e-05
0.07 0.08 0 1.197479580275314e-05
0.07 0.09 0 1.201024616407864e-05
0.07 0.1 0 1.5358902938964223e-05
0.07 0.11 0 1.7390852383912718e-05
0.07 0.12 0 2.1092998238704544e-05
0.07 0.13 0 2.478083407594288e-05
0.07 0.14 0 2.9813577531028074e-05
0.07 0.15 0 3.160196268495862e-05
0.07 0.16 0 2.9857061672718174e-05
0.07 0.17 0 2.9958148768275853e-05
0.07 0.18 0 2.8387375089545982e-05
0.07 0.19 0 2.186689439658947e-05
0.07 0.2 0 2.3188080047238564e-05
0.07 0.21 0 2.572230969849636e-05
0.07 0.22 0 1.8243911665859007e-05
0.07 0.23 0 1.8852557486645662e-05
0.07 0.24 0 2.4797714954825665e-05
0.07 0.25 0 2.0358112365606373e-05
0.07 0.26 0 1.7640530030533417e-05
0.07 0.27 0 2.992626862323318e-05
0.07 0.28 0 3.317662530809033e-05
0.07 0.29 0 3.178169853354066e-05
0.07 0.3 0 4.5539356257342595e-05
0.07 0.31 0 4.13083560000801e-05
0.07 0.32 0 2.6976391503491027e-05
0.07 0.33 0 2.772293101812447e-05
0.07 0.34 0 2.523542715157069e-05
0.07 0.35000000000000003 0 2.7289434519056494e-05
0.07 0.36 0 2.930764421371408e-05
0.07 0.37 0 2.162942214492068e-05
0.07 0.38 0 2.3977332558156666e-05
0.07 0.39 0 2.4439318085489098e-05
0.07 0.4 0 2.1750825102082314e-05
0.07 0.41000000000000003 0 2.6914511877409712e-05
0.07 0.42 0 2.6025939673248598e-05
0.07 0.43 0 2.0461925844666025e-05
0.07 0.44 0 2.145942582904173e-05
0.07 0.45 0 2.0102028384551957e-05
0.07 0.46 0 1.8610171935160333e-05
0.07 0.47000000000000003 0 1.2050633933295761e-05
0.07 0.48 0 9.69849345234803e-06
0.07 0.49 0 1.0253330744765422e-05
0.07 0.5 0 8.03209293463227e-06
0.08 0.0 0 9.40349990696414e-06
0.08 0.01 0 1.4736496433559912e-05
0.08 0.02 0 1.4362895628142577e-05
0.08 0.03 0 7.4038919852689774e-06
0.08 0.04 0 7.163116009172608e-06
0.08 0.05 0 9.014168574759394e-06
0.08 0.06 0 9.713664582372337e-06
0.08 0.07 0 8.3895791260664e-06
0.08 0.08 0 7.077859240085634e-06
0.08 0.09 0 6.797529540080712e-06
0.08 0.1 0 7.909100349651521e-06
0.08 0.11 0 1.2113053502774403e-05
0.08 0.12 0 1.636048783119373e-05
0.08 0.13 0 1.2284668006914617e-05
0.08 0.14 0 1.2894055541599376e-05
0.08 0.15 0 1.7237178622175425e-05
0.08 0.16 0 1.616408468184005e-05
0.08 0.17 0 1.4568174960161742e-05
0.08 0.18 0 1.57373313624035e-05
0.08 0.19 0 2.0101621680239317e-05
0.08 0.2 0 2.3033962448001604e-05
0.08 0.21 0 2.2542805081677982e-05
0.08 0.22 0 1.6430389853088085e-05
0.08 0.23 0 1.5984817924422932e-05
0.08 0.24 0 2.5714876615461828e-05
0.08 0.25 0 3.582304506324869e-05
0.08 0.26 0 3.4035897808127805e-05
0.08 0.27 0 4.0551014469667074e-05
0.08 0.28 0 3.7346558180967665e-05
0.08 0.29 0 4.140064652336515e-05
0.08 0.3 0 4.402191828700012e-05
0.08 0.31 0 3.7492525503394414e-05
0.08 0.32 0 3.611317474503128e-05
0.08 0.33 0 4.382805181108536e-05
0.08 0.34 0 5.739702800810732e-05
0.08 0.35000000000000003 0 5.5267161776381216e-05
0.08 0.36 0 2.7722835084889954e-05
0.08 0.37 0 2.4673991658403436e-05
0.08 0.38 0 4.122278221250407e-05
0.08 0.39 0 5.306888052039682e-05
0.08 0.4 0 5.691118891191552e-05
0.08 0.41000000000000003 0 5.269922326054609e-05
0.08 0.42 0 5.163785477055652e-05
0.08 0.43 0 3.5609327239214436e-05
0.08 0.44 0 2.3313198085416547e-05
0.08 0.45 0 1.89561781994757e-05
0.08 0.46 0 1.0574205200096355e-05
0.08 0.47000000000000003 0 6.1186622421110354e-06
0.08 0.48 0 8.320707055522e-06
0.08 0.49 0 5.750798386387618e-06
0.08 0.5 0 2.7286863937982183e-06
0.09 0.0 0 9.023971046832753e-06
0.09 0.01 0 9.096986451797004e-06
0.09 0.02 0 6.743646821464459e-06
0.09 0.03 0 7.035688422506419e-06
0.09 0.04 0 9.43710338135985e-06
0.09 0.05 0 7.950947681537135e-06
0.09 0.06 0 7.066431111504778e-06
0.09 0.07 0 5.986749477006409e-06
0.09 0.08 0 4.303157075704058e-06
0.09 0.09 0 2.659598964231868e-06
0.09 0.1 0 2.94185258758353e-06
0.09 0.11 0 3.5786496307446493e-06
0.09 0.12 0 3.4071340143252068e-06
0.09 0.13 0 3.4528853735029027e-06
0.09 0.14 0 3.911297044474486e-06
0.09 0.15 0 3.1827257796940313e-06
0.09 0.16 0 4.056200966734726e-06
0.09 0.17 0 6.341832034215314e-06
0.09 0.18 0 6.9824630950367775e-06
0.09 0.19 0 8.459807041674435e-06
0.09 0.2 0 1.3305445715956528e-05
0.09 0.21 0 1.2360784089179132e-05
0.09 0.22 0 9.680183324032536e-06
0.09 0.23 0 1.2114150142846064e-05
0.09 0.24 0 1.204118983705048e-05
0.09 0.25 0 1.3094909897514768e-05
0.09 0.26 0 2.2658392158307833e-05
0.09 0.27 0 2.3787075082263843e-05
0.09 0.28 0 1.6059650477622778e-05
0.09 0.29 0 2.177849212318383e-05
0.09 0.3 0 2.7288828003251335e-05
0.09 0.31 0 2.009208837030938e-05
0.09 0.32 0 1.1741371681147631e-05
0.09 0.33 0 7.651554842085249e-06
0.09 0.34 0 6.0492363588411855e-06
0.09 0.35000000000000003 0 6.482863184936774e-06
0.09 0.36 0 7.688537865884518e-06
0.09 0.37 0 8.996640143858675e-06
0.09 0.38 0 8.93266276708245e-06
0.09 0.39 0 9.294536782021948e-06
0.09 0.4 0 1.3171323143346716e-05
0.09 0.41000000000000003 0 1.4918496022325114e-05
0.09 0.42 0 9.214847107833624e-06
0.09 0.43 0 6.800461412646585e-06
0.09 0.44 0 1.0039144972745775e-05
0.09 0.45 0 8.336277429614476e-06
0.09 0.46 0 4.46744706255357e-06
0.09 0.47000000000000003 0 4.266932212571448e-06
0.09 0.48 0 4.9571377372687444e-06
0.09 0.49 0 4.378685819339633e-06
0.09 0.5 0 6.389125547576732e-06
0.1 0.0 0 6.401609534763283e-06
0.1 0.01 0 1.1418151661706495e-05
0.1 0.02 0 1.7786469175677905e-05
0.1 0.03 0 1.5261499522175087e-05
0.1 0.04 0 1.8701190283913662e-05
0.1 0.05 0 2.3751452923062357e-05
0.1 0.06 0 1.8593606578590365e-05
0.1 0.07 0 1.678973440395383e-05
0.1 0.08 0 1.5576391543285503e-05
0.1 0.09 0 1.0368442332211857e-05
0.1 0.1 0 1.1331797645704089e-05
0.1 0.11 0 1.0709160712633558e-05
0.1 0.12 0 6.503441284948132e-06
0.1 0.13 0 4.693333868052363e-06
0.1 0.14 0 3.872154657568161e-06
0.1 0.15 0 4.1215301835612425e-06
0.1 0.16 0 5.455740745977645e-06
0.1 0.17 0 4.62019862455849e-06
0.1 0.18 0 5.049442068413486e-06
0.1 0.19 0 6.873294765155384e-06
0.1 0.2 0 5.425866091247231e-06
0.1 0.21 0 4.141074557134206e-06
0.1 0.22 0 3.774362181733283e-06
0.1 0.23 0 3.9962682693249915e-06
0.1 0.24 0 4.349967266961316e-06
0.1 0.25 0 6.816186657134575e-06
0.1 0.26 0 1.0926157030846236e-05
0.1 0.27 0 7.853230410540044e-06
0.1 0.28 0 4.780632188777287e-06
0.1 0.29 0 5.57634328149768e-06
0.1 0.3 0 2.7828796575560795e-06
0.1 0.31 0 1.4223847551535705e-06
0.1 0.32 0 1.8781539797834414e-06
0.1 0.33 0 2.0280070570532915e-06
0.1 0.34 0 1.4526777261991594e-06
0.1 0.35000000000000003 0 1.8214214230623947e-06
0.1 0.36 0 2.28653777272067e-06
0.1 0.37 0 2.310691811133816e-06
0.1 0.38 0 2.5808434482511406e-06
0.1 0.39 0 2.6815943021974266e-06
0.1 0.4 0 2.1650515794287478e-06
0.1 0.41000000000000003 0 1.7052399190798852e-06
0.1 0.42 0 1.422971872542668e-06
0.1 0.43 0 1.5291309423098662e-06
0.1 0.44 0 1.7981044300625027e-06
0.1 0.45 0 1.165207803964763e-06
0.1 0.46 0 1.2945207518772412e-06
0.1 0.47000000000000003 0 1.841524451858832e-06
0.1 0.48 0 1.1428758527370366e-06
0.1 0.49 0 7.683094377215156e-07
0.1 0.5 0 1.1568325262335995e-06
0.11 0.0 0 8.1671839838554e-06
0.11 0.01 0 7.1500606506684e-06
0.11 0.02 0 8.543932419762358e-06
0.11 0.03 0 1.5244810057377587e-05
0.11 0.04 0 2.2356367958131294e-05
0.11 0.05 0 1.6588072576040644e-05
0.11 0.06 0 1.68215693728709e-05
0.11 0.07 0 2.1586162032549863e-05
0.11 0.08 0 1.5763811860812286e-05
0.11 0.09 0 1.0871355007378391e-05
0.11 0.1 0 1.2776251822078724e-05
0.11 0.11 0 1.141831371213404e-05
0.11 0.12 0 1.12661000587387e-05
0.11 0.13 0 9.744571137844213e-06
0.11 0.14 0 8.173986065648643e-06
0.11 0.15 0 5.96068436261706e-06
0.11 0.16 0 4.745194540854546e-06
0.11 0.17 0 5.707200242232648e-06
0.11 0.18 0 5.021999533320645e-06
0.11 0.19 0 2.722806464754062e-06
0.11 0.2 0 3.450841550830791e-06
0.11 0.21 0 4.60428009647089e-06
0.11 0.22 0 4.042397909465656e-06
0.11 0.23 0 3.9931647916389974e-06
0.11 0.24 0 4.319488610548106e-06
0.11 0.25 0 5.587252945289071e-06
0.11 0.26 0 4.829256180680579e-06
0.11 0.27 0 3.6215814931779954e-06
0.11 0.28 0 3.7372412225585265e-06
0.11 0.29 0 2.8646757892325898e-06
0.11 0.3 0 2.6828381998704993e-06
0.11 0.31 0 5.4697986855567e-06
0.11 0.32 0 5.429897117397975e-06
0.11 0.33 0 3.815256078526473e-06
0.11 0.34 0 5.013555123050834e-06
0.11 0.35000000000000003 0 7.374414749078686e-06
0.11 0.36 0 5.4113317078627514e-06
0.11 0.37 0 3.9392757874782535e-06
0.11 0.38 0 3.844028704738744e-06
0.11 0.39 0 3.080717132215136e-06
0.11 0.4 0 2.3029177656788808e-06
0.11 0.41000000000000003 0 1.9729322145164554e-06
0.11 0.42 0 1.336619182043408e-06
0.11 0.43 0 9.129423319944926e-07
0.11 0.44 0 8.526128524196139e-07
0.11 0.45 0 7.561333367638631e-07
0.11 0.46 0 4.828150013108295e-07
0.11 0.47000000000000003 0 2.719634240212696e-07
0.11 0.48 0 3.003748512661283e-07
0.11 0.49 0 4.3222999236901374e-07
0.11 0.5 0 5.628300090458235e-07
0.12 0.0 0 9.732129901110879e-06
0.12 0.01 0 1.120151380019175e-05
0.12 0.02 0 1.0587299112090521e-05
0.12 0.03 0 1.3844321881032638e-05
0.12 0.04 0 1.52829487495095e-05
0.12 0.05 0 1.1109265225448244e-05
0.12 0.06 0 1.176318600593553e-05
0.12 0.07 0 1.174239046321316e-05
0.12 0.08 0 9.866804018368243e-06
0.12 0.09 0 1.3609565789177453e-05
0.12 0.1 0 1.796765550448053e-05
0.12 0.11 0 1.299897425540468e-05
0.12 0.12 0 1.0660114730570364e-05
0.12 0.13 0 9.86788262474559e-06
0.12 0.14 0 7.644361635627892e-06
0.12 0.15 0 5.125899286904831e-06
0.12 0.16 0 4.660945362516554e-06
0.12 0.17 0 4.189672189468489e-06
0.12 0.18 0 3.1691997068562305e-06
0.12 0.19 0 2.696652638818283e-06
0.12 0.2 0 2.694160699199645e-06
0.12 0.21 0 2.8801826060889077e-06
0.12 0.22 0 3.299882219904427e-06
0.12 0.23 0 3.921941458745028e-06
0.12 0.24 0 4.088136997529111e-06
0.12 0.25 0 3.2304348385835976e-06
0.12 0.26 0 2.7171291263354744e-06
0.12 0.27 0 3.949221277770034e-06
0.12 0.28 0 3.998536505306053e-06
0.12 0.29 0 2.999522761068714e-06
0.12 0.3 0 3.2278215549081577e-06
0.12 0.31 0 5.643910589680911e-06
0.12 0.32 0 8.636649088600028e-06
0.12 0.33 0 1.1130565849793718e-05
0.12 0.34 0 1.0880042400793238e-05
0.12 0.35000000000000003 0 8.111588258860044e-06
0.12 0.36 0 4.581282918246582e-06
0.12 0.37 0 4.1031878898951516e-06
0.12 0.38 0 3.482892364992711e-06
0.12 0.39 0 1.929471045029105e-06
0.12 0.4 0 1.7290348338533987e-06
0.12 0.41000000000000003 0 1.969148430236397e-06
0.12 0.42 0 1.2494545599503672e-06
0.12 0.43 0 7.095041048101197e-07
0.12 0.44 0 4.412232588036264e-07
0.12 0.45 0 3.57531291826869e-07
0.12 0.46 0 5.575208650639069e-07
0.12 0.47000000000000003 0 5.85494814554687e-07
0.12 0.48 0 4.761093256374904e-07
0.12 0.49 0 4.64451141217343e-07
0.12 0.5 0 4.6106393872310643e-07
0.13 0.0 0 9.209911958115992e-06
0.13 0.01 0 1.0431066968939052e-05
0.13 0.02 0 9.39548037065345e-06
0.13 0.03 0 1.2443986067407692e-05
0.13 0.04 0 1.9692026364978042e-05
0.13 0.05 0 1.371605469891834e-05
0.13 0.06 0 1.2544492973437429e-05
0.13 0.07 0 1.7312084878012892e-05
0.13 0.08 0 1.6422597752301415e-05
0.13 0.09 0 1.4468276759516268e-05
0.13 0.1 0 1.709286638309328e-05
0.13 0.11 0 1.798491038459675e-05
0.13 0.12 0 1.9190481152232685e-05
0.13 0.13 0 1.2575423471640337e-05
0.13 0.14 0 7.360934336039662e-06
0.13 0.15 0 5.560358408069737e-06
0.13 0.16 0 6.502623580222038e-06
0.13 0.17 0 7.519468869169647e-06
0.13 0.18 0 8.424258410896692e-06
0.13 0.19 0 6.609201393651462e-06
0.13 0.2 0 4.555025428095855e-06
0.13 0.21 0 4.525288302670728e-06
0.13 0.22 0 5.73472909493176e-06
0.13 0.23 0 5.934760074726818e-06
0.13 0.24 0 8.129387956505122e-06
0.13 0.25 0 1.0365548448979631e-05
0.13 0.26 0 8.561942866997404e-06
0.13 0.27 0 8.300325640470759e-06
0.13 0.28 0 7.748655197915009e-06
0.13 0.29 0 6.135881565693125e-06
0.13 0.3 0 6.273849258832518e-06
0.13 0.31 0 9.919640788650932e-06
0.13 0.32 0 9.467449542276662e-06
0.13 0.33 0 6.7248552476726794e-06
0.13 0.34 0 8.070209757781107e-06
0.13 0.35000000000000003 0 7.207041533896179e-06
0.13 0.36 0 3.4485064689657224e-06
0.13 0.37 0 4.4211135162996136e-06
0.13 0.38 0 4.584172313429006e-06
0.13 0.39 0 2.092355216645217e-06
0.13 0.4 0 1.36044842515138e-06
0.13 0.41000000000000003 0 8.377890745319361e-07
0.13 0.42 0 3.794385476041121e-07
0.13 0.43 0 2.857620355625252e-07
0.13 0.44 0 3.688253988054954e-07
0.13 0.45 0 5.098295361710437e-07
0.13 0.46 0 4.2631358366150847e-07
0.13 0.47000000000000003 0 3.149166710633901e-07
0.13 0.48 0 3.046739977675088e-07
0.13 0.49 0 1.9281123729758264e-07
0.13 0.5 0 1.2378763236100037e-07
0.14 0.0 0 5.538100492346159e-06
0.14 0.01 0 7.169279697054837e-06
0.14 0.02 0 6.720189638097589e-06
0.14 0.03 0 1.2847577543811989e-05
0.14 0.04 0 1.108388414620259e-05
0.14 0.05 0 6.726738143233646e-06
0.14 0.06 0 6.788009527857497e-06
0.14 0.07 0 6.666536935444438e-06
0.14 0.08 0 1.0538582628822039e-05
0.14 0.09 0 2.134894954973995e-05
0.14 0.1 0 2.4483514634139146e-05
0.14 0.11 0 1.9776355577893445e-05
0.14 0.12 0 1.7146920702411082e-05
0.14 0.13 0 1.693884894005325e-05
0.14 0.14 0 1.8221560570286093e-05
0.14 0.15 0 1.7222896323168856e-05
0.14 0.16 0 1.8900624586286156e-05
0.14 0.17 0 2.2216976016311942e-05
0.14 0.18 0 2.4660658628624696e-05
0.14 0.19 0 1.8051272251627218e-05
0.14 0.2 0 1.2603932426073018e-05
0.14 0.21 0 1.2348183544863593e-05
0.14 0.22 0 1.4795036898071612e-05
0.14 0.23 0 1.61368566425218e-05
0.14 0.24 0 1.0757772392220335e-05
0.14 0.25 0 5.7816831619973096e-06
0.14 0.26 0 4.497641274915831e-06
0.14 0.27 0 5.425561266125852e-06
0.14 0.28 0 7.058944073074611e-06
0.14 0.29 0 6.4654230813577e-06
0.14 0.3 0 5.25275028432415e-06
0.14 0.31 0 6.572612571449211e-06
0.14 0.32 0 4.7043087828963335e-06
0.14 0.33 0 3.4255769061058306e-06
0.14 0.34 0 3.1842592109807157e-06
0.14 0.35000000000000003 0 2.1526302195054834e-06
0.14 0.36 0 2.239357909205601e-06
0.14 0.37 0 3.36775137256298e-06
0.14 0.38 0 1.750396038115717e-06
0.14 0.39 0 8.859320287259676e-07
0.14 0.4 0 9.87074616914236e-07
0.14 0.41000000000000003 0 1.4129812832507538e-06
0.14 0.42 0 1.3888178987261553e-06
0.14 0.43 0 1.1001012055005671e-06
0.14 0.44 0 9.316834375761383e-07
0.14 0.45 0 6.448386865498469e-07
0.14 0.46 0 5.439968251504846e-07
0.14 0.47000000000000003 0 5.636827614429758e-07
0.14 0.48 0 3.9563387915419985e-07
0.14 0.49 0 2.619783768107971e-07
0.14 0.5 0 3.619780250387911e-07
0.15 0.0 0 2.056871544516847e-06
0.15 0.01 0 2.893190726386235e-06
0.15 0.02 0 4.23441605296305e-06
0.15 0.03 0 4.233987534915387e-06
0.15 0.04 0 5.290483178456669e-06
0.15 0.05 0 9.49267380082983e-06
0.15 0.06 0 1.23492255583751e-05
0.15 0.07 0 1.6507308188029228e-05
0.15 0.08 0 2.4281088721112434e-05
0.15 0.09 0 1.8324299745180062e-05
0.15 0.1 0 1.2484339597081822e-05
0.15 0.11 0 1.3333010541873887e-05
0.15 0.12 0 1.610742075129031e-05
0.15 0.13 0 1.1816541993211931e-05
0.15 0.14 0 1.3347911895265681e-05
0.15 0.15 0 1.6795985889614468e-05
0.15 0.16 0 1.065917867087591e-05
0.15 0.17 0 8.170668623723523e-06
0.15 0.18 0 1.3927280556436013e-05
0.15 0.19 0 1.166744162117062e-05
0.15 0.2 0 9.625792011165819e-06
0.15 0.21 0 1.3180578182699422e-05
0.15 0.22 0 1.3049978957867442e-05
0.15 0.23 0 1.0357631432832364e-05
0.15 0.24 0 1.1818298104967272e-05
0.15 0.25 0 1.139254600409665e-05
0.15 0.26 0 9.328761270484953e-06
0.15 0.27 0 8.06848263143404e-06
0.15 0.28 0 8.180221725021875e-06
0.15 0.29 0 9.796753332604186e-06
0.15 0.3 0 7.993868269971041e-06
0.15 0.31 0 6.2825357114156535e-06
0.15 0.32 0 7.715954659977452e-06
0.15 0.33 0 7.679967391181056e-06
0.15 0.34 0 3.646254753640269e-06
0.15 0.35000000000000003 0 2.445687955178245e-06
0.15 0.36 0 2.146971101090084e-06
0.15 0.37 0 1.587219240418734e-06
0.15 0.38 0 1.4644366692996682e-06
0.15 0.39 0 2.0815550698457824e-06
0.15 0.4 0 1.5338880080285301e-06
0.15 0.41000000000000003 0 8.947460532729564e-07
0.15 0.42 0 1.0172850893735271e-06
0.15 0.43 0 1.0524865003923815e-06
0.15 0.44 0 4.705095025045213e-07
0.15 0.45 0 3.410338835340307e-07
0.15 0.46 0 4.928445939918467e-07
0.15 0.47000000000000003 0 5.095327068283001e-07
0.15 0.48 0 6.357719953858201e-07
0.15 0.49 0 9.108800264549504e-07
0.15 0.5 0 7.803363757526964e-07
0.16 0.0 0 3.5358817664999193e-06
0.16 0.01 0 2.7695144786410084e-06
0.16 0.02 0 2.264157011445603e-06
0.16 0.03 0 2.80570032073331e-06
0.16 0.04 0 3.37631720892051e-06
0.16 0.05 0 3.475611896228894e-06
0.16 0.06 0 2.9306351266639617e-06
0.16 0.07 0 3.3811999693561487e-06
0.16 0.08 0 5.972003058361636e-06
0.16 0.09 0 9.135674083901273e-06
0.16 0.1 0 8.335320920312328e-06
0.16 0.11 0 7.623407968229932e-06
0.16 0.12 0 8.7630255203512e-06
0.16 0.13 0 1.0428218504810627e-05
0.16 0.14 0 2.0371171103481564e-05
0.16 0.15 0 2.8197840249927567e-05
0.16 0.16 0 2.2075325616970275e-05
0.16 0.17 0 3.099393228946665e-05
0.16 0.18 0 3.876270165498138e-05
0.16 0.19 0 2.0010918826851263e-05
0.16 0.2 0 1.5831172420999975e-05
0.16 0.21 0 1.3308058051653744e-05
0.16 0.22 0 9.104988987807626e-06
0.16 0.23 0 8.055298447976314e-06
0.16 0.24 0 7.746395037875202e-06
0.16 0.25 0 6.642084653231801e-06
0.16 0.26 0 5.6558373091708405e-06
0.16 0.27 0 7.927192088174284e-06
0.16 0.28 0 1.2287849892059247e-05
0.16 0.29 0 1.0583332014611064e-05
0.16 0.3 0 1.2378410355303e-05
0.16 0.31 0 1.983769398550692e-05
0.16 0.32 0 1.4763948535157013e-05
0.16 0.33 0 1.074937049705715e-05
0.16 0.34 0 7.584581333578467e-06
0.16 0.35000000000000003 0 5.804972486316618e-06
0.16 0.36 0 5.959782265808377e-06
0.16 0.37 0 5.4538119088927784e-06
0.16 0.38 0 3.81927367191419e-06
0.16 0.39 0 2.9813457396411478e-06
0.16 0.4 0 1.9021022614107206e-06
0.16 0.41000000000000003 0 1.5751860776790726e-06
0.16 0.42 0 1.7445005616929996e-06
0.16 0.43 0 1.3527436362054784e-06
0.16 0.44 0 9.340067896494283e-07
0.16 0.45 0 1.3402046817047816e-06
0.16 0.46 0 1.6727450697630772e-06
0.16 0.47000000000000003 0 1.2021614969551882e-06
0.16 0.48 0 1.5251060856738748e-06
0.16 0.49 0 1.7864790866953625e-06
0.16 0.5 0 1.6194801640891106e-06
0.17 0.0 0 2.9101202924386083e-06
0.17 0.01 0 3.187119875722279e-06
0.17 0.02 0 2.9319553971852354e-06
0.17 0.03 0 2.545019794145898e-06
0.17 0.04 0 2.2572959298177984e-06
0.17 0.05 0 2.863301811404179e-06
0.17 0.06 0 3.717578929616145e-06
0.17 0.07 0 2.726330700666589e-06
0.17 0.08 0 2.7812065240228615e-06
0.17 0.09 0 3.961607016542482e-06
0.17 0.1 0 3.6260629808683857e-06
0.17 0.11 0 3.735492422756941e-06
0.17 0.12 0 4.7073500095851476e-06
0.17 0.13 0 4.991134967773715e-06
0.17 0.14 0 7.981059927387936e-06
0.17 0.15 0 9.514321261690657e-06
0.17 0.16 0 8.63856867333257e-06
0.17 0.17 0 6.685483752598034e-06
0.17 0.18 0 6.390812562984572e-06
0.17 0.19 0 8.717476681355078e-06
0.17 0.2 0 1.0230214357218906e-05
0.17 0.21 0 7.472729819556874e-06
0.17 0.22 0 6.591162591936283e-06
0.17 0.23 0 5.71677906885209e-06
0.17 0.24 0 6.541891546859273e-06
0.17 0.25 0 7.373243815847996e-06
0.17 0.26 0 7.431243804546759e-06
0.17 0.27 0 8.677091908329914e-06
0.17 0.28 0 9.704373458378065e-06
0.17 0.29 0 9.388787664154556e-06
0.17 0.3 0 7.700913074385791e-06
0.17 0.31 0 6.608455920281392e-06
0.17 0.32 0 7.853491133251341e-06
0.17 0.33 0 1.0152585843739157e-05
0.17 0.34 0 1.159312524326652e-05
0.17 0.35000000000000003 0 1.2490671907610471e-05
0.17 0.36 0 1.0748991227444545e-05
0.17 0.37 0 1.4060431355464154e-05
0.17 0.38 0 1.6747368331310565e-05
0.17 0.39 0 1.2911094229939885e-05
0.17 0.4 0 7.554176248415433e-06
0.17 0.41000000000000003 0 5.12702915693001e-06
0.17 0.42 0 5.208857325078581e-06
0.17 0.43 0 6.183479673112167e-06
0.17 0.44 0 4.869264623841975e-06
0.17 0.45 0 4.411787493718153e-06
0.17 0.46 0 4.40471085382421e-06
0.17 0.47000000000000003 0 4.121695982325408e-06
0.17 0.48 0 4.051979047880748e-06
0.17 0.49 0 3.721285747535219e-06
0.17 0.5 0 3.1808159106678054e-06
0.18 0.0 0 2.6003266695139825e-06
0.18 0.01 0 2.429534888292831e-06
0.18 0.02 0 1.745431648845413e-06
0.18 0.03 0 1.508235505433034e-06
0.18 0.04 0 1.787110703655643e-06
0.18 0.05 0 1.5153827293927398e-06
0.18 0.06 0 9.334532060454751e-07
0.18 0.07 0 1.4460322668155993e-06
0.18 0.08 0 2.8780651510934903e-06
0.18 0.09 0 3.3116885107878525e-06
0.18 0.1 0 4.225467993262969e-06
0.18 0.11 0 5.389089188045073e-06
0.18 0.12 0 4.013248226084702e-06
0.18 0.13 0 4.09994981683989e-06
0.18 0.14 0 6.547788213064789e-06
0.18 0.15 0 6.46735335440198e-06
0.18 0.16 0 5.738402459242455e-06
0.18 0.17 0 6.161941732712543e-06
0.18 0.18 0 5.01902743197361e-06
0.18 0.19 0 3.2086146814582714e-06
0.18 0.2 0 3.380507639224701e-06
0.18 0.21 0 3.616682274769907e-06
0.18 0.22 0 3.6106803732138596e-06
0.18 0.23 0 5.0384781303039715e-06
0.18 0.24 0 6.936673271950156e-06
0.18 0.25 0 7.281094878526608e-06
0.18 0.26 0 9.289281960211373e-06
0.18 0.27 0 9.092395539021712e-06
0.18 0.28 0 7.499303520439252e-06
0.18 0.29 0 8.560457505632435e-06
0.18 0.3 0 7.964715921914896e-06
0.18 0.31 0 6.588606678015035e-06
0.18 0.32 0 5.773130019887907e-06
0.18 0.33 0 4.558607725194133e-06
0.18 0.34 0 4.689089861818483e-06
0.18 0.35000000000000003 0 6.4116882973223885e-06
0.18 0.36 0 5.291848592103134e-06
0.18 0.37 0 4.750400184062936e-06
0.18 0.38 0 5.6231900347280204e-06
0.18 0.39 0 6.2733773756166405e-06
0.18 0.4 0 5.828614461917896e-06
0.18 0.41000000000000003 0 7.065571208268755e-06
0.18 0.42 0 7.168214707603154e-06
0.18 0.43 0 5.637521860477331e-06
0.18 0.44 0 7.886013446541825e-06
0.18 0.45 0 1.2157921065450993e-05
0.18 0.46 0 6.260844701243172e-06
0.18 0.47000000000000003 0 4.805795429653419e-06
0.18 0.48 0 8.643434051215245e-06
0.18 0.49 0 7.746320275294888e-06
0.18 0.5 0 7.0030095523664794e-06
0.19 0.0 0 2.0355761288174815e-06
0.19 0.01 0 2.169925308713893e-06
0.19 0.02 0 2.101235859245631e-06
0.19 0.03 0 2.2802971265511304e-06
0.19 0.04 0 2.5774552874419653e-06
0.19 0.05 0 4.884268410694118e-06
0.19 0.06 0 6.519021992658467e-06
0.19 0.07 0 4.599908741425137e-06
0.19 0.08 0 3.737603001899454e-06
0.19 0.09 0 3.1292107736273385e-06
0.19 0.1 0 3.907434709283737e-06
0.19 0.11 0 6.3045044638902275e-06
0.19 0.12 0 7.0030700141733264e-06
0.19 0.13 0 1.1411678822213848e-05
0.19 0.14 0 1.9294059445552395e-05
0.19 0.15 0 1.0863229720457284e-05
0.19 0.16 0 6.704846624056899e-06
0.19 0.17 0 4.110794302797122e-06
0.19 0.18 0 2.010218754349897e-06
0.19 0.19 0 2.063863010175273e-06
0.19 0.2 0 3.794715291331486e-06
0.19 0.21 0 2.788395281994829e-06
0.19 0.22 0 2.277073866326134e-06
0.19 0.23 0 3.2941467390510636e-06
0.19 0.24 0 2.98681728938775e-06
0.19 0.25 0 2.0598891437154337e-06
0.19 0.26 0 2.51423794613494e-06
0.19 0.27 0 2.172351240046092e-06
0.19 0.28 0 1.6315913141007993e-06
0.19 0.29 0 1.6030913213672586e-06
0.19 0.3 0 1.4046556111864884e-06
0.19 0.31 0 1.001407057566247e-06
0.19 0.32 0 8.538330838134092e-07
0.19 0.33 0 1.3782795157842753e-06
0.19 0.34 0 1.7672941109127117e-06
0.19 0.35000000000000003 0 1.3994534480129893e-06
0.19 0.36 0 1.6816876909805437e-06
0.19 0.37 0 2.251053620338835e-06
0.19 0.38 0 2.365971961638084e-06
0.19 0.39 0 3.5454609828215833e-06
0.19 0.4 0 3.5948804706046936e-06
0.19 0.41000000000000003 0 3.6061344747408637e-06
0.19 0.42 0 2.9984655939760528e-06
0.19 0.43 0 2.1533749678387866e-06
0.19 0.44 0 2.737872005573868e-06
0.19 0.45 0 2.9348162824316804e-06
0.19 0.46 0 2.173504753521925e-06
0.19 0.47000000000000003 0 3.834343233409482e-06
0.19 0.48 0 4.6538716329977735e-06
0.19 0.49 0 2.7880468349993787e-06
0.19 0.5 0 3.2100893366170697e-06
0.2 0.0 0 1.4128792767143633e-06
0.2 0.01 0 1.860432869689146e-06
0.2 0.02 0 2.4735007789116753e-06
0.2 0.03 0 2.6881167514110376e-06
0.2 0.04 0 2.8072436463059196e-06
0.2 0.05 0 3.0459741476118514e-06
0.2 0.06 0 2.7359045219550992e-06
0.2 0.07 0 3.6577061296347147e-06
0.2 0.08 0 3.6503059405238344e-06
0.2 0.09 0 3.2792482195754424e-06
0.2 0.1 0 4.12573693900236e-06
0.2 0.11 0 5.794355038854166e-06
0.2 0.12 0 6.99901904906475e-06
0.2 0.13 0 4.978023116771382e-06
0.2 0.14 0 2.8307646611677164e-06
0.2 0.15 0 2.3995641192373465e-06
0.2 0.16 0 2.0054055976367153e-06
0.2 0.17 0 1.7536329466748634e-06
0.2 0.18 0 2.0515973281512996e-06
0.2 0.19 0 1.777153093516422e-06
0.2 0.2 0 1.5187238588441589e-06
0.2 0.21 0 1.574071677823399e-06
0.2 0.22 0 1.5940500065054532e-06
0.2 0.23 0 1.0981034904433517e-06
0.2 0.24 0 1.0400056363340398e-06
0.2 0.25 0 1.3921590660580945e-06
0.2 0.26 0 9.982814069198832e-07
0.2 0.27 0 5.388927184210716e-07
0.2 0.28 0 5.85178459634143e-07
0.2 0.29 0 6.265908450842009e-07
0.2 0.3 0 5.360953347472966e-07
0.2 0.31 0 5.329967261781335e-07
0.2 0.32 0 4.549449333151634e-07
0.2 0.33 0 3.392717932716768e-07
0.2 0.34 0 4.0596668642116783e-07
0.2 0.35000000000000003 0 7.1237126209387e-07
0.2 0.36 0 6.38602593896557e-07
0.2 0.37 0 5.135910507134045e-07
0.2 0.38 0 6.89169416096165e-07
0.2 0.39 0 1.0828702935980986e-06
0.2 0.4 0 1.4985641523130142e-06
0.2 0.41000000000000003 0 1.718621048747088e-06
0.2 0.42 0 1.708497772064412e-06
0.2 0.43 0 2.8563606926391516e-06
0.2 0.44 0 3.59138460386398e-06
0.2 0.45 0 3.112236956418784e-06
0.2 0.46 0 2.6232587389838423e-06
0.2 0.47000000000000003 0 1.708926029560649e-06
0.2 0.48 0 1.507068729106067e-06
0.2 0.49 0 2.311395353634725e-06
0.2 0.5 0 2.544775877414307e-06
0.21 0.0 0 5.529609652190118e-07
0.21 0.01 0 1.0429209504089524e-06
0.21 0.02 0 8.335385724705737e-07
0.21 0.03 0 8.959508052469695e-07
0.21 0.04 0 1.1463127071062664e-06
0.21 0.05 0 9.378508078526729e-07
0.21 0.06 0 1.0092497855147886e-06
0.21 0.07 0 1.4780028981419297e-06
0.21 0.08 0 1.2414373859971059e-06
0.21 0.09 0 1.1300249628126012e-06
0.21 0.1 0 1.5355090520864899e-06
0.21 0.11 0 1.6405949437684516e-06
0.21 0.12 0 1.3124323367544227e-06
0.21 0.13 0 1.1863256722403305e-06
0.21 0.14 0 1.146602089114914e-06
0.21 0.15 0 9.205225408466416e-07
0.21 0.16 0 1.052032661385178e-06
0.21 0.17 0 1.4437836109413317e-06
0.21 0.18 0 1.8186431692475706e-06
0.21 0.19 0 2.0537157836587165e-06
0.21 0.2 0 1.984827969129124e-06
0.21 0.21 0 1.3968152636394626e-06
0.21 0.22 0 1.1808275085886943e-06
0.21 0.23 0 8.117469439709696e-07
0.21 0.24 0 8.614815705962742e-07
0.21 0.25 0 1.3403917067527928e-06
0.21 0.26 0 1.2708370351926417e-06
0.21 0.27 0 1.1630308873205266e-06
0.21 0.28 0 1.6456058727629286e-06
0.21 0.29 0 1.1795740028913597e-06
0.21 0.3 0 1.0405814492245831e-06
0.21 0.31 0 1.7861952114042372e-06
0.21 0.32 0 1.712481824443057e-06
0.21 0.33 0 1.2529639295702556e-06
0.21 0.34 0 1.476588743703835e-06
0.21 0.35000000000000003 0 1.4402598883050148e-06
0.21 0.36 0 8.948146615770504e-07
0.21 0.37 0 8.280677350508371e-07
0.21 0.38 0 9.699000181035842e-07
0.21 0.39 0 9.589505727316862e-07
0.21 0.4 0 1.0219995408926092e-06
0.21 0.41000000000000003 0 1.5165083073504344e-06
0.21 0.42 0 1.2447720015096632e-06
0.21 0.43 0 9.173155989601902e-07
0.21 0.44 0 1.1095462115769295e-06
0.21 0.45 0 1.5334578502813026e-06
0.21 0.46 0 1.4394200225473588e-06
0.21 0.47000000000000003 0 1.4395832764561476e-06
0.21 0.48 0 1.1020526595565037e-06
0.21 0.49 0 6.930839054480119e-07
0.21 0.5 0 5.538868102475962e-07
0.22 0.0 0 1.848291055809957e-07
0.22 0.01 0 2.932313633479502e-07
0.22 0.02 0 3.564831659494276e-07
0.22 0.03 0 3.840315015253469e-07
0.22 0.04 0 4.27069578942136e-07
0.22 0.05 0 5.74343660681434e-07
0.22 0.06 0 8.5450451304592e-07
0.22 0.07 0 1.3668591494464416e-06
0.22 0.08 0 1.3058018069782892e-06
0.22 0.09 0 8.334978668997661e-07
0.22 0.1 0 6.937246852661821e-07
0.22 0.11 0 1.084626544463837e-06
0.22 0.12 0 1.0981122237702374e-06
0.22 0.13 0 8.921392356033375e-07
0.22 0.14 0 8.149923345661154e-07
0.22 0.15 0 7.724079472514742e-07
0.22 0.16 0 1.2578147707827968e-06
0.22 0.17 0 1.724070146327595e-06
0.22 0.18 0 1.44492027718983e-06
0.22 0.19 0 1.6735612804591616e-06
0.22 0.2 0 1.7190718805540513e-06
0.22 0.21 0 1.6333031710840768e-06
0.22 0.22 0 2.246322662232704e-06
0.22 0.23 0 1.805937885899384e-06
0.22 0.24 0 1.7586556075338662e-06
0.22 0.25 0 2.2928013384900554e-06
0.22 0.26 0 1.859860505206839e-06
0.22 0.27 0 1.220468636569064e-06
0.22 0.28 0 1.137687273058951e-06
0.22 0.29 0 1.3271299023267559e-06
0.22 0.3 0 1.7056903797887503e-06
0.22 0.31 0 2.023192793443047e-06
0.22 0.32 0 1.8734738536812149e-06
0.22 0.33 0 1.0954813481968266e-06
0.22 0.34 0 9.036313037081571e-07
0.22 0.35000000000000003 0 1.1492787575704446e-06
0.22 0.36 0 9.669906071064478e-07
0.22 0.37 0 9.579960135824404e-07
0.22 0.38 0 1.2276420233409686e-06
0.22 0.39 0 1.2490581932526292e-06
0.22 0.4 0 1.0030677319440217e-06
0.22 0.41000000000000003 0 1.0478506866574204e-06
0.22 0.42 0 1.388948814143363e-06
0.22 0.43 0 1.822946889103515e-06
0.22 0.44 0 2.2240486885867933e-06
0.22 0.45 0 2.368249941814907e-06
0.22 0.46 0 1.1514851510739112e-06
0.22 0.47000000000000003 0 6.263173562569249e-07
0.22 0.48 0 6.393511912517684e-07
0.22 0.49 0 7.735350367959144e-07
0.22 0.5 0 7.624737552066447e-07
0.23 0.0 0 3.8496651832933843e-07
0.23 0.01 0 4.950047573579682e-07
0.23 0.02 0 6.444305943198141e-07
0.23 0.03 0 1.1643070337798268e-06
0.23 0.04 0 1.5682268168076715e-06
0.23 0.05 0 1.5558573537151258e-06
0.23 0.06 0 1.5006348924034812e-06
0.23 0.07 0 1.9044947555543063e-06
0.23 0.08 0 2.22618742037868e-06
0.23 0.09 0 2.091258722521018e-06
0.23 0.1 0 2.2322533295231273e-06
0.23 0.11 0 2.5035837955574055e-06
0.23 0.12 0 2.2817168750796033e-06
0.23 0.13 0 2.0320074873020574e-06
0.23 0.14 0 1.9511322469435906e-06
0.23 0.15 0 2.2470522959875793e-06
0.23 0.16 0 2.3649428027108415e-06
0.23 0.17 0 2.688835153508021e-06
0.23 0.18 0 4.437714646834332e-06
0.23 0.19 0 3.5472561320206553e-06
0.23 0.2 0 3.132119543316398e-06
0.23 0.21 0 5.112994334725759e-06
0.23 0.22 0 4.435871543701577e-06
0.23 0.23 0 2.3954703864598535e-06
0.23 0.24 0 2.3995811305679824e-06
0.23 0.25 0 2.220686479517507e-06
0.23 0.26 0 2.096108505041222e-06
0.23 0.27 0 2.3526530251162164e-06
0.23 0.28 0 2.665242957448212e-06
0.23 0.29 0 1.8205601939875546e-06
0.23 0.3 0 1.571475600740538e-06
0.23 0.31 0 2.19101516387046e-06
0.23 0.32 0 1.7489190474148336e-06
0.23 0.33 0 9.71787960578977e-07
0.23 0.34 0 9.174590029187261e-07
0.23 0.35000000000000003 0 8.563889210785045e-07
0.23 0.36 0 7.856677259865236e-07
0.23 0.37 0 9.203114459630768e-07
0.23 0.38 0 8.791964220324729e-07
0.23 0.39 0 9.264191144595291e-07
0.23 0.4 0 1.1536124396727212e-06
0.23 0.41000000000000003 0 1.6140790724681937e-06
0.23 0.42 0 1.5969375650462248e-06
0.23 0.43 0 1.2476297663755065e-06
0.23 0.44 0 1.147180711357246e-06
0.23 0.45 0 1.5525962301786073e-06
0.23 0.46 0 1.5856031802289176e-06
0.23 0.47000000000000003 0 1.4272333951091004e-06
0.23 0.48 0 1.3916352752628224e-06
0.23 0.49 0 1.4399425116734754e-06
0.23 0.5 0 9.88939795685737e-07
0.24 0.0 0 1.0718260127048898e-06
0.24 0.01 0 1.1695273396190555e-06
0.24 0.02 0 1.9641223129769047e-06
0.24 0.03 0 2.6896567023152353e-06
0.24 0.04 0 1.84909704404602e-06
0.24 0.05 0 3.185348003584747e-06
0.24 0.06 0 5.653626137876554e-06
0.24 0.07 0 4.539942641845017e-06
0.24 0.08 0 3.7209812608098184e-06
0.24 0.09 0 3.7181781494364046e-06
0.24 0.1 0 2.3526171678934587e-06
0.24 0.11 0 2.1154604742936107e-06
0.24 0.12 0 2.2035242486707066e-06
0.24 0.13 0 1.46463927679497e-06
0.24 0.14 0 9.42477725410016e-07
0.24 0.15 0 1.3864056440592105e-06
0.24 0.16 0 2.3634322999184337e-06
0.24 0.17 0 2.614040258686418e-06
0.24 0.18 0 3.179260003826566e-06
0.24 0.19 0 3.937532858649969e-06
0.24 0.2 0 3.583291549099462e-06
0.24 0.21 0 4.018452363487057e-06
0.24 0.22 0 5.303222590092468e-06
0.24 0.23 0 4.576720706872929e-06
0.24 0.24 0 5.34508081975714e-06
0.24 0.25 0 7.562116106539544e-06
0.24 0.26 0 8.267306825042116e-06
0.24 0.27 0 8.422459895150985e-06
0.24 0.28 0 7.122535805339903e-06
0.24 0.29 0 4.285695548359813e-06
0.24 0.3 0 4.722524753724744e-06
0.24 0.31 0 4.5016524827443995e-06
0.24 0.32 0 2.945391863354287e-06
0.24 0.33 0 3.2378869339262067e-06
0.24 0.34 0 2.477180316967909e-06
0.24 0.35000000000000003 0 1.212381319313707e-06
0.24 0.36 0 1.5393485235796447e-06
0.24 0.37 0 1.7466259461713747e-06
0.24 0.38 0 1.0728277130750056e-06
0.24 0.39 0 1.1003778270077654e-06
0.24 0.4 0 9.68960931277878e-07
0.24 0.41000000000000003 0 6.381435489282493e-07
0.24 0.42 0 5.483016258916295e-07
0.24 0.43 0 6.110660185937156e-07
0.24 0.44 0 5.505584268542239e-07
0.24 0.45 0 4.1778340252073704e-07
0.24 0.46 0 4.3436995560294043e-07
0.24 0.47000000000000003 0 5.704496441124321e-07
0.24 0.48 0 5.00018455766527e-07
0.24 0.49 0 6.420162964426582e-07
0.24 0.5 0 9.480023115215834e-07
0.25 0.0 0 6.884526124658701e-07
0.25 0.01 0 8.190261804466549e-07
0.25 0.02 0 1.4926353994710317e-06
0.25 0.03 0 2.3911338170452083e-06
0.25 0.04 0 4.382171718434265e-06
0.25 0.05 0 6.576763235083365e-06
0.25 0.06 0 4.415237192783899e-06
0.25 0.07 0 4.0089852181279736e-06
0.25 0.08 0 4.700696455467097e-06
0.25 0.09 0 4.375970760107104e-06
0.25 0.1 0 3.2968832900922994e-06
0.25 0.11 0 2.9170801771175927e-06
0.25 0.12 0 3.2583046265579845e-06
0.25 0.13 0 3.067235717654966e-06
0.25 0.14 0 3.0919607153870137e-06
0.25 0.15 0 4.565075454107006e-06
0.25 0.16 0 4.7561475228843425e-06
0.25 0.17 0 4.256377726488873e-06
0.25 0.18 0 3.941455178136867e-06
0.25 0.19 0 2.1755113230161964e-06
0.25 0.2 0 1.3829255157947742e-06
0.25 0.21 0 1.5168181639265475e-06
0.25 0.22 0 2.229598011692497e-06
0.25 0.23 0 2.4337788936630043e-06
0.25 0.24 0 2.5397429653543472e-06
0.25 0.25 0 2.602092912494621e-06
0.25 0.26 0 2.286387184528783e-06
0.25 0.27 0 1.7921100073095087e-06
0.25 0.28 0 1.5862824580864595e-06
0.25 0.29 0 1.133511502794301e-06
0.25 0.3 0 9.864472872038333e-07
0.25 0.31 0 9.314408981215672e-07
0.25 0.32 0 1.0413456781079147e-06
0.25 0.33 0 9.998317135429181e-07
0.25 0.34 0 8.420317007026608e-07
0.25 0.35000000000000003 0 1.1868347859936729e-06
0.25 0.36 0 1.5626894457487702e-06
0.25 0.37 0 1.1275929545757182e-06
0.25 0.38 0 8.7124240424227e-07
0.25 0.39 0 7.005928873260067e-07
0.25 0.4 0 4.793441377473937e-07
0.25 0.41000000000000003 0 3.999053153201662e-07
0.25 0.42 0 3.892947820089443e-07
0.25 0.43 0 4.1408879211113584e-07
0.25 0.44 0 3.450827411996733e-07
0.25 0.45 0 5.857097378525184e-07
0.25 0.46 0 1.0446779054169263e-06
0.25 0.47000000000000003 0 8.015220816400184e-07
0.25 0.48 0 6.934352450818142e-07
0.25 0.49 0 8.577328433030792e-07
0.25 0.5 0 6.826403072981763e-07
0.26 0.0 0 1.5813731661743851e-06
0.26 0.01 0 2.6073646230761994e-06
0.26 0.02 0 3.2657238013166846e-06
0.26 0.03 0 3.880039844586032e-06
0.26 0.04 0 5.1154732487140995e-06
0.26 0.05 0 5.403765430067825e-06
0.26 0.06 0 4.0918458621667605e-06
0.26 0.07 0 3.187163491962501e-06
0.26 0.08 0 2.5665627368440248e-06
0.26 0.09 0 2.954364921063004e-06
0.26 0.1 0 3.740000426166078e-06
0.26 0.11 0 5.764768106906157e-06
0.26 0.12 0 5.909124986980655e-06
0.26 0.13 0 6.067302886989096e-06
0.26 0.14 0 7.575217358581879e-06
0.26 0.15 0 7.13595650036812e-06
0.26 0.16 0 5.900936890704756e-06
0.26 0.17 0 6.023612949967395e-06
0.26 0.18 0 4.897434601946668e-06
0.26 0.19 0 3.987901003625814e-06
0.26 0.2 0 3.4755491362036017e-06
0.26 0.21 0 2.8688749597175374e-06
0.26 0.22 0 2.5142060620115232e-06
0.26 0.23 0 2.3532353514105223e-06
0.26 0.24 0 2.217554411807069e-06
0.26 0.25 0 1.3299416838843942e-06
0.26 0.26 0 8.920498833369187e-07
0.26 0.27 0 8.288728727594682e-07
0.26 0.28 0 7.64459121307381e-07
0.26 0.29 0 7.987111042377143e-07
0.26 0.3 0 1.0483021809331799e-06
0.26 0.31 0 1.0209546392151243e-06
0.26 0.32 0 1.190937600925124e-06
0.26 0.33 0 1.394800679705245e-06
0.26 0.34 0 1.2996419318616334e-06
0.26 0.35000000000000003 0 1.280731824114992e-06
0.26 0.36 0 1.5507831847005327e-06
0.26 0.37 0 1.6458184138903625e-06
0.26 0.38 0 1.4708409041118364e-06
0.26 0.39 0 1.1200653753747722e-06
0.26 0.4 0 7.230314799779287e-07
0.26 0.41000000000000003 0 6.18014142482487e-07
0.26 0.42 0 5.864647387159079e-07
0.26 0.43 0 4.021030473654504e-07
0.26 0.44 0 2.8636586889829277e-07
0.26 0.45 0 2.752025443093022e-07
0.26 0.46 0 2.6427983508686907e-07
0.26 0.47000000000000003 0 3.6954577808560444e-07
0.26 0.48 0 3.9071126004969066e-07
0.26 0.49 0 2.998218965075084e-07
0.26 0.5 0 3.2925516543085036e-07
0.27 0.0 0 1.1837852699423346e-06
0.27 0.01 0 1.5888694114303305e-06
0.27 0.02 0 3.1805769326664073e-06
0.27 0.03 0 4.205467064619337e-06
0.27 0.04 0 4.235301074468652e-06
0.27 0.05 0 4.624901776604451e-06
0.27 0.06 0 2.5897017450660743e-06
0.27 0.07 0 2.0355072017236063e-06
0.27 0.08 0 3.5402685377614508e-06
0.27 0.09 0 3.325645748701432e-06
0.27 0.1 0 2.1454784405578082e-06
0.27 0.11 0 2.3948619783225405e-06
0.27 0.12 0 1.882675866635127e-06
0.27 0.13 0 1.5166773984797722e-06
0.27 0.14 0 1.7072792739794882e-06
0.27 0.15 0 1.3905176890098164e-06
0.27 0.16 0 9.561422854766598e-07
0.27 0.17 0 9.457928618413316e-07
0.27 0.18 0 1.261068827246519e-06
0.27 0.19 0 1.579726534641731e-06
0.27 0.2 0 1.727436820364519e-06
0.27 0.21 0 2.400750383918278e-06
0.27 0.22 0 3.3763184108854436e-06
0.27 0.23 0 3.101097368202778e-06
0.27 0.24 0 2.815936142925793e-06
0.27 0.25 0 1.7075477393261367e-06
0.27 0.26 0 1.090747710703917e-06
0.27 0.27 0 1.0884902635860506e-06
0.27 0.28 0 1.2675732782852337e-06
0.27 0.29 0 1.5244658681195113e-06
0.27 0.3 0 1.6459765009413677e-06
0.27 0.31 0 1.0327976723545387e-06
0.27 0.32 0 9.997919886270302e-07
0.27 0.33 0 1.1157156965856862e-06
0.27 0.34 0 1.0819121522611074e-06
0.27 0.35000000000000003 0 1.502898073941587e-06
0.27 0.36 0 1.965890111571809e-06
0.27 0.37 0 1.503324132837674e-06
0.27 0.38 0 1.3873512687075077e-06
0.27 0.39 0 1.4532500839896117e-06
0.27 0.4 0 1.1113775694559283e-06
0.27 0.41000000000000003 0 1.2183739084255947e-06
0.27 0.42 0 1.5983705514887766e-06
0.27 0.43 0 1.1696196399590424e-06
0.27 0.44 0 7.432251948063679e-07
0.27 0.45 0 7.221558606001758e-07
0.27 0.46 0 5.107317352888725e-07
0.27 0.47000000000000003 0 4.430689078106289e-07
0.27 0.48 0 4.6025640207798515e-07
0.27 0.49 0 3.903585194127649e-07
0.27 0.5 0 2.650134218063621e-07
0.28 0.0 0 4.679459321607772e-06
0.28 0.01 0 3.913414024160542e-06
0.28 0.02 0 2.058369351942623e-06
0.28 0.03 0 1.5691084838251595e-06
0.28 0.04 0 1.746606852446347e-06
0.28 0.05 0 1.682606324218177e-06
0.28 0.06 0 1.2955022007886659e-06
0.28 0.07 0 1.3679649540502917e-06
0.28 0.08 0 1.047146705843424e-06
0.28 0.09 0 7.713086877594364e-07
0.28 0.1 0 8.453419009843893e-07
0.28 0.11 0 6.903150678366589e-07
0.28 0.12 0 3.7303570903209493e-07
0.28 0.13 0 5.060968399386391e-07
0.28 0.14 0 7.304972523875394e-07
0.28 0.15 0 5.853510427436595e-07
0.28 0.16 0 4.0783487077819453e-07
0.28 0.17 0 5.557161078225368e-07
0.28 0.18 0 8.468164942053055e-07
0.28 0.19 0 8.302136451567956e-07
0.28 0.2 0 1.0019235066208428e-06
0.28 0.21 0 9.61267036301599e-07
0.28 0.22 0 4.817742343445943e-07
0.28 0.23 0 6.238873514844266e-07
0.28 0.24 0 1.222353274636391e-06
0.28 0.25 0 1.086153691312854e-06
0.28 0.26 0 1.1890969611447034e-06
0.28 0.27 0 1.4127360683858839e-06
0.28 0.28 0 1.551832715565961e-06
0.28 0.29 0 1.4004501215939981e-06
0.28 0.3 0 1.1256574839514193e-06
0.28 0.31 0 1.2483067960340847e-06
0.28 0.32 0 1.5386065192030861e-06
0.28 0.33 0 1.4229572471201861e-06
0.28 0.34 0 1.5975934633963996e-06
0.28 0.35000000000000003 0 1.2100563933527231e-06
0.28 0.36 0 6.665527468057811e-07
0.28 0.37 0 4.989156321696376e-07
0.28 0.38 0 5.790000867529912e-07
0.28 0.39 0 4.8793502505763e-07
0.28 0.4 0 3.460190699582497e-07
0.28 0.41000000000000003 0 5.324389882886676e-07
0.28 0.42 0 7.627846391037823e-07
0.28 0.43 0 5.689372022605253e-07
0.28 0.44 0 6.282531400224856e-07
0.28 0.45 0 7.680477257222097e-07
0.28 0.46 0 5.320762763215631e-07
0.28 0.47000000000000003 0 5.083145313277175e-07
0.28 0.48 0 5.637458565285697e-07
0.28 0.49 0 3.358230445775576e-07
0.28 0.5 0 1.741300485059906e-07
0.29 0.0 0 2.4567344923382727e-06
0.29 0.01 0 2.468246715086482e-06
0.29 0.02 0 2.9810488332285154e-06
0.29 0.03 0 2.331210577623297e-06
0.29 0.04 0 1.8320170489449425e-06
0.29 0.05 0 1.1580580155494714e-06
0.29 0.06 0 5.958890257747884e-07
0.29 0.07 0 5.450069303682301e-07
0.29 0.08 0 6.030641437678147e-07
0.29 0.09 0 7.797895246711016e-07
0.29 0.1 0 9.692726659751874e-07
0.29 0.11 0 7.313528808310329e-07
0.29 0.12 0 5.531722085510014e-07
0.29 0.13 0 6.037753164188458e-07
0.29 0.14 0 5.057999060417717e-07
0.29 0.15 0 4.936306021381741e-07
0.29 0.16 0 6.8870140849965e-07
0.29 0.17 0 8.431261780247874e-07
0.29 0.18 0 9.488270711062437e-07
0.29 0.19 0 1.5426689219039244e-06
0.29 0.2 0 1.713578821648059e-06
0.29 0.21 0 1.3148287962454538e-06
0.29 0.22 0 1.8307969231860494e-06
0.29 0.23 0 2.308124485853431e-06
0.29 0.24 0 1.918237572227739e-06
0.29 0.25 0 1.6306214875676794e-06
0.29 0.26 0 1.2013675444661128e-06
0.29 0.27 0 8.873986655602287e-07
0.29 0.28 0 1.0609298302036164e-06
0.29 0.29 0 1.2058224459470736e-06
0.29 0.3 0 1.1915755654295617e-06
0.29 0.31 0 8.553259434184509e-07
0.29 0.32 0 7.970759325456291e-07
0.29 0.33 0 8.17818946796906e-07
0.29 0.34 0 6.48983668015284e-07
0.29 0.35000000000000003 0 5.474382270597022e-07
0.29 0.36 0 5.063615634455908e-07
0.29 0.37 0 4.458811602565799e-07
0.29 0.38 0 5.886076913783135e-07
0.29 0.39 0 5.63130132890862e-07
0.29 0.4 0 4.223903622848301e-07
0.29 0.41000000000000003 0 4.396595779923465e-07
0.29 0.42 0 3.845456315691568e-07
0.29 0.43 0 4.419657618474025e-07
0.29 0.44 0 5.306872217192038e-07
0.29 0.45 0 3.0064309585174385e-07
0.29 0.46 0 1.943797627746291e-07
0.29 0.47000000000000003 0 2.395915131949364e-07
0.29 0.48 0 1.8331209779185307e-07
0.29 0.49 0 1.7585614908438737e-07
0.29 0.5 0 2.1716622005166793e-07
0.3 0.0 0 4.40613277441468e-06
0.3 0.01 0 6.6002033706766125e-06
0.3 0.02 0 4.1615909731519385e-06
0.3 0.03 0 2.0031228207529527e-06
0.3 0.04 0 2.518992010092697e-06
0.3 0.05 0 2.90539481735563e-06
0.3 0.06 0 1.8271239756163703e-06
0.3 0.07 0 2.1709354483054054e-06
0.3 0.08 0 2.8845423481333983e-06
0.3 0.09 0 2.8852251810955196e-06
0.3 0.1 0 2.464955397826004e-06
0.3 0.11 0 2.0507858111429887e-06
0.3 0.12 0 1.5387297318667895e-06
0.3 0.13 0 1.4239192071964032e-06
0.3 0.14 0 1.4720335445601371e-06
0.3 0.15 0 1.7758771756432801e-06
0.3 0.16 0 1.181810857081989e-06
0.3 0.17 0 7.139620052329725e-07
0.3 0.18 0 7.722905220357804e-07
0.3 0.19 0 1.0285744619445753e-06
0.3 0.2 0 8.497536598474458e-07
0.3 0.21 0 7.735049745657988e-07
0.3 0.22 0 8.490407247061809e-07
0.3 0.23 0 7.131433702142379e-07
0.3 0.24 0 7.086303508156468e-07
0.3 0.25 0 1.118900974308948e-06
0.3 0.26 0 1.3604210982455125e-06
0.3 0.27 0 1.4525673562827744e-06
0.3 0.28 0 2.5483610667314075e-06
0.3 0.29 0 2.7504771171116767e-06
0.3 0.3 0 1.5337346012049058e-06
0.3 0.31 0 1.106387199105269e-06
0.3 0.32 0 1.2055262720361149e-06
0.3 0.33 0 8.270700542113957e-07
0.3 0.34 0 7.050081604139305e-07
0.3 0.35000000000000003 0 7.040090811655896e-07
0.3 0.36 0 4.0964405935336225e-07
0.3 0.37 0 3.4110769499168263e-07
0.3 0.38 0 6.711782583047319e-07
0.3 0.39 0 7.317846168093485e-07
0.3 0.4 0 6.788485048546401e-07
0.3 0.41000000000000003 0 7.475379546341145e-07
0.3 0.42 0 6.221083035960471e-07
0.3 0.43 0 5.509021792658812e-07
0.3 0.44 0 4.757684737828702e-07
0.3 0.45 0 3.9107798921588423e-07
0.3 0.46 0 3.4829485132864267e-07
0.3 0.47000000000000003 0 2.837402562253177e-07
0.3 0.48 0 2.8063925308366446e-07
0.3 0.49 0 3.327236793058233e-07
0.3 0.5 0 3.0549791250860286e-07
#STOP
