#MEDIUM_PROPERTIES_DISTRIBUTED
$MSH_TYPE
	 GROUNDWATER_FLOW	
$MMP_TYPE
	 PERMEABILITY	
$DIS_TYPE
	 NEAREST_VALUE	
;hj
$CONVERSION_FACTOR
	 1.0	
$DATA
0.0 0.0 0 2.4506008552710308e-06
0.0 0.01 0 2.1787415130336464e-06
0.0 0.02 0 2.26762466965508e-06
0.0 0.03 0 2.29301336135634e-06
0.0 0.04 0 1.8354745473883379e-06
0.0 0.05 0 1.523451209948044e-06
0.0 0.06 0 1.6506564699157293e-06
0.0 0.07 0 1.8279120185223956e-06
0.0 0.08 0 1.7153559574396661e-06
0.0 0.09 0 1.595966973875138e-06
0.0 0.1 0 1.5712869584781999e-06
0.0 0.11 0 1.4824728326766323e-06
0.0 0.12 0 1.4147674028941209e-06
0.0 0.13 0 1.5049930418710678e-06
0.0 0.14 0 1.6204669751367642e-06
0.0 0.15 0 1.566743606578461e-06
0.0 0.16 0 1.436455494475742e-06
0.0 0.17 0 1.4285963900450429e-06
0.0 0.18 0 1.5895900551165867e-06
0.0 0.19 0 1.724508388352288e-06
0.0 0.2 0 1.5982685958369237e-06
0.0 0.21 0 1.3908455213677702e-06
0.0 0.22 0 1.3411363559086216e-06
0.0 0.23 0 1.3596906372442978e-06
0.0 0.24 0 1.2798611443522116e-06
0.0 0.25 0 1.187942968633246e-06
0.0 0.26 0 1.1972338608227351e-06
0.0 0.27 0 1.2611608507616804e-06
0.0 0.28 0 1.3206948341021382e-06
0.0 0.29 0 1.3636260279529705e-06
0.0 0.3 0 1.3397436715858294e-06
0.0 0.31 0 1.2553787324998454e-06
0.0 0.32 0 1.2015670324956794e-06
0.0 0.33 0 1.1818251188159919e-06
0.0 0.34 0 1.125736542412454e-06
0.0 0.35000000000000003 0 1.0462440107116496e-06
0.0 0.36 0 1.014072965338443e-06
0.0 0.37 0 1.0412674261012222e-06
0.0 0.38 0 1.0863715403762673e-06
0.0 0.39 0 1.1458578395382716e-06
0.0 0.4 0 1.2888118249882869e-06
0.0 0.41000000000000003 0 1.510318721410143e-06
0.0 0.42 0 1.6115615075526947e-06
0.0 0.43 0 1.549870006117743e-06
0.0 0.44 0 1.5730110202334776e-06
0.0 0.45 0 1.6737033122677932e-06
0.0 0.46 0 1.5954981322353966e-06
0.0 0.47000000000000003 0 1.4876089612769115e-06
0.0 0.48 0 1.599027233096507e-06
0.0 0.49 0 1.631747964289434e-06
0.0 0.5 0 1.3132406195975905e-06
0.01 0.0 0 2.0465016292510183e-06
0.01 0.01 0 2.159375811055177e-06
0.01 0.02 0 2.292318594829484e-06
0.01 0.03 0 2.409123426995097e-06
0.01 0.04 0 2.4049653464801823e-06
0.01 0.05 0 2.1992206258315316e-06
0.01 0.06 0 2.0363838662139595e-06
0.01 0.07 0 2.1616213487530145e-06
0.01 0.08 0 2.3165483294671713e-06
0.01 0.09 0 2.135251323265798e-06
0.01 0.1 0 1.97714046815746e-06
0.01 0.11 0 2.145047331308764e-06
0.01 0.12 0 2.2881119117113678e-06
0.01 0.13 0 2.120564691054598e-06
0.01 0.14 0 2.017314023219093e-06
0.01 0.15 0 2.134576432557685e-06
0.01 0.16 0 2.2148405099675355e-06
0.01 0.17 0 2.1616560872264967e-06
0.01 0.18 0 2.0723015352531225e-06
0.01 0.19 0 1.919825595433153e-06
0.01 0.2 0 1.774890543041454e-06
0.01 0.21 0 1.7787724814028322e-06
0.01 0.22 0 1.8295235936933839e-06
0.01 0.23 0 1.721541062621099e-06
0.01 0.24 0 1.5435684695642654e-06
0.01 0.25 0 1.4720640999319156e-06
0.01 0.26 0 1.4709934220958998e-06
0.01 0.27 0 1.4167626284983358e-06
0.01 0.28 0 1.3150221061082288e-06
0.01 0.29 0 1.240901332420023e-06
0.01 0.3 0 1.1816515705328971e-06
0.01 0.31 0 1.1142360273984926e-06
0.01 0.32 0 1.1150154590367076e-06
0.01 0.33 0 1.2098291632808324e-06
0.01 0.34 0 1.2311969061965705e-06
0.01 0.35000000000000003 0 1.1137164047598426e-06
0.01 0.36 0 1.0792038838352151e-06
0.01 0.37 0 1.2024464064986916e-06
0.01 0.38 0 1.2804958768693295e-06
0.01 0.39 0 1.2429949258170208e-06
0.01 0.4 0 1.281643448788404e-06
0.01 0.41000000000000003 0 1.392406373628668e-06
0.01 0.42 0 1.4234874179486794e-06
0.01 0.43 0 1.4221435875869048e-06
0.01 0.44 0 1.4166428167428776e-06
0.01 0.45 0 1.305576914126143e-06
0.01 0.46 0 1.21738546806667e-06
0.01 0.47000000000000003 0 1.3276250653152106e-06
0.01 0.48 0 1.5308048126407301e-06
0.01 0.49 0 1.622653335806718e-06
0.01 0.5 0 1.6581703873615798e-06
0.02 0.0 0 2.2082392811146937e-06
0.02 0.01 0 2.2735299211840085e-06
0.02 0.02 0 2.1491193826163678e-06
0.02 0.03 0 2.2504970784594824e-06
0.02 0.04 0 2.3641246932077815e-06
0.02 0.05 0 2.2210113460150864e-06
0.02 0.06 0 2.106398128023677e-06
0.02 0.07 0 2.1165815010896317e-06
0.02 0.08 0 2.030547475497759e-06
0.02 0.09 0 1.88417968813812e-06
0.02 0.1 0 1.8304859555775167e-06
0.02 0.11 0 1.812202177177881e-06
0.02 0.12 0 1.7863023260824389e-06
0.02 0.13 0 1.7991569341863215e-06
0.02 0.14 0 1.795057092154364e-06
0.02 0.15 0 1.7525781799699384e-06
0.02 0.16 0 1.812875013956955e-06
0.02 0.17 0 2.0065931648186037e-06
0.02 0.18 0 2.11964845625132e-06
0.02 0.19 0 2.028168034881302e-06
0.02 0.2 0 1.9007124061146738e-06
0.02 0.21 0 1.8448156719005283e-06
0.02 0.22 0 1.7593759739902048e-06
0.02 0.23 0 1.5725044016295322e-06
0.02 0.24 0 1.390877229437675e-06
0.02 0.25 0 1.275647974226459e-06
0.02 0.26 0 1.1652063761069984e-06
0.02 0.27 0 1.0906217637941845e-06
0.02 0.28 0 1.1604621629582502e-06
0.02 0.29 0 1.2720227461856266e-06
0.02 0.3 0 1.1541093677620326e-06
0.02 0.31 0 9.529952960857263e-07
0.02 0.32 0 9.495797665318202e-07
0.02 0.33 0 1.0839097511346279e-06
0.02 0.34 0 1.0942571366770404e-06
0.02 0.35000000000000003 0 9.974610166967628e-07
0.02 0.36 0 1.00019145556792e-06
0.02 0.37 0 1.1305414491376595e-06
0.02 0.38 0 1.3008015846886049e-06
0.02 0.39 0 1.4148328772753324e-06
0.02 0.4 0 1.4215593094235338e-06
0.02 0.41000000000000003 0 1.392073923875309e-06
0.02 0.42 0 1.4006224358077882e-06
0.02 0.43 0 1.3839534975321268e-06
0.02 0.44 0 1.3166153031333672e-06
0.02 0.45 0 1.2627714347278395e-06
0.02 0.46 0 1.180639560794796e-06
0.02 0.47000000000000003 0 1.0798725403349729e-06
0.02 0.48 0 1.1332844647924016e-06
0.02 0.49 0 1.3418502595033433e-06
0.02 0.5 0 1.3823666256533045e-06
0.03 0.0 0 1.646040978501623e-06
0.03 0.01 0 1.7622105819902514e-06
0.03 0.02 0 2.0625391115051076e-06
0.03 0.03 0 2.117592262393962e-06
0.03 0.04 0 1.9264512176794704e-06
0.03 0.05 0 1.8933127677241526e-06
0.03 0.06 0 1.9938845094679308e-06
0.03 0.07 0 1.965881456404336e-06
0.03 0.08 0 1.8712776400643107e-06
0.03 0.09 0 1.8772780718472974e-06
0.03 0.1 0 1.8844485555243343e-06
0.03 0.11 0 1.7718220502816887e-06
0.03 0.12 0 1.7011529142021133e-06
0.03 0.13 0 1.8668493216166785e-06
0.03 0.14 0 2.1487648985968787e-06
0.03 0.15 0 2.1552118661522734e-06
0.03 0.16 0 1.9658674904165637e-06
0.03 0.17 0 2.0040189243658893e-06
0.03 0.18 0 2.1830653829296978e-06
0.03 0.19 0 2.0057853253025915e-06
0.03 0.2 0 1.6254097736910973e-06
0.03 0.21 0 1.5155488637233639e-06
0.03 0.22 0 1.6394283351905222e-06
0.03 0.23 0 1.6623058925896863e-06
0.03 0.24 0 1.5299592278119602e-06
0.03 0.25 0 1.4716677255938522e-06
0.03 0.26 0 1.512925766519956e-06
0.03 0.27 0 1.48605549169697e-06
0.03 0.28 0 1.3604198532096483e-06
0.03 0.29 0 1.3081778428205891e-06
0.03 0.3 0 1.3792442130770188e-06
0.03 0.31 0 1.3789859374797838e-06
0.03 0.32 0 1.2411577216576117e-06
0.03 0.33 0 1.216729471927631e-06
0.03 0.34 0 1.383886574302051e-06
0.03 0.35000000000000003 0 1.4794959938103562e-06
0.03 0.36 0 1.4077436862327799e-06
0.03 0.37 0 1.4223144267512214e-06
0.03 0.38 0 1.5062148321188323e-06
0.03 0.39 0 1.4542035850324034e-06
0.03 0.4 0 1.3802521313704239e-06
0.03 0.41000000000000003 0 1.3926021634638307e-06
0.03 0.42 0 1.3291305924630144e-06
0.03 0.43 0 1.191302385271921e-06
0.03 0.44 0 1.1198655674479182e-06
0.03 0.45 0 1.0391644143921278e-06
0.03 0.46 0 9.248742874754589e-07
0.03 0.47000000000000003 0 9.412087827414459e-07
0.03 0.48 0 1.0816902301670742e-06
0.03 0.49 0 1.1279981255975558e-06
0.03 0.5 0 1.1187870652866575e-06
0.04 0.0 0 1.7533130323566742e-06
0.04 0.01 0 1.5967820976860974e-06
0.04 0.02 0 1.6307301403922095e-06
0.04 0.03 0 1.8943456590490611e-06
0.04 0.04 0 2.0208572080201096e-06
0.04 0.05 0 1.7966608292600105e-06
0.04 0.06 0 1.6175543422926905e-06
0.04 0.07 0 1.6482923756671392e-06
0.04 0.08 0 1.668751745470812e-06
0.04 0.09 0 1.6107784986175607e-06
0.04 0.1 0 1.6424905372509797e-06
0.04 0.11 0 1.726623367294446e-06
0.04 0.12 0 1.7047753188451805e-06
0.04 0.13 0 1.667796838109525e-06
0.04 0.14 0 1.7329705037606506e-06
0.04 0.15 0 1.7508246259160053e-06
0.04 0.16 0 1.5870698803007406e-06
0.04 0.17 0 1.4377117662737915e-06
0.04 0.18 0 1.4901059163300432e-06
0.04 0.19 0 1.6433809659311527e-06
0.04 0.2 0 1.6408749738773976e-06
0.04 0.21 0 1.5363329856580242e-06
0.04 0.22 0 1.560536004267423e-06
0.04 0.23 0 1.6583973659713454e-06
0.04 0.24 0 1.6320317066871367e-06
0.04 0.25 0 1.5371740742354894e-06
0.04 0.26 0 1.4599481314806222e-06
0.04 0.27 0 1.3471373782841216e-06
0.04 0.28 0 1.2924720321680455e-06
0.04 0.29 0 1.414327600546462e-06
0.04 0.3 0 1.5401682424024392e-06
0.04 0.31 0 1.4809353630191918e-06
0.04 0.32 0 1.4491768383822154e-06
0.04 0.33 0 1.5323997155235738e-06
0.04 0.34 0 1.507984096549899e-06
0.04 0.35000000000000003 0 1.4100795013665528e-06
0.04 0.36 0 1.4437315633525017e-06
0.04 0.37 0 1.495867483623253e-06
0.04 0.38 0 1.4327774492260766e-06
0.04 0.39 0 1.4088810133700037e-06
0.04 0.4 0 1.40262884409378e-06
0.04 0.41000000000000003 0 1.2426220200763958e-06
0.04 0.42 0 1.1097180887437793e-06
0.04 0.43 0 1.1915450806477115e-06
0.04 0.44 0 1.3309692060088595e-06
0.04 0.45 0 1.2968019848820688e-06
0.04 0.46 0 1.212385591662789e-06
0.04 0.47000000000000003 0 1.2373477875930595e-06
0.04 0.48 0 1.3678770745818167e-06
0.04 0.49 0 1.5355435268932552e-06
0.04 0.5 0 1.580398171795672e-06
0.05 0.0 0 1.6773789934343612e-06
0.05 0.01 0 1.5344354671309446e-06
0.05 0.02 0 1.5072952346322796e-06
0.05 0.03 0 1.5516153157263946e-06
0.05 0.04 0 1.4870881038185498e-06
0.05 0.05 0 1.418002415830437e-06
0.05 0.06 0 1.499863945138219e-06
0.05 0.07 0 1.5998021949409495e-06
0.05 0.08 0 1.5019434930883056e-06
0.05 0.09 0 1.3375183047264784e-06
0.05 0.1 0 1.3206626151483234e-06
0.05 0.11 0 1.4019187937836649e-06
0.05 0.12 0 1.3945301072316104e-06
0.05 0.13 0 1.3302724088276296e-06
0.05 0.14 0 1.358501691134897e-06
0.05 0.15 0 1.4174440421158411e-06
0.05 0.16 0 1.3952712919633193e-06
0.05 0.17 0 1.4089127292239516e-06
0.05 0.18 0 1.5216396452848907e-06
0.05 0.19 0 1.5535395653587653e-06
0.05 0.2 0 1.4783877758050545e-06
0.05 0.21 0 1.497283962280692e-06
0.05 0.22 0 1.6180663239796873e-06
0.05 0.23 0 1.7205037288882816e-06
0.05 0.24 0 1.8223603456774052e-06
0.05 0.25 0 1.8832961946246358e-06
0.05 0.26 0 1.7925114428488833e-06
0.05 0.27 0 1.7217002124464413e-06
0.05 0.28 0 1.7894799800090692e-06
0.05 0.29 0 1.7633183421918807e-06
0.05 0.3 0 1.5947222915193183e-06
0.05 0.31 0 1.5765422458072562e-06
0.05 0.32 0 1.7411548837793015e-06
0.05 0.33 0 1.8563454262815808e-06
0.05 0.34 0 1.8890970082850393e-06
0.05 0.35000000000000003 0 1.9227515005438725e-06
0.05 0.36 0 1.8783167743811792e-06
0.05 0.37 0 1.8054702730562662e-06
0.05 0.38 0 1.832755631345753e-06
0.05 0.39 0 1.8594908259077913e-06
0.05 0.4 0 1.7667582139850486e-06
0.05 0.41000000000000003 0 1.5993810052308274e-06
0.05 0.42 0 1.3772163138765443e-06
0.05 0.43 0 1.208752770726601e-06
0.05 0.44 0 1.2499544875848109e-06
0.05 0.45 0 1.386102235971183e-06
0.05 0.46 0 1.319977765140528e-06
0.05 0.47000000000000003 0 1.2092875027846235e-06
0.05 0.48 0 1.3250995048244453e-06
0.05 0.49 0 1.4956225708752934e-06
0.05 0.5 0 1.4655343099461737e-06
0.06 0.0 0 2.2615034906650255e-06
0.06 0.01 0 2.239436146071034e-06
0.06 0.02 0 2.2701259720506147e-06
0.06 0.03 0 2.4763517818432874e-06
0.06 0.04 0 2.612000089996261e-06
0.06 0.05 0 2.4830233891598785e-06
0.06 0.06 0 2.3153032825106655e-06
0.06 0.07 0 2.2547348260204488e-06
0.06 0.08 0 2.1947866839893584e-06
0.06 0.09 0 2.088318880630721e-06
0.06 0.1 0 1.971496198160568e-06
0.06 0.11 0 1.8613924896478286e-06
0.06 0.12 0 1.8547221178768922e-06
0.06 0.13 0 1.9935758621198223e-06
0.06 0.14 0 2.0395151746268695e-06
0.06 0.15 0 1.8212957085171498e-06
0.06 0.16 0 1.5820937405686753e-06
0.06 0.17 0 1.4814336769846683e-06
0.06 0.18 0 1.4689286266423948e-06
0.06 0.19 0 1.525709434820131e-06
0.06 0.2 0 1.6216300335447204e-06
0.06 0.21 0 1.6349957333054137e-06
0.06 0.22 0 1.611333189074029e-06
0.06 0.23 0 1.7312094577936743e-06
0.06 0.24 0 1.965145103143889e-06
0.06 0.25 0 2.1015539239099567e-06
0.06 0.26 0 2.0742499732516254e-06
0.06 0.27 0 1.9921129305011585e-06
0.06 0.28 0 2.0494580262600167e-06
0.06 0.29 0 2.3778756806734306e-06
0.06 0.3 0 2.6005584102701796e-06
0.06 0.31 0 2.246770514131932e-06
0.06 0.32 0 1.907137583390301e-06
0.06 0.33 0 2.040423590359649e-06
0.06 0.34 0 2.2498174215939086e-06
0.06 0.35000000000000003 0 2.1067005505328356e-06
0.06 0.36 0 2.063683152218507e-06
0.06 0.37 0 2.2880610417453388e-06
0.06 0.38 0 2.2885168983716466e-06
0.06 0.39 0 2.1396385913856182e-06
0.06 0.4 0 2.2940469680721025e-06
0.06 0.41000000000000003 0 2.3681197377849418e-06
0.06 0.42 0 1.8981428362822056e-06
0.06 0.43 0 1.5090479409845592e-06
0.06 0.44 0 1.5221457834210812e-06
0.06 0.45 0 1.629464899989891e-06
0.06 0.46 0 1.5145944280833027e-06
0.06 0.47000000000000003 0 1.3287365652759013e-06
0.06 0.48 0 1.2611614209928799e-06
0.06 0.49 0 1.3146397757335062e-06
0.06 0.5 0 1.3908899855076943e-06
0.07 0.0 0 3.3149642598583113e-06
0.07 0.01 0 2.9478114543153468e-06
0.07 0.02 0 2.744210980202053e-06
0.07 0.03 0 2.8148478212986e-06
0.07 0.04 0 2.938337163219621e-06
0.07 0.05 0 2.946894398977491e-06
0.07 0.06 0 2.9314560096205408e-06
0.07 0.07 0 3.051299977580934e-06
0.07 0.08 0 3.299007362426444e-06
0.07 0.09 0 3.428742207093039e-06
0.07 0.1 0 3.2675184305655535e-06
0.07 0.11 0 2.959528376822044e-06
0.07 0.12 0 2.6635869818456246e-06
0.07 0.13 0 2.4790881074945832e-06
0.07 0.14 0 2.490342762261276e-06
0.07 0.15 0 2.5417582069063415e-06
0.07 0.16 0 2.3897742198095057e-06
0.07 0.17 0 2.2384541294543076e-06
0.07 0.18 0 2.314346535047712e-06
0.07 0.19 0 2.3728564838289475e-06
0.07 0.2 0 2.2959213043045876e-06
0.07 0.21 0 2.435912997308603e-06
0.07 0.22 0 2.6992695360695835e-06
0.07 0.23 0 2.532487710630644e-06
0.07 0.24 0 2.3181323012827693e-06
0.07 0.25 0 2.668951178357539e-06
0.07 0.26 0 3.1784865782816236e-06
0.07 0.27 0 3.041025336501188e-06
0.07 0.28 0 2.8398829225478103e-06
0.07 0.29 0 3.12161131638242e-06
0.07 0.3 0 3.4298511922104063e-06
0.07 0.31 0 3.430461944121626e-06
0.07 0.32 0 3.4628109182862308e-06
0.07 0.33 0 3.48486714923455e-06
0.07 0.34 0 3.294671863538794e-06
0.07 0.35000000000000003 0 3.125880816823456e-06
0.07 0.36 0 3.067499711894953e-06
0.07 0.37 0 3.0026539981537096e-06
0.07 0.38 0 2.974395339907694e-06
0.07 0.39 0 2.8671818033798985e-06
0.07 0.4 0 2.494182078134069e-06
0.07 0.41000000000000003 0 2.1524837957404875e-06
0.07 0.42 0 2.0576646653540545e-06
0.07 0.43 0 1.970270080243189e-06
0.07 0.44 0 1.7687800880392455e-06
0.07 0.45 0 1.685718071867618e-06
0.07 0.46 0 1.7612313420558988e-06
0.07 0.47000000000000003 0 1.7955356861864917e-06
0.07 0.48 0 1.743807361735024e-06
0.07 0.49 0 1.6803511517796004e-06
0.07 0.5 0 1.5744629430922403e-06
0.08 0.0 0 3.4627096969961344e-06
0.08 0.01 0 3.287408237748897e-06
0.08 0.02 0 3.073170988049498e-06
0.08 0.03 0 3.0802398898152124e-06
0.08 0.04 0 3.1867945963493494e-06
0.08 0.05 0 3.2077379952217038e-06
0.08 0.06 0 3.204907220059037e-06
0.08 0.07 0 3.102421466214782e-06
0.08 0.08 0 2.8190925308250067e-06
0.08 0.09 0 2.7496442844022437e-06
0.08 0.1 0 3.1120709537658802e-06
0.08 0.11 0 3.3436670563326034e-06
0.08 0.12 0 3.105442691549612e-06
0.08 0.13 0 3.13397044232397e-06
0.08 0.14 0 3.6441560298801263e-06
0.08 0.15 0 3.7933754680606945e-06
0.08 0.16 0 3.3701731984755945e-06
0.08 0.17 0 3.1064712084728494e-06
0.08 0.18 0 3.0425017541519136e-06
0.08 0.19 0 2.959352111583544e-06
0.08 0.2 0 3.0254860501354652e-06
0.08 0.21 0 3.2118975097515616e-06
0.08 0.22 0 3.227271068563159e-06
0.08 0.23 0 3.2527391997524907e-06
0.08 0.24 0 3.5021210146590036e-06
0.08 0.25 0 3.6422290190189917e-06
0.08 0.26 0 3.5570094201632295e-06
0.08 0.27 0 3.5840017158250146e-06
0.08 0.28 0 3.691798940896506e-06
0.08 0.29 0 3.7320449939407483e-06
0.08 0.3 0 3.8405822654124225e-06
0.08 0.31 0 3.8457613640717764e-06
0.08 0.32 0 3.5611470334252765e-06
0.08 0.33 0 3.512101017474981e-06
0.08 0.34 0 3.987649391667098e-06
0.08 0.35000000000000003 0 4.356427245754562e-06
0.08 0.36 0 4.13061782193572e-06
0.08 0.37 0 3.7991319452106142e-06
0.08 0.38 0 3.6146835204105952e-06
0.08 0.39 0 3.542886455131897e-06
0.08 0.4 0 3.5905732286811964e-06
0.08 0.41000000000000003 0 3.3645524845351126e-06
0.08 0.42 0 2.6893106213352575e-06
0.08 0.43 0 2.239090367983607e-06
0.08 0.44 0 2.27650455049065e-06
0.08 0.45 0 2.350406386835125e-06
0.08 0.46 0 2.1410166469269377e-06
0.08 0.47000000000000003 0 1.9741900753378685e-06
0.08 0.48 0 1.9305218541577415e-06
0.08 0.49 0 1.7961242513701564e-06
0.08 0.5 0 1.694922948600725e-06
0.09 0.0 0 3.85768861943155e-06
0.09 0.01 0 4.050857544523981e-06
0.09 0.02 0 4.595386215338799e-06
0.09 0.03 0 4.721260323472734e-06
0.09 0.04 0 4.1306684147812796e-06
0.09 0.05 0 3.7701823463759027e-06
0.09 0.06 0 3.893568538916683e-06
0.09 0.07 0 3.96597344790565e-06
0.09 0.08 0 3.9431391947251424e-06
0.09 0.09 0 4.135783067904047e-06
0.09 0.1 0 4.190331395614465e-06
0.09 0.11 0 3.846957675658658e-06
0.09 0.12 0 3.6321686803649526e-06
0.09 0.13 0 3.7483438451222394e-06
0.09 0.14 0 3.833062852259314e-06
0.09 0.15 0 3.6682256105044448e-06
0.09 0.16 0 3.373241481154205e-06
0.09 0.17 0 3.181990157736586e-06
0.09 0.18 0 3.3102690723623665e-06
0.09 0.19 0 3.553007067595521e-06
0.09 0.2 0 3.428981412274785e-06
0.09 0.21 0 3.222688467829811e-06
0.09 0.22 0 3.395501751066331e-06
0.09 0.23 0 3.5483894088997606e-06
0.09 0.24 0 3.306086598931008e-06
0.09 0.25 0 3.2026028522438432e-06
0.09 0.26 0 3.314240207213183e-06
0.09 0.27 0 3.123810805222227e-06
0.09 0.28 0 2.9654293630895237e-06
0.09 0.29 0 3.40856800012704e-06
0.09 0.3 0 3.92460810539027e-06
0.09 0.31 0 3.6769196262569993e-06
0.09 0.32 0 3.292905493391791e-06
0.09 0.33 0 3.2043885753253923e-06
0.09 0.34 0 3.0803202100807453e-06
0.09 0.35000000000000003 0 3.0493959498277032e-06
0.09 0.36 0 3.4161720293942363e-06
0.09 0.37 0 3.670388536897263e-06
0.09 0.38 0 3.3641832500847867e-06
0.09 0.39 0 3.2275718068604116e-06
0.09 0.4 0 3.6633997384233416e-06
0.09 0.41000000000000003 0 4.032679763427148e-06
0.09 0.42 0 3.704823565674284e-06
0.09 0.43 0 3.1976403267393234e-06
0.09 0.44 0 3.022386896701057e-06
0.09 0.45 0 3.103771762381307e-06
0.09 0.46 0 3.1467661775993674e-06
0.09 0.47000000000000003 0 3.0392245638554833e-06
0.09 0.48 0 2.8978845850997556e-06
0.09 0.49 0 2.737749609158382e-06
0.09 0.5 0 2.5190694456898365e-06
0.1 0.0 0 4.033806423340934e-06
0.1 0.01 0 3.6528666370428457e-06
0.1 0.02 0 3.5853819441844335e-06
0.1 0.03 0 4.07899363909143e-06
0.1 0.04 0 4.521095915665346e-06
0.1 0.05 0 4.208204383443869e-06
0.1 0.06 0 3.713820256456044e-06
0.1 0.07 0 3.5392470400359463e-06
0.1 0.08 0 3.273170838303272e-06
0.1 0.09 0 2.902983975651739e-06
0.1 0.1 0 3.014553075087238e-06
0.1 0.11 0 3.363834927691027e-06
0.1 0.12 0 2.936407731886709e-06
0.1 0.13 0 2.2653355829190725e-06
0.1 0.14 0 2.2506027169930337e-06
0.1 0.15 0 2.6037686155429796e-06
0.1 0.16 0 2.5450797919307817e-06
0.1 0.17 0 2.2698900546977686e-06
0.1 0.18 0 2.2367424653777728e-06
0.1 0.19 0 2.2997819129755228e-06
0.1 0.2 0 2.3810152070745795e-06
0.1 0.21 0 2.588072657329908e-06
0.1 0.22 0 2.6774856347634024e-06
0.1 0.23 0 2.5519958041743633e-06
0.1 0.24 0 2.6411129270010194e-06
0.1 0.25 0 3.0164465025282275e-06
0.1 0.26 0 3.2352265573033844e-06
0.1 0.27 0 3.2316938894310865e-06
0.1 0.28 0 3.2324632925129274e-06
0.1 0.29 0 3.112637451591573e-06
0.1 0.3 0 2.9069415291582353e-06
0.1 0.31 0 2.8075568431951537e-06
0.1 0.32 0 2.5975483657423402e-06
0.1 0.33 0 2.1558865218110185e-06
0.1 0.34 0 1.8453043764087986e-06
0.1 0.35000000000000003 0 1.8254606109863919e-06
0.1 0.36 0 1.9330772310462678e-06
0.1 0.37 0 2.0205531658738585e-06
0.1 0.38 0 2.0988296163163435e-06
0.1 0.39 0 2.1925683904704407e-06
0.1 0.4 0 2.3032831347267607e-06
0.1 0.41000000000000003 0 2.3922639248816283e-06
0.1 0.42 0 2.4058917926757913e-06
0.1 0.43 0 2.4609118310322303e-06
0.1 0.44 0 2.682682979034958e-06
0.1 0.45 0 2.872207829416968e-06
0.1 0.46 0 2.8090577554867785e-06
0.1 0.47000000000000003 0 2.717550738442946e-06
0.1 0.48 0 2.7935085217913544e-06
0.1 0.49 0 2.912596239417274e-06
0.1 0.5 0 2.9762810068608655e-06
0.11 0.0 0 4.659842861728251e-06
0.11 0.01 0 4.237444057012762e-06
0.11 0.02 0 3.646182223161732e-06
0.11 0.03 0 3.5299244546401924e-06
0.11 0.04 0 3.527630629035954e-06
0.11 0.05 0 3.4310940447064522e-06
0.11 0.06 0 3.406370632306538e-06
0.11 0.07 0 3.2391107794440357e-06
0.11 0.08 0 2.890020564481606e-06
0.11 0.09 0 2.7895870215222053e-06
0.11 0.1 0 2.9344196271708406e-06
0.11 0.11 0 2.9498379847272115e-06
0.11 0.12 0 2.8760011703837765e-06
0.11 0.13 0 2.7875543830529912e-06
0.11 0.14 0 2.441122856080683e-06
0.11 0.15 0 2.0866979784211346e-06
0.11 0.16 0 2.092348242810337e-06
0.11 0.17 0 2.2006409427203454e-06
0.11 0.18 0 2.016457716812281e-06
0.11 0.19 0 1.854814076434834e-06
0.11 0.2 0 2.0045931633658574e-06
0.11 0.21 0 2.2181656394754025e-06
0.11 0.22 0 2.230379690152535e-06
0.11 0.23 0 2.2026440165242985e-06
0.11 0.24 0 2.244786615342276e-06
0.11 0.25 0 2.295239898986545e-06
0.11 0.26 0 2.3386537432166856e-06
0.11 0.27 0 2.3762018710429716e-06
0.11 0.28 0 2.478438802265393e-06
0.11 0.29 0 2.7410196923642093e-06
0.11 0.3 0 2.9617481585322306e-06
0.11 0.31 0 2.920992509863302e-06
0.11 0.32 0 2.9026766172165655e-06
0.11 0.33 0 2.9663741403593854e-06
0.11 0.34 0 2.6779874218383657e-06
0.11 0.35000000000000003 0 2.234959651046072e-06
0.11 0.36 0 2.1747233160182485e-06
0.11 0.37 0 2.354625108712516e-06
0.11 0.38 0 2.254956560495235e-06
0.11 0.39 0 2.0376882531171096e-06
0.11 0.4 0 2.120414706710506e-06
0.11 0.41000000000000003 0 2.318851614500282e-06
0.11 0.42 0 2.2091297672663506e-06
0.11 0.43 0 1.984242480972796e-06
0.11 0.44 0 1.9977860680997517e-06
0.11 0.45 0 2.188316040280455e-06
0.11 0.46 0 2.316056854826295e-06
0.11 0.47000000000000003 0 2.381648180029664e-06
0.11 0.48 0 2.4707605289586046e-06
0.11 0.49 0 2.438641956460911e-06
0.11 0.5 0 2.2944521110878575e-06
0.12 0.0 0 3.677912296123114e-06
0.12 0.01 0 3.5468444215262634e-06
0.12 0.02 0 3.444644605125403e-06
0.12 0.03 0 3.059774403385273e-06
0.12 0.04 0 2.8044059154338593e-06
0.12 0.05 0 2.869342951613848e-06
0.12 0.06 0 2.8203912799569494e-06
0.12 0.07 0 2.561461511256515e-06
0.12 0.08 0 2.4849565103107975e-06
0.12 0.09 0 2.580840090331427e-06
0.12 0.1 0 2.5544483535744044e-06
0.12 0.11 0 2.3845781418803635e-06
0.12 0.12 0 2.1882496477012216e-06
0.12 0.13 0 2.0472573296286954e-06
0.12 0.14 0 2.037200743794561e-06
0.12 0.15 0 2.0339741197573213e-06
0.12 0.16 0 1.9150131970437185e-06
0.12 0.17 0 1.9369395325691484e-06
0.12 0.18 0 2.251156042447823e-06
0.12 0.19 0 2.4766620686987573e-06
0.12 0.2 0 2.4245796147334996e-06
0.12 0.21 0 2.489072607148806e-06
0.12 0.22 0 2.5032390521766985e-06
0.12 0.23 0 2.077652403102196e-06
0.12 0.24 0 1.7694255033975283e-06
0.12 0.25 0 1.949832203566718e-06
0.12 0.26 0 2.1266444138848167e-06
0.12 0.27 0 1.8010355151218685e-06
0.12 0.28 0 1.556986082248395e-06
0.12 0.29 0 1.7561677840555817e-06
0.12 0.3 0 2.1081335598892225e-06
0.12 0.31 0 2.196499688097384e-06
0.12 0.32 0 2.209728857434434e-06
0.12 0.33 0 2.3992653405044785e-06
0.12 0.34 0 2.6293414663410445e-06
0.12 0.35000000000000003 0 2.776116484491816e-06
0.12 0.36 0 2.9779657828957173e-06
0.12 0.37 0 3.1671678168952453e-06
0.12 0.38 0 2.9378079856455036e-06
0.12 0.39 0 2.417164673881002e-06
0.12 0.4 0 2.1851120697508186e-06
0.12 0.41000000000000003 0 2.330192458864856e-06
0.12 0.42 0 2.4052582227400336e-06
0.12 0.43 0 2.1800704734678464e-06
0.12 0.44 0 2.069698088012393e-06
0.12 0.45 0 2.3207494938552944e-06
0.12 0.46 0 2.7094554390758458e-06
0.12 0.47000000000000003 0 2.817876782338816e-06
0.12 0.48 0 2.6202694928485432e-06
0.12 0.49 0 2.4827933371546848e-06
0.12 0.5 0 2.6383050631179007e-06
0.13 0.0 0 3.477626185542904e-06
0.13 0.01 0 3.1720589744398504e-06
0.13 0.02 0 3.0067350597705727e-06
0.13 0.03 0 3.1958953092533374e-06
0.13 0.04 0 3.254674366744175e-06
0.13 0.05 0 3.029769154578833e-06
0.13 0.06 0 3.070940079980947e-06
0.13 0.07 0 3.158322628115846e-06
0.13 0.08 0 2.6481904829437094e-06
0.13 0.09 0 2.1837194530732384e-06
0.13 0.1 0 2.3293432576385536e-06
0.13 0.11 0 2.6070289662654165e-06
0.13 0.12 0 2.4266737670285766e-06
0.13 0.13 0 2.3052310804932595e-06
0.13 0.14 0 2.5355210599475694e-06
0.13 0.15 0 2.61691981707918e-06
0.13 0.16 0 2.439497360606194e-06
0.13 0.17 0 2.4927430904819974e-06
0.13 0.18 0 2.755723209079973e-06
0.13 0.19 0 2.835870126004099e-06
0.13 0.2 0 2.811798924901218e-06
0.13 0.21 0 2.9796013341672884e-06
0.13 0.22 0 3.2290966504961013e-06
0.13 0.23 0 3.1700862115670746e-06
0.13 0.24 0 2.73470371799704e-06
0.13 0.25 0 2.3620781748737645e-06
0.13 0.26 0 2.355743031613378e-06
0.13 0.27 0 2.476889963332902e-06
0.13 0.28 0 2.2528489637416863e-06
0.13 0.29 0 1.8993877472920122e-06
0.13 0.3 0 1.8899727108702777e-06
0.13 0.31 0 2.202478506482711e-06
0.13 0.32 0 2.3999756339186207e-06
0.13 0.33 0 2.2793211403291256e-06
0.13 0.34 0 2.1519312195795496e-06
0.13 0.35000000000000003 0 2.194212233842997e-06
0.13 0.36 0 2.282263256834199e-06
0.13 0.37 0 2.317726895240823e-06
0.13 0.38 0 2.4596835080607177e-06
0.13 0.39 0 2.7869131511950186e-06
0.13 0.4 0 2.9360534980507087e-06
0.13 0.41000000000000003 0 2.726677355960006e-06
0.13 0.42 0 2.6629737346729312e-06
0.13 0.43 0 2.9098133958481867e-06
0.13 0.44 0 2.877952559982942e-06
0.13 0.45 0 2.424840721703161e-06
0.13 0.46 0 2.236208685976071e-06
0.13 0.47000000000000003 0 2.493918629759575e-06
0.13 0.48 0 2.657097719357059e-06
0.13 0.49 0 2.3287575254705522e-06
0.13 0.5 0 2.025690635246297e-06
0.14 0.0 0 3.25705326275111e-06
0.14 0.01 0 3.105621954146351e-06
0.14 0.02 0 2.9230161151133355e-06
0.14 0.03 0 2.5756343764673747e-06
0.14 0.04 0 2.249907633997676e-06
0.14 0.05 0 2.3431922257445787e-06
0.14 0.06 0 2.709986497227407e-06
0.14 0.07 0 2.782168954781414e-06
0.14 0.08 0 2.61967525306475e-06
0.14 0.09 0 2.6127855530782402e-06
0.14 0.1 0 2.7248677009080584e-06
0.14 0.11 0 2.895967822980843e-06
0.14 0.12 0 3.123767793453425e-06
0.14 0.13 0 3.084409115518597e-06
0.14 0.14 0 2.7585559018942836e-06
0.14 0.15 0 2.6677387827811263e-06
0.14 0.16 0 2.9190216529430536e-06
0.14 0.17 0 3.094311300584656e-06
0.14 0.18 0 3.0557420297505116e-06
0.14 0.19 0 3.1488907574614096e-06
0.14 0.2 0 3.4960186179973853e-06
0.14 0.21 0 3.826020742946328e-06
0.14 0.22 0 3.7636431713877817e-06
0.14 0.23 0 3.3534723123060805e-06
0.14 0.24 0 3.068049558608372e-06
0.14 0.25 0 3.095779697567924e-06
0.14 0.26 0 3.1583986548517375e-06
0.14 0.27 0 3.130327872287356e-06
0.14 0.28 0 3.2603052637774344e-06
0.14 0.29 0 3.4020234702222653e-06
0.14 0.3 0 3.1156161677946496e-06
0.14 0.31 0 2.7447498889816564e-06
0.14 0.32 0 2.7733126729035593e-06
0.14 0.33 0 2.9175414595329952e-06
0.14 0.34 0 2.652476819457822e-06
0.14 0.35000000000000003 0 2.289787058074133e-06
0.14 0.36 0 2.2822133353481946e-06
0.14 0.37 0 2.445298980675921e-06
0.14 0.38 0 2.3432237287024863e-06
0.14 0.39 0 2.1946485360583623e-06
0.14 0.4 0 2.5062966339172922e-06
0.14 0.41000000000000003 0 3.1545451692659598e-06
0.14 0.42 0 3.272097323144121e-06
0.14 0.43 0 2.9694053625462063e-06
0.14 0.44 0 3.0918169693933894e-06
0.14 0.45 0 3.386467707558218e-06
0.14 0.46 0 3.076512033473691e-06
0.14 0.47000000000000003 0 2.67096576424265e-06
0.14 0.48 0 2.6992006407331177e-06
0.14 0.49 0 2.6744443644867934e-06
0.14 0.5 0 2.349280328292805e-06
0.15 0.0 0 2.3907015342760443e-06
0.15 0.01 0 2.2508717006438e-06
0.15 0.02 0 2.385008784277315e-06
0.15 0.03 0 2.521790481295125e-06
0.15 0.04 0 2.503050096821006e-06
0.15 0.05 0 2.4937432150762487e-06
0.15 0.06 0 2.82462463125443e-06
0.15 0.07 0 3.4455677816835594e-06
0.15 0.08 0 3.626832561182565e-06
0.15 0.09 0 3.311705483709388e-06
0.15 0.1 0 3.267855446286649e-06
0.15 0.11 0 3.4111201694850907e-06
0.15 0.12 0 3.225876423064508e-06
0.15 0.13 0 3.145827506695704e-06
0.15 0.14 0 3.6095432315986233e-06
0.15 0.15 0 3.944523215842581e-06
0.15 0.16 0 3.636151175770294e-06
0.15 0.17 0 3.5291963692994853e-06
0.15 0.18 0 3.868582534444089e-06
0.15 0.19 0 3.860164520383232e-06
0.15 0.2 0 3.4460712924252948e-06
0.15 0.21 0 3.392074149997485e-06
0.15 0.22 0 3.6775282488410316e-06
0.15 0.23 0 3.620436608081902e-06
0.15 0.24 0 3.175497195115663e-06
0.15 0.25 0 2.905767704861267e-06
0.15 0.26 0 2.9437717766872743e-06
0.15 0.27 0 3.03760902997605e-06
0.15 0.28 0 3.043004156445844e-06
0.15 0.29 0 3.0430601467731443e-06
0.15 0.3 0 3.0129572525036167e-06
0.15 0.31 0 2.89323286279989e-06
0.15 0.32 0 2.8389244699474e-06
0.15 0.33 0 2.8642984411505317e-06
0.15 0.34 0 2.6900698615068134e-06
0.15 0.35000000000000003 0 2.400340923983936e-06
0.15 0.36 0 2.3769882153084297e-06
0.15 0.37 0 2.548719219339329e-06
0.15 0.38 0 2.5095175737468005e-06
0.15 0.39 0 2.3519314942564574e-06
0.15 0.4 0 2.427067937204306e-06
0.15 0.41000000000000003 0 2.690116656612753e-06
0.15 0.42 0 2.9399201922209235e-06
0.15 0.43 0 3.0988101082038534e-06
0.15 0.44 0 2.988343374937726e-06
0.15 0.45 0 2.661858306972993e-06
0.15 0.46 0 2.5417371138998543e-06
0.15 0.47000000000000003 0 2.6772503059283335e-06
0.15 0.48 0 2.7138410752640975e-06
0.15 0.49 0 2.62207203860895e-06
0.15 0.5 0 2.6245771701333965e-06
0.16 0.0 0 2.5818944929496117e-06
0.16 0.01 0 2.245811524847256e-06
0.16 0.02 0 2.0141970545563294e-06
0.16 0.03 0 2.1954864825016018e-06
0.16 0.04 0 2.3464006240947993e-06
0.16 0.05 0 2.2525115368198177e-06
0.16 0.06 0 2.3243057487590394e-06
0.16 0.07 0 2.6313273121833298e-06
0.16 0.08 0 2.8314356593734975e-06
0.16 0.09 0 2.841409032267014e-06
0.16 0.1 0 2.819314509401852e-06
0.16 0.11 0 2.782793571589043e-06
0.16 0.12 0 2.6897774708584326e-06
0.16 0.13 0 2.4800881384928577e-06
0.16 0.14 0 2.2122853941698552e-06
0.16 0.15 0 2.138081341231373e-06
0.16 0.16 0 2.342251761302891e-06
0.16 0.17 0 2.5162648197678306e-06
0.16 0.18 0 2.395162505695906e-06
0.16 0.19 0 2.2717859644016502e-06
0.16 0.2 0 2.435198031279949e-06
0.16 0.21 0 2.74268086992428e-06
0.16 0.22 0 2.7954533123011094e-06
0.16 0.23 0 2.5755920214207205e-06
0.16 0.24 0 2.4561005679787425e-06
0.16 0.25 0 2.551876785131313e-06
0.16 0.26 0 2.6378440050249856e-06
0.16 0.27 0 2.6122337944667623e-06
0.16 0.28 0 2.6120493073430343e-06
0.16 0.29 0 2.574083077205991e-06
0.16 0.3 0 2.414493497501371e-06
0.16 0.31 0 2.385125952132907e-06
0.16 0.32 0 2.5880522065891346e-06
0.16 0.33 0 2.6794869054192586e-06
0.16 0.34 0 2.539957487096709e-06
0.16 0.35000000000000003 0 2.5424429408817214e-06
0.16 0.36 0 2.7768234375087094e-06
0.16 0.37 0 2.9450285365104567e-06
0.16 0.38 0 2.882625585966702e-06
0.16 0.39 0 2.6684713141132943e-06
0.16 0.4 0 2.4424891727262634e-06
0.16 0.41000000000000003 0 2.3923225174912852e-06
0.16 0.42 0 2.5120751980313153e-06
0.16 0.43 0 2.536138612100979e-06
0.16 0.44 0 2.3762776901153915e-06
0.16 0.45 0 2.1833257067564044e-06
0.16 0.46 0 2.027271971644518e-06
0.16 0.47000000000000003 0 2.023986815452889e-06
0.16 0.48 0 2.2437258776930817e-06
0.16 0.49 0 2.3616555065766816e-06
0.16 0.5 0 2.17870731249867e-06
0.17 0.0 0 2.0192262317814904e-06
0.17 0.01 0 2.1478030635909315e-06
0.17 0.02 0 2.413885217887637e-06
0.17 0.03 0 2.419966761649285e-06
0.17 0.04 0 2.466781074030478e-06
0.17 0.05 0 2.848458511323411e-06
0.17 0.06 0 3.2169225177408645e-06
0.17 0.07 0 3.2576406675127537e-06
0.17 0.08 0 3.2614376641384544e-06
0.17 0.09 0 3.31322801055597e-06
0.17 0.1 0 3.16451265883089e-06
0.17 0.11 0 2.9184994430822912e-06
0.17 0.12 0 2.941675282714546e-06
0.17 0.13 0 3.294721134950216e-06
0.17 0.14 0 3.549417413585248e-06
0.17 0.15 0 3.3935710831192375e-06
0.17 0.16 0 3.313109580018154e-06
0.17 0.17 0 3.6538690760780646e-06
0.17 0.18 0 3.7855793510667318e-06
0.17 0.19 0 3.1568046290864627e-06
0.17 0.2 0 2.572358914135351e-06
0.17 0.21 0 2.533205923907475e-06
0.17 0.22 0 2.702106223552134e-06
0.17 0.23 0 2.655116263962335e-06
0.17 0.24 0 2.5323147924453214e-06
0.17 0.25 0 2.5220421076051963e-06
0.17 0.26 0 2.4981701256585952e-06
0.17 0.27 0 2.4327640846459346e-06
0.17 0.28 0 2.519358745104175e-06
0.17 0.29 0 2.7316457227568403e-06
0.17 0.3 0 2.6455370463546542e-06
0.17 0.31 0 2.2138778238230787e-06
0.17 0.32 0 2.0306729230494625e-06
0.17 0.33 0 2.3342840370552005e-06
0.17 0.34 0 2.604993817922777e-06
0.17 0.35000000000000003 0 2.3527983576853445e-06
0.17 0.36 0 2.2344429180889814e-06
0.17 0.37 0 2.649655111127975e-06
0.17 0.38 0 2.9916897741891366e-06
0.17 0.39 0 2.7971118096560035e-06
0.17 0.4 0 2.7187563346729274e-06
0.17 0.41000000000000003 0 2.875666666649479e-06
0.17 0.42 0 2.786030346689189e-06
0.17 0.43 0 2.6275523934332184e-06
0.17 0.44 0 2.6724045643310866e-06
0.17 0.45 0 2.5072928879731124e-06
0.17 0.46 0 2.091010593984706e-06
0.17 0.47000000000000003 0 1.934522581467556e-06
0.17 0.48 0 2.0527101865429855e-06
0.17 0.49 0 2.134354408630062e-06
0.17 0.5 0 2.200134753495135e-06
0.18 0.0 0 2.193875085408948e-06
0.18 0.01 0 2.3580864846253306e-06
0.18 0.02 0 2.9250533323563238e-06
0.18 0.03 0 3.5180070440489523e-06
0.18 0.04 0 3.46253952878621e-06
0.18 0.05 0 3.284617750802533e-06
0.18 0.06 0 3.7238850278268435e-06
0.18 0.07 0 4.238449767296499e-06
0.18 0.08 0 3.87737991973307e-06
0.18 0.09 0 3.413298004449412e-06
0.18 0.1 0 3.5307427831877815e-06
0.18 0.11 0 3.642467780168764e-06
0.18 0.12 0 3.291265097908296e-06
0.18 0.13 0 3.1291837114807923e-06
0.18 0.14 0 3.439062137412921e-06
0.18 0.15 0 3.6067085590263507e-06
0.18 0.16 0 3.3417206702656375e-06
0.18 0.17 0 3.3138593332653343e-06
0.18 0.18 0 3.6739682461055476e-06
0.18 0.19 0 3.505747571059432e-06
0.18 0.2 0 2.641566496921624e-06
0.18 0.21 0 2.1575232539813182e-06
0.18 0.22 0 2.3077428225160727e-06
0.18 0.23 0 2.525477073462711e-06
0.18 0.24 0 2.3755097620965347e-06
0.18 0.25 0 2.3114917439700687e-06
0.18 0.26 0 2.5375981799185085e-06
0.18 0.27 0 2.6350305644835725e-06
0.18 0.28 0 2.504853431465615e-06
0.18 0.29 0 2.491952174694012e-06
0.18 0.3 0 2.541142554341657e-06
0.18 0.31 0 2.417147440119686e-06
0.18 0.32 0 2.193300142924337e-06
0.18 0.33 0 1.9650522265734427e-06
0.18 0.34 0 1.7805168724791718e-06
0.18 0.35000000000000003 0 1.727757231778104e-06
0.18 0.36 0 1.7103199739493468e-06
0.18 0.37 0 1.594202088378806e-06
0.18 0.38 0 1.5667120192482222e-06
0.18 0.39 0 1.7452284086316193e-06
0.18 0.4 0 1.8398481523826166e-06
0.18 0.41000000000000003 0 1.764123198405036e-06
0.18 0.42 0 1.9107348480569206e-06
0.18 0.43 0 2.2626748516214565e-06
0.18 0.44 0 2.2525460252392042e-06
0.18 0.45 0 1.9713076217965465e-06
0.18 0.46 0 1.913049647860124e-06
0.18 0.47000000000000003 0 1.997969886314581e-06
0.18 0.48 0 1.985999500776078e-06
0.18 0.49 0 1.9923314450482288e-06
0.18 0.5 0 2.1508047546168254e-06
0.19 0.0 0 3.092722810017593e-06
0.19 0.01 0 2.5657214357114516e-06
0.19 0.02 0 2.4331226252793776e-06
0.19 0.03 0 2.7376081922647655e-06
0.19 0.04 0 2.992501434774467e-06
0.19 0.05 0 2.9274025610234844e-06
0.19 0.06 0 2.8535269333427367e-06
0.19 0.07 0 2.9906743253978196e-06
0.19 0.08 0 3.1772796927844195e-06
0.19 0.09 0 3.2166371594194436e-06
0.19 0.1 0 3.232260755239595e-06
0.19 0.11 0 3.3630017976076118e-06
0.19 0.12 0 3.485197468925347e-06
0.19 0.13 0 3.5215076987474154e-06
0.19 0.14 0 3.5975172499006883e-06
0.19 0.15 0 3.741694879194847e-06
0.19 0.16 0 3.895454076787406e-06
0.19 0.17 0 4.041825292145863e-06
0.19 0.18 0 4.040271624504045e-06
0.19 0.19 0 3.815014825965772e-06
0.19 0.2 0 3.552525360898498e-06
0.19 0.21 0 3.2572545626213836e-06
0.19 0.22 0 2.875890548141589e-06
0.19 0.23 0 2.7088613083494687e-06
0.19 0.24 0 2.8681566408786435e-06
0.19 0.25 0 2.896680743717412e-06
0.19 0.26 0 2.6468056430091065e-06
0.19 0.27 0 2.6403265045940144e-06
0.19 0.28 0 2.832159455332894e-06
0.19 0.29 0 2.5569310414808554e-06
0.19 0.3 0 2.0408681898833435e-06
0.19 0.31 0 1.908804633187343e-06
0.19 0.32 0 2.0707002679020504e-06
0.19 0.33 0 2.0790046674730586e-06
0.19 0.34 0 1.8679758280567408e-06
0.19 0.35000000000000003 0 1.7127555900355758e-06
0.19 0.36 0 1.7420782262493083e-06
0.19 0.37 0 1.9164980493833788e-06
0.19 0.38 0 2.0337349054042346e-06
0.19 0.39 0 1.961259683533854e-06
0.19 0.4 0 1.8382859562383571e-06
0.19 0.41000000000000003 0 1.686253691590884e-06
0.19 0.42 0 1.4845799339622287e-06
0.19 0.43 0 1.503591132050569e-06
0.19 0.44 0 1.8741053548626386e-06
0.19 0.45 0 2.0225798982650265e-06
0.19 0.46 0 1.6348463810892085e-06
0.19 0.47000000000000003 0 1.5403467682512367e-06
0.19 0.48 0 2.042162425088744e-06
0.19 0.49 0 2.406527088278642e-06
0.19 0.5 0 2.0640292948452375e-06
0.2 0.0 0 3.253010725805618e-06
0.2 0.01 0 3.2194360322184044e-06
0.2 0.02 0 3.325071459703575e-06
0.2 0.03 0 3.3174609116609277e-06
0.2 0.04 0 3.1310213579630443e-06
0.2 0.05 0 3.0814031529523427e-06
0.2 0.06 0 3.292597567612412e-06
0.2 0.07 0 3.4147890373654683e-06
0.2 0.08 0 3.2414960604207885e-06
0.2 0.09 0 3.0925801100864214e-06
0.2 0.1 0 3.0915862484075527e-06
0.2 0.11 0 3.078088091643743e-06
0.2 0.12 0 3.123567211268703e-06
0.2 0.13 0 3.318103876859153e-06
0.2 0.14 0 3.39206237659624e-06
0.2 0.15 0 3.278931850028789e-06
0.2 0.16 0 3.343395811288322e-06
0.2 0.17 0 3.6043797751813296e-06
0.2 0.18 0 3.6183552819057635e-06
0.2 0.19 0 3.2577659089495794e-06
0.2 0.2 0 2.8393620347697687e-06
0.2 0.21 0 2.5585838978330856e-06
0.2 0.22 0 2.4064412544835854e-06
0.2 0.23 0 2.298044762499789e-06
0.2 0.24 0 2.252532682701966e-06
0.2 0.25 0 2.3682506004140706e-06
0.2 0.26 0 2.4644413073737568e-06
0.2 0.27 0 2.2616731101303977e-06
0.2 0.28 0 2.0740801254009058e-06
0.2 0.29 0 2.171037193085634e-06
0.2 0.3 0 2.1127790215698003e-06
0.2 0.31 0 1.7100265404032166e-06
0.2 0.32 0 1.602826073386967e-06
0.2 0.33 0 1.980861114599911e-06
0.2 0.34 0 2.209555252868448e-06
0.2 0.35000000000000003 0 1.9509498968364857e-06
0.2 0.36 0 1.8749603802719095e-06
0.2 0.37 0 2.0611237523333246e-06
0.2 0.38 0 2.044590886679406e-06
0.2 0.39 0 1.929385403909324e-06
0.2 0.4 0 2.0287680228696307e-06
0.2 0.41000000000000003 0 2.0725004702427824e-06
0.2 0.42 0 1.825993353037515e-06
0.2 0.43 0 1.5976541680849762e-06
0.2 0.44 0 1.5342890252312834e-06
0.2 0.45 0 1.5320633177872648e-06
0.2 0.46 0 1.5147381087219557e-06
0.2 0.47000000000000003 0 1.4487924611001696e-06
0.2 0.48 0 1.393206555028725e-06
0.2 0.49 0 1.5087499506548342e-06
0.2 0.5 0 1.7835176569179892e-06
0.21 0.0 0 2.79872413757672e-06
0.21 0.01 0 2.5261658943131792e-06
0.21 0.02 0 2.5129047810120833e-06
0.21 0.03 0 2.698270874001332e-06
0.21 0.04 0 2.6041952511197465e-06
0.21 0.05 0 2.2496964690918087e-06
0.21 0.06 0 2.084219569708605e-06
0.21 0.07 0 2.220701910929336e-06
0.21 0.08 0 2.3953367600197555e-06
0.21 0.09 0 2.3513027038108642e-06
0.21 0.1 0 2.20249726848528e-06
0.21 0.11 0 2.098598331677806e-06
0.21 0.12 0 2.0434416166378285e-06
0.21 0.13 0 2.133203927873682e-06
0.21 0.14 0 2.387348822341625e-06
0.21 0.15 0 2.376527603304097e-06
0.21 0.16 0 1.9714391106901185e-06
0.21 0.17 0 1.8006612923963949e-06
0.21 0.18 0 2.0892077068016757e-06
0.21 0.19 0 2.333874870849235e-06
0.21 0.2 0 2.128951153833885e-06
0.21 0.21 0 1.938329570806727e-06
0.21 0.22 0 1.976309967473487e-06
0.21 0.23 0 2.0972583658722744e-06
0.21 0.24 0 2.3485975903894084e-06
0.21 0.25 0 2.6966313109770644e-06
0.21 0.26 0 2.7098736349195122e-06
0.21 0.27 0 2.4966100968137104e-06
0.21 0.28 0 2.5501215680070675e-06
0.21 0.29 0 2.690976394369366e-06
0.21 0.3 0 2.4950999216533255e-06
0.21 0.31 0 2.1969338265897422e-06
0.21 0.32 0 2.0334386602448437e-06
0.21 0.33 0 1.9346817818236203e-06
0.21 0.34 0 1.9605748573708663e-06
0.21 0.35000000000000003 0 2.108232651902562e-06
0.21 0.36 0 2.0717359741164703e-06
0.21 0.37 0 1.8824880711447126e-06
0.21 0.38 0 1.913762254930508e-06
0.21 0.39 0 2.1123742557247567e-06
0.21 0.4 0 2.1159878846400006e-06
0.21 0.41000000000000003 0 1.9939508145059857e-06
0.21 0.42 0 1.9937720033183527e-06
0.21 0.43 0 2.058846333947825e-06
0.21 0.44 0 2.1195578569222537e-06
0.21 0.45 0 2.2156585971234435e-06
0.21 0.46 0 2.2913856001099127e-06
0.21 0.47000000000000003 0 2.3445512621175203e-06
0.21 0.48 0 2.4664811578792974e-06
0.21 0.49 0 2.554331112205011e-06
0.21 0.5 0 2.522905318878394e-06
0.22 0.0 0 2.1000202317035257e-06
0.22 0.01 0 2.0680652254839422e-06
0.22 0.02 0 1.8724048118974285e-06
0.22 0.03 0 1.7729288570068211e-06
0.22 0.04 0 1.7930886352245948e-06
0.22 0.05 0 1.8030398465946697e-06
0.22 0.06 0 1.7734273541086362e-06
0.22 0.07 0 1.7570945017352186e-06
0.22 0.08 0 1.821800944003207e-06
0.22 0.09 0 2.008809890617388e-06
0.22 0.1 0 2.141041598473753e-06
0.22 0.11 0 2.0296601211398467e-06
0.22 0.12 0 1.9569705664878e-06
0.22 0.13 0 2.1415086350045437e-06
0.22 0.14 0 2.2534527805098756e-06
0.22 0.15 0 2.1079669021226457e-06
0.22 0.16 0 2.146040645819094e-06
0.22 0.17 0 2.3985222175506472e-06
0.22 0.18 0 2.2949013978902246e-06
0.22 0.19 0 1.957301488075856e-06
0.22 0.2 0 1.924568155505825e-06
0.22 0.21 0 2.0612246573429486e-06
0.22 0.22 0 1.9671583832889415e-06
0.22 0.23 0 1.8030166404663073e-06
0.22 0.24 0 1.8384329958952937e-06
0.22 0.25 0 2.0061181389897827e-06
0.22 0.26 0 2.1679832953493485e-06
0.22 0.27 0 2.2484125007990722e-06
0.22 0.28 0 2.2015082793685064e-06
0.22 0.29 0 2.120366780430426e-06
0.22 0.3 0 2.0508158997953187e-06
0.22 0.31 0 1.9193321564575276e-06
0.22 0.32 0 1.8742645460434923e-06
0.22 0.33 0 2.075727033328137e-06
0.22 0.34 0 2.2030131991493015e-06
0.22 0.35000000000000003 0 1.9468691166369596e-06
0.22 0.36 0 1.726868930371862e-06
0.22 0.37 0 1.7513064205178337e-06
0.22 0.38 0 1.7670019462422208e-06
0.22 0.39 0 1.7693501719635647e-06
0.22 0.4 0 2.0115010190362074e-06
0.22 0.41000000000000003 0 2.3068703750321975e-06
0.22 0.42 0 2.3176932702967175e-06
0.22 0.43 0 2.40577069405416e-06
0.22 0.44 0 2.7887742914491645e-06
0.22 0.45 0 2.8907494562017518e-06
0.22 0.46 0 2.5652684538256954e-06
0.22 0.47000000000000003 0 2.466649498354766e-06
0.22 0.48 0 2.7060552642528806e-06
0.22 0.49 0 2.8879656852906565e-06
0.22 0.5 0 2.907306774879903e-06
0.23 0.0 0 1.6856979577289628e-06
0.23 0.01 0 1.6491937198805486e-06
0.23 0.02 0 1.7698169856030613e-06
0.23 0.03 0 1.6651063495864719e-06
0.23 0.04 0 1.3753454719045046e-06
0.23 0.05 0 1.320427705838788e-06
0.23 0.06 0 1.4789483510889347e-06
0.23 0.07 0 1.5199091730734125e-06
0.23 0.08 0 1.4676192729070113e-06
0.23 0.09 0 1.6114852022080692e-06
0.23 0.1 0 1.9011788150217281e-06
0.23 0.11 0 1.981844813397971e-06
0.23 0.12 0 1.8265148125171305e-06
0.23 0.13 0 1.7745513629784678e-06
0.23 0.14 0 1.9572659978993034e-06
0.23 0.15 0 2.079014312823705e-06
0.23 0.16 0 1.8527468277740121e-06
0.23 0.17 0 1.6866117219449774e-06
0.23 0.18 0 1.9467243119151248e-06
0.23 0.19 0 2.3059927214599416e-06
0.23 0.2 0 2.185775185509113e-06
0.23 0.21 0 2.0153879720539647e-06
0.23 0.22 0 2.162690141937637e-06
0.23 0.23 0 2.181929802465362e-06
0.23 0.24 0 1.8862543562583383e-06
0.23 0.25 0 1.7196700992016289e-06
0.23 0.26 0 1.6686476001241901e-06
0.23 0.27 0 1.5206225941845085e-06
0.23 0.28 0 1.4982745502218637e-06
0.23 0.29 0 1.7506207852694852e-06
0.23 0.3 0 1.909491000609161e-06
0.23 0.31 0 1.7477586229311194e-06
0.23 0.32 0 1.6527818752255743e-06
0.23 0.33 0 1.7747487906264546e-06
0.23 0.34 0 1.9690740484839326e-06
0.23 0.35000000000000003 0 2.135588787532574e-06
0.23 0.36 0 2.1199691053650052e-06
0.23 0.37 0 1.8587556613133794e-06
0.23 0.38 0 1.7195105386785891e-06
0.23 0.39 0 1.9367474571297664e-06
0.23 0.4 0 2.2397881319020875e-06
0.23 0.41000000000000003 0 2.2480629568593713e-06
0.23 0.42 0 2.199259373962533e-06
0.23 0.43 0 2.3833449657237397e-06
0.23 0.44 0 2.663010415197572e-06
0.23 0.45 0 2.7846685597270276e-06
0.23 0.46 0 2.7520576718780853e-06
0.23 0.47000000000000003 0 2.7162591546815477e-06
0.23 0.48 0 2.753894806984276e-06
0.23 0.49 0 2.811036256401322e-06
0.23 0.5 0 2.808701544551807e-06
0.24 0.0 0 2.0878414971923305e-06
0.24 0.01 0 1.957868187494914e-06
0.24 0.02 0 1.897961135078306e-06
0.24 0.03 0 2.0727890234444263e-06
0.24 0.04 0 2.1142566399834275e-06
0.24 0.05 0 1.8048739050319528e-06
0.24 0.06 0 1.6405228956625373e-06
0.24 0.07 0 1.8403409153692277e-06
0.24 0.08 0 2.0380404448381103e-06
0.24 0.09 0 1.967004829043631e-06
0.24 0.1 0 1.9031655753027054e-06
0.24 0.11 0 1.8098503283941124e-06
0.24 0.12 0 1.5142824677677353e-06
0.24 0.13 0 1.320400269888575e-06
0.24 0.14 0 1.3958950080346442e-06
0.24 0.15 0 1.5055021787553138e-06
0.24 0.16 0 1.4959484179371532e-06
0.24 0.17 0 1.5720174629176782e-06
0.24 0.18 0 1.7824357364097332e-06
0.24 0.19 0 1.997732339415122e-06
0.24 0.2 0 2.25332964238721e-06
0.24 0.21 0 2.445855420068839e-06
0.24 0.22 0 2.3154814929158246e-06
0.24 0.23 0 2.1705275243711645e-06
0.24 0.24 0 2.291656070422382e-06
0.24 0.25 0 2.292746784679214e-06
0.24 0.26 0 1.947177245341935e-06
0.24 0.27 0 1.695354699080885e-06
0.24 0.28 0 1.6567703484346452e-06
0.24 0.29 0 1.632674154934266e-06
0.24 0.3 0 1.6508452993301028e-06
0.24 0.31 0 1.8196112234059465e-06
0.24 0.32 0 1.9441688319086996e-06
0.24 0.33 0 1.868944913472377e-06
0.24 0.34 0 1.8284075992739214e-06
0.24 0.35000000000000003 0 1.9793674450543545e-06
0.24 0.36 0 2.190320676915582e-06
0.24 0.37 0 2.226927685349779e-06
0.24 0.38 0 2.0645763309867633e-06
0.24 0.39 0 1.9817533390942304e-06
0.24 0.4 0 2.207113212712429e-06
0.24 0.41000000000000003 0 2.5712880171790152e-06
0.24 0.42 0 2.66296460034424e-06
0.24 0.43 0 2.60307056139249e-06
0.24 0.44 0 2.6907399750286223e-06
0.24 0.45 0 2.7345160880757478e-06
0.24 0.46 0 2.5855871030522617e-06
0.24 0.47000000000000003 0 2.5326069910259825e-06
0.24 0.48 0 2.664930273155954e-06
0.24 0.49 0 2.7492091779327807e-06
0.24 0.5 0 2.7583472824276e-06
0.25 0.0 0 2.5788374214836015e-06
0.25 0.01 0 2.121073864272354e-06
0.25 0.02 0 1.8503436465922251e-06
0.25 0.03 0 1.8358809495361832e-06
0.25 0.04 0 1.8449340175295338e-06
0.25 0.05 0 1.8616367089245378e-06
0.25 0.06 0 1.855267740995184e-06
0.25 0.07 0 1.6954512400726153e-06
0.25 0.08 0 1.5917718629345534e-06
0.25 0.09 0 1.7410469861774442e-06
0.25 0.1 0 1.8709421443160353e-06
0.25 0.11 0 1.7131443474583882e-06
0.25 0.12 0 1.554136942154124e-06
0.25 0.13 0 1.5233449356627806e-06
0.25 0.14 0 1.4856200629459024e-06
0.25 0.15 0 1.5108974877176985e-06
0.25 0.16 0 1.6993617669265005e-06
0.25 0.17 0 1.8479165908774516e-06
0.25 0.18 0 1.8759506642184651e-06
0.25 0.19 0 2.082512917431717e-06
0.25 0.2 0 2.4972096792925966e-06
0.25 0.21 0 2.7014412541947075e-06
0.25 0.22 0 2.587476097337852e-06
0.25 0.23 0 2.4628325179222245e-06
0.25 0.24 0 2.4703777365222346e-06
0.25 0.25 0 2.5676188841308476e-06
0.25 0.26 0 2.5412126492696156e-06
0.25 0.27 0 2.3137150397746713e-06
0.25 0.28 0 2.261389501074576e-06
0.25 0.29 0 2.5904925938648305e-06
0.25 0.3 0 2.8638912992037873e-06
0.25 0.31 0 2.7627940539827826e-06
0.25 0.32 0 2.799369037481841e-06
0.25 0.33 0 3.075566668841973e-06
0.25 0.34 0 3.0313790484343387e-06
0.25 0.35000000000000003 0 2.79711637594088e-06
0.25 0.36 0 2.8812978793045493e-06
0.25 0.37 0 2.972784593306713e-06
0.25 0.38 0 2.6685170126597233e-06
0.25 0.39 0 2.489146502710459e-06
0.25 0.4 0 2.761317160010718e-06
0.25 0.41000000000000003 0 2.9702678881742933e-06
0.25 0.42 0 2.6772926140602773e-06
0.25 0.43 0 2.438593117484578e-06
0.25 0.44 0 2.6175598199038186e-06
0.25 0.45 0 2.8033646095979468e-06
0.25 0.46 0 2.4914642669602922e-06
0.25 0.47000000000000003 0 2.08041688664237e-06
0.25 0.48 0 2.0256861475860165e-06
0.25 0.49 0 2.2156228780222895e-06
0.25 0.5 0 2.3162672678069273e-06
0.26 0.0 0 2.437656478852789e-06
0.26 0.01 0 2.5408993692815824e-06
0.26 0.02 0 2.4533605214280417e-06
0.26 0.03 0 2.127289564766884e-06
0.26 0.04 0 1.9272254623309885e-06
0.26 0.05 0 1.927178542981365e-06
0.26 0.06 0 1.948691771062527e-06
0.26 0.07 0 1.953150862600892e-06
0.26 0.08 0 1.9589335913768475e-06
0.26 0.09 0 1.9261793974277393e-06
0.26 0.1 0 1.9362593611384605e-06
0.26 0.11 0 2.008137210265069e-06
0.26 0.12 0 1.9775532048734976e-06
0.26 0.13 0 1.9119846072005937e-06
0.26 0.14 0 1.988470403083598e-06
0.26 0.15 0 2.0349159024062176e-06
0.26 0.16 0 1.9639163751707997e-06
0.26 0.17 0 2.1110869848559346e-06
0.26 0.18 0 2.456881329185036e-06
0.26 0.19 0 2.4544677485967193e-06
0.26 0.2 0 2.3097239125682113e-06
0.26 0.21 0 2.6138899130821925e-06
0.26 0.22 0 3.033431257412507e-06
0.26 0.23 0 2.898058034254949e-06
0.26 0.24 0 2.7855621208508305e-06
0.26 0.25 0 3.1498997245073583e-06
0.26 0.26 0 3.3270121372692226e-06
0.26 0.27 0 2.971612467447689e-06
0.26 0.28 0 2.868003842983002e-06
0.26 0.29 0 3.3121257374780642e-06
0.26 0.3 0 3.7989640494386084e-06
0.26 0.31 0 3.8509018830856266e-06
0.26 0.32 0 3.7031055619370487e-06
0.26 0.33 0 3.645967883944056e-06
0.26 0.34 0 3.6129718198706837e-06
0.26 0.35000000000000003 0 3.3950289358179066e-06
0.26 0.36 0 3.0131134625530963e-06
0.26 0.37 0 2.6929608912473302e-06
0.26 0.38 0 2.5012478108309498e-06
0.26 0.39 0 2.3678197398064856e-06
0.26 0.4 0 2.3085418970912206e-06
0.26 0.41000000000000003 0 2.350870869808652e-06
0.26 0.42 0 2.389064237036392e-06
0.26 0.43 0 2.3256418001134006e-06
0.26 0.44 0 2.236808715391751e-06
0.26 0.45 0 2.2748206780592572e-06
0.26 0.46 0 2.4898600536312885e-06
0.26 0.47000000000000003 0 2.6448795937844934e-06
0.26 0.48 0 2.4588232852110304e-06
0.26 0.49 0 2.27311724187207e-06
0.26 0.5 0 2.5558965095557797e-06
0.27 0.0 0 1.8829791123337789e-06
0.27 0.01 0 1.8221211740701286e-06
0.27 0.02 0 1.7599185908116615e-06
0.27 0.03 0 1.9071185420850754e-06
0.27 0.04 0 2.0333269204120505e-06
0.27 0.05 0 2.049347327084081e-06
0.27 0.06 0 2.1456455594943014e-06
0.27 0.07 0 2.141097265030979e-06
0.27 0.08 0 1.9356330547574804e-06
0.27 0.09 0 1.9533640484075374e-06
0.27 0.1 0 2.2438602601730413e-06
0.27 0.11 0 2.2297926329223263e-06
0.27 0.12 0 1.92055187635021e-06
0.27 0.13 0 1.8647230325734096e-06
0.27 0.14 0 2.0133909599993036e-06
0.27 0.15 0 2.0429604316081492e-06
0.27 0.16 0 2.0545151204505726e-06
0.27 0.17 0 2.2211372498706937e-06
0.27 0.18 0 2.452437662281569e-06
0.27 0.19 0 2.810273532270823e-06
0.27 0.2 0 3.430229155069139e-06
0.27 0.21 0 3.917348773655388e-06
0.27 0.22 0 3.888185817131978e-06
0.27 0.23 0 3.765763893957126e-06
0.27 0.24 0 3.836005109616445e-06
0.27 0.25 0 3.893182353274445e-06
0.27 0.26 0 3.7632317775156794e-06
0.27 0.27 0 3.4627884062772375e-06
0.27 0.28 0 3.152190366938317e-06
0.27 0.29 0 3.083714764041787e-06
0.27 0.3 0 3.304873223438797e-06
0.27 0.31 0 3.5490064665893183e-06
0.27 0.32 0 3.5512542492227728e-06
0.27 0.33 0 3.326058134087399e-06
0.27 0.34 0 3.0645469541004788e-06
0.27 0.35000000000000003 0 2.984954221281573e-06
0.27 0.36 0 3.072823688211315e-06
0.27 0.37 0 3.0141190987395628e-06
0.27 0.38 0 2.7650243496193665e-06
0.27 0.39 0 2.6796615704291743e-06
0.27 0.4 0 2.826125293993016e-06
0.27 0.41000000000000003 0 2.8892707172915216e-06
0.27 0.42 0 2.7470561293796934e-06
0.27 0.43 0 2.632053687598189e-06
0.27 0.44 0 2.6723624205235257e-06
0.27 0.45 0 2.791912321839858e-06
0.27 0.46 0 2.8569039474823706e-06
0.27 0.47000000000000003 0 2.8242902836291636e-06
0.27 0.48 0 2.768125621991331e-06
0.27 0.49 0 2.7155620485230232e-06
0.27 0.5 0 2.663226961852271e-06
0.28 0.0 0 1.5330304088065363e-06
0.28 0.01 0 1.4973082494229907e-06
0.28 0.02 0 1.562714583575762e-06
0.28 0.03 0 1.4587286075528273e-06
0.28 0.04 0 1.3396424607829173e-06
0.28 0.05 0 1.4973424116048345e-06
0.28 0.06 0 1.7578628805622765e-06
0.28 0.07 0 1.7546845765363121e-06
0.28 0.08 0 1.6838648445995333e-06
0.28 0.09 0 1.8085147354567563e-06
0.28 0.1 0 2.013006069448067e-06
0.28 0.11 0 2.1160555268102075e-06
0.28 0.12 0 2.111025563925574e-06
0.28 0.13 0 2.0768044583815465e-06
0.28 0.14 0 2.1299183400197043e-06
0.28 0.15 0 2.252559516196136e-06
0.28 0.16 0 2.2553394916723934e-06
0.28 0.17 0 2.1742524104689564e-06
0.28 0.18 0 2.192299534985585e-06
0.28 0.19 0 2.246430245602055e-06
0.28 0.2 0 2.3217116551415944e-06
0.28 0.21 0 2.66811508257361e-06
0.28 0.22 0 3.1975637718886922e-06
0.28 0.23 0 3.293011792264232e-06
0.28 0.24 0 3.095991517128701e-06
0.28 0.25 0 3.2956233449715e-06
0.28 0.26 0 3.804035674589033e-06
0.28 0.27 0 3.897264719792328e-06
0.28 0.28 0 3.4959849551678402e-06
0.28 0.29 0 3.13170486881803e-06
0.28 0.3 0 3.0665302827369734e-06
0.28 0.31 0 3.3215450709724037e-06
0.28 0.32 0 3.6575763117852314e-06
0.28 0.33 0 3.6304396203202993e-06
0.28 0.34 0 3.310396352773172e-06
0.28 0.35000000000000003 0 3.2009304939533115e-06
0.28 0.36 0 3.4141880356710248e-06
0.28 0.37 0 3.5567050484156e-06
0.28 0.38 0 3.3508804886810784e-06
0.28 0.39 0 3.112536101582389e-06
0.28 0.4 0 3.069665101277595e-06
0.28 0.41000000000000003 0 2.9311645193966864e-06
0.28 0.42 0 2.5294899572609763e-06
0.28 0.43 0 2.2171514076494466e-06
0.28 0.44 0 2.0934574508128674e-06
0.28 0.45 0 1.908345743882006e-06
0.28 0.46 0 1.7595971414441832e-06
0.28 0.47000000000000003 0 1.9468176042081427e-06
0.28 0.48 0 2.223046291008189e-06
0.28 0.49 0 1.9993456441627612e-06
0.28 0.5 0 1.6783543664772867e-06
0.29 0.0 0 1.4421008001189299e-06
0.29 0.01 0 1.4833370873102587e-06
0.29 0.02 0 1.4788450298591412e-06
0.29 0.03 0 1.5141384736527138e-06
0.29 0.04 0 1.4868231806507186e-06
0.29 0.05 0 1.3746375231882615e-06
0.29 0.06 0 1.4069560102778473e-06
0.29 0.07 0 1.5755133547375992e-06
0.29 0.08 0 1.5522517048430156e-06
0.29 0.09 0 1.423848792264868e-06
0.29 0.1 0 1.5393994426939357e-06
0.29 0.11 0 1.777307585564746e-06
0.29 0.12 0 1.7559261778128676e-06
0.29 0.13 0 1.6441517362186428e-06
0.29 0.14 0 1.6999068724151086e-06
0.29 0.15 0 1.7702579320404849e-06
0.29 0.16 0 1.7272106737064238e-06
0.29 0.17 0 1.6727475481957326e-06
0.29 0.18 0 1.611638955658585e-06
0.29 0.19 0 1.5622360977222318e-06
0.29 0.2 0 1.6605030456592377e-06
0.29 0.21 0 1.8506005716871247e-06
0.29 0.22 0 1.8789888053072551e-06
0.29 0.23 0 1.81920429045446e-06
0.29 0.24 0 1.9448131033780695e-06
0.29 0.25 0 2.206887899454115e-06
0.29 0.26 0 2.329767666749527e-06
0.29 0.27 0 2.3626424778436925e-06
0.29 0.28 0 2.581777150701667e-06
0.29 0.29 0 2.9267537148318716e-06
0.29 0.3 0 3.0286524901200514e-06
0.29 0.31 0 2.933740758042917e-06
0.29 0.32 0 3.0127580103371836e-06
0.29 0.33 0 3.1813950135426234e-06
0.29 0.34 0 3.1315485205956355e-06
0.29 0.35000000000000003 0 3.120255318096776e-06
0.29 0.36 0 3.3967625276494874e-06
0.29 0.37 0 3.430498506810008e-06
0.29 0.38 0 2.945070540455722e-06
0.29 0.39 0 2.6512789654589446e-06
0.29 0.4 0 2.7892398621106575e-06
0.29 0.41000000000000003 0 2.8330307231552522e-06
0.29 0.42 0 2.486641846732297e-06
0.29 0.43 0 2.1247822147620163e-06
0.29 0.44 0 1.9515630292923938e-06
0.29 0.45 0 1.9227878619494866e-06
0.29 0.46 0 1.9332488672581137e-06
0.29 0.47000000000000003 0 1.8181589962904213e-06
0.29 0.48 0 1.611509570705673e-06
0.29 0.49 0 1.5314688555855239e-06
0.29 0.5 0 1.5972891429770766e-06
0.3 0.0 0 1.3842185352581359e-06
0.3 0.01 0 1.2956178541648622e-06
0.3 0.02 0 1.3263222142635615e-06
0.3 0.03 0 1.340365270759613e-06
0.3 0.04 0 1.1759072185322086e-06
0.3 0.05 0 1.0600108517876994e-06
0.3 0.06 0 1.1122160274692085e-06
0.3 0.07 0 1.187039391187435e-06
0.3 0.08 0 1.2107692805330432e-06
0.3 0.09 0 1.2725084947646338e-06
0.3 0.1 0 1.3533474728801122e-06
0.3 0.11 0 1.4148572750676922e-06
0.3 0.12 0 1.5442086747904953e-06
0.3 0.13 0 1.710721778390569e-06
0.3 0.14 0 1.7406157032037597e-06
0.3 0.15 0 1.6912955115965009e-06
0.3 0.16 0 1.7319861906127165e-06
0.3 0.17 0 1.8060731652094214e-06
0.3 0.18 0 1.7629974583690865e-06
0.3 0.19 0 1.6520521064005874e-06
0.3 0.2 0 1.6401250298052975e-06
0.3 0.21 0 1.783110216916145e-06
0.3 0.22 0 1.9673435082901614e-06
0.3 0.23 0 2.063505362558614e-06
0.3 0.24 0 2.132651523683546e-06
0.3 0.25 0 2.2328502585765567e-06
0.3 0.26 0 2.265773487841941e-06
0.3 0.27 0 2.247836303275948e-06
0.3 0.28 0 2.305368662606294e-06
0.3 0.29 0 2.367827301956766e-06
0.3 0.3 0 2.359383506037353e-06
0.3 0.31 0 2.458466413471798e-06
0.3 0.32 0 2.710503849017752e-06
0.3 0.33 0 2.8161868330457853e-06
0.3 0.34 0 2.6903274320488648e-06
0.3 0.35000000000000003 0 2.6448064543291345e-06
0.3 0.36 0 2.832911089759575e-06
0.3 0.37 0 3.0888161254073885e-06
0.3 0.38 0 3.0733295737089063e-06
0.3 0.39 0 2.7261331124775325e-06
0.3 0.4 0 2.4677211035066164e-06
0.3 0.41000000000000003 0 2.5299569515520183e-06
0.3 0.42 0 2.5869492718292485e-06
0.3 0.43 0 2.331952654081888e-06
0.3 0.44 0 2.0828334087979756e-06
0.3 0.45 0 2.061109131960181e-06
0.3 0.46 0 2.1401332240718075e-06
0.3 0.47000000000000003 0 2.260684058571223e-06
0.3 0.48 0 2.337474106935559e-06
0.3 0.49 0 2.0762289989905327e-06
0.3 0.5 0 1.6896482600001237e-06
#STOP
