#MEDIUM_PROPERTIES_DISTRIBUTED
$MSH_TYPE
	 GROUNDWATER_FLOW	
$MMP_TYPE
	 PERMEABILITY	
$DIS_TYPE
	 NEAREST_VALUE	
;hj
$CONVERSION_FACTOR
	 1.0	
$DATA
0.0 0.0 0 1.8551746065635353e-06
0.0 0.01 0 1.9519100720287144e-06
0.0 0.02 0 2.157439856617941e-06
0.0 0.03 0 1.6425868975877775e-06
0.0 0.04 0 1.5539298683796463e-06
0.0 0.05 0 1.676497625382707e-06
0.0 0.06 0 1.6482829218202177e-06
0.0 0.07 0 1.6084135040771668e-06
0.0 0.08 0 1.4808058572156894e-06
0.0 0.09 0 1.5878996644426617e-06
0.0 0.1 0 1.885294246600617e-06
0.0 0.11 0 1.8096161340088173e-06
0.0 0.12 0 1.4121326923254781e-06
0.0 0.13 0 8.755638875948566e-07
0.0 0.14 0 9.153703856747896e-07
0.0 0.15 0 7.577122743619406e-07
0.0 0.16 0 9.794892247146762e-07
0.0 0.17 0 7.592832364332057e-07
0.0 0.18 0 6.56811007082798e-07
0.0 0.19 0 6.349367298404422e-07
0.0 0.2 0 6.623458823889881e-07
0.0 0.21 0 8.408299490082572e-07
0.0 0.22 0 1.0256224143987418e-06
0.0 0.23 0 1.21439382269344e-06
0.0 0.24 0 1.0006303593824296e-06
0.0 0.25 0 8.378422054664167e-07
0.0 0.26 0 9.80721536061232e-07
0.0 0.27 0 8.70856921534683e-07
0.0 0.28 0 9.494448304549315e-07
0.0 0.29 0 7.939970839751782e-07
0.0 0.3 0 1.1785239833091224e-06
0.0 0.31 0 9.144384464244048e-07
0.0 0.32 0 9.160775255987219e-07
0.0 0.33 0 9.304402388165467e-07
0.0 0.34 0 8.370542388489749e-07
0.0 0.35000000000000003 0 1.0039462470906111e-06
0.0 0.36 0 9.685792650528604e-07
0.0 0.37 0 7.389459545134418e-07
0.0 0.38 0 4.6998698784593733e-07
0.0 0.39 0 5.916786145593596e-07
0.0 0.4 0 1.0609030759834312e-06
0.0 0.41000000000000003 0 1.0093408196995664e-06
0.0 0.42 0 9.558397392485085e-07
0.0 0.43 0 5.952556879519864e-07
0.0 0.44 0 5.983135015669518e-07
0.0 0.45 0 4.592496805306363e-07
0.0 0.46 0 6.42774303951526e-07
0.0 0.47000000000000003 0 6.691810017897484e-07
0.0 0.48 0 4.684884031045919e-07
0.0 0.49 0 5.11845446281221e-07
0.0 0.5 0 4.97560327050623e-07
0.01 0.0 0 5.129342112664196e-07
0.01 0.01 0 5.831235527259688e-07
0.01 0.02 0 9.218777611200994e-07
0.01 0.03 0 1.3709470864687167e-06
0.01 0.04 0 1.6189909016221292e-06
0.01 0.05 0 2.2101263777122765e-06
0.01 0.06 0 1.6271184952876305e-06
0.01 0.07 0 1.9927990502459216e-06
0.01 0.08 0 1.672245217957129e-06
0.01 0.09 0 1.551394843270616e-06
0.01 0.1 0 1.0574203890839871e-06
0.01 0.11 0 1.019511705905665e-06
0.01 0.12 0 1.2554726163644354e-06
0.01 0.13 0 9.357357406114024e-07
0.01 0.14 0 1.0314669036230822e-06
0.01 0.15 0 9.478785816080571e-07
0.01 0.16 0 8.627157490884424e-07
0.01 0.17 0 8.787668465651138e-07
0.01 0.18 0 8.963943179043115e-07
0.01 0.19 0 8.989015574412455e-07
0.01 0.2 0 5.631761546390183e-07
0.01 0.21 0 6.491204920669605e-07
0.01 0.22 0 7.147279080315475e-07
0.01 0.23 0 1.0639893834971027e-06
0.01 0.24 0 9.883548419977099e-07
0.01 0.25 0 7.223776701230602e-07
0.01 0.26 0 6.749160413497808e-07
0.01 0.27 0 7.035040453116219e-07
0.01 0.28 0 1.2979621297617196e-06
0.01 0.29 0 1.3585012462368917e-06
0.01 0.3 0 1.253027503120222e-06
0.01 0.31 0 1.1186095856755879e-06
0.01 0.32 0 1.0773157021083023e-06
0.01 0.33 0 1.1835172474621767e-06
0.01 0.34 0 8.916485126064365e-07
0.01 0.35000000000000003 0 7.121503496111292e-07
0.01 0.36 0 5.334639147544827e-07
0.01 0.37 0 6.090420529513293e-07
0.01 0.38 0 6.205557689618178e-07
0.01 0.39 0 6.998161101028813e-07
0.01 0.4 0 1.0001020349790089e-06
0.01 0.41000000000000003 0 8.834518094661141e-07
0.01 0.42 0 8.562278600395856e-07
0.01 0.43 0 6.125100162446501e-07
0.01 0.44 0 5.684508168913442e-07
0.01 0.45 0 4.827722523118237e-07
0.01 0.46 0 5.592127582564769e-07
0.01 0.47000000000000003 0 8.276228881157238e-07
0.01 0.48 0 9.127851168808962e-07
0.01 0.49 0 8.334998620521342e-07
0.01 0.5 0 6.886704496161489e-07
0.02 0.0 0 1.2632781370249795e-06
0.02 0.01 0 1.453061795960383e-06
0.02 0.02 0 1.74676574317146e-06
0.02 0.03 0 1.6744187797482764e-06
0.02 0.04 0 1.3696714645696557e-06
0.02 0.05 0 1.6302276240172241e-06
0.02 0.06 0 1.418403192446231e-06
0.02 0.07 0 1.4493869271357255e-06
0.02 0.08 0 1.5101996521842826e-06
0.02 0.09 0 1.7997155307508976e-06
0.02 0.1 0 1.9005421583647844e-06
0.02 0.11 0 2.197561625671489e-06
0.02 0.12 0 2.561793186498863e-06
0.02 0.13 0 2.1183246486741914e-06
0.02 0.14 0 1.5739906482335586e-06
0.02 0.15 0 1.5405453275674444e-06
0.02 0.16 0 1.3565419904640727e-06
0.02 0.17 0 8.99461603007952e-07
0.02 0.18 0 7.920993084048806e-07
0.02 0.19 0 1.1286756705817148e-06
0.02 0.2 0 1.2448011249366816e-06
0.02 0.21 0 1.7088732024253952e-06
0.02 0.22 0 2.017476141959919e-06
0.02 0.23 0 2.4142139057493045e-06
0.02 0.24 0 2.524730681768487e-06
0.02 0.25 0 3.27748476744847e-06
0.02 0.26 0 2.762925576550401e-06
0.02 0.27 0 2.0088006308534417e-06
0.02 0.28 0 1.6489052943354025e-06
0.02 0.29 0 1.8981456506200255e-06
0.02 0.3 0 1.800502244756378e-06
0.02 0.31 0 1.6003993473131305e-06
0.02 0.32 0 1.6797107831216564e-06
0.02 0.33 0 1.360054599097726e-06
0.02 0.34 0 7.678729017038597e-07
0.02 0.35000000000000003 0 5.863449525801008e-07
0.02 0.36 0 4.3144635117171694e-07
0.02 0.37 0 4.418532562439051e-07
0.02 0.38 0 4.175884178854115e-07
0.02 0.39 0 4.851008240280572e-07
0.02 0.4 0 3.8370574789927097e-07
0.02 0.41000000000000003 0 4.1792227185532366e-07
0.02 0.42 0 4.472051705489538e-07
0.02 0.43 0 5.956789419280138e-07
0.02 0.44 0 7.437090290621266e-07
0.02 0.45 0 8.268812110394953e-07
0.02 0.46 0 9.125546969768694e-07
0.02 0.47000000000000003 0 8.248069316556159e-07
0.02 0.48 0 9.146326516739389e-07
0.02 0.49 0 1.2163759365586177e-06
0.02 0.5 0 1.1139767323582358e-06
0.03 0.0 0 1.0562595760768435e-06
0.03 0.01 0 1.1677284765937782e-06
0.03 0.02 0 1.5436502655771774e-06
0.03 0.03 0 1.335700981520014e-06
0.03 0.04 0 1.408490007456742e-06
0.03 0.05 0 1.103078122443598e-06
0.03 0.06 0 1.2647010946234297e-06
0.03 0.07 0 1.6249571615335664e-06
0.03 0.08 0 2.082195597161652e-06
0.03 0.09 0 2.635865687962194e-06
0.03 0.1 0 2.2626077357055873e-06
0.03 0.11 0 2.341684842925079e-06
0.03 0.12 0 2.4811412200539864e-06
0.03 0.13 0 2.265472368895762e-06
0.03 0.14 0 2.348295265528484e-06
0.03 0.15 0 1.910327022148199e-06
0.03 0.16 0 2.7186240971410583e-06
0.03 0.17 0 2.32400243751591e-06
0.03 0.18 0 2.525495556241268e-06
0.03 0.19 0 2.3953861373767153e-06
0.03 0.2 0 2.8773678113324134e-06
0.03 0.21 0 2.6405494381033193e-06
0.03 0.22 0 2.0044648458815744e-06
0.03 0.23 0 1.5251884055871124e-06
0.03 0.24 0 8.57251583864342e-07
0.03 0.25 0 9.722690478004623e-07
0.03 0.26 0 1.1803409036328073e-06
0.03 0.27 0 1.1119448153164104e-06
0.03 0.28 0 1.2140639981056729e-06
0.03 0.29 0 1.3474998065375525e-06
0.03 0.3 0 2.3731107259957826e-06
0.03 0.31 0 2.1757759392418576e-06
0.03 0.32 0 2.623761069924955e-06
0.03 0.33 0 1.897543062688961e-06
0.03 0.34 0 1.0946910835988671e-06
0.03 0.35000000000000003 0 6.971435271962455e-07
0.03 0.36 0 6.39405216899874e-07
0.03 0.37 0 7.261988977711519e-07
0.03 0.38 0 5.17929132207732e-07
0.03 0.39 0 5.650842078639906e-07
0.03 0.4 0 4.3136903858187916e-07
0.03 0.41000000000000003 0 3.806419089794787e-07
0.03 0.42 0 5.333050457181473e-07
0.03 0.43 0 6.01023457942921e-07
0.03 0.44 0 7.319456442933807e-07
0.03 0.45 0 6.837657514651747e-07
0.03 0.46 0 1.2688895129207747e-06
0.03 0.47000000000000003 0 1.6688102006293437e-06
0.03 0.48 0 1.9303033355774566e-06
0.03 0.49 0 2.426538373801612e-06
0.03 0.5 0 2.4692486928995596e-06
0.04 0.0 0 1.9531632289562763e-06
0.04 0.01 0 2.0868500874921407e-06
0.04 0.02 0 2.1699259002378745e-06
0.04 0.03 0 1.3986787731390305e-06
0.04 0.04 0 1.5542659652496543e-06
0.04 0.05 0 1.9248062127971307e-06
0.04 0.06 0 1.7103634564092806e-06
0.04 0.07 0 2.344104772492259e-06
0.04 0.08 0 2.2162373322270725e-06
0.04 0.09 0 2.233673091072535e-06
0.04 0.1 0 1.5084832295742497e-06
0.04 0.11 0 1.4234469202138906e-06
0.04 0.12 0 1.4589467949691097e-06
0.04 0.13 0 1.2703962520642628e-06
0.04 0.14 0 1.2914448799088364e-06
0.04 0.15 0 9.01297467507244e-07
0.04 0.16 0 8.056194765241902e-07
0.04 0.17 0 6.662252761665309e-07
0.04 0.18 0 8.085453074077756e-07
0.04 0.19 0 7.477956914961591e-07
0.04 0.2 0 6.916040544221581e-07
0.04 0.21 0 1.015717356718601e-06
0.04 0.22 0 1.202833911297572e-06
0.04 0.23 0 1.7230087696424658e-06
0.04 0.24 0 1.9063923404791797e-06
0.04 0.25 0 2.2646881534454726e-06
0.04 0.26 0 2.755555198370168e-06
0.04 0.27 0 2.462798913741185e-06
0.04 0.28 0 2.240643539160461e-06
0.04 0.29 0 1.6868422097828312e-06
0.04 0.3 0 1.914451044725691e-06
0.04 0.31 0 1.5577435717360252e-06
0.04 0.32 0 1.453610332673568e-06
0.04 0.33 0 1.039266240681978e-06
0.04 0.34 0 7.728898490030542e-07
0.04 0.35000000000000003 0 6.23766359762431e-07
0.04 0.36 0 5.462032856986269e-07
0.04 0.37 0 6.1968834290942e-07
0.04 0.38 0 5.411213225365472e-07
0.04 0.39 0 4.7409676142310994e-07
0.04 0.4 0 4.899496954680464e-07
0.04 0.41000000000000003 0 4.2949228333768635e-07
0.04 0.42 0 5.374934313947727e-07
0.04 0.43 0 6.5538331171154e-07
0.04 0.44 0 7.545050162631368e-07
0.04 0.45 0 6.090523650871291e-07
0.04 0.46 0 9.865304828615988e-07
0.04 0.47000000000000003 0 1.5227868009177052e-06
0.04 0.48 0 1.8735828732725506e-06
0.04 0.49 0 1.5240135634525234e-06
0.04 0.5 0 1.2848465424270418e-06
0.05 0.0 0 2.1118248840969013e-06
0.05 0.01 0 2.152129201045376e-06
0.05 0.02 0 1.9595726482883996e-06
0.05 0.03 0 1.5577620502962846e-06
0.05 0.04 0 1.5213145697529527e-06
0.05 0.05 0 2.278701648850593e-06
0.05 0.06 0 2.061166561599933e-06
0.05 0.07 0 1.519668635123641e-06
0.05 0.08 0 1.2521864209463297e-06
0.05 0.09 0 1.3563568972588233e-06
0.05 0.1 0 1.0553705670027911e-06
0.05 0.11 0 1.1275932523118617e-06
0.05 0.12 0 1.0397924921312332e-06
0.05 0.13 0 1.1375278581170508e-06
0.05 0.14 0 1.338807292494639e-06
0.05 0.15 0 1.743774652759508e-06
0.05 0.16 0 1.5026658041017292e-06
0.05 0.17 0 1.199694555798305e-06
0.05 0.18 0 1.3767597430496762e-06
0.05 0.19 0 1.763088093696518e-06
0.05 0.2 0 1.3808543036720532e-06
0.05 0.21 0 1.0943140544845263e-06
0.05 0.22 0 1.006217041443014e-06
0.05 0.23 0 1.0240149509558941e-06
0.05 0.24 0 1.0440625254881917e-06
0.05 0.25 0 1.6860149520585216e-06
0.05 0.26 0 1.5425251820572682e-06
0.05 0.27 0 1.5566231066026222e-06
0.05 0.28 0 1.4776545924731675e-06
0.05 0.29 0 1.939806428545e-06
0.05 0.3 0 2.2018326137855077e-06
0.05 0.31 0 2.31660387416852e-06
0.05 0.32 0 1.9736179626271176e-06
0.05 0.33 0 1.249324868484938e-06
0.05 0.34 0 8.800860655506263e-07
0.05 0.35000000000000003 0 7.771231028283606e-07
0.05 0.36 0 6.744406715739277e-07
0.05 0.37 0 5.112344512745831e-07
0.05 0.38 0 4.0690183848898097e-07
0.05 0.39 0 4.866357964760516e-07
0.05 0.4 0 3.850092789199207e-07
0.05 0.41000000000000003 0 4.2587593323055757e-07
0.05 0.42 0 3.4899585228355725e-07
0.05 0.43 0 4.2902516421588636e-07
0.05 0.44 0 5.121992584170859e-07
0.05 0.45 0 5.194510594812695e-07
0.05 0.46 0 5.012748696147917e-07
0.05 0.47000000000000003 0 4.675942281537931e-07
0.05 0.48 0 5.63415009150844e-07
0.05 0.49 0 5.692960736287307e-07
0.05 0.5 0 6.42116730119162e-07
0.06 0.0 0 2.1669868743921354e-06
0.06 0.01 0 1.988388866714185e-06
0.06 0.02 0 2.4128982536175045e-06
0.06 0.03 0 1.887648415552283e-06
0.06 0.04 0 1.93859430623134e-06
0.06 0.05 0 1.3277535957857223e-06
0.06 0.06 0 1.590383643107269e-06
0.06 0.07 0 1.4451643391896554e-06
0.06 0.08 0 1.2909822808438567e-06
0.06 0.09 0 1.359552131210542e-06
0.06 0.1 0 1.2197404937007277e-06
0.06 0.11 0 1.3528947022719578e-06
0.06 0.12 0 1.178060272292007e-06
0.06 0.13 0 1.0901169292777303e-06
0.06 0.14 0 1.0133745034341828e-06
0.06 0.15 0 1.2556598158897106e-06
0.06 0.16 0 1.6490450461809952e-06
0.06 0.17 0 1.1100601351270284e-06
0.06 0.18 0 1.0551982862650072e-06
0.06 0.19 0 7.959108429534757e-07
0.06 0.2 0 9.378474041122445e-07
0.06 0.21 0 9.117752900696501e-07
0.06 0.22 0 1.1805513661867754e-06
0.06 0.23 0 1.6103159054855314e-06
0.06 0.24 0 1.35410871900011e-06
0.06 0.25 0 1.9699232099324285e-06
0.06 0.26 0 2.4822686072121065e-06
0.06 0.27 0 3.107041331714607e-06
0.06 0.28 0 2.932550030721617e-06
0.06 0.29 0 2.963920428929096e-06
0.06 0.3 0 2.6356594067660616e-06
0.06 0.31 0 1.9205803058362323e-06
0.06 0.32 0 2.3436620904119774e-06
0.06 0.33 0 1.6148800843065524e-06
0.06 0.34 0 1.2810254659356174e-06
0.06 0.35000000000000003 0 1.0731671973888276e-06
0.06 0.36 0 1.1311898837212902e-06
0.06 0.37 0 9.632841286620132e-07
0.06 0.38 0 5.248793038573258e-07
0.06 0.39 0 6.0240414869343e-07
0.06 0.4 0 4.907420002844219e-07
0.06 0.41000000000000003 0 4.5348730089534196e-07
0.06 0.42 0 3.395084747555922e-07
0.06 0.43 0 2.86482221067692e-07
0.06 0.44 0 2.643161914126679e-07
0.06 0.45 0 3.0492585592084844e-07
0.06 0.46 0 4.1865563431691405e-07
0.06 0.47000000000000003 0 2.755021124102581e-07
0.06 0.48 0 2.313469931449181e-07
0.06 0.49 0 2.492997328623186e-07
0.06 0.5 0 3.6438365999256207e-07
0.07 0.0 0 4.4201068391779914e-06
0.07 0.01 0 2.605609118915534e-06
0.07 0.02 0 2.695376228635378e-06
0.07 0.03 0 2.522433930588623e-06
0.07 0.04 0 3.7836640734799326e-06
0.07 0.05 0 3.0849340223363486e-06
0.07 0.06 0 2.1750387408407376e-06
0.07 0.07 0 2.01317511566241e-06
0.07 0.08 0 1.982376483622836e-06
0.07 0.09 0 1.7255589967160467e-06
0.07 0.1 0 1.1734292079098305e-06
0.07 0.11 0 1.0905539979255233e-06
0.07 0.12 0 8.658572856126056e-07
0.07 0.13 0 8.863940355851163e-07
0.07 0.14 0 1.2061362358138574e-06
0.07 0.15 0 1.3797781103811059e-06
0.07 0.16 0 1.8286515653435232e-06
0.07 0.17 0 1.3384932653929121e-06
0.07 0.18 0 1.2290162792477894e-06
0.07 0.19 0 8.337666972127878e-07
0.07 0.2 0 7.505379041765705e-07
0.07 0.21 0 7.4435784646471e-07
0.07 0.22 0 8.39358454645513e-07
0.07 0.23 0 9.777296439540615e-07
0.07 0.24 0 9.181657781791102e-07
0.07 0.25 0 7.653388545469154e-07
0.07 0.26 0 6.851902177449538e-07
0.07 0.27 0 8.898463888621836e-07
0.07 0.28 0 1.3535367585045618e-06
0.07 0.29 0 1.5698710714931637e-06
0.07 0.3 0 1.7325405745841132e-06
0.07 0.31 0 1.2794076511535003e-06
0.07 0.32 0 1.988110862163456e-06
0.07 0.33 0 2.926142551682944e-06
0.07 0.34 0 3.2100601224922028e-06
0.07 0.35000000000000003 0 1.9007034960613337e-06
0.07 0.36 0 1.2478664200319748e-06
0.07 0.37 0 8.763326632221908e-07
0.07 0.38 0 7.341351272205378e-07
0.07 0.39 0 7.131287082837893e-07
0.07 0.4 0 7.458776980466657e-07
0.07 0.41000000000000003 0 6.490903496477899e-07
0.07 0.42 0 6.178126779345655e-07
0.07 0.43 0 6.964664996082335e-07
0.07 0.44 0 7.744576650960737e-07
0.07 0.45 0 6.327481820276579e-07
0.07 0.46 0 7.598778125084598e-07
0.07 0.47000000000000003 0 6.239747191157013e-07
0.07 0.48 0 5.15056391680761e-07
0.07 0.49 0 4.96738948458815e-07
0.07 0.5 0 6.723935953291263e-07
0.08 0.0 0 7.1990252636193554e-06
0.08 0.01 0 6.289191647007864e-06
0.08 0.02 0 3.848151750482897e-06
0.08 0.03 0 2.4372220439438934e-06
0.08 0.04 0 1.9186381166757293e-06
0.08 0.05 0 1.8172278669088712e-06
0.08 0.06 0 1.41245494662201e-06
0.08 0.07 0 1.1474816617483706e-06
0.08 0.08 0 1.2576736150387028e-06
0.08 0.09 0 1.4562303526977162e-06
0.08 0.1 0 1.2943309960991772e-06
0.08 0.11 0 1.8954685524701253e-06
0.08 0.12 0 2.2622506857398787e-06
0.08 0.13 0 2.4157256504941972e-06
0.08 0.14 0 2.270058600296554e-06
0.08 0.15 0 3.067883835850337e-06
0.08 0.16 0 2.5330331471077818e-06
0.08 0.17 0 2.1810573291230814e-06
0.08 0.18 0 1.8051904333448646e-06
0.08 0.19 0 1.4797194672931437e-06
0.08 0.2 0 1.3095448130808812e-06
0.08 0.21 0 1.1626005437518466e-06
0.08 0.22 0 1.037522640746173e-06
0.08 0.23 0 7.126529717057162e-07
0.08 0.24 0 5.963692074950028e-07
0.08 0.25 0 7.919303578471354e-07
0.08 0.26 0 7.098821860880738e-07
0.08 0.27 0 6.951762500676656e-07
0.08 0.28 0 6.517771512122497e-07
0.08 0.29 0 8.654352162297425e-07
0.08 0.3 0 8.014367736582657e-07
0.08 0.31 0 9.464994185784095e-07
0.08 0.32 0 1.0049667963522522e-06
0.08 0.33 0 1.1054156497107377e-06
0.08 0.34 0 1.4891053845442647e-06
0.08 0.35000000000000003 0 1.4761992294999335e-06
0.08 0.36 0 1.7291656312720467e-06
0.08 0.37 0 1.6810641934064476e-06
0.08 0.38 0 1.8902476690409963e-06
0.08 0.39 0 2.0352251435360713e-06
0.08 0.4 0 1.5655987611073338e-06
0.08 0.41000000000000003 0 1.4695979777053517e-06
0.08 0.42 0 1.139054533336375e-06
0.08 0.43 0 1.3606768170933945e-06
0.08 0.44 0 1.3958771196561729e-06
0.08 0.45 0 1.7198775445837053e-06
0.08 0.46 0 1.7346070196775648e-06
0.08 0.47000000000000003 0 1.5582439873085944e-06
0.08 0.48 0 1.5430948181887312e-06
0.08 0.49 0 1.2579354987811195e-06
0.08 0.5 0 1.9887056483846765e-06
0.09 0.0 0 3.5069266811625612e-06
0.09 0.01 0 3.1835643164647776e-06
0.09 0.02 0 2.676788146525519e-06
0.09 0.03 0 1.7606704671378714e-06
0.09 0.04 0 1.6714053335886762e-06
0.09 0.05 0 1.411558972497737e-06
0.09 0.06 0 1.7297122422928708e-06
0.09 0.07 0 1.3466044947976462e-06
0.09 0.08 0 1.238400903098339e-06
0.09 0.09 0 8.939057532293498e-07
0.09 0.1 0 5.815551762935828e-07
0.09 0.11 0 5.270185777721e-07
0.09 0.12 0 5.212144909260183e-07
0.09 0.13 0 7.393850820768849e-07
0.09 0.14 0 6.068467193662018e-07
0.09 0.15 0 8.156627416901993e-07
0.09 0.16 0 9.673965744808455e-07
0.09 0.17 0 9.534243431998619e-07
0.09 0.18 0 1.1646469939377192e-06
0.09 0.19 0 9.761457793614542e-07
0.09 0.2 0 9.761463357619577e-07
0.09 0.21 0 9.087529827767783e-07
0.09 0.22 0 1.242765701621713e-06
0.09 0.23 0 1.1616173908232461e-06
0.09 0.24 0 8.994150883180065e-07
0.09 0.25 0 1.1789548350697659e-06
0.09 0.26 0 1.2174856928171392e-06
0.09 0.27 0 1.2751379828017406e-06
0.09 0.28 0 7.901296743534748e-07
0.09 0.29 0 8.951137001458533e-07
0.09 0.3 0 7.667646371642513e-07
0.09 0.31 0 7.946587763877632e-07
0.09 0.32 0 1.1397558265387898e-06
0.09 0.33 0 1.0580244650517105e-06
0.09 0.34 0 1.1340309046905209e-06
0.09 0.35000000000000003 0 1.2811348577522286e-06
0.09 0.36 0 1.7855174442319105e-06
0.09 0.37 0 2.010196420430098e-06
0.09 0.38 0 2.1121909683296946e-06
0.09 0.39 0 2.583675242814291e-06
0.09 0.4 0 1.75014328458065e-06
0.09 0.41000000000000003 0 1.7958164799673222e-06
0.09 0.42 0 1.695332446403315e-06
0.09 0.43 0 2.3690896276711754e-06
0.09 0.44 0 1.7058523334815597e-06
0.09 0.45 0 1.383297733913675e-06
0.09 0.46 0 1.2493788539072842e-06
0.09 0.47000000000000003 0 9.60757412248002e-07
0.09 0.48 0 1.0360893421521527e-06
0.09 0.49 0 1.1048051526091736e-06
0.09 0.5 0 1.31504323381558e-06
0.1 0.0 0 2.6358725900684288e-06
0.1 0.01 0 2.21649347950998e-06
0.1 0.02 0 1.7049753982375494e-06
0.1 0.03 0 1.0586117739673507e-06
0.1 0.04 0 1.1214499757217253e-06
0.1 0.05 0 8.985630245601829e-07
0.1 0.06 0 9.900043063675725e-07
0.1 0.07 0 8.505549059945118e-07
0.1 0.08 0 9.669426557503374e-07
0.1 0.09 0 1.0104612432413242e-06
0.1 0.1 0 1.1580923441706375e-06
0.1 0.11 0 1.5443989663403106e-06
0.1 0.12 0 1.6312809791270946e-06
0.1 0.13 0 1.9728538983753847e-06
0.1 0.14 0 2.3691625380556386e-06
0.1 0.15 0 2.1246953764902376e-06
0.1 0.16 0 2.010755525916419e-06
0.1 0.17 0 1.5743272395946573e-06
0.1 0.18 0 1.4969047350738792e-06
0.1 0.19 0 1.063859730696453e-06
0.1 0.2 0 1.0026736168400353e-06
0.1 0.21 0 8.71634693468956e-07
0.1 0.22 0 1.3288080155145135e-06
0.1 0.23 0 1.6350081603933282e-06
0.1 0.24 0 1.6245536770852237e-06
0.1 0.25 0 1.5214434434296747e-06
0.1 0.26 0 1.6301659549915148e-06
0.1 0.27 0 1.7986639578372921e-06
0.1 0.28 0 1.7215552968782476e-06
0.1 0.29 0 1.4313156780973028e-06
0.1 0.3 0 1.2353626114050402e-06
0.1 0.31 0 8.433346366060105e-07
0.1 0.32 0 7.42916730517125e-07
0.1 0.33 0 6.502821593636701e-07
0.1 0.34 0 6.303983343990496e-07
0.1 0.35000000000000003 0 6.182489726054429e-07
0.1 0.36 0 9.58125923642504e-07
0.1 0.37 0 9.288044839585235e-07
0.1 0.38 0 9.433667673662288e-07
0.1 0.39 0 1.1248498673468117e-06
0.1 0.4 0 1.494438954070856e-06
0.1 0.41000000000000003 0 1.701371717924088e-06
0.1 0.42 0 2.2166843571605964e-06
0.1 0.43 0 2.7233905709133225e-06
0.1 0.44 0 2.3227243859486795e-06
0.1 0.45 0 1.821382286799161e-06
0.1 0.46 0 2.1617637889392314e-06
0.1 0.47000000000000003 0 2.8429511401968974e-06
0.1 0.48 0 2.9713669592052235e-06
0.1 0.49 0 2.7314824650495953e-06
0.1 0.5 0 2.813735576147074e-06
0.11 0.0 0 3.036016996563523e-06
0.11 0.01 0 3.1578616756658283e-06
0.11 0.02 0 1.8258470868294937e-06
0.11 0.03 0 1.21790322262776e-06
0.11 0.04 0 1.2406693032673274e-06
0.11 0.05 0 1.7158926133068027e-06
0.11 0.06 0 1.6564578320593394e-06
0.11 0.07 0 1.2543171695837735e-06
0.11 0.08 0 1.0197728964846853e-06
0.11 0.09 0 8.607982319104731e-07
0.11 0.1 0 1.0485672105645456e-06
0.11 0.11 0 1.5219273404840917e-06
0.11 0.12 0 1.6967191208952085e-06
0.11 0.13 0 1.578036106371455e-06
0.11 0.14 0 1.6362933165451582e-06
0.11 0.15 0 2.6705131758893636e-06
0.11 0.16 0 2.2263668457416153e-06
0.11 0.17 0 2.428360264309793e-06
0.11 0.18 0 2.8211848364039244e-06
0.11 0.19 0 3.185417578449639e-06
0.11 0.2 0 2.997980135261571e-06
0.11 0.21 0 2.397587683550043e-06
0.11 0.22 0 2.1611029814227546e-06
0.11 0.23 0 1.7525019241792749e-06
0.11 0.24 0 2.0767207484402363e-06
0.11 0.25 0 1.864950405355755e-06
0.11 0.26 0 1.4698184810818311e-06
0.11 0.27 0 1.2070651922460531e-06
0.11 0.28 0 1.1614218836946075e-06
0.11 0.29 0 1.57230538457494e-06
0.11 0.3 0 1.3069865346112978e-06
0.11 0.31 0 1.337297258234025e-06
0.11 0.32 0 9.728298424594794e-07
0.11 0.33 0 8.58006816585663e-07
0.11 0.34 0 1.2010120962088485e-06
0.11 0.35000000000000003 0 1.7016014466336074e-06
0.11 0.36 0 2.679615369098194e-06
0.11 0.37 0 2.197429846187527e-06
0.11 0.38 0 2.077430256127608e-06
0.11 0.39 0 1.8245175231641e-06
0.11 0.4 0 2.5376621230021762e-06
0.11 0.41000000000000003 0 2.653403646648204e-06
0.11 0.42 0 2.080953250320203e-06
0.11 0.43 0 2.2515360524704263e-06
0.11 0.44 0 2.093145121733145e-06
0.11 0.45 0 2.748658241365767e-06
0.11 0.46 0 2.6550010903133386e-06
0.11 0.47000000000000003 0 2.5635602303870338e-06
0.11 0.48 0 2.538561213216302e-06
0.11 0.49 0 2.1188671763960037e-06
0.11 0.5 0 2.798693865695815e-06
0.12 0.0 0 2.7766624996972877e-06
0.12 0.01 0 2.89300225273586e-06
0.12 0.02 0 2.4401629103433853e-06
0.12 0.03 0 2.222989117526305e-06
0.12 0.04 0 1.65935778100473e-06
0.12 0.05 0 1.5003657531980251e-06
0.12 0.06 0 1.7237331124268705e-06
0.12 0.07 0 1.529481243659952e-06
0.12 0.08 0 2.013356804753436e-06
0.12 0.09 0 1.8062494469381269e-06
0.12 0.1 0 2.1530864129050048e-06
0.12 0.11 0 3.6953347733769172e-06
0.12 0.12 0 5.178543397721774e-06
0.12 0.13 0 6.055111324891456e-06
0.12 0.14 0 3.598437825999334e-06
0.12 0.15 0 4.18608407948464e-06
0.12 0.16 0 3.3329904915242596e-06
0.12 0.17 0 2.89314980721503e-06
0.12 0.18 0 2.3759622267570033e-06
0.12 0.19 0 2.193913315486336e-06
0.12 0.2 0 1.892489785862159e-06
0.12 0.21 0 1.6242293029774456e-06
0.12 0.22 0 2.082229934759237e-06
0.12 0.23 0 1.624782789100531e-06
0.12 0.24 0 1.5126606678115057e-06
0.12 0.25 0 1.7870577414355913e-06
0.12 0.26 0 1.541126843219816e-06
0.12 0.27 0 1.5843439289235926e-06
0.12 0.28 0 1.231768370873025e-06
0.12 0.29 0 1.598558596658204e-06
0.12 0.3 0 1.225134511419745e-06
0.12 0.31 0 1.5137133966626111e-06
0.12 0.32 0 1.8251694630610221e-06
0.12 0.33 0 1.6791938577681746e-06
0.12 0.34 0 1.2228416132741302e-06
0.12 0.35000000000000003 0 1.1467667979241431e-06
0.12 0.36 0 1.4978089353833487e-06
0.12 0.37 0 1.347750071143791e-06
0.12 0.38 0 1.2697522281879505e-06
0.12 0.39 0 1.1434269754676552e-06
0.12 0.4 0 9.816858211168878e-07
0.12 0.41000000000000003 0 1.5795256182075608e-06
0.12 0.42 0 1.882160686059495e-06
0.12 0.43 0 2.5206576987681292e-06
0.12 0.44 0 2.105962424451866e-06
0.12 0.45 0 2.813492534480425e-06
0.12 0.46 0 3.0440236133753546e-06
0.12 0.47000000000000003 0 2.6677299305574987e-06
0.12 0.48 0 2.018687277758782e-06
0.12 0.49 0 1.8958447339625317e-06
0.12 0.5 0 2.400284150748831e-06
0.13 0.0 0 1.3348531400571652e-06
0.13 0.01 0 1.2636362788290135e-06
0.13 0.02 0 1.2195825318951815e-06
0.13 0.03 0 1.5981411592383787e-06
0.13 0.04 0 2.4988847623002193e-06
0.13 0.05 0 1.990654328982263e-06
0.13 0.06 0 2.084622779873207e-06
0.13 0.07 0 2.2256326184985715e-06
0.13 0.08 0 4.033259448208788e-06
0.13 0.09 0 5.162741485113718e-06
0.13 0.1 0 5.050078492518648e-06
0.13 0.11 0 3.562664951880184e-06
0.13 0.12 0 2.9312743631654654e-06
0.13 0.13 0 2.807653748154306e-06
0.13 0.14 0 2.999775996361025e-06
0.13 0.15 0 3.1145991379124603e-06
0.13 0.16 0 3.0056263882388905e-06
0.13 0.17 0 2.9012721317442157e-06
0.13 0.18 0 3.240105889076657e-06
0.13 0.19 0 3.563412002978949e-06
0.13 0.2 0 4.1610369398865605e-06
0.13 0.21 0 2.8585837574278167e-06
0.13 0.22 0 2.204899006943034e-06
0.13 0.23 0 1.4465897905625216e-06
0.13 0.24 0 1.0991197726842124e-06
0.13 0.25 0 9.413123185359277e-07
0.13 0.26 0 1.0410256623844742e-06
0.13 0.27 0 1.0193239015569207e-06
0.13 0.28 0 1.4215508606459485e-06
0.13 0.29 0 2.218296699684293e-06
0.13 0.3 0 2.316128032938415e-06
0.13 0.31 0 1.912120727856478e-06
0.13 0.32 0 1.9982629502679403e-06
0.13 0.33 0 2.795922840077376e-06
0.13 0.34 0 3.1484084104216242e-06
0.13 0.35000000000000003 0 2.6600638734123177e-06
0.13 0.36 0 2.4129602728136432e-06
0.13 0.37 0 1.8480963309889094e-06
0.13 0.38 0 1.8169862776622675e-06
0.13 0.39 0 1.8655686809268106e-06
0.13 0.4 0 1.4790116665812375e-06
0.13 0.41000000000000003 0 7.356446419611872e-07
0.13 0.42 0 6.200808358119984e-07
0.13 0.43 0 6.44907129087795e-07
0.13 0.44 0 6.325747746834224e-07
0.13 0.45 0 7.82696618532728e-07
0.13 0.46 0 8.081527602692356e-07
0.13 0.47000000000000003 0 7.45301160751077e-07
0.13 0.48 0 5.779567175429876e-07
0.13 0.49 0 7.863750617923794e-07
0.13 0.5 0 1.1650326778964687e-06
0.14 0.0 0 9.25103949151191e-07
0.14 0.01 0 1.2503061992657005e-06
0.14 0.02 0 1.0745114760555014e-06
0.14 0.03 0 9.318764095620467e-07
0.14 0.04 0 8.422055743872732e-07
0.14 0.05 0 9.146236808797902e-07
0.14 0.06 0 6.674870036286126e-07
0.14 0.07 0 6.786501630091596e-07
0.14 0.08 0 8.908944520295311e-07
0.14 0.09 0 8.392450898382281e-07
0.14 0.1 0 1.1181329503457513e-06
0.14 0.11 0 1.350575760717103e-06
0.14 0.12 0 1.9725597628515725e-06
0.14 0.13 0 2.394185169778021e-06
0.14 0.14 0 3.1351938489826706e-06
0.14 0.15 0 3.97326702985395e-06
0.14 0.16 0 3.500026095763433e-06
0.14 0.17 0 4.152739787609272e-06
0.14 0.18 0 4.2250587641102866e-06
0.14 0.19 0 4.554536762248562e-06
0.14 0.2 0 4.2711769200062215e-06
0.14 0.21 0 4.869017854363654e-06
0.14 0.22 0 4.674655865379981e-06
0.14 0.23 0 2.7453900730948417e-06
0.14 0.24 0 2.7212726447634104e-06
0.14 0.25 0 2.134239171549857e-06
0.14 0.26 0 2.6185442612620855e-06
0.14 0.27 0 2.281411197650584e-06
0.14 0.28 0 1.95816226024049e-06
0.14 0.29 0 1.7028009146998355e-06
0.14 0.3 0 1.3238848736670967e-06
0.14 0.31 0 1.2543212313218747e-06
0.14 0.32 0 1.0135589043193028e-06
0.14 0.33 0 1.2100689383726996e-06
0.14 0.34 0 1.4257591522224917e-06
0.14 0.35000000000000003 0 1.7011950935419463e-06
0.14 0.36 0 2.04851186111282e-06
0.14 0.37 0 1.7992286083098826e-06
0.14 0.38 0 2.3780988840289337e-06
0.14 0.39 0 1.8308385535465072e-06
0.14 0.4 0 2.0085574132647682e-06
0.14 0.41000000000000003 0 1.2228029285958565e-06
0.14 0.42 0 1.0506282120038451e-06
0.14 0.43 0 1.254502200737987e-06
0.14 0.44 0 1.2744997760645256e-06
0.14 0.45 0 1.3811561399007643e-06
0.14 0.46 0 1.371093899455315e-06
0.14 0.47000000000000003 0 1.5480530612052782e-06
0.14 0.48 0 1.2557312768450764e-06
0.14 0.49 0 1.1652168431199688e-06
0.14 0.5 0 1.3869587351004843e-06
0.15 0.0 0 1.0056411080124118e-06
0.15 0.01 0 1.399108070970596e-06
0.15 0.02 0 1.0704041567347231e-06
0.15 0.03 0 9.791639487677278e-07
0.15 0.04 0 6.506316688947961e-07
0.15 0.05 0 8.867714600161987e-07
0.15 0.06 0 1.1875578362260185e-06
0.15 0.07 0 1.455925735367559e-06
0.15 0.08 0 2.437699968288457e-06
0.15 0.09 0 2.7458597976454857e-06
0.15 0.1 0 3.126415451681404e-06
0.15 0.11 0 3.6470075861131278e-06
0.15 0.12 0 4.121324432090902e-06
0.15 0.13 0 3.6004742882368312e-06
0.15 0.14 0 2.4452393472664385e-06
0.15 0.15 0 2.4694485098363723e-06
0.15 0.16 0 1.5114867425635634e-06
0.15 0.17 0 1.828177029086197e-06
0.15 0.18 0 2.0150513735335987e-06
0.15 0.19 0 2.657006826174023e-06
0.15 0.2 0 2.067165869847026e-06
0.15 0.21 0 1.839343320515344e-06
0.15 0.22 0 2.223763138563984e-06
0.15 0.23 0 1.809855933969557e-06
0.15 0.24 0 1.9649238188347046e-06
0.15 0.25 0 2.776777097372352e-06
0.15 0.26 0 3.5424893993807855e-06
0.15 0.27 0 3.894097368207694e-06
0.15 0.28 0 3.5666211865644685e-06
0.15 0.29 0 3.879664920220323e-06
0.15 0.3 0 3.0159022728518305e-06
0.15 0.31 0 4.213740264176048e-06
0.15 0.32 0 3.576549240861564e-06
0.15 0.33 0 2.9391071012758877e-06
0.15 0.34 0 2.1768049119768867e-06
0.15 0.35000000000000003 0 2.5227831425771486e-06
0.15 0.36 0 3.1885428849018256e-06
0.15 0.37 0 2.684106553692941e-06
0.15 0.38 0 2.4934637794974653e-06
0.15 0.39 0 2.1044236366185254e-06
0.15 0.4 0 1.7109192187407187e-06
0.15 0.41000000000000003 0 1.8003619833078778e-06
0.15 0.42 0 2.026016620869673e-06
0.15 0.43 0 2.5190382553624788e-06
0.15 0.44 0 2.423697644016435e-06
0.15 0.45 0 2.8006011543210514e-06
0.15 0.46 0 2.390815465698838e-06
0.15 0.47000000000000003 0 2.8650807323296774e-06
0.15 0.48 0 3.0033282409918392e-06
0.15 0.49 0 3.2828821702979123e-06
0.15 0.5 0 3.6977641298673763e-06
0.16 0.0 0 1.1241525527222354e-06
0.16 0.01 0 1.075783262021251e-06
0.16 0.02 0 9.750551685849993e-07
0.16 0.03 0 9.258231499319501e-07
0.16 0.04 0 9.130498848095043e-07
0.16 0.05 0 8.111787425371363e-07
0.16 0.06 0 9.106231827885934e-07
0.16 0.07 0 1.0023986910495274e-06
0.16 0.08 0 1.2019085325612196e-06
0.16 0.09 0 1.2880698979441903e-06
0.16 0.1 0 1.6840242907904926e-06
0.16 0.11 0 1.7703830568737627e-06
0.16 0.12 0 2.350255255858849e-06
0.16 0.13 0 2.7221156526470288e-06
0.16 0.14 0 3.1834709116868926e-06
0.16 0.15 0 3.804204760481238e-06
0.16 0.16 0 3.9652380065579116e-06
0.16 0.17 0 3.8390669822186955e-06
0.16 0.18 0 3.936222265333345e-06
0.16 0.19 0 3.4191342876548683e-06
0.16 0.2 0 1.915575511021371e-06
0.16 0.21 0 1.0481531941786247e-06
0.16 0.22 0 8.099178982106558e-07
0.16 0.23 0 7.75640687695395e-07
0.16 0.24 0 7.013866180060032e-07
0.16 0.25 0 6.308792241222884e-07
0.16 0.26 0 8.492556638650449e-07
0.16 0.27 0 1.088040280593613e-06
0.16 0.28 0 1.8952722677937615e-06
0.16 0.29 0 2.8829982429036985e-06
0.16 0.3 0 2.7382186913767785e-06
0.16 0.31 0 2.5317366305924194e-06
0.16 0.32 0 3.002566539418176e-06
0.16 0.33 0 3.5638819733707853e-06
0.16 0.34 0 2.938533573638196e-06
0.16 0.35000000000000003 0 3.5399847114280177e-06
0.16 0.36 0 3.833739477119846e-06
0.16 0.37 0 3.869796468897854e-06
0.16 0.38 0 3.3415868248039456e-06
0.16 0.39 0 3.093574140910821e-06
0.16 0.4 0 2.705111176080569e-06
0.16 0.41000000000000003 0 1.908335383857678e-06
0.16 0.42 0 2.419943510561649e-06
0.16 0.43 0 2.9412848417224485e-06
0.16 0.44 0 2.917409278502157e-06
0.16 0.45 0 3.269849410995247e-06
0.16 0.46 0 3.5602892824608633e-06
0.16 0.47000000000000003 0 4.5044669697392325e-06
0.16 0.48 0 5.087129855984031e-06
0.16 0.49 0 7.603123846193813e-06
0.16 0.5 0 5.188197124338824e-06
0.17 0.0 0 1.417545248996855e-06
0.17 0.01 0 1.4478270026714126e-06
0.17 0.02 0 1.2304931893066053e-06
0.17 0.03 0 1.3239018488630822e-06
0.17 0.04 0 1.6912504914140116e-06
0.17 0.05 0 2.583593550691072e-06
0.17 0.06 0 2.0150183670223596e-06
0.17 0.07 0 1.5402210415073148e-06
0.17 0.08 0 1.009704671076162e-06
0.17 0.09 0 6.268328925702943e-07
0.17 0.1 0 8.037441663956657e-07
0.17 0.11 0 9.394379514503236e-07
0.17 0.12 0 1.0162881136995506e-06
0.17 0.13 0 6.734863087583082e-07
0.17 0.14 0 9.651024391193488e-07
0.17 0.15 0 1.3591005449718552e-06
0.17 0.16 0 1.931182959005464e-06
0.17 0.17 0 2.042972417174331e-06
0.17 0.18 0 1.4669440043920558e-06
0.17 0.19 0 1.4579341685648944e-06
0.17 0.2 0 1.2832172831577842e-06
0.17 0.21 0 1.3035129376153545e-06
0.17 0.22 0 9.65591363716776e-07
0.17 0.23 0 6.092874028169341e-07
0.17 0.24 0 6.428080862212891e-07
0.17 0.25 0 5.161884667299435e-07
0.17 0.26 0 6.050479285249402e-07
0.17 0.27 0 4.7611572962454976e-07
0.17 0.28 0 6.314325006989755e-07
0.17 0.29 0 7.015200003960365e-07
0.17 0.3 0 9.669091704150277e-07
0.17 0.31 0 1.0753973863885543e-06
0.17 0.32 0 1.0537530063114298e-06
0.17 0.33 0 1.5505762904903046e-06
0.17 0.34 0 1.8411031508038445e-06
0.17 0.35000000000000003 0 2.9838749021483334e-06
0.17 0.36 0 3.973031943324916e-06
0.17 0.37 0 2.9103303706513672e-06
0.17 0.38 0 2.15122839489143e-06
0.17 0.39 0 1.5215118559224647e-06
0.17 0.4 0 2.513078184570102e-06
0.17 0.41000000000000003 0 2.4619717771426906e-06
0.17 0.42 0 2.8201420100021507e-06
0.17 0.43 0 2.0884884102501865e-06
0.17 0.44 0 2.0113581077452692e-06
0.17 0.45 0 2.481684481630851e-06
0.17 0.46 0 3.742641296396276e-06
0.17 0.47000000000000003 0 5.003990201293651e-06
0.17 0.48 0 3.5083426509945626e-06
0.17 0.49 0 4.087440268658396e-06
0.17 0.5 0 4.9018141840692915e-06
0.18 0.0 0 1.09004769249698e-06
0.18 0.01 0 1.26258593258824e-06
0.18 0.02 0 1.036910077847864e-06
0.18 0.03 0 1.3109457029695632e-06
0.18 0.04 0 1.1233439159490132e-06
0.18 0.05 0 1.237938491227507e-06
0.18 0.06 0 8.043741029050504e-07
0.18 0.07 0 8.096059777013613e-07
0.18 0.08 0 9.477868636065097e-07
0.18 0.09 0 9.139473050554502e-07
0.18 0.1 0 9.265517797578174e-07
0.18 0.11 0 1.2153591080471854e-06
0.18 0.12 0 2.1220190896085824e-06
0.18 0.13 0 2.0394279037840522e-06
0.18 0.14 0 1.7584806552010835e-06
0.18 0.15 0 1.7654842206661544e-06
0.18 0.16 0 1.1905030400599753e-06
0.18 0.17 0 1.344660963233074e-06
0.18 0.18 0 1.1489283544409745e-06
0.18 0.19 0 1.0473289493776374e-06
0.18 0.2 0 6.640523679816629e-07
0.18 0.21 0 6.708269507900215e-07
0.18 0.22 0 6.422916049224018e-07
0.18 0.23 0 5.390884339036211e-07
0.18 0.24 0 5.566555305239782e-07
0.18 0.25 0 5.971234728957631e-07
0.18 0.26 0 6.181279526410123e-07
0.18 0.27 0 5.534317702452477e-07
0.18 0.28 0 7.303777807933618e-07
0.18 0.29 0 9.77564120266714e-07
0.18 0.3 0 9.832717568714133e-07
0.18 0.31 0 1.528970915372322e-06
0.18 0.32 0 1.9242125480034787e-06
0.18 0.33 0 2.596435951078979e-06
0.18 0.34 0 2.568987236718315e-06
0.18 0.35000000000000003 0 2.3793988879128266e-06
0.18 0.36 0 1.6644798616856209e-06
0.18 0.37 0 1.1213105422399944e-06
0.18 0.38 0 7.425545938725862e-07
0.18 0.39 0 4.365701274656364e-07
0.18 0.4 0 3.246713778992978e-07
0.18 0.41000000000000003 0 3.039077466741771e-07
0.18 0.42 0 3.9175414209293713e-07
0.18 0.43 0 4.0988087122470026e-07
0.18 0.44 0 4.060511883074435e-07
0.18 0.45 0 5.429147848592151e-07
0.18 0.46 0 8.175774626292406e-07
0.18 0.47000000000000003 0 1.417719299298296e-06
0.18 0.48 0 1.8672504071531244e-06
0.18 0.49 0 2.3233542043294437e-06
0.18 0.5 0 3.3342193680748503e-06
0.19 0.0 0 9.886149376250265e-07
0.19 0.01 0 8.541019338817647e-07
0.19 0.02 0 8.785143302938677e-07
0.19 0.03 0 1.044267312951147e-06
0.19 0.04 0 1.3037273873010038e-06
0.19 0.05 0 1.4883613164170639e-06
0.19 0.06 0 1.2066911259080525e-06
0.19 0.07 0 1.1813847453822544e-06
0.19 0.08 0 1.5363294926310112e-06
0.19 0.09 0 2.2288520314671447e-06
0.19 0.1 0 2.578328018701069e-06
0.19 0.11 0 2.3241593353229403e-06
0.19 0.12 0 2.3822066161454467e-06
0.19 0.13 0 2.45848061431704e-06
0.19 0.14 0 2.4221384159638284e-06
0.19 0.15 0 1.962973011489804e-06
0.19 0.16 0 1.402516842715215e-06
0.19 0.17 0 8.524602794706336e-07
0.19 0.18 0 7.618126065686625e-07
0.19 0.19 0 9.411951784538329e-07
0.19 0.2 0 8.92941676325777e-07
0.19 0.21 0 1.0943229877893745e-06
0.19 0.22 0 1.0418222652273702e-06
0.19 0.23 0 9.364743819497492e-07
0.19 0.24 0 7.574985921890634e-07
0.19 0.25 0 8.916390574148303e-07
0.19 0.26 0 9.253960744397051e-07
0.19 0.27 0 7.29385712730747e-07
0.19 0.28 0 7.515598915186415e-07
0.19 0.29 0 9.7271563854487e-07
0.19 0.3 0 1.2907134613663322e-06
0.19 0.31 0 1.44502862906929e-06
0.19 0.32 0 1.9418776472669605e-06
0.19 0.33 0 2.2870330535350227e-06
0.19 0.34 0 1.858661360412215e-06
0.19 0.35000000000000003 0 2.28594397194386e-06
0.19 0.36 0 1.6322901094916648e-06
0.19 0.37 0 1.4923967628389764e-06
0.19 0.38 0 1.4282489282287243e-06
0.19 0.39 0 1.7813053134518858e-06
0.19 0.4 0 1.2995600331320058e-06
0.19 0.41000000000000003 0 8.611267002313509e-07
0.19 0.42 0 8.29109233722826e-07
0.19 0.43 0 7.528176108247173e-07
0.19 0.44 0 6.86782085748224e-07
0.19 0.45 0 5.799414618283796e-07
0.19 0.46 0 5.776075092472506e-07
0.19 0.47000000000000003 0 5.954455727460554e-07
0.19 0.48 0 6.782795142927672e-07
0.19 0.49 0 1.4542400833794568e-06
0.19 0.5 0 1.6451658675551307e-06
0.2 0.0 0 7.992149587591471e-07
0.2 0.01 0 8.085089997758749e-07
0.2 0.02 0 9.270268418566201e-07
0.2 0.03 0 8.568537782023474e-07
0.2 0.04 0 7.678872779240915e-07
0.2 0.05 0 5.903246550753725e-07
0.2 0.06 0 3.896047771782699e-07
0.2 0.07 0 4.320350687102132e-07
0.2 0.08 0 5.165650361038047e-07
0.2 0.09 0 7.925608508834341e-07
0.2 0.1 0 1.2878796267267352e-06
0.2 0.11 0 1.7277226816304742e-06
0.2 0.12 0 2.732752925033246e-06
0.2 0.13 0 3.146185955397196e-06
0.2 0.14 0 6.3977652738933645e-06
0.2 0.15 0 5.074540095350904e-06
0.2 0.16 0 4.069434403533909e-06
0.2 0.17 0 2.680399178744585e-06
0.2 0.18 0 2.12397515453988e-06
0.2 0.19 0 2.0923893774743325e-06
0.2 0.2 0 1.8418935421999304e-06
0.2 0.21 0 1.8633466055849372e-06
0.2 0.22 0 1.4789596282325785e-06
0.2 0.23 0 1.287151131364284e-06
0.2 0.24 0 1.068011265126148e-06
0.2 0.25 0 9.264542248465179e-07
0.2 0.26 0 1.147555323271047e-06
0.2 0.27 0 8.485592925831528e-07
0.2 0.28 0 1.0158627812559836e-06
0.2 0.29 0 8.364762149460444e-07
0.2 0.3 0 1.1628051479365222e-06
0.2 0.31 0 1.1623757075342037e-06
0.2 0.32 0 1.158795920776609e-06
0.2 0.33 0 1.2374092926481147e-06
0.2 0.34 0 1.0239004598679542e-06
0.2 0.35000000000000003 0 1.1220152277429498e-06
0.2 0.36 0 1.023566836186051e-06
0.2 0.37 0 8.834128709437324e-07
0.2 0.38 0 8.28109329364564e-07
0.2 0.39 0 1.1365028780511865e-06
0.2 0.4 0 1.7325703515029172e-06
0.2 0.41000000000000003 0 1.3373944465995497e-06
0.2 0.42 0 1.7360128411935717e-06
0.2 0.43 0 1.5912887165842489e-06
0.2 0.44 0 1.7530086700749828e-06
0.2 0.45 0 1.3567220453564466e-06
0.2 0.46 0 1.2161646056288338e-06
0.2 0.47000000000000003 0 1.2323640331551257e-06
0.2 0.48 0 1.2509323318023003e-06
0.2 0.49 0 2.354137128682086e-06
0.2 0.5 0 3.1568147519638755e-06
0.21 0.0 0 1.758280112675579e-06
0.21 0.01 0 2.0271403214304237e-06
0.21 0.02 0 1.7986259119295472e-06
0.21 0.03 0 1.1782064209051845e-06
0.21 0.04 0 6.548086819912937e-07
0.21 0.05 0 6.255032890034854e-07
0.21 0.06 0 4.90732457133977e-07
0.21 0.07 0 7.603653631901352e-07
0.21 0.08 0 8.539315841628221e-07
0.21 0.09 0 8.469869315613796e-07
0.21 0.1 0 9.921271268042967e-07
0.21 0.11 0 1.4899832671941231e-06
0.21 0.12 0 2.2478938162072314e-06
0.21 0.13 0 1.865941959812876e-06
0.21 0.14 0 1.6779120761527745e-06
0.21 0.15 0 1.3706957911217639e-06
0.21 0.16 0 1.0213410525339983e-06
0.21 0.17 0 1.1616910641081812e-06
0.21 0.18 0 1.617248772481461e-06
0.21 0.19 0 1.934137573588469e-06
0.21 0.2 0 1.4571981470976588e-06
0.21 0.21 0 1.6266044863731421e-06
0.21 0.22 0 1.444006689247983e-06
0.21 0.23 0 1.3587493902318467e-06
0.21 0.24 0 1.3941173594865121e-06
0.21 0.25 0 1.36619702934844e-06
0.21 0.26 0 1.5963712305079294e-06
0.21 0.27 0 1.889320060426046e-06
0.21 0.28 0 2.6653926421369217e-06
0.21 0.29 0 2.786224659479474e-06
0.21 0.3 0 3.0632095504213378e-06
0.21 0.31 0 4.166239435086233e-06
0.21 0.32 0 5.011263483957486e-06
0.21 0.33 0 3.730883614152242e-06
0.21 0.34 0 2.31212031397152e-06
0.21 0.35000000000000003 0 1.8309509067490178e-06
0.21 0.36 0 1.54034879877683e-06
0.21 0.37 0 1.4862173603964607e-06
0.21 0.38 0 1.184521785109867e-06
0.21 0.39 0 8.026423080379273e-07
0.21 0.4 0 6.733542424699822e-07
0.21 0.41000000000000003 0 5.594286315924969e-07
0.21 0.42 0 5.480812340704978e-07
0.21 0.43 0 4.853641122912167e-07
0.21 0.44 0 4.461899372252233e-07
0.21 0.45 0 3.768218636071796e-07
0.21 0.46 0 4.912080792381195e-07
0.21 0.47000000000000003 0 7.354371493839156e-07
0.21 0.48 0 1.419333965148745e-06
0.21 0.49 0 2.2622125428030238e-06
0.21 0.5 0 2.8386536135051207e-06
0.22 0.0 0 3.3201392292993314e-06
0.22 0.01 0 2.46404851841379e-06
0.22 0.02 0 2.1046980469703866e-06
0.22 0.03 0 1.8309132395721042e-06
0.22 0.04 0 1.5911831522788005e-06
0.22 0.05 0 1.4819830555900798e-06
0.22 0.06 0 1.1541512470417701e-06
0.22 0.07 0 9.977418084692444e-07
0.22 0.08 0 8.678573825958964e-07
0.22 0.09 0 8.668264646991517e-07
0.22 0.1 0 6.44305579595714e-07
0.22 0.11 0 7.188175210837707e-07
0.22 0.12 0 6.932053925710088e-07
0.22 0.13 0 7.094326184449745e-07
0.22 0.14 0 8.197109706376416e-07
0.22 0.15 0 1.0210493923426764e-06
0.22 0.16 0 1.2328051302795156e-06
0.22 0.17 0 1.2388581891263159e-06
0.22 0.18 0 1.8144023203031996e-06
0.22 0.19 0 2.7260283778725606e-06
0.22 0.2 0 2.3933488622050044e-06
0.22 0.21 0 2.0570834570224423e-06
0.22 0.22 0 1.5493702367532996e-06
0.22 0.23 0 1.497936256279235e-06
0.22 0.24 0 1.1762184381654933e-06
0.22 0.25 0 1.3927808739979797e-06
0.22 0.26 0 8.352468947526961e-07
0.22 0.27 0 6.297469739508058e-07
0.22 0.28 0 6.967750621210164e-07
0.22 0.29 0 8.008840846160839e-07
0.22 0.3 0 8.277373956119445e-07
0.22 0.31 0 7.968923142575919e-07
0.22 0.32 0 1.1413431668880097e-06
0.22 0.33 0 1.2437607049327953e-06
0.22 0.34 0 1.0112473629728582e-06
0.22 0.35000000000000003 0 1.0619612284131282e-06
0.22 0.36 0 8.344445178951871e-07
0.22 0.37 0 8.941372063295585e-07
0.22 0.38 0 8.077393301815808e-07
0.22 0.39 0 1.0428576628033503e-06
0.22 0.4 0 6.631693672596983e-07
0.22 0.41000000000000003 0 6.613993286275037e-07
0.22 0.42 0 7.664111582264037e-07
0.22 0.43 0 8.782147076293513e-07
0.22 0.44 0 1.2716813806661993e-06
0.22 0.45 0 1.5099591948525985e-06
0.22 0.46 0 1.9502343741976424e-06
0.22 0.47000000000000003 0 2.0717904405680104e-06
0.22 0.48 0 2.860900625178287e-06
0.22 0.49 0 4.953639317235428e-06
0.22 0.5 0 4.504493467745142e-06
0.23 0.0 0 3.670430036304208e-06
0.23 0.01 0 2.3735044839108413e-06
0.23 0.02 0 2.0639032990240228e-06
0.23 0.03 0 1.4623094411469642e-06
0.23 0.04 0 1.7325563045434517e-06
0.23 0.05 0 1.45237326097363e-06
0.23 0.06 0 1.379268825179977e-06
0.23 0.07 0 1.7053421198264138e-06
0.23 0.08 0 1.4993257857195613e-06
0.23 0.09 0 1.7682373564178416e-06
0.23 0.1 0 1.852994484459823e-06
0.23 0.11 0 1.917055549341122e-06
0.23 0.12 0 1.611663811159753e-06
0.23 0.13 0 9.101319379457733e-07
0.23 0.14 0 9.211763755894684e-07
0.23 0.15 0 8.924331693483232e-07
0.23 0.16 0 1.5229993507936274e-06
0.23 0.17 0 1.3026661459237343e-06
0.23 0.18 0 1.0622234371523083e-06
0.23 0.19 0 7.242919221665227e-07
0.23 0.2 0 7.389433858010139e-07
0.23 0.21 0 9.429560545700237e-07
0.23 0.22 0 7.743748919487446e-07
0.23 0.23 0 6.879691736444561e-07
0.23 0.24 0 4.674526531975062e-07
0.23 0.25 0 5.335393608221964e-07
0.23 0.26 0 7.621558007672778e-07
0.23 0.27 0 7.659406670734532e-07
0.23 0.28 0 1.0150608158452045e-06
0.23 0.29 0 9.728243642641617e-07
0.23 0.3 0 1.1257940081723241e-06
0.23 0.31 0 8.739406693423104e-07
0.23 0.32 0 1.0649521333812562e-06
0.23 0.33 0 1.094601264824704e-06
0.23 0.34 0 9.811406495883251e-07
0.23 0.35000000000000003 0 9.800914203946294e-07
0.23 0.36 0 7.901701909411724e-07
0.23 0.37 0 7.328035900553806e-07
0.23 0.38 0 5.473044244446567e-07
0.23 0.39 0 7.252117492264565e-07
0.23 0.4 0 9.095726825998551e-07
0.23 0.41000000000000003 0 9.323407409608689e-07
0.23 0.42 0 1.2852369026302188e-06
0.23 0.43 0 1.1587608921828209e-06
0.23 0.44 0 1.2474878994172088e-06
0.23 0.45 0 1.6868307391519932e-06
0.23 0.46 0 3.2702180127814736e-06
0.23 0.47000000000000003 0 3.610322132090901e-06
0.23 0.48 0 3.340309689438387e-06
0.23 0.49 0 4.886661491124196e-06
0.23 0.5 0 6.917657617715093e-06
0.24 0.0 0 3.564545143899466e-06
0.24 0.01 0 2.536955639942558e-06
0.24 0.02 0 2.0403718068526403e-06
0.24 0.03 0 1.8929176409323257e-06
0.24 0.04 0 2.635449040784786e-06
0.24 0.05 0 3.185510031091898e-06
0.24 0.06 0 2.0367015955482826e-06
0.24 0.07 0 2.1254387554152716e-06
0.24 0.08 0 2.386535972013232e-06
0.24 0.09 0 2.5935629194265957e-06
0.24 0.1 0 2.506250778467838e-06
0.24 0.11 0 2.517894550356512e-06
0.24 0.12 0 2.1272571265945376e-06
0.24 0.13 0 1.7624475767819616e-06
0.24 0.14 0 2.1890389251012956e-06
0.24 0.15 0 2.2744853854781613e-06
0.24 0.16 0 2.6501211489698103e-06
0.24 0.17 0 2.663085652937522e-06
0.24 0.18 0 2.408538414999756e-06
0.24 0.19 0 1.3780935303209342e-06
0.24 0.2 0 8.102843759454244e-07
0.24 0.21 0 7.723440468275613e-07
0.24 0.22 0 6.68453875556237e-07
0.24 0.23 0 4.977293472749479e-07
0.24 0.24 0 4.1470262858962517e-07
0.24 0.25 0 3.6453416163443154e-07
0.24 0.26 0 3.4333643539317654e-07
0.24 0.27 0 3.565796452402485e-07
0.24 0.28 0 3.7654536980009965e-07
0.24 0.29 0 3.011208377895977e-07
0.24 0.3 0 2.856817442391784e-07
0.24 0.31 0 2.522218403375798e-07
0.24 0.32 0 3.3848639533604694e-07
0.24 0.33 0 4.6880773189440004e-07
0.24 0.34 0 7.597324237896486e-07
0.24 0.35000000000000003 0 9.420652991425894e-07
0.24 0.36 0 1.0174603089791811e-06
0.24 0.37 0 1.0297997774895836e-06
0.24 0.38 0 1.250525621851145e-06
0.24 0.39 0 1.4674220044778504e-06
0.24 0.4 0 1.7082050276394067e-06
0.24 0.41000000000000003 0 1.9472262419078728e-06
0.24 0.42 0 2.2786793139463634e-06
0.24 0.43 0 2.7129095674089034e-06
0.24 0.44 0 3.1972604521701545e-06
0.24 0.45 0 3.32055730171769e-06
0.24 0.46 0 6.284249979621707e-06
0.24 0.47000000000000003 0 8.113971544748055e-06
0.24 0.48 0 8.525560922265984e-06
0.24 0.49 0 6.095230397407539e-06
0.24 0.5 0 5.901678969327752e-06
0.25 0.0 0 2.3656482603489268e-06
0.25 0.01 0 2.1760606449545945e-06
0.25 0.02 0 2.0125997021329117e-06
0.25 0.03 0 2.205986221549059e-06
0.25 0.04 0 3.411105196182946e-06
0.25 0.05 0 4.936661895671511e-06
0.25 0.06 0 5.374009726485956e-06
0.25 0.07 0 4.709672247459353e-06
0.25 0.08 0 4.5447445056626845e-06
0.25 0.09 0 5.5173797377428695e-06
0.25 0.1 0 3.797460596416438e-06
0.25 0.11 0 3.7447652627346555e-06
0.25 0.12 0 2.5877240830498246e-06
0.25 0.13 0 2.4794349586805388e-06
0.25 0.14 0 2.4625922402970906e-06
0.25 0.15 0 2.60460352297456e-06
0.25 0.16 0 1.693040743778215e-06
0.25 0.17 0 1.0546798488585295e-06
0.25 0.18 0 9.557004527204468e-07
0.25 0.19 0 6.697969257676733e-07
0.25 0.2 0 4.539053082216704e-07
0.25 0.21 0 3.6857084057239644e-07
0.25 0.22 0 3.698655771013144e-07
0.25 0.23 0 4.337925809537914e-07
0.25 0.24 0 4.021938388993189e-07
0.25 0.25 0 6.446610942329202e-07
0.25 0.26 0 4.430225903358773e-07
0.25 0.27 0 3.6522938998481366e-07
0.25 0.28 0 2.997593522370253e-07
0.25 0.29 0 3.1627965088298894e-07
0.25 0.3 0 3.4064935719381503e-07
0.25 0.31 0 4.485904032322056e-07
0.25 0.32 0 6.756367046034188e-07
0.25 0.33 0 6.683070261920568e-07
0.25 0.34 0 9.059133277986796e-07
0.25 0.35000000000000003 0 1.1337007972237652e-06
0.25 0.36 0 1.079200594232674e-06
0.25 0.37 0 1.0884456032302839e-06
0.25 0.38 0 1.2000766528642982e-06
0.25 0.39 0 2.5648690272221956e-06
0.25 0.4 0 2.7249988378617045e-06
0.25 0.41000000000000003 0 4.196195874560039e-06
0.25 0.42 0 5.144579301061991e-06
0.25 0.43 0 6.923005228321934e-06
0.25 0.44 0 9.14388584055063e-06
0.25 0.45 0 8.990527506170935e-06
0.25 0.46 0 7.750445551826796e-06
0.25 0.47000000000000003 0 5.011445923110847e-06
0.25 0.48 0 5.380663270214965e-06
0.25 0.49 0 5.106984587363879e-06
0.25 0.5 0 5.261051409827343e-06
0.26 0.0 0 8.516434436791388e-07
0.26 0.01 0 1.0799366320045773e-06
0.26 0.02 0 1.8665631834263335e-06
0.26 0.03 0 1.6990980746646644e-06
0.26 0.04 0 2.1368683970705746e-06
0.26 0.05 0 1.6190574338404855e-06
0.26 0.06 0 1.6390171123134961e-06
0.26 0.07 0 1.5869399127492616e-06
0.26 0.08 0 1.1930018669747084e-06
0.26 0.09 0 1.1979658301931946e-06
0.26 0.1 0 1.1288328842646023e-06
0.26 0.11 0 1.32169323884059e-06
0.26 0.12 0 1.229066381056111e-06
0.26 0.13 0 1.4420429757162297e-06
0.26 0.14 0 1.8722404313729072e-06
0.26 0.15 0 2.0453338620807794e-06
0.26 0.16 0 2.322958179441865e-06
0.26 0.17 0 1.361789378514484e-06
0.26 0.18 0 1.2684024240500553e-06
0.26 0.19 0 8.522186387211384e-07
0.26 0.2 0 5.994454735367434e-07
0.26 0.21 0 4.0283724696482075e-07
0.26 0.22 0 2.756671566303598e-07
0.26 0.23 0 2.6783396470776577e-07
0.26 0.24 0 2.1410036548411143e-07
0.26 0.25 0 2.6600213610246827e-07
0.26 0.26 0 2.7192254723606765e-07
0.26 0.27 0 2.8374775697278314e-07
0.26 0.28 0 3.0196668053700213e-07
0.26 0.29 0 3.704098992612139e-07
0.26 0.3 0 5.124532487518223e-07
0.26 0.31 0 5.850052467754564e-07
0.26 0.32 0 9.988501992078502e-07
0.26 0.33 0 9.671033571979338e-07
0.26 0.34 0 9.55793145191142e-07
0.26 0.35000000000000003 0 1.284197052823445e-06
0.26 0.36 0 1.4478918546133965e-06
0.26 0.37 0 1.5089615232375558e-06
0.26 0.38 0 1.321720712119501e-06
0.26 0.39 0 2.0903883997827227e-06
0.26 0.4 0 2.4410163052555847e-06
0.26 0.41000000000000003 0 3.0077766078710846e-06
0.26 0.42 0 3.709007246136309e-06
0.26 0.43 0 4.8592778035655676e-06
0.26 0.44 0 5.962425866448122e-06
0.26 0.45 0 7.390394106751562e-06
0.26 0.46 0 8.914025192771454e-06
0.26 0.47000000000000003 0 6.599234535429039e-06
0.26 0.48 0 7.002159084110628e-06
0.26 0.49 0 1.0362856861990368e-05
0.26 0.5 0 9.543015779684098e-06
0.27 0.0 0 6.164887029089869e-07
0.27 0.01 0 6.059729978262665e-07
0.27 0.02 0 6.537079689832737e-07
0.27 0.03 0 5.654906660566082e-07
0.27 0.04 0 5.389978209474623e-07
0.27 0.05 0 3.8319798653442675e-07
0.27 0.06 0 3.451811908233108e-07
0.27 0.07 0 4.147831524144928e-07
0.27 0.08 0 4.3006652935361857e-07
0.27 0.09 0 3.0557305349446476e-07
0.27 0.1 0 2.7522124684031435e-07
0.27 0.11 0 4.437319478823343e-07
0.27 0.12 0 7.001088814344746e-07
0.27 0.13 0 1.0286154849077026e-06
0.27 0.14 0 1.6386950303646244e-06
0.27 0.15 0 1.7114576142723628e-06
0.27 0.16 0 1.9778019898877446e-06
0.27 0.17 0 2.270694683659095e-06
0.27 0.18 0 2.660691586079817e-06
0.27 0.19 0 1.945763223644751e-06
0.27 0.2 0 1.5245119729970325e-06
0.27 0.21 0 1.11651201861128e-06
0.27 0.22 0 1.1396829752463124e-06
0.27 0.23 0 1.1433911246365617e-06
0.27 0.24 0 1.2146265266455709e-06
0.27 0.25 0 9.135663574221455e-07
0.27 0.26 0 5.952308987265895e-07
0.27 0.27 0 5.254994479947897e-07
0.27 0.28 0 5.954033995716026e-07
0.27 0.29 0 6.02730365671689e-07
0.27 0.3 0 6.852834615828647e-07
0.27 0.31 0 7.983420499065616e-07
0.27 0.32 0 1.2502377050555234e-06
0.27 0.33 0 1.6563479127583883e-06
0.27 0.34 0 2.1070527796484287e-06
0.27 0.35000000000000003 0 1.8949235429601795e-06
0.27 0.36 0 2.62505759313315e-06
0.27 0.37 0 2.6262453353561013e-06
0.27 0.38 0 2.995915887629476e-06
0.27 0.39 0 3.405866526692894e-06
0.27 0.4 0 4.667369828453735e-06
0.27 0.41000000000000003 0 7.190233187196463e-06
0.27 0.42 0 9.469990751889484e-06
0.27 0.43 0 9.869719296384075e-06
0.27 0.44 0 7.526720781640378e-06
0.27 0.45 0 6.033561898427561e-06
0.27 0.46 0 7.49898916776428e-06
0.27 0.47000000000000003 0 8.273620863707858e-06
0.27 0.48 0 9.756210965956416e-06
0.27 0.49 0 9.153949623624377e-06
0.27 0.5 0 1.1312970049423445e-05
0.28 0.0 0 8.205788129658008e-07
0.28 0.01 0 9.931342513751552e-07
0.28 0.02 0 6.618724291257562e-07
0.28 0.03 0 4.677297999130982e-07
0.28 0.04 0 4.923412877102051e-07
0.28 0.05 0 4.962505381652536e-07
0.28 0.06 0 5.072645426681266e-07
0.28 0.07 0 4.797053463043883e-07
0.28 0.08 0 5.017653204451501e-07
0.28 0.09 0 4.5916557164301244e-07
0.28 0.1 0 3.8607474145281906e-07
0.28 0.11 0 5.855425338672574e-07
0.28 0.12 0 6.527188149896285e-07
0.28 0.13 0 8.193088273970883e-07
0.28 0.14 0 7.432200468860094e-07
0.28 0.15 0 1.1108815842213589e-06
0.28 0.16 0 1.1139459438148414e-06
0.28 0.17 0 1.5870759551348008e-06
0.28 0.18 0 3.0842103704845547e-06
0.28 0.19 0 3.8343730060597664e-06
0.28 0.2 0 5.103241126704209e-06
0.28 0.21 0 5.6282136309561006e-06
0.28 0.22 0 6.542206077300356e-06
0.28 0.23 0 7.026751961968112e-06
0.28 0.24 0 8.308656364190107e-06
0.28 0.25 0 1.0002643752548786e-05
0.28 0.26 0 5.071379090328884e-06
0.28 0.27 0 3.8432389943618615e-06
0.28 0.28 0 3.4742637905669434e-06
0.28 0.29 0 5.2821812568709445e-06
0.28 0.3 0 4.744066257686514e-06
0.28 0.31 0 4.681526539248826e-06
0.28 0.32 0 4.769694717172652e-06
0.28 0.33 0 3.655406894513586e-06
0.28 0.34 0 4.598712704962582e-06
0.28 0.35000000000000003 0 3.7466438714878226e-06
0.28 0.36 0 3.203356592256629e-06
0.28 0.37 0 2.9989678448073654e-06
0.28 0.38 0 3.96503600677221e-06
0.28 0.39 0 6.247879072457453e-06
0.28 0.4 0 6.677085842176912e-06
0.28 0.41000000000000003 0 9.981897604790657e-06
0.28 0.42 0 1.045395609465244e-05
0.28 0.43 0 1.3388406027006856e-05
0.28 0.44 0 1.298416477419367e-05
0.28 0.45 0 1.4024751290871445e-05
0.28 0.46 0 1.5131618003176357e-05
0.28 0.47000000000000003 0 1.2771561950889051e-05
0.28 0.48 0 1.8109354581716093e-05
0.28 0.49 0 1.6144061095663454e-05
0.28 0.5 0 1.70550917386463e-05
0.29 0.0 0 2.834004613585533e-06
0.29 0.01 0 2.9248637282418324e-06
0.29 0.02 0 2.782800267510349e-06
0.29 0.03 0 1.8679776176570447e-06
0.29 0.04 0 1.7081080825837782e-06
0.29 0.05 0 1.2623647340655753e-06
0.29 0.06 0 1.4512264618302438e-06
0.29 0.07 0 1.4405892863095803e-06
0.29 0.08 0 1.6822859827084416e-06
0.29 0.09 0 1.908025825777221e-06
0.29 0.1 0 1.8512347268418628e-06
0.29 0.11 0 2.475982024749402e-06
0.29 0.12 0 2.1814476088149947e-06
0.29 0.13 0 2.4297125162505374e-06
0.29 0.14 0 1.9823055930878745e-06
0.29 0.15 0 2.309743957900337e-06
0.29 0.16 0 3.2463348363328487e-06
0.29 0.17 0 3.2854768539729303e-06
0.29 0.18 0 3.36011250376179e-06
0.29 0.19 0 2.425901930982291e-06
0.29 0.2 0 2.244299236315356e-06
0.29 0.21 0 2.4902923442577287e-06
0.29 0.22 0 3.010895529993535e-06
0.29 0.23 0 2.5776900262908757e-06
0.29 0.24 0 2.0380901235392253e-06
0.29 0.25 0 3.444025116528148e-06
0.29 0.26 0 4.5921114125152035e-06
0.29 0.27 0 6.9321983504340345e-06
0.29 0.28 0 7.042728238000747e-06
0.29 0.29 0 8.457210320127261e-06
0.29 0.3 0 8.268652550168285e-06
0.29 0.31 0 8.136334393649851e-06
0.29 0.32 0 9.519751498422444e-06
0.29 0.33 0 7.718637978381527e-06
0.29 0.34 0 6.561907262123435e-06
0.29 0.35000000000000003 0 7.88785998646079e-06
0.29 0.36 0 9.796276194421601e-06
0.29 0.37 0 1.1023592968407907e-05
0.29 0.38 0 1.266426440928052e-05
0.29 0.39 0 1.595711613943352e-05
0.29 0.4 0 1.0740699346931549e-05
0.29 0.41000000000000003 0 1.0520207227701152e-05
0.29 0.42 0 8.996663626413084e-06
0.29 0.43 0 7.755725937384869e-06
0.29 0.44 0 5.2009452118697955e-06
0.29 0.45 0 5.534284280424543e-06
0.29 0.46 0 7.120148174856915e-06
0.29 0.47000000000000003 0 7.303697291847566e-06
0.29 0.48 0 6.680231044503764e-06
0.29 0.49 0 6.850555598924938e-06
0.29 0.5 0 6.565570260082154e-06
0.3 0.0 0 2.4156903154497357e-06
0.3 0.01 0 2.9660595941450574e-06
0.3 0.02 0 3.0938560110359323e-06
0.3 0.03 0 3.31237096385214e-06
0.3 0.04 0 4.460968054332369e-06
0.3 0.05 0 3.3729683885037536e-06
0.3 0.06 0 3.0978603240048807e-06
0.3 0.07 0 3.1030090896016543e-06
0.3 0.08 0 4.286722093589923e-06
0.3 0.09 0 5.097086806930047e-06
0.3 0.1 0 6.109733793747523e-06
0.3 0.11 0 5.22363564758968e-06
0.3 0.12 0 4.1449814914058355e-06
0.3 0.13 0 3.9100578873327224e-06
0.3 0.14 0 4.886601113354775e-06
0.3 0.15 0 4.394666791739447e-06
0.3 0.16 0 3.227130807740732e-06
0.3 0.17 0 2.6265268248035146e-06
0.3 0.18 0 2.1887327204154968e-06
0.3 0.19 0 1.5038008119194934e-06
0.3 0.2 0 1.5931707196441455e-06
0.3 0.21 0 1.6601193146783956e-06
0.3 0.22 0 2.5310959886230987e-06
0.3 0.23 0 2.9147557477352556e-06
0.3 0.24 0 3.5241739007399047e-06
0.3 0.25 0 3.4602948128094954e-06
0.3 0.26 0 4.348616364187219e-06
0.3 0.27 0 4.819793050107385e-06
0.3 0.28 0 4.861001895341801e-06
0.3 0.29 0 4.1980776807279384e-06
0.3 0.3 0 3.2164714242078523e-06
0.3 0.31 0 3.036799489345844e-06
0.3 0.32 0 3.1906848080473374e-06
0.3 0.33 0 3.804360425292479e-06
0.3 0.34 0 5.158381401771411e-06
0.3 0.35000000000000003 0 5.219299125070032e-06
0.3 0.36 0 6.940298765339717e-06
0.3 0.37 0 6.071298195116287e-06
0.3 0.38 0 7.946428774220452e-06
0.3 0.39 0 9.771188778151189e-06
0.3 0.4 0 1.0726289398631436e-05
0.3 0.41000000000000003 0 7.643098632365678e-06
0.3 0.42 0 6.522891580773391e-06
0.3 0.43 0 6.89350271757258e-06
0.3 0.44 0 5.616706290525091e-06
0.3 0.45 0 6.470219682915502e-06
0.3 0.46 0 7.140422760597314e-06
0.3 0.47000000000000003 0 7.684146474411194e-06
0.3 0.48 0 7.155978697848183e-06
0.3 0.49 0 5.4097212548117094e-06
0.3 0.5 0 4.9546386500073355e-06
#STOP
