#MEDIUM_PROPERTIES_DISTRIBUTED
$MSH_TYPE
	 GROUNDWATER_FLOW	
$MMP_TYPE
	 PERMEABILITY	
$DIS_TYPE
	 NEAREST_VALUE	
;hj
$CONVERSION_FACTOR
	 1.0	
$DATA
0.0 0.0 0 5.249439416073166e-06
0.0 0.01 0 5.610392095135316e-06
0.0 0.02 0 5.047115766680781e-06
0.0 0.03 0 5.564418467719699e-06
0.0 0.04 0 4.2787449061830695e-06
0.0 0.05 0 6.969988895323141e-06
0.0 0.06 0 1.2356726198345064e-05
0.0 0.07 0 1.1630322979534882e-05
0.0 0.08 0 1.564147419392395e-05
0.0 0.09 0 1.1797834550629206e-05
0.0 0.1 0 1.3759850552652477e-05
0.0 0.11 0 8.887999240079604e-06
0.0 0.12 0 4.461731665607585e-06
0.0 0.13 0 3.3410459824041957e-06
0.0 0.14 0 3.627266809536973e-06
0.0 0.15 0 7.121669860628938e-06
0.0 0.16 0 3.353043163956576e-06
0.0 0.17 0 3.1845225359997956e-06
0.0 0.18 0 2.2724901632914914e-06
0.0 0.19 0 1.1510088061661485e-06
0.0 0.2 0 2.358161957794001e-06
0.0 0.21 0 2.031651879283216e-06
0.0 0.22 0 3.2157311188059544e-06
0.0 0.23 0 2.8376891489953027e-06
0.0 0.24 0 1.6129058406518404e-06
0.0 0.25 0 9.97818125092081e-07
0.0 0.26 0 6.779292553158432e-07
0.0 0.27 0 9.068249767837669e-07
0.0 0.28 0 1.2517042555463942e-06
0.0 0.29 0 5.737288156632763e-07
0.0 0.3 0 6.344336760976836e-07
0.0 0.31 0 3.530744409563413e-07
0.0 0.32 0 6.288684272338338e-07
0.0 0.33 0 4.4992925351265684e-07
0.0 0.34 0 8.456688652173102e-07
0.0 0.35000000000000003 0 1.66254731665918e-06
0.0 0.36 0 1.8487491798942245e-06
0.0 0.37 0 2.035465367197211e-06
0.0 0.38 0 5.616154918310767e-06
0.0 0.39 0 2.3559508759451018e-06
0.0 0.4 0 2.4395125149057924e-06
0.0 0.41000000000000003 0 1.909684623500112e-06
0.0 0.42 0 1.3907917911324555e-06
0.0 0.43 0 1.087804367753791e-06
0.0 0.44 0 4.5832749189433175e-07
0.0 0.45 0 4.520691452799357e-07
0.0 0.46 0 2.626284795904754e-07
0.0 0.47000000000000003 0 1.6947756053708548e-07
0.0 0.48 0 2.4483070970437744e-07
0.0 0.49 0 1.7462253463807412e-07
0.0 0.5 0 3.1572615897050544e-07
0.01 0.0 0 7.217254157358809e-06
0.01 0.01 0 7.837293598844233e-06
0.01 0.02 0 3.218739790980131e-06
0.01 0.03 0 9.286186911307231e-06
0.01 0.04 0 7.725010894817161e-06
0.01 0.05 0 1.1419854235777955e-05
0.01 0.06 0 6.254690392725629e-06
0.01 0.07 0 6.509896822481237e-06
0.01 0.08 0 1.0134354359437237e-05
0.01 0.09 0 8.466488589712645e-06
0.01 0.1 0 7.022232539006262e-06
0.01 0.11 0 1.0527416873783502e-05
0.01 0.12 0 3.221845678853377e-06
0.01 0.13 0 1.6199442674099367e-06
0.01 0.14 0 1.5835802498598805e-06
0.01 0.15 0 3.255665531061866e-06
0.01 0.16 0 3.374368587748472e-06
0.01 0.17 0 1.5672450254353173e-06
0.01 0.18 0 1.9747852982941334e-06
0.01 0.19 0 8.98286027051398e-07
0.01 0.2 0 5.368666986626561e-07
0.01 0.21 0 6.937483880877465e-07
0.01 0.22 0 1.0386367074706763e-06
0.01 0.23 0 9.953903623464388e-07
0.01 0.24 0 8.148768486167053e-07
0.01 0.25 0 6.882738799189118e-07
0.01 0.26 0 3.952532427595431e-07
0.01 0.27 0 2.2439160109414665e-07
0.01 0.28 0 2.989194522307819e-07
0.01 0.29 0 2.499942250199504e-07
0.01 0.3 0 3.7617813500232567e-07
0.01 0.31 0 3.7626830352268826e-07
0.01 0.32 0 3.471989125474061e-07
0.01 0.33 0 4.521139087066334e-07
0.01 0.34 0 5.563311714251821e-07
0.01 0.35000000000000003 0 7.661739941706469e-07
0.01 0.36 0 1.5347333941898877e-06
0.01 0.37 0 1.4743842489455489e-06
0.01 0.38 0 1.3654697077195481e-06
0.01 0.39 0 1.1836109300354632e-06
0.01 0.4 0 1.9767560571485395e-06
0.01 0.41000000000000003 0 6.260969760378276e-07
0.01 0.42 0 5.319243033434939e-07
0.01 0.43 0 6.489969268108957e-07
0.01 0.44 0 7.156239150849737e-07
0.01 0.45 0 6.076434131403864e-07
0.01 0.46 0 4.736697935563504e-07
0.01 0.47000000000000003 0 4.872859639776312e-07
0.01 0.48 0 4.416968547826347e-07
0.01 0.49 0 2.102557942894508e-07
0.01 0.5 0 2.0828709869716937e-07
0.02 0.0 0 5.143902773361825e-06
0.02 0.01 0 5.052555240960099e-06
0.02 0.02 0 3.278161922330318e-06
0.02 0.03 0 5.614010839103035e-06
0.02 0.04 0 1.2069392364844476e-05
0.02 0.05 0 1.3282616212078037e-05
0.02 0.06 0 1.6170052284924985e-05
0.02 0.07 0 4.887194460775454e-06
0.02 0.08 0 3.2714738551124365e-06
0.02 0.09 0 2.8556853729438284e-06
0.02 0.1 0 1.98245505417238e-06
0.02 0.11 0 2.1720892427828144e-06
0.02 0.12 0 9.130448120920398e-07
0.02 0.13 0 1.0824633859743438e-06
0.02 0.14 0 1.1929287649447164e-06
0.02 0.15 0 1.0562314627505192e-06
0.02 0.16 0 7.114365352013925e-07
0.02 0.17 0 4.840425619866182e-07
0.02 0.18 0 1.0712387463399371e-06
0.02 0.19 0 6.804113283581668e-07
0.02 0.2 0 5.441605760135303e-07
0.02 0.21 0 7.036975261973168e-07
0.02 0.22 0 3.8656120790103175e-07
0.02 0.23 0 5.336610754602193e-07
0.02 0.24 0 4.5472962698402117e-07
0.02 0.25 0 3.693516499569036e-07
0.02 0.26 0 4.0313158185641024e-07
0.02 0.27 0 2.5788731797900163e-07
0.02 0.28 0 2.0478070835906413e-07
0.02 0.29 0 5.5637927330802204e-08
0.02 0.3 0 1.2483278782136251e-07
0.02 0.31 0 1.7521273530139043e-07
0.02 0.32 0 3.892616620461985e-07
0.02 0.33 0 5.669710075322842e-07
0.02 0.34 0 8.906393496134243e-07
0.02 0.35000000000000003 0 1.983978119679871e-06
0.02 0.36 0 1.8505978413735924e-06
0.02 0.37 0 1.1902631228486011e-06
0.02 0.38 0 5.620805042827296e-07
0.02 0.39 0 5.281555204665528e-07
0.02 0.4 0 9.204369560769562e-07
0.02 0.41000000000000003 0 4.1068064763997155e-07
0.02 0.42 0 2.2228846156747067e-07
0.02 0.43 0 1.5616271361854344e-07
0.02 0.44 0 3.076639161689882e-07
0.02 0.45 0 3.006469977677911e-07
0.02 0.46 0 3.255403582666915e-07
0.02 0.47000000000000003 0 5.495085481174424e-07
0.02 0.48 0 6.86005581408445e-07
0.02 0.49 0 3.975882685019303e-07
0.02 0.5 0 1.1993348058618668e-07
0.03 0.0 0 2.43628604178264e-06
0.03 0.01 0 1.563675733703459e-05
0.03 0.02 0 4.730112835305509e-06
0.03 0.03 0 4.599976648207362e-06
0.03 0.04 0 3.287715187132537e-06
0.03 0.05 0 3.963894596763511e-06
0.03 0.06 0 6.531322286449723e-06
0.03 0.07 0 2.956433995089967e-06
0.03 0.08 0 1.1581725478190868e-06
0.03 0.09 0 1.0585175967126812e-06
0.03 0.1 0 8.473211570497835e-07
0.03 0.11 0 1.011709495549343e-06
0.03 0.12 0 1.0827516715175686e-06
0.03 0.13 0 1.1474920314563024e-06
0.03 0.14 0 1.339826559105372e-06
0.03 0.15 0 1.1133749129217993e-06
0.03 0.16 0 8.326938360355742e-07
0.03 0.17 0 3.976649025605677e-07
0.03 0.18 0 3.4511479526420813e-07
0.03 0.19 0 3.019100397551676e-07
0.03 0.2 0 2.2187814499317143e-07
0.03 0.21 0 2.07205736109487e-07
0.03 0.22 0 5.133104654160215e-07
0.03 0.23 0 3.427196553057783e-07
0.03 0.24 0 4.089348995196501e-07
0.03 0.25 0 1.840618783735002e-07
0.03 0.26 0 6.726217866639001e-08
0.03 0.27 0 7.668415639869893e-08
0.03 0.28 0 8.214876422846901e-08
0.03 0.29 0 7.683328120969719e-08
0.03 0.3 0 1.2632238683317174e-07
0.03 0.31 0 1.348145249229968e-07
0.03 0.32 0 1.7572334744055412e-07
0.03 0.33 0 1.790508871332815e-07
0.03 0.34 0 4.4204116801317666e-07
0.03 0.35000000000000003 0 5.099442537071568e-07
0.03 0.36 0 6.374525139452064e-07
0.03 0.37 0 4.5975731439025463e-07
0.03 0.38 0 3.331653317382145e-07
0.03 0.39 0 1.791230744237578e-07
0.03 0.4 0 1.7853728755149946e-07
0.03 0.41000000000000003 0 9.235521013673862e-08
0.03 0.42 0 1.4346703290015497e-07
0.03 0.43 0 1.527499532974923e-07
0.03 0.44 0 1.7390283446294644e-07
0.03 0.45 0 3.403205062495184e-07
0.03 0.46 0 2.080090108254217e-07
0.03 0.47000000000000003 0 1.2309255707428708e-07
0.03 0.48 0 1.8830003006246007e-07
0.03 0.49 0 2.082454894989354e-07
0.03 0.5 0 2.663044713257708e-07
0.04 0.0 0 1.1619969394808503e-06
0.04 0.01 0 1.8108788729953562e-06
0.04 0.02 0 2.5418067570814196e-06
0.04 0.03 0 2.727881162739911e-06
0.04 0.04 0 2.2523072626644426e-06
0.04 0.05 0 1.897065348777826e-06
0.04 0.06 0 1.586857155165699e-06
0.04 0.07 0 2.0173529846391656e-06
0.04 0.08 0 8.869260921856483e-07
0.04 0.09 0 4.979035849379501e-07
0.04 0.1 0 2.836688552165366e-07
0.04 0.11 0 3.5398744309328935e-07
0.04 0.12 0 6.596067055603181e-07
0.04 0.13 0 8.216866346359094e-07
0.04 0.14 0 4.4342911978048403e-07
0.04 0.15 0 5.810183445762702e-07
0.04 0.16 0 3.0473464104615684e-07
0.04 0.17 0 2.8358411567296604e-07
0.04 0.18 0 2.758675911374709e-07
0.04 0.19 0 2.429771606138829e-07
0.04 0.2 0 2.1547949495136574e-07
0.04 0.21 0 2.6433140219774756e-07
0.04 0.22 0 3.700265212158074e-07
0.04 0.23 0 3.422084160293901e-07
0.04 0.24 0 3.6874009720266024e-07
0.04 0.25 0 2.841119121364142e-07
0.04 0.26 0 2.4233188233300764e-07
0.04 0.27 0 1.0117931698922503e-07
0.04 0.28 0 1.2427440491451633e-07
0.04 0.29 0 1.7826314494056662e-07
0.04 0.3 0 2.431444234751961e-07
0.04 0.31 0 2.0175192073988862e-07
0.04 0.32 0 2.2224911410638812e-07
0.04 0.33 0 3.1647588203811635e-07
0.04 0.34 0 4.2341513832329554e-07
0.04 0.35000000000000003 0 3.382335900072107e-07
0.04 0.36 0 2.991320161759985e-07
0.04 0.37 0 1.375403777961558e-07
0.04 0.38 0 2.6662622679684695e-07
0.04 0.39 0 1.6937285667628566e-07
0.04 0.4 0 8.164698483792868e-08
0.04 0.41000000000000003 0 7.366398429011927e-08
0.04 0.42 0 8.270449109730467e-08
0.04 0.43 0 7.557942967226641e-08
0.04 0.44 0 8.303675094682113e-08
0.04 0.45 0 1.1784761454286072e-07
0.04 0.46 0 2.366885629660123e-07
0.04 0.47000000000000003 0 1.5666004507200265e-07
0.04 0.48 0 1.8915934781879045e-07
0.04 0.49 0 2.643779757154176e-07
0.04 0.5 0 3.218183857729289e-07
0.05 0.0 0 1.6802178597747208e-06
0.05 0.01 0 1.7540794902940807e-06
0.05 0.02 0 1.5213244322823197e-06
0.05 0.03 0 1.4470535154916e-06
0.05 0.04 0 1.7842856166925159e-06
0.05 0.05 0 1.3043689799311975e-06
0.05 0.06 0 1.519096250621125e-06
0.05 0.07 0 1.0848487271667046e-06
0.05 0.08 0 4.344872828790699e-07
0.05 0.09 0 6.133116332553422e-07
0.05 0.1 0 4.0123881067492484e-07
0.05 0.11 0 4.170449393485024e-07
0.05 0.12 0 1.0282948633922814e-06
0.05 0.13 0 1.11133604209005e-06
0.05 0.14 0 1.2730656747586797e-06
0.05 0.15 0 6.641460291390162e-07
0.05 0.16 0 8.555465561306706e-07
0.05 0.17 0 5.497424964713503e-07
0.05 0.18 0 4.952957875315424e-07
0.05 0.19 0 6.998610857140694e-07
0.05 0.2 0 5.061000679172514e-07
0.05 0.21 0 3.9046195119349097e-07
0.05 0.22 0 4.938184070580312e-07
0.05 0.23 0 3.103597463824362e-07
0.05 0.24 0 3.6362312778936857e-07
0.05 0.25 0 4.60470695264366e-07
0.05 0.26 0 3.510422739747342e-07
0.05 0.27 0 3.3367409735309917e-07
0.05 0.28 0 1.7451775020811652e-07
0.05 0.29 0 1.6267780944618301e-07
0.05 0.3 0 2.868793204657876e-07
0.05 0.31 0 1.8544590463270402e-07
0.05 0.32 0 2.5919471084653893e-07
0.05 0.33 0 1.6314236688079044e-07
0.05 0.34 0 3.487267013766182e-07
0.05 0.35000000000000003 0 2.2093211768205352e-07
0.05 0.36 0 1.2780540015328577e-07
0.05 0.37 0 1.7196430491711643e-07
0.05 0.38 0 1.317135562082336e-07
0.05 0.39 0 1.696985678236369e-07
0.05 0.4 0 1.1342998774596152e-07
0.05 0.41000000000000003 0 1.0335535566574151e-07
0.05 0.42 0 2.91907314645994e-07
0.05 0.43 0 2.1498919131588085e-07
0.05 0.44 0 2.947560001635375e-07
0.05 0.45 0 2.6130134023904644e-07
0.05 0.46 0 3.076849705333584e-07
0.05 0.47000000000000003 0 2.1559148588427527e-07
0.05 0.48 0 1.4195092702083566e-07
0.05 0.49 0 1.9746931555000214e-07
0.05 0.5 0 2.882718598359507e-07
0.06 0.0 0 1.7280910029273024e-06
0.06 0.01 0 1.0118383190231723e-06
0.06 0.02 0 1.211789295515581e-06
0.06 0.03 0 1.2682738512698057e-06
0.06 0.04 0 1.1841283769265448e-06
0.06 0.05 0 2.472576109239805e-06
0.06 0.06 0 1.3468828376015828e-06
0.06 0.07 0 2.367694639829148e-06
0.06 0.08 0 9.803532196897275e-07
0.06 0.09 0 8.642551965941541e-07
0.06 0.1 0 7.917823940059649e-07
0.06 0.11 0 5.393266736435045e-07
0.06 0.12 0 7.338511922675339e-07
0.06 0.13 0 7.732455042677986e-07
0.06 0.14 0 1.1012635290113669e-06
0.06 0.15 0 2.9894059414966412e-06
0.06 0.16 0 1.4030346447250103e-06
0.06 0.17 0 1.5604016277311347e-06
0.06 0.18 0 8.106400502918759e-07
0.06 0.19 0 6.194235200235297e-07
0.06 0.2 0 9.410710929963778e-07
0.06 0.21 0 5.429850650812988e-07
0.06 0.22 0 6.364879932343261e-07
0.06 0.23 0 2.9805209205208227e-07
0.06 0.24 0 5.937370774253355e-07
0.06 0.25 0 8.307160454267045e-07
0.06 0.26 0 9.017949860618977e-07
0.06 0.27 0 7.84952673038853e-07
0.06 0.28 0 5.811899169607543e-07
0.06 0.29 0 4.690858132636806e-07
0.06 0.3 0 5.258535517542902e-07
0.06 0.31 0 3.8098512265004025e-07
0.06 0.32 0 4.580187946638576e-07
0.06 0.33 0 2.2940936315179485e-07
0.06 0.34 0 2.219546299127026e-07
0.06 0.35000000000000003 0 1.7642139753384958e-07
0.06 0.36 0 1.720109832857522e-07
0.06 0.37 0 1.2982806267211633e-07
0.06 0.38 0 1.9991548541283683e-07
0.06 0.39 0 1.2283988042990707e-07
0.06 0.4 0 6.98750435396878e-08
0.06 0.41000000000000003 0 6.185800563785651e-08
0.06 0.42 0 1.0544579044532778e-07
0.06 0.43 0 1.794021007912287e-07
0.06 0.44 0 2.6817333843213634e-07
0.06 0.45 0 2.1678708369794888e-07
0.06 0.46 0 5.013868066040298e-07
0.06 0.47000000000000003 0 3.459217989352814e-07
0.06 0.48 0 2.042514738573564e-07
0.06 0.49 0 2.5549599846986963e-07
0.06 0.5 0 3.569114137263577e-07
0.07 0.0 0 2.075532020133696e-06
0.07 0.01 0 1.2026610838429006e-06
0.07 0.02 0 1.8212547041899082e-06
0.07 0.03 0 2.068076994515989e-06
0.07 0.04 0 2.6227343417772546e-06
0.07 0.05 0 6.650658580852532e-06
0.07 0.06 0 2.4417864180809333e-06
0.07 0.07 0 2.478246745246004e-06
0.07 0.08 0 1.7619999625478542e-06
0.07 0.09 0 1.5087897654092475e-06
0.07 0.1 0 2.113373985669781e-06
0.07 0.11 0 7.490792270143472e-07
0.07 0.12 0 1.451986915549467e-06
0.07 0.13 0 1.5887694389890652e-06
0.07 0.14 0 2.1578690533383867e-06
0.07 0.15 0 3.1779325250535374e-06
0.07 0.16 0 1.7693665035966332e-06
0.07 0.17 0 1.8933220724970658e-06
0.07 0.18 0 7.527660782719e-07
0.07 0.19 0 9.29508933651148e-07
0.07 0.2 0 1.3156430761440203e-06
0.07 0.21 0 9.91138147238493e-07
0.07 0.22 0 1.0412486610992296e-06
0.07 0.23 0 5.221428199271885e-07
0.07 0.24 0 4.515833885748775e-07
0.07 0.25 0 6.765619097276655e-07
0.07 0.26 0 1.0402039661099788e-06
0.07 0.27 0 9.873500055878386e-07
0.07 0.28 0 6.171145091518775e-07
0.07 0.29 0 4.640989133010659e-07
0.07 0.3 0 8.168542180271883e-07
0.07 0.31 0 6.803682820094287e-07
0.07 0.32 0 2.742181980082177e-07
0.07 0.33 0 1.7810103337332729e-07
0.07 0.34 0 2.4089026678371993e-07
0.07 0.35000000000000003 0 1.8087669919393574e-07
0.07 0.36 0 1.7699241954653945e-07
0.07 0.37 0 9.768811380255177e-08
0.07 0.38 0 6.639440509638743e-08
0.07 0.39 0 4.531864729707525e-08
0.07 0.4 0 1.7127783681665471e-07
0.07 0.41000000000000003 0 2.1383541075332036e-07
0.07 0.42 0 1.2797245334173746e-07
0.07 0.43 0 2.1953163506182124e-07
0.07 0.44 0 5.174500866630238e-07
0.07 0.45 0 5.362953680522406e-07
0.07 0.46 0 5.846333437618923e-07
0.07 0.47000000000000003 0 7.694384708768953e-07
0.07 0.48 0 6.879200866269253e-07
0.07 0.49 0 3.7917166413883593e-07
0.07 0.5 0 3.627766488092893e-07
0.08 0.0 0 2.552324528548466e-06
0.08 0.01 0 1.900475949911019e-06
0.08 0.02 0 2.034652767241877e-06
0.08 0.03 0 2.6984306980211145e-06
0.08 0.04 0 2.3907913096702336e-06
0.08 0.05 0 5.841933543029975e-06
0.08 0.06 0 2.4520042858478183e-06
0.08 0.07 0 2.253933250810876e-06
0.08 0.08 0 1.8719099378288384e-06
0.08 0.09 0 1.7854969054762987e-06
0.08 0.1 0 2.8576742928789467e-06
0.08 0.11 0 2.562207053125741e-06
0.08 0.12 0 9.487511632151318e-07
0.08 0.13 0 2.8136249085113184e-06
0.08 0.14 0 3.969861192318449e-06
0.08 0.15 0 2.3254269791102222e-06
0.08 0.16 0 1.6635252093035005e-06
0.08 0.17 0 1.8916693731946336e-06
0.08 0.18 0 2.4199230446226366e-06
0.08 0.19 0 8.326154699326198e-07
0.08 0.2 0 1.6173811734622049e-06
0.08 0.21 0 1.7223710664509462e-06
0.08 0.22 0 1.0430203708514864e-06
0.08 0.23 0 6.361292571959097e-07
0.08 0.24 0 4.0237323677452053e-07
0.08 0.25 0 3.875925950691492e-07
0.08 0.26 0 6.505704021640142e-07
0.08 0.27 0 6.031879802011842e-07
0.08 0.28 0 5.678732032852726e-07
0.08 0.29 0 4.5628485212020894e-07
0.08 0.3 0 6.639650391840112e-07
0.08 0.31 0 8.996938983562766e-07
0.08 0.32 0 1.099650632654811e-06
0.08 0.33 0 3.689294187106638e-07
0.08 0.34 0 2.848479590156106e-07
0.08 0.35000000000000003 0 2.386407019939703e-07
0.08 0.36 0 5.276763849979448e-07
0.08 0.37 0 4.205282353769505e-07
0.08 0.38 0 2.1236177035586852e-07
0.08 0.39 0 1.5672752620117459e-07
0.08 0.4 0 1.9833651356532542e-07
0.08 0.41000000000000003 0 3.658877574475048e-07
0.08 0.42 0 2.0794794825532233e-07
0.08 0.43 0 1.213415642543314e-07
0.08 0.44 0 2.568976947645122e-07
0.08 0.45 0 1.7281454133761826e-07
0.08 0.46 0 4.351258221331458e-07
0.08 0.47000000000000003 0 5.188584509263024e-07
0.08 0.48 0 3.354046199133232e-07
0.08 0.49 0 4.251529804521985e-07
0.08 0.5 0 4.601851710100149e-07
0.09 0.0 0 1.3303829879965643e-06
0.09 0.01 0 2.6488001188177076e-06
0.09 0.02 0 2.02387846141684e-06
0.09 0.03 0 2.1434548196983914e-06
0.09 0.04 0 2.7768772468227005e-06
0.09 0.05 0 2.742936013642427e-06
0.09 0.06 0 1.4009719561703e-06
0.09 0.07 0 1.6771290374927508e-06
0.09 0.08 0 2.6864046263863384e-06
0.09 0.09 0 3.698502679203458e-06
0.09 0.1 0 1.07032019842068e-05
0.09 0.11 0 1.2724245490615612e-05
0.09 0.12 0 6.246545183132599e-06
0.09 0.13 0 6.600752315325926e-06
0.09 0.14 0 7.224889185737387e-06
0.09 0.15 0 3.5961391359847206e-06
0.09 0.16 0 1.6269208744577107e-06
0.09 0.17 0 2.8034493729557154e-06
0.09 0.18 0 1.6628482065795517e-06
0.09 0.19 0 9.128570536510984e-07
0.09 0.2 0 9.581190890836376e-07
0.09 0.21 0 9.386587870741414e-07
0.09 0.22 0 9.246533926935319e-07
0.09 0.23 0 6.528274413127243e-07
0.09 0.24 0 5.108371893034855e-07
0.09 0.25 0 3.8616858461014236e-07
0.09 0.26 0 2.3521874734610202e-07
0.09 0.27 0 1.851248123635857e-07
0.09 0.28 0 4.0454612518850944e-07
0.09 0.29 0 6.59317055816312e-07
0.09 0.3 0 1.1710009900864229e-06
0.09 0.31 0 1.1817938901138672e-06
0.09 0.32 0 1.4814649949463365e-06
0.09 0.33 0 9.829617633655384e-07
0.09 0.34 0 7.546964406370506e-07
0.09 0.35000000000000003 0 4.893757945486916e-07
0.09 0.36 0 5.900474231580811e-07
0.09 0.37 0 7.019328333477487e-07
0.09 0.38 0 8.349341655466608e-07
0.09 0.39 0 3.8858711560264714e-07
0.09 0.4 0 4.2735699251418085e-07
0.09 0.41000000000000003 0 5.623102070491668e-07
0.09 0.42 0 6.461044165339621e-07
0.09 0.43 0 4.7584405829869125e-07
0.09 0.44 0 2.360127988109284e-07
0.09 0.45 0 2.3015240887723248e-07
0.09 0.46 0 5.760825795785536e-07
0.09 0.47000000000000003 0 4.3533683838352873e-07
0.09 0.48 0 5.004028786831602e-07
0.09 0.49 0 3.640680230359287e-07
0.09 0.5 0 6.655228544494843e-07
0.1 0.0 0 3.615836166061388e-06
0.1 0.01 0 5.976336874822181e-06
0.1 0.02 0 2.5398831810100385e-06
0.1 0.03 0 2.5795223471770806e-06
0.1 0.04 0 2.3071315312191287e-06
0.1 0.05 0 7.847121380796366e-06
0.1 0.06 0 2.8750569484004542e-06
0.1 0.07 0 2.4897603586040356e-06
0.1 0.08 0 3.466815061337839e-06
0.1 0.09 0 2.092515129431761e-06
0.1 0.1 0 1.9856558448644956e-06
0.1 0.11 0 5.046887259314919e-06
0.1 0.12 0 6.040391835662884e-06
0.1 0.13 0 6.6240113520613465e-06
0.1 0.14 0 4.16672175537449e-06
0.1 0.15 0 2.6488360857282445e-06
0.1 0.16 0 3.869652753395662e-06
0.1 0.17 0 1.8141621559176846e-06
0.1 0.18 0 1.7061941771108565e-06
0.1 0.19 0 1.998111877558998e-06
0.1 0.2 0 2.636343074778896e-06
0.1 0.21 0 3.358756322051979e-06
0.1 0.22 0 1.381541836765103e-06
0.1 0.23 0 1.3388561817599717e-06
0.1 0.24 0 9.212396836889461e-07
0.1 0.25 0 4.0727321259377875e-07
0.1 0.26 0 8.454943385971187e-07
0.1 0.27 0 2.423597497953418e-07
0.1 0.28 0 3.5573107901282865e-07
0.1 0.29 0 5.287374223066528e-07
0.1 0.3 0 8.342203934137997e-07
0.1 0.31 0 1.2779936965860177e-06
0.1 0.32 0 7.58906846418741e-07
0.1 0.33 0 1.4842845876085187e-06
0.1 0.34 0 1.311837680916021e-06
0.1 0.35000000000000003 0 5.630465525826906e-07
0.1 0.36 0 7.621028670805331e-07
0.1 0.37 0 4.868036089307613e-07
0.1 0.38 0 9.62265976630259e-07
0.1 0.39 0 4.800686497387118e-07
0.1 0.4 0 6.032012402428595e-07
0.1 0.41000000000000003 0 1.0445405539891536e-06
0.1 0.42 0 8.251544769815555e-07
0.1 0.43 0 4.3470095688961946e-07
0.1 0.44 0 4.780432656050982e-07
0.1 0.45 0 4.804591518984749e-07
0.1 0.46 0 4.275286411429784e-07
0.1 0.47000000000000003 0 5.301112412582355e-07
0.1 0.48 0 4.857211575455058e-07
0.1 0.49 0 5.750693994247927e-07
0.1 0.5 0 4.087929637306094e-07
0.11 0.0 0 2.8962441614810333e-06
0.11 0.01 0 6.187635793673507e-06
0.11 0.02 0 3.118571527693439e-06
0.11 0.03 0 2.8659075636936234e-06
0.11 0.04 0 3.455124434056819e-06
0.11 0.05 0 1.4698636710559234e-06
0.11 0.06 0 3.1123970858774185e-06
0.11 0.07 0 3.265508779983897e-06
0.11 0.08 0 3.335434251289521e-06
0.11 0.09 0 2.3859695475485727e-06
0.11 0.1 0 1.1649364109599355e-06
0.11 0.11 0 6.459851467829156e-06
0.11 0.12 0 5.656480834244392e-06
0.11 0.13 0 4.678742471654691e-06
0.11 0.14 0 3.1428858003989726e-06
0.11 0.15 0 3.3906889066083693e-06
0.11 0.16 0 5.634672607243186e-06
0.11 0.17 0 2.1567675958801296e-06
0.11 0.18 0 1.586090630343891e-06
0.11 0.19 0 2.4353077191615338e-06
0.11 0.2 0 2.160604969788582e-06
0.11 0.21 0 2.3621443131155704e-06
0.11 0.22 0 1.5199536462987477e-06
0.11 0.23 0 1.1777666908573626e-06
0.11 0.24 0 1.1296726498892062e-06
0.11 0.25 0 7.447160706972669e-07
0.11 0.26 0 5.695777297279726e-07
0.11 0.27 0 2.4609852245009446e-07
0.11 0.28 0 3.1685797606191357e-07
0.11 0.29 0 3.8746109733823975e-07
0.11 0.3 0 4.049366210712377e-07
0.11 0.31 0 7.684784363935159e-07
0.11 0.32 0 1.4057560560326567e-06
0.11 0.33 0 8.776539603981506e-07
0.11 0.34 0 9.449640979919599e-07
0.11 0.35000000000000003 0 8.396787553989033e-07
0.11 0.36 0 1.8905121738475786e-06
0.11 0.37 0 1.7469798516959992e-06
0.11 0.38 0 1.0112429861124233e-06
0.11 0.39 0 6.515138377671282e-07
0.11 0.4 0 1.0403592837348958e-06
0.11 0.41000000000000003 0 1.474087992510224e-06
0.11 0.42 0 1.4054053576945547e-06
0.11 0.43 0 6.433844386105031e-07
0.11 0.44 0 5.28343384735382e-07
0.11 0.45 0 5.961160370803108e-07
0.11 0.46 0 9.410762562475376e-07
0.11 0.47000000000000003 0 7.14253089446755e-07
0.11 0.48 0 8.145316399346359e-07
0.11 0.49 0 4.983476147270284e-07
0.11 0.5 0 6.725206402396611e-07
0.12 0.0 0 2.346365154857101e-06
0.12 0.01 0 5.207091712899532e-06
0.12 0.02 0 6.310741685000844e-06
0.12 0.03 0 1.1778159669088692e-05
0.12 0.04 0 6.355703388068574e-06
0.12 0.05 0 3.95396008992712e-06
0.12 0.06 0 9.42103991925978e-06
0.12 0.07 0 1.0975333208745615e-05
0.12 0.08 0 8.72089842633185e-06
0.12 0.09 0 7.443699402226155e-06
0.12 0.1 0 2.1608052356565833e-06
0.12 0.11 0 3.098113992928768e-06
0.12 0.12 0 3.4963337626566265e-06
0.12 0.13 0 3.1126116850453074e-06
0.12 0.14 0 2.6720393194015995e-06
0.12 0.15 0 1.6557602997082919e-06
0.12 0.16 0 3.958958175563867e-06
0.12 0.17 0 2.0744356317054706e-06
0.12 0.18 0 1.1547185097483723e-06
0.12 0.19 0 1.6077096331910082e-06
0.12 0.2 0 1.9159799811239134e-06
0.12 0.21 0 2.3088596465217308e-06
0.12 0.22 0 1.4658145364195274e-06
0.12 0.23 0 1.0961524438878821e-06
0.12 0.24 0 1.7475371175111842e-06
0.12 0.25 0 6.631080204431031e-07
0.12 0.26 0 5.004688874712791e-07
0.12 0.27 0 4.448160086094816e-07
0.12 0.28 0 4.337787896629856e-07
0.12 0.29 0 4.952127640328976e-07
0.12 0.3 0 5.573201871894554e-07
0.12 0.31 0 8.789831615768392e-07
0.12 0.32 0 1.309084546101693e-06
0.12 0.33 0 7.925096512702815e-07
0.12 0.34 0 9.57605175759065e-07
0.12 0.35000000000000003 0 6.507340579258945e-07
0.12 0.36 0 1.0981134814754119e-06
0.12 0.37 0 1.0820542705015931e-06
0.12 0.38 0 1.323991717786721e-06
0.12 0.39 0 9.80037903683824e-07
0.12 0.4 0 5.769651339544754e-07
0.12 0.41000000000000003 0 9.162929612658346e-07
0.12 0.42 0 1.5556788279389012e-06
0.12 0.43 0 1.1586819040988024e-06
0.12 0.44 0 7.974616458245853e-07
0.12 0.45 0 9.812437488234743e-07
0.12 0.46 0 1.0267268085602309e-06
0.12 0.47000000000000003 0 1.3064481923395008e-06
0.12 0.48 0 1.5008289638307246e-06
0.12 0.49 0 6.053823741977751e-07
0.12 0.5 0 7.473230118860621e-07
0.13 0.0 0 6.803793675558322e-06
0.13 0.01 0 9.493402810053349e-06
0.13 0.02 0 1.4834766972720017e-05
0.13 0.03 0 1.2433586964708403e-05
0.13 0.04 0 1.3046817764805222e-05
0.13 0.05 0 1.0985223202601791e-05
0.13 0.06 0 1.0806967040139087e-05
0.13 0.07 0 1.4561604141306823e-05
0.13 0.08 0 7.2060600233427915e-06
0.13 0.09 0 1.709360207690492e-05
0.13 0.1 0 4.944447428948241e-06
0.13 0.11 0 2.4160146857448e-06
0.13 0.12 0 2.3822617322485823e-06
0.13 0.13 0 2.3117590293284116e-06
0.13 0.14 0 4.175276062771367e-06
0.13 0.15 0 3.4116372948120963e-06
0.13 0.16 0 2.2779711161391763e-06
0.13 0.17 0 2.0289376957784917e-06
0.13 0.18 0 1.3123918665205757e-06
0.13 0.19 0 1.4428977592574336e-06
0.13 0.2 0 1.1952547614601313e-06
0.13 0.21 0 2.3050994445459575e-06
0.13 0.22 0 2.4404307629218344e-06
0.13 0.23 0 1.4830937605767283e-06
0.13 0.24 0 1.2034868222528288e-06
0.13 0.25 0 7.734281206069019e-07
0.13 0.26 0 9.291205305621916e-07
0.13 0.27 0 4.832248699896251e-07
0.13 0.28 0 5.076070032305324e-07
0.13 0.29 0 3.458536140459312e-07
0.13 0.3 0 7.317706234989208e-07
0.13 0.31 0 8.111784545369892e-07
0.13 0.32 0 6.36431722070624e-07
0.13 0.33 0 4.851086518789707e-07
0.13 0.34 0 3.8846809199937674e-07
0.13 0.35000000000000003 0 5.689108476101863e-07
0.13 0.36 0 6.702386509351097e-07
0.13 0.37 0 4.7139155303019573e-07
0.13 0.38 0 6.430014386202212e-07
0.13 0.39 0 6.338072972044709e-07
0.13 0.4 0 1.4440617311309569e-06
0.13 0.41000000000000003 0 5.086471334829178e-07
0.13 0.42 0 7.952470779169696e-07
0.13 0.43 0 7.327294261744871e-07
0.13 0.44 0 6.754202859834835e-07
0.13 0.45 0 7.977555657479979e-07
0.13 0.46 0 1.2809931157658504e-06
0.13 0.47000000000000003 0 1.6002717860122706e-06
0.13 0.48 0 1.8150131635628091e-06
0.13 0.49 0 1.247612586241029e-06
0.13 0.5 0 8.550991498695819e-07
0.14 0.0 0 6.969209129020836e-06
0.14 0.01 0 1.6564640068438663e-05
0.14 0.02 0 1.4227818834243909e-05
0.14 0.03 0 2.0876007823750523e-05
0.14 0.04 0 2.406587731691733e-05
0.14 0.05 0 2.398372343155406e-05
0.14 0.06 0 2.972325767060584e-05
0.14 0.07 0 1.0729857335642787e-05
0.14 0.08 0 5.258669129229584e-06
0.14 0.09 0 6.822416995297269e-06
0.14 0.1 0 5.489178341631204e-06
0.14 0.11 0 5.503636350576338e-06
0.14 0.12 0 2.6055638424266276e-06
0.14 0.13 0 1.5964417703816082e-06
0.14 0.14 0 1.696555793043525e-06
0.14 0.15 0 1.1249482320365567e-06
0.14 0.16 0 1.0367609327655991e-06
0.14 0.17 0 1.2980240115970327e-06
0.14 0.18 0 1.7844661121324411e-06
0.14 0.19 0 1.4691027917313307e-06
0.14 0.2 0 1.1471468280668284e-06
0.14 0.21 0 2.246209960754111e-06
0.14 0.22 0 2.6571970095888363e-06
0.14 0.23 0 1.4200406655909675e-06
0.14 0.24 0 1.299051600710661e-06
0.14 0.25 0 6.634285264274934e-07
0.14 0.26 0 5.577126250778031e-07
0.14 0.27 0 7.03263045792636e-07
0.14 0.28 0 3.486908896817064e-07
0.14 0.29 0 3.121027889756645e-07
0.14 0.3 0 4.3138536671876444e-07
0.14 0.31 0 4.389417744731062e-07
0.14 0.32 0 1.0455867377309734e-06
0.14 0.33 0 6.787049845224486e-07
0.14 0.34 0 3.453610668932925e-07
0.14 0.35000000000000003 0 2.179965437833575e-07
0.14 0.36 0 4.924274409473142e-07
0.14 0.37 0 6.840236825352421e-07
0.14 0.38 0 4.436486404708308e-07
0.14 0.39 0 9.874862278072169e-07
0.14 0.4 0 1.5962952336671499e-06
0.14 0.41000000000000003 0 1.1247485254676543e-06
0.14 0.42 0 2.0564184522361934e-06
0.14 0.43 0 1.3227233823078899e-06
0.14 0.44 0 1.2066995199418253e-06
0.14 0.45 0 1.4936825396933567e-06
0.14 0.46 0 1.4751170076927523e-06
0.14 0.47000000000000003 0 2.281852320106966e-06
0.14 0.48 0 2.5118093210531116e-06
0.14 0.49 0 3.300071282437337e-06
0.14 0.5 0 4.075330807130851e-06
0.15 0.0 0 1.1980645505507462e-05
0.15 0.01 0 1.4115682381329491e-05
0.15 0.02 0 1.4650654600458728e-05
0.15 0.03 0 2.7739267921780298e-05
0.15 0.04 0 3.2206048839822204e-05
0.15 0.05 0 2.7214110684260826e-05
0.15 0.06 0 2.0695882937510635e-05
0.15 0.07 0 2.248234949741332e-05
0.15 0.08 0 8.422076758845003e-06
0.15 0.09 0 1.0204179317854296e-05
0.15 0.1 0 8.375766624958837e-06
0.15 0.11 0 4.904772843472715e-06
0.15 0.12 0 5.891174291654073e-06
0.15 0.13 0 3.7413823291269864e-06
0.15 0.14 0 2.326673021341393e-06
0.15 0.15 0 4.554550304386833e-06
0.15 0.16 0 2.9027580524054063e-06
0.15 0.17 0 3.220055160127793e-06
0.15 0.18 0 1.4665350393460697e-06
0.15 0.19 0 1.1311908310036356e-06
0.15 0.2 0 3.108239176122243e-06
0.15 0.21 0 1.6176006663709234e-06
0.15 0.22 0 3.0158517707766775e-06
0.15 0.23 0 1.6646165461716612e-06
0.15 0.24 0 1.0501306303579452e-06
0.15 0.25 0 7.323886609521164e-07
0.15 0.26 0 4.6310845498945034e-07
0.15 0.27 0 8.860261862168322e-07
0.15 0.28 0 6.487208922587991e-07
0.15 0.29 0 4.0365159403473195e-07
0.15 0.3 0 5.326607981238076e-07
0.15 0.31 0 1.8734587751289017e-07
0.15 0.32 0 2.8801992871686893e-07
0.15 0.33 0 2.2918739304019541e-07
0.15 0.34 0 1.7017984608835417e-07
0.15 0.35000000000000003 0 1.6203421270357437e-07
0.15 0.36 0 3.613598534328124e-07
0.15 0.37 0 6.979569039651597e-07
0.15 0.38 0 9.518639069295585e-07
0.15 0.39 0 7.573282298291278e-07
0.15 0.4 0 2.4161270641793274e-06
0.15 0.41000000000000003 0 1.6156779015400536e-06
0.15 0.42 0 1.9668686050514777e-06
0.15 0.43 0 2.916015966421787e-06
0.15 0.44 0 1.0621258910143822e-06
0.15 0.45 0 9.262473141877132e-07
0.15 0.46 0 1.3226611143711248e-06
0.15 0.47000000000000003 0 1.7373133432886977e-06
0.15 0.48 0 3.5701366923010817e-06
0.15 0.49 0 3.000936771065455e-06
0.15 0.5 0 3.798415656691717e-06
0.16 0.0 0 1.5867787149699865e-05
0.16 0.01 0 9.043420404363112e-06
0.16 0.02 0 5.389619448210515e-06
0.16 0.03 0 1.300522042769695e-05
0.16 0.04 0 1.7140046320643425e-05
0.16 0.05 0 2.338398024456896e-05
0.16 0.06 0 1.4473375348531084e-05
0.16 0.07 0 1.9760489185129793e-05
0.16 0.08 0 1.1704739894501087e-05
0.16 0.09 0 8.450489955214472e-06
0.16 0.1 0 1.0688364266998818e-05
0.16 0.11 0 8.52679390320646e-06
0.16 0.12 0 6.148752793720931e-06
0.16 0.13 0 4.047073308923032e-06
0.16 0.14 0 2.541596597303158e-06
0.16 0.15 0 4.086573247908974e-06
0.16 0.16 0 5.269082581725064e-06
0.16 0.17 0 5.321571266352548e-06
0.16 0.18 0 3.5160816477536265e-06
0.16 0.19 0 2.3916170004148127e-06
0.16 0.2 0 2.470303327490984e-06
0.16 0.21 0 1.562718285527106e-06
0.16 0.22 0 1.0354014158499989e-06
0.16 0.23 0 1.2300718206100329e-06
0.16 0.24 0 6.114244725898028e-07
0.16 0.25 0 5.303971048221535e-07
0.16 0.26 0 7.940334928510059e-07
0.16 0.27 0 1.3019537943740585e-06
0.16 0.28 0 1.2322126105349608e-06
0.16 0.29 0 3.997471098955133e-07
0.16 0.3 0 8.921867749394572e-07
0.16 0.31 0 6.018647399940045e-07
0.16 0.32 0 9.028537718765595e-07
0.16 0.33 0 8.721522999461789e-07
0.16 0.34 0 5.644004715525175e-07
0.16 0.35000000000000003 0 9.14310615133902e-07
0.16 0.36 0 1.1752554293552551e-06
0.16 0.37 0 1.7771440917200179e-06
0.16 0.38 0 2.7713049262367892e-06
0.16 0.39 0 2.6193357841012576e-06
0.16 0.4 0 2.620007618544329e-06
0.16 0.41000000000000003 0 1.224612734159609e-06
0.16 0.42 0 1.961931269554776e-06
0.16 0.43 0 1.3891764941530951e-06
0.16 0.44 0 2.096165003004769e-06
0.16 0.45 0 1.6670278800102444e-06
0.16 0.46 0 1.660778612257756e-06
0.16 0.47000000000000003 0 2.0666631606973536e-06
0.16 0.48 0 2.898315862431494e-06
0.16 0.49 0 2.0069670877008293e-06
0.16 0.5 0 1.310565508859345e-06
0.17 0.0 0 3.3309181878872994e-06
0.17 0.01 0 3.108867526493265e-06
0.17 0.02 0 2.1624418492374046e-06
0.17 0.03 0 8.472722832040057e-06
0.17 0.04 0 1.1934244596898106e-05
0.17 0.05 0 1.823098638083407e-05
0.17 0.06 0 1.867586776498844e-05
0.17 0.07 0 2.519704602294106e-05
0.17 0.08 0 1.6009848410669544e-05
0.17 0.09 0 9.625110497370028e-06
0.17 0.1 0 2.0954789496905405e-05
0.17 0.11 0 2.2953574635872565e-05
0.17 0.12 0 9.294198399937564e-06
0.17 0.13 0 6.569093524318544e-06
0.17 0.14 0 3.983594969704028e-06
0.17 0.15 0 1.0156551262330486e-05
0.17 0.16 0 1.012336613866328e-05
0.17 0.17 0 8.449363001688196e-06
0.17 0.18 0 1.1654350328292069e-05
0.17 0.19 0 7.948570467449367e-06
0.17 0.2 0 8.241106469326353e-06
0.17 0.21 0 2.1766536123246712e-06
0.17 0.22 0 1.531034541189051e-06
0.17 0.23 0 1.7806610165256009e-06
0.17 0.24 0 8.864393667812871e-07
0.17 0.25 0 1.3659422291216868e-06
0.17 0.26 0 1.881125557428934e-06
0.17 0.27 0 3.008089427468022e-06
0.17 0.28 0 4.737546589346123e-06
0.17 0.29 0 1.9097280209644966e-06
0.17 0.3 0 1.1450318332650978e-06
0.17 0.31 0 5.940018948402299e-07
0.17 0.32 0 9.404449871149196e-07
0.17 0.33 0 1.030221147375728e-06
0.17 0.34 0 1.048859483312853e-06
0.17 0.35000000000000003 0 1.6561754495646736e-06
0.17 0.36 0 2.616803612764276e-06
0.17 0.37 0 3.844288685620105e-06
0.17 0.38 0 3.567843245865853e-06
0.17 0.39 0 1.5259685483705364e-06
0.17 0.4 0 2.2501861938389305e-06
0.17 0.41000000000000003 0 2.16500249576263e-06
0.17 0.42 0 2.129648919591419e-06
0.17 0.43 0 2.1518664048215794e-06
0.17 0.44 0 2.6781360623008784e-06
0.17 0.45 0 1.6564965611645614e-06
0.17 0.46 0 1.612233633110616e-06
0.17 0.47000000000000003 0 1.7785537332373225e-06
0.17 0.48 0 1.6346792626448707e-06
0.17 0.49 0 1.78167698212134e-06
0.17 0.5 0 8.441479091372302e-07
0.18 0.0 0 3.285245095929726e-06
0.18 0.01 0 5.40903797158748e-06
0.18 0.02 0 3.930700862556578e-06
0.18 0.03 0 6.746535727932861e-06
0.18 0.04 0 4.7729786433200036e-06
0.18 0.05 0 6.632923341152141e-06
0.18 0.06 0 9.09928726801634e-06
0.18 0.07 0 8.763705567188118e-06
0.18 0.08 0 1.2803347567690667e-05
0.18 0.09 0 9.700022681495105e-06
0.18 0.1 0 1.192762610665725e-05
0.18 0.11 0 1.3618905160777753e-05
0.18 0.12 0 1.1525787974922361e-05
0.18 0.13 0 1.0335121867069343e-05
0.18 0.14 0 6.09266637051964e-06
0.18 0.15 0 9.663752590537836e-06
0.18 0.16 0 9.690093850713361e-06
0.18 0.17 0 1.2710860991745415e-05
0.18 0.18 0 1.1236769875420857e-05
0.18 0.19 0 1.011209912396427e-05
0.18 0.2 0 1.0685266262724007e-05
0.18 0.21 0 5.166802050183788e-06
0.18 0.22 0 5.57272563904052e-06
0.18 0.23 0 2.6881915208341425e-06
0.18 0.24 0 3.2553814011857115e-06
0.18 0.25 0 3.1887954348455964e-06
0.18 0.26 0 2.6557991234817177e-06
0.18 0.27 0 2.613642582512843e-06
0.18 0.28 0 3.977029927859276e-06
0.18 0.29 0 4.4220184713358544e-06
0.18 0.3 0 3.2544831910841773e-06
0.18 0.31 0 1.5584357092689158e-06
0.18 0.32 0 1.7105265224608215e-06
0.18 0.33 0 1.9105842278811544e-06
0.18 0.34 0 3.3329708692098886e-06
0.18 0.35000000000000003 0 3.0340136201679878e-06
0.18 0.36 0 3.3074051147806374e-06
0.18 0.37 0 3.1564900737638603e-06
0.18 0.38 0 6.529602915470823e-06
0.18 0.39 0 3.0623848837642656e-06
0.18 0.4 0 1.6668154992770273e-06
0.18 0.41000000000000003 0 1.2340206506648858e-06
0.18 0.42 0 1.4832961674482818e-06
0.18 0.43 0 2.0600181000860194e-06
0.18 0.44 0 2.401386143420799e-06
0.18 0.45 0 1.8738340693062435e-06
0.18 0.46 0 1.2204019139598612e-06
0.18 0.47000000000000003 0 8.172797874244527e-07
0.18 0.48 0 7.2940964229345e-07
0.18 0.49 0 2.926610390212906e-07
0.18 0.5 0 4.45456351021769e-07
0.19 0.0 0 2.243415342191626e-06
0.19 0.01 0 2.9191017294681436e-06
0.19 0.02 0 3.16628177688146e-06
0.19 0.03 0 2.6624693307371815e-06
0.19 0.04 0 2.2461835849718165e-06
0.19 0.05 0 5.456517688308584e-06
0.19 0.06 0 3.93364508849355e-06
0.19 0.07 0 6.524416675829333e-06
0.19 0.08 0 5.929386342925259e-06
0.19 0.09 0 1.2485891290326954e-05
0.19 0.1 0 1.753031014690461e-05
0.19 0.11 0 1.3729064761976862e-05
0.19 0.12 0 9.404603898946576e-06
0.19 0.13 0 1.3968901330183618e-05
0.19 0.14 0 8.976960268632989e-06
0.19 0.15 0 8.467310221603775e-06
0.19 0.16 0 7.660534696642905e-06
0.19 0.17 0 7.096816757089935e-06
0.19 0.18 0 9.475101865939488e-06
0.19 0.19 0 7.01254034436442e-06
0.19 0.2 0 7.397032893497196e-06
0.19 0.21 0 7.773050232820578e-06
0.19 0.22 0 4.1817746387598e-06
0.19 0.23 0 3.2071378267093397e-06
0.19 0.24 0 1.7687084238117045e-06
0.19 0.25 0 5.410825154778359e-06
0.19 0.26 0 1.0100699105552208e-05
0.19 0.27 0 7.698286833341744e-06
0.19 0.28 0 1.551570459373215e-05
0.19 0.29 0 6.792380201732872e-06
0.19 0.3 0 8.92236225943374e-06
0.19 0.31 0 1.56241816624999e-05
0.19 0.32 0 9.441301131063924e-06
0.19 0.33 0 3.83646229519975e-06
0.19 0.34 0 5.831180734394866e-06
0.19 0.35000000000000003 0 6.059290965467475e-06
0.19 0.36 0 3.5382552532022413e-06
0.19 0.37 0 1.613232496090569e-06
0.19 0.38 0 5.191237878858797e-06
0.19 0.39 0 4.561208010331165e-06
0.19 0.4 0 2.700483255535784e-06
0.19 0.41000000000000003 0 1.8454365422784908e-06
0.19 0.42 0 1.1549177968384185e-06
0.19 0.43 0 1.2954951117291741e-06
0.19 0.44 0 1.6026193526332925e-06
0.19 0.45 0 9.698476048542407e-07
0.19 0.46 0 2.536647239649452e-06
0.19 0.47000000000000003 0 1.3083936348594753e-06
0.19 0.48 0 1.1160755285226923e-06
0.19 0.49 0 1.5514846112444963e-06
0.19 0.5 0 5.244930298463375e-07
0.2 0.0 0 1.5792893728865359e-06
0.2 0.01 0 4.456040416277358e-06
0.2 0.02 0 6.6163916433694395e-06
0.2 0.03 0 3.2631119377516542e-06
0.2 0.04 0 4.205691978374177e-06
0.2 0.05 0 7.7480624701926e-06
0.2 0.06 0 1.1579368680159598e-05
0.2 0.07 0 8.156700653564765e-06
0.2 0.08 0 1.1004651596341226e-05
0.2 0.09 0 2.175786674805765e-05
0.2 0.1 0 2.2048404539303335e-05
0.2 0.11 0 3.827881190883547e-05
0.2 0.12 0 2.6225637508362493e-05
0.2 0.13 0 1.6932889033672228e-05
0.2 0.14 0 1.505223530519426e-05
0.2 0.15 0 1.1081372314652059e-05
0.2 0.16 0 1.2481085140749714e-05
0.2 0.17 0 7.18179002895631e-06
0.2 0.18 0 6.989554808390278e-06
0.2 0.19 0 9.32577712923936e-06
0.2 0.2 0 5.281280387225404e-06
0.2 0.21 0 7.053892937244946e-06
0.2 0.22 0 1.7076209665059227e-05
0.2 0.23 0 1.3718645593288184e-05
0.2 0.24 0 7.641093995456396e-06
0.2 0.25 0 6.851918457820237e-06
0.2 0.26 0 2.483625639603946e-05
0.2 0.27 0 3.614297199932903e-05
0.2 0.28 0 2.567255949969374e-05
0.2 0.29 0 2.5324615856527783e-05
0.2 0.3 0 2.5258351471294957e-05
0.2 0.31 0 3.200293432617729e-05
0.2 0.32 0 2.473942176071966e-05
0.2 0.33 0 8.215339316721471e-06
0.2 0.34 0 6.110610146296063e-06
0.2 0.35000000000000003 0 3.757435439121487e-06
0.2 0.36 0 4.4437810206046366e-06
0.2 0.37 0 4.12062434388688e-06
0.2 0.38 0 2.2221397699455666e-06
0.2 0.39 0 2.829042227059178e-06
0.2 0.4 0 1.8706083813870421e-06
0.2 0.41000000000000003 0 1.7600854840985181e-06
0.2 0.42 0 2.2478318206761357e-06
0.2 0.43 0 1.66712093469926e-06
0.2 0.44 0 3.0248859474318936e-06
0.2 0.45 0 9.654776694492884e-07
0.2 0.46 0 1.3027765587439496e-06
0.2 0.47000000000000003 0 1.3770500776206473e-06
0.2 0.48 0 1.1751262394072674e-06
0.2 0.49 0 1.5579537094812245e-06
0.2 0.5 0 1.8368549881791861e-06
0.21 0.0 0 1.4574380764157984e-06
0.21 0.01 0 1.8585432943286399e-06
0.21 0.02 0 1.7739508098085896e-06
0.21 0.03 0 2.008704439792453e-06
0.21 0.04 0 1.8130587232556516e-06
0.21 0.05 0 3.2797640762239153e-06
0.21 0.06 0 2.9813681549374663e-06
0.21 0.07 0 1.3708532056756834e-05
0.21 0.08 0 1.4902538737427137e-05
0.21 0.09 0 2.9887435871619092e-05
0.21 0.1 0 5.420202523795108e-05
0.21 0.11 0 2.7757444860558925e-05
0.21 0.12 0 2.3364286760128913e-05
0.21 0.13 0 2.4502917030677618e-05
0.21 0.14 0 3.8223838094340804e-05
0.21 0.15 0 4.1646151339578924e-05
0.21 0.16 0 3.0042713425786083e-05
0.21 0.17 0 3.897161195851353e-05
0.21 0.18 0 1.2263188426767452e-05
0.21 0.19 0 8.615657098953914e-06
0.21 0.2 0 6.475714801490494e-06
0.21 0.21 0 6.488152513811067e-06
0.21 0.22 0 1.3145743839790712e-05
0.21 0.23 0 9.067478284072603e-06
0.21 0.24 0 1.6652166006762155e-05
0.21 0.25 0 1.6578288916749526e-05
0.21 0.26 0 3.920337981154456e-05
0.21 0.27 0 3.1559082794261316e-05
0.21 0.28 0 3.102348837503691e-05
0.21 0.29 0 2.3620391699424504e-05
0.21 0.3 0 1.921268396660897e-05
0.21 0.31 0 3.396092451940476e-05
0.21 0.32 0 3.4841158362451354e-05
0.21 0.33 0 1.0644391587901374e-05
0.21 0.34 0 6.526355804712577e-06
0.21 0.35000000000000003 0 2.3815435753942737e-06
0.21 0.36 0 4.092927679396728e-06
0.21 0.37 0 2.220894639436932e-06
0.21 0.38 0 4.436584001132528e-06
0.21 0.39 0 3.131843744083099e-06
0.21 0.4 0 2.4788457447470193e-06
0.21 0.41000000000000003 0 2.826431176873924e-06
0.21 0.42 0 2.8366314945851437e-06
0.21 0.43 0 2.4230806703108845e-06
0.21 0.44 0 8.850571199871442e-07
0.21 0.45 0 7.239745315869117e-07
0.21 0.46 0 2.0353465013706348e-06
0.21 0.47000000000000003 0 2.8537893810771757e-06
0.21 0.48 0 2.588088129511516e-06
0.21 0.49 0 2.449918926144813e-06
0.21 0.5 0 2.1696029286459837e-06
0.22 0.0 0 3.6361483234367063e-06
0.22 0.01 0 2.1017943361498013e-06
0.22 0.02 0 2.8569888101589273e-06
0.22 0.03 0 1.319879557587497e-06
0.22 0.04 0 2.1437385520997445e-06
0.22 0.05 0 4.60396651006146e-06
0.22 0.06 0 3.6156345929884657e-06
0.22 0.07 0 7.118465865065457e-06
0.22 0.08 0 5.982590530175756e-06
0.22 0.09 0 2.0877554159535063e-05
0.22 0.1 0 2.5567682007965488e-05
0.22 0.11 0 2.5365846212594237e-05
0.22 0.12 0 2.5016888428650034e-05
0.22 0.13 0 2.5447790491188636e-05
0.22 0.14 0 3.712558135844883e-05
0.22 0.15 0 3.3793859655486126e-05
0.22 0.16 0 2.1056600227251446e-05
0.22 0.17 0 2.7043133562313385e-05
0.22 0.18 0 1.4012972114578971e-05
0.22 0.19 0 9.648457912295055e-06
0.22 0.2 0 5.087273808271216e-06
0.22 0.21 0 4.017187217059788e-06
0.22 0.22 0 4.604746699273689e-06
0.22 0.23 0 6.613297975398195e-06
0.22 0.24 0 1.3016401525641944e-05
0.22 0.25 0 2.9115532989364766e-05
0.22 0.26 0 5.017259888109015e-05
0.22 0.27 0 4.879951876393406e-05
0.22 0.28 0 2.7672964684742443e-05
0.22 0.29 0 3.333903192413855e-05
0.22 0.3 0 3.667377705026797e-05
0.22 0.31 0 4.2472680690859055e-05
0.22 0.32 0 5.1323408752407074e-05
0.22 0.33 0 3.758011597251936e-05
0.22 0.34 0 1.7302725183957326e-05
0.22 0.35000000000000003 0 6.798402701125694e-06
0.22 0.36 0 8.735489101473042e-06
0.22 0.37 0 5.127490879873025e-06
0.22 0.38 0 4.9378880666374595e-06
0.22 0.39 0 4.294533741343501e-06
0.22 0.4 0 3.461871059574247e-06
0.22 0.41000000000000003 0 3.7307171430415226e-06
0.22 0.42 0 7.84863514980876e-06
0.22 0.43 0 3.6720107882397598e-06
0.22 0.44 0 2.9283771798874357e-06
0.22 0.45 0 2.1858944438915072e-06
0.22 0.46 0 4.649603965884656e-06
0.22 0.47000000000000003 0 6.157610451755844e-06
0.22 0.48 0 1.4342639953173886e-05
0.22 0.49 0 9.445466972950324e-06
0.22 0.5 0 5.871269640265822e-06
0.23 0.0 0 3.038169418206442e-06
0.23 0.01 0 4.780280349273579e-06
0.23 0.02 0 5.322508030361431e-06
0.23 0.03 0 2.6210642997545615e-06
0.23 0.04 0 1.6600373682934503e-06
0.23 0.05 0 3.874814390922269e-06
0.23 0.06 0 5.392658198474431e-06
0.23 0.07 0 9.84415590877278e-06
0.23 0.08 0 1.1119778982912371e-05
0.23 0.09 0 1.3577129348853069e-05
0.23 0.1 0 2.198175867743211e-05
0.23 0.11 0 2.057320515803135e-05
0.23 0.12 0 2.1867147987849215e-05
0.23 0.13 0 2.2232229583608174e-05
0.23 0.14 0 1.9433095290711965e-05
0.23 0.15 0 3.4141827062520674e-05
0.23 0.16 0 4.548771110331886e-05
0.23 0.17 0 2.0458506644105365e-05
0.23 0.18 0 1.7736633270207155e-05
0.23 0.19 0 1.0738270813073372e-05
0.23 0.2 0 8.880013793005222e-06
0.23 0.21 0 8.111773246133102e-06
0.23 0.22 0 1.156174681568361e-05
0.23 0.23 0 1.4886541163884378e-05
0.23 0.24 0 1.9755858729996626e-05
0.23 0.25 0 3.113186838072418e-05
0.23 0.26 0 5.8489439263907585e-05
0.23 0.27 0 3.188038643418813e-05
0.23 0.28 0 3.30999927268904e-05
0.23 0.29 0 4.1105392571412695e-05
0.23 0.3 0 3.422978382818286e-05
0.23 0.31 0 1.663490598668586e-05
0.23 0.32 0 2.6359589604555977e-05
0.23 0.33 0 2.7901707455161838e-05
0.23 0.34 0 2.5265568393378594e-05
0.23 0.35000000000000003 0 9.472110845810127e-06
0.23 0.36 0 1.714557158413564e-05
0.23 0.37 0 1.9133506571667624e-05
0.23 0.38 0 6.567981344088386e-06
0.23 0.39 0 4.44225596865487e-06
0.23 0.4 0 1.7138464663272747e-06
0.23 0.41000000000000003 0 3.0050357667210893e-06
0.23 0.42 0 2.768219320860859e-06
0.23 0.43 0 2.3180588574050203e-06
0.23 0.44 0 3.829021905552098e-06
0.23 0.45 0 3.3389997729042586e-06
0.23 0.46 0 5.206869932529435e-06
0.23 0.47000000000000003 0 4.685622984683455e-06
0.23 0.48 0 5.5731492663513135e-06
0.23 0.49 0 8.296719209357776e-06
0.23 0.5 0 8.489003960972317e-06
0.24 0.0 0 5.014473021338081e-06
0.24 0.01 0 5.535708748479748e-06
0.24 0.02 0 7.711774074231977e-06
0.24 0.03 0 1.1371880756459373e-05
0.24 0.04 0 2.4215972239263678e-06
0.24 0.05 0 3.0796277129925433e-06
0.24 0.06 0 3.382108598087787e-06
0.24 0.07 0 1.0391014736598451e-05
0.24 0.08 0 9.503565898297578e-06
0.24 0.09 0 1.4139601812818603e-05
0.24 0.1 0 1.2326290489527156e-05
0.24 0.11 0 1.4761061044500685e-05
0.24 0.12 0 2.8598656223988685e-05
0.24 0.13 0 2.2135295721496773e-05
0.24 0.14 0 1.3114851752858353e-05
0.24 0.15 0 1.1897424209450627e-05
0.24 0.16 0 9.94525557647519e-06
0.24 0.17 0 2.5026012599949185e-05
0.24 0.18 0 1.2444890063232008e-05
0.24 0.19 0 6.272931062843386e-06
0.24 0.2 0 3.437234392130954e-06
0.24 0.21 0 3.2354606710707577e-06
0.24 0.22 0 4.2668315853120335e-06
0.24 0.23 0 5.434109841454621e-06
0.24 0.24 0 1.4681582125520475e-05
0.24 0.25 0 1.637338435673276e-05
0.24 0.26 0 1.742579684271664e-05
0.24 0.27 0 1.4570199367225141e-05
0.24 0.28 0 1.7226391593743598e-05
0.24 0.29 0 1.7169302860082622e-05
0.24 0.3 0 1.593549163380879e-05
0.24 0.31 0 9.754488372049029e-06
0.24 0.32 0 1.5656442594147093e-05
0.24 0.33 0 2.708928407989407e-05
0.24 0.34 0 2.8586226362597283e-05
0.24 0.35000000000000003 0 1.3372019525523595e-05
0.24 0.36 0 1.1175647266304974e-05
0.24 0.37 0 6.235096591120702e-06
0.24 0.38 0 1.065909464596792e-05
0.24 0.39 0 3.594117147075242e-06
0.24 0.4 0 4.344591104854861e-06
0.24 0.41000000000000003 0 2.0028072599626473e-06
0.24 0.42 0 3.6992163549985255e-06
0.24 0.43 0 2.010960075253004e-06
0.24 0.44 0 2.4197672054193347e-06
0.24 0.45 0 5.164025146320881e-06
0.24 0.46 0 5.091509529494298e-06
0.24 0.47000000000000003 0 6.652893354628653e-06
0.24 0.48 0 7.025750179873333e-06
0.24 0.49 0 2.7254565451200477e-06
0.24 0.5 0 4.440020494013412e-06
0.25 0.0 0 3.978636291606237e-06
0.25 0.01 0 4.105088176899753e-06
0.25 0.02 0 3.5657137983032898e-06
0.25 0.03 0 3.408157765594947e-06
0.25 0.04 0 2.2220587698565436e-06
0.25 0.05 0 4.909901497323454e-06
0.25 0.06 0 4.709966336339993e-06
0.25 0.07 0 4.64928972312886e-06
0.25 0.08 0 9.514372382691171e-06
0.25 0.09 0 8.64751864082205e-06
0.25 0.1 0 8.982983964912278e-06
0.25 0.11 0 1.123358313912116e-05
0.25 0.12 0 1.3579489127110054e-05
0.25 0.13 0 2.1583504327907838e-05
0.25 0.14 0 6.6777388157302215e-06
0.25 0.15 0 6.7068725657718406e-06
0.25 0.16 0 6.724170590703112e-06
0.25 0.17 0 4.790944553024409e-06
0.25 0.18 0 7.671112744916896e-06
0.25 0.19 0 5.1114300062029894e-06
0.25 0.2 0 5.461263788657344e-06
0.25 0.21 0 7.600482588151128e-06
0.25 0.22 0 4.2703640885014265e-06
0.25 0.23 0 1.0339555152382808e-05
0.25 0.24 0 1.131095434200306e-05
0.25 0.25 0 9.145900511941157e-06
0.25 0.26 0 1.3309695374353318e-05
0.25 0.27 0 1.3085247374713603e-05
0.25 0.28 0 2.1061325975359516e-05
0.25 0.29 0 9.356420537996316e-06
0.25 0.3 0 7.789491242947717e-06
0.25 0.31 0 1.077039353898842e-05
0.25 0.32 0 6.804634407874602e-06
0.25 0.33 0 1.3966364893224099e-05
0.25 0.34 0 1.58365692524494e-05
0.25 0.35000000000000003 0 1.1297359720168795e-05
0.25 0.36 0 5.503068936582508e-06
0.25 0.37 0 3.517571744326738e-06
0.25 0.38 0 6.580522004772003e-06
0.25 0.39 0 4.962267481152624e-06
0.25 0.4 0 3.928644130789989e-06
0.25 0.41000000000000003 0 5.805527209144062e-06
0.25 0.42 0 5.594622403819872e-06
0.25 0.43 0 4.305011865615869e-06
0.25 0.44 0 4.778482093599107e-06
0.25 0.45 0 3.5002309595631517e-06
0.25 0.46 0 2.9093547243272293e-06
0.25 0.47000000000000003 0 3.469453498432703e-06
0.25 0.48 0 4.3109072722477705e-06
0.25 0.49 0 2.4811034160680887e-06
0.25 0.5 0 2.9880206862361243e-06
0.26 0.0 0 1.8330386187932656e-06
0.26 0.01 0 4.200482079368097e-06
0.26 0.02 0 2.2770017666191254e-06
0.26 0.03 0 3.91510082282285e-06
0.26 0.04 0 2.7372503165299286e-06
0.26 0.05 0 3.4202792302546807e-06
0.26 0.06 0 4.820399983053409e-06
0.26 0.07 0 2.5808753287687133e-06
0.26 0.08 0 7.114199974212266e-06
0.26 0.09 0 8.545699732634516e-06
0.26 0.1 0 5.224285540571896e-06
0.26 0.11 0 1.8280222275822407e-05
0.26 0.12 0 1.005088854622936e-05
0.26 0.13 0 8.392155348834081e-06
0.26 0.14 0 7.780322872191084e-06
0.26 0.15 0 1.0189244146197005e-05
0.26 0.16 0 1.2353908805783502e-05
0.26 0.17 0 7.060434728210856e-06
0.26 0.18 0 1.334170650738272e-05
0.26 0.19 0 4.955043332860785e-06
0.26 0.2 0 5.429995098016293e-06
0.26 0.21 0 1.0093459543359075e-05
0.26 0.22 0 9.934063922457195e-06
0.26 0.23 0 1.347371237712937e-05
0.26 0.24 0 1.280474386630611e-05
0.26 0.25 0 7.147564779172606e-06
0.26 0.26 0 6.4292215901452305e-06
0.26 0.27 0 8.726565310068289e-06
0.26 0.28 0 1.3971106071238932e-05
0.26 0.29 0 9.986315582990122e-06
0.26 0.3 0 1.1798245901121454e-05
0.26 0.31 0 8.539208796599098e-06
0.26 0.32 0 7.978084818617233e-06
0.26 0.33 0 4.420815894840503e-06
0.26 0.34 0 1.0852254084291459e-05
0.26 0.35000000000000003 0 7.61885917034637e-06
0.26 0.36 0 6.694187672846653e-06
0.26 0.37 0 3.906893369879707e-06
0.26 0.38 0 5.286067386885949e-06
0.26 0.39 0 5.277132564714195e-06
0.26 0.4 0 3.775966770382038e-06
0.26 0.41000000000000003 0 3.434199171073601e-06
0.26 0.42 0 6.465885671973886e-06
0.26 0.43 0 7.113173547359382e-06
0.26 0.44 0 6.032222546320084e-06
0.26 0.45 0 5.061608308158079e-06
0.26 0.46 0 2.5996118499830183e-06
0.26 0.47000000000000003 0 2.4004375713958155e-06
0.26 0.48 0 3.5141451792517145e-06
0.26 0.49 0 2.736401919231117e-06
0.26 0.5 0 2.6614566857264664e-06
0.27 0.0 0 1.4708030863806015e-06
0.27 0.01 0 2.160261159041709e-06
0.27 0.02 0 7.591138376821017e-07
0.27 0.03 0 1.5408291571949236e-06
0.27 0.04 0 1.987330822834993e-06
0.27 0.05 0 3.998763898638087e-06
0.27 0.06 0 5.103859234265547e-06
0.27 0.07 0 4.372776445485321e-06
0.27 0.08 0 6.794814065891255e-06
0.27 0.09 0 1.2527344422804962e-05
0.27 0.1 0 9.317691565513688e-06
0.27 0.11 0 2.0484310766548853e-05
0.27 0.12 0 1.1798507229121741e-05
0.27 0.13 0 1.7726700772399967e-05
0.27 0.14 0 1.5229026795689949e-05
0.27 0.15 0 1.138903032528334e-05
0.27 0.16 0 1.4964326076612407e-05
0.27 0.17 0 1.3691635450174486e-05
0.27 0.18 0 1.5537064503248758e-05
0.27 0.19 0 1.2634894106979745e-05
0.27 0.2 0 6.289058924352639e-06
0.27 0.21 0 1.757450773113378e-05
0.27 0.22 0 1.1010641470567326e-05
0.27 0.23 0 8.245079650713254e-06
0.27 0.24 0 1.1866255525968079e-05
0.27 0.25 0 1.0706443334852908e-05
0.27 0.26 0 1.9739908408691614e-05
0.27 0.27 0 1.1469209221934402e-05
0.27 0.28 0 1.3360373978741678e-05
0.27 0.29 0 8.850047614147315e-06
0.27 0.3 0 6.047667711599043e-06
0.27 0.31 0 5.298353733439e-06
0.27 0.32 0 3.981433135739631e-06
0.27 0.33 0 4.252708159219452e-06
0.27 0.34 0 5.1311248714662374e-06
0.27 0.35000000000000003 0 4.001756716891814e-06
0.27 0.36 0 2.4939950818429566e-06
0.27 0.37 0 1.285164999447338e-06
0.27 0.38 0 1.2098505466922375e-06
0.27 0.39 0 1.1028339509146374e-06
0.27 0.4 0 2.8218266312706465e-06
0.27 0.41000000000000003 0 2.177410545763742e-06
0.27 0.42 0 3.092130140048507e-06
0.27 0.43 0 1.916657150737127e-06
0.27 0.44 0 2.3421164857523084e-06
0.27 0.45 0 1.3424546767192008e-06
0.27 0.46 0 1.357328273448471e-06
0.27 0.47000000000000003 0 1.2970710111418888e-06
0.27 0.48 0 1.8347128945094985e-06
0.27 0.49 0 1.7763855822647809e-06
0.27 0.5 0 3.624627354912447e-06
0.28 0.0 0 1.8291111871924537e-06
0.28 0.01 0 2.668837797592491e-06
0.28 0.02 0 1.6648923490500118e-06
0.28 0.03 0 1.771166447395457e-06
0.28 0.04 0 3.484363470581431e-06
0.28 0.05 0 5.015464608166174e-06
0.28 0.06 0 7.888881847039159e-06
0.28 0.07 0 5.269525958010282e-06
0.28 0.08 0 5.1305526522530945e-06
0.28 0.09 0 9.500504871892865e-06
0.28 0.1 0 6.690789245261055e-06
0.28 0.11 0 8.026991708597001e-06
0.28 0.12 0 5.69904286207342e-06
0.28 0.13 0 6.709454984552897e-06
0.28 0.14 0 1.2884145563589472e-05
0.28 0.15 0 1.1927043335538138e-05
0.28 0.16 0 1.75735164196599e-05
0.28 0.17 0 2.158885096875063e-05
0.28 0.18 0 1.847150140653048e-05
0.28 0.19 0 1.3074944159517805e-05
0.28 0.2 0 7.345500066278673e-06
0.28 0.21 0 1.0506055204024537e-05
0.28 0.22 0 7.216323539030903e-06
0.28 0.23 0 8.01437130214054e-06
0.28 0.24 0 9.227966346157731e-06
0.28 0.25 0 1.0545889887853303e-05
0.28 0.26 0 8.212825727859202e-06
0.28 0.27 0 4.373330157881277e-06
0.28 0.28 0 6.982378839877121e-06
0.28 0.29 0 5.8137478980262155e-06
0.28 0.3 0 4.1706525670085145e-06
0.28 0.31 0 2.968476904949783e-06
0.28 0.32 0 3.3511468711058667e-06
0.28 0.33 0 2.928113234273318e-06
0.28 0.34 0 1.8326595241773274e-06
0.28 0.35000000000000003 0 2.2252309986227237e-06
0.28 0.36 0 3.281881333085474e-06
0.28 0.37 0 2.7802107181936468e-06
0.28 0.38 0 1.1312108710995298e-06
0.28 0.39 0 4.6894794305219145e-07
0.28 0.4 0 1.184833857024245e-06
0.28 0.41000000000000003 0 1.3661785728725292e-06
0.28 0.42 0 1.9004041092305457e-06
0.28 0.43 0 1.512437585663385e-06
0.28 0.44 0 1.0033023513208651e-06
0.28 0.45 0 1.548912896830724e-06
0.28 0.46 0 1.1263498076555883e-06
0.28 0.47000000000000003 0 1.37834154619137e-06
0.28 0.48 0 1.8206416796953815e-06
0.28 0.49 0 4.629311800380254e-06
0.28 0.5 0 4.787769100762326e-06
0.29 0.0 0 8.682461120126603e-07
0.29 0.01 0 2.54288290670426e-06
0.29 0.02 0 1.3125207255289156e-06
0.29 0.03 0 2.4505718253161784e-06
0.29 0.04 0 3.71226750051467e-06
0.29 0.05 0 2.660261101679025e-06
0.29 0.06 0 5.4184638742423665e-06
0.29 0.07 0 6.61691510461936e-06
0.29 0.08 0 6.818372672907242e-06
0.29 0.09 0 6.167733349160142e-06
0.29 0.1 0 5.2527903615286095e-06
0.29 0.11 0 1.2330854611030015e-05
0.29 0.12 0 6.49276255460648e-06
0.29 0.13 0 9.773396661051947e-06
0.29 0.14 0 7.73529828231714e-06
0.29 0.15 0 8.11025888465035e-06
0.29 0.16 0 2.7729245203062216e-05
0.29 0.17 0 2.2908135970238312e-05
0.29 0.18 0 2.2771979780822558e-05
0.29 0.19 0 2.8257139303681072e-05
0.29 0.2 0 2.8205065007288972e-05
0.29 0.21 0 1.7364642814601805e-05
0.29 0.22 0 1.6312856901408807e-05
0.29 0.23 0 8.909606023227253e-06
0.29 0.24 0 1.6676203103418884e-05
0.29 0.25 0 9.189887044169884e-06
0.29 0.26 0 5.214099014403717e-06
0.29 0.27 0 3.3440302370397517e-06
0.29 0.28 0 2.6821135137438596e-06
0.29 0.29 0 3.3764951778259e-06
0.29 0.3 0 1.4107852064264991e-06
0.29 0.31 0 1.4230587492442031e-06
0.29 0.32 0 3.807613371048336e-06
0.29 0.33 0 1.931754273257802e-06
0.29 0.34 0 2.802775537615061e-06
0.29 0.35000000000000003 0 1.0995680348399567e-06
0.29 0.36 0 1.3919523550346191e-06
0.29 0.37 0 2.172016040651671e-06
0.29 0.38 0 1.8057195763458535e-06
0.29 0.39 0 1.0929354095294934e-06
0.29 0.4 0 7.802569645569234e-07
0.29 0.41000000000000003 0 8.747026741042402e-07
0.29 0.42 0 1.2274978879508563e-06
0.29 0.43 0 6.137192347457301e-07
0.29 0.44 0 1.0825136647978072e-06
0.29 0.45 0 9.66285055812461e-07
0.29 0.46 0 1.2034557895391818e-06
0.29 0.47000000000000003 0 1.5468978493339032e-06
0.29 0.48 0 3.810271856134685e-06
0.29 0.49 0 7.94609734369339e-06
0.29 0.5 0 8.539888372486921e-06
0.3 0.0 0 2.1276286986899357e-06
0.3 0.01 0 2.3028776978438844e-06
0.3 0.02 0 2.006032525366383e-06
0.3 0.03 0 2.491668454356037e-06
0.3 0.04 0 3.65221887898874e-06
0.3 0.05 0 3.132580007160217e-06
0.3 0.06 0 2.7434309166692837e-06
0.3 0.07 0 1.0824988496731473e-05
0.3 0.08 0 7.778078361653462e-06
0.3 0.09 0 1.2973460021345567e-05
0.3 0.1 0 8.772096939954966e-06
0.3 0.11 0 1.5604234479917337e-05
0.3 0.12 0 2.505880641296757e-05
0.3 0.13 0 1.189809887863455e-05
0.3 0.14 0 1.133588931681736e-05
0.3 0.15 0 1.7243157224249215e-05
0.3 0.16 0 1.1224902541057103e-05
0.3 0.17 0 1.9381115746887653e-05
0.3 0.18 0 1.5944048158997103e-05
0.3 0.19 0 6.603148924394691e-05
0.3 0.2 0 4.0186890142911405e-05
0.3 0.21 0 1.649304901401825e-05
0.3 0.22 0 2.078626041819103e-05
0.3 0.23 0 1.1853155850694044e-05
0.3 0.24 0 8.984995619465824e-06
0.3 0.25 0 1.0774294378414434e-05
0.3 0.26 0 7.006821339406022e-06
0.3 0.27 0 7.0114245480989606e-06
0.3 0.28 0 5.156778368703611e-06
0.3 0.29 0 3.719931698462562e-06
0.3 0.3 0 2.9640332732107793e-06
0.3 0.31 0 1.02592410850174e-06
0.3 0.32 0 2.461263188867807e-06
0.3 0.33 0 1.4641132987663605e-06
0.3 0.34 0 1.4004900611842352e-06
0.3 0.35000000000000003 0 1.2218061776409568e-06
0.3 0.36 0 9.137221633861363e-07
0.3 0.37 0 9.353889799643176e-07
0.3 0.38 0 9.299783694337562e-07
0.3 0.39 0 1.4169546696296827e-06
0.3 0.4 0 3.46428329850332e-06
0.3 0.41000000000000003 0 1.0548316034803147e-06
0.3 0.42 0 1.2591873348628836e-06
0.3 0.43 0 1.7811166990343073e-06
0.3 0.44 0 1.0435501018254264e-06
0.3 0.45 0 6.348907240195096e-07
0.3 0.46 0 8.009196953597892e-07
0.3 0.47000000000000003 0 2.23261073284075e-06
0.3 0.48 0 1.0506369223395756e-05
0.3 0.49 0 1.2741403138559653e-05
0.3 0.5 0 1.806862376435185e-05
#STOP
