#MEDIUM_PROPERTIES_DISTRIBUTED
$MSH_TYPE
	 GROUNDWATER_FLOW	
$MMP_TYPE
	 PERMEABILITY	
$DIS_TYPE
	 NEAREST_VALUE	
;hj
$CONVERSION_FACTOR
	 1.0	
$DATA
0.0 0.0 0 2.758824572941776e-08
0.0 0.01 0 7.4307905803893715e-09
0.0 0.02 0 8.175487042330688e-09
0.0 0.03 0 2.2065718671055867e-08
0.0 0.04 0 1.5976427676610276e-08
0.0 0.05 0 3.320317143083412e-08
0.0 0.06 0 1.9126263221988258e-07
0.0 0.07 0 9.911825529534016e-07
0.0 0.08 0 1.1628625202428165e-06
0.0 0.09 0 2.353853901061527e-06
0.0 0.1 0 7.811801687522964e-07
0.0 0.11 0 6.606726363066669e-07
0.0 0.12 0 4.527060877440645e-07
0.0 0.13 0 3.6269706353500186e-07
0.0 0.14 0 4.2696854384127913e-07
0.0 0.15 0 2.9076464052847607e-07
0.0 0.16 0 7.505795359635074e-07
0.0 0.17 0 5.283092192744759e-07
0.0 0.18 0 7.352223450486495e-07
0.0 0.19 0 2.1344881431799733e-07
0.0 0.2 0 1.2363857289238084e-07
0.0 0.21 0 1.2994847326555953e-07
0.0 0.22 0 1.409712222371127e-07
0.0 0.23 0 4.5598037117191823e-08
0.0 0.24 0 9.049361268910057e-08
0.0 0.25 0 5.4641090280800086e-08
0.0 0.26 0 4.721081862299042e-08
0.0 0.27 0 1.883554929386446e-08
0.0 0.28 0 7.429989686881336e-08
0.0 0.29 0 2.364530880108491e-07
0.0 0.3 0 5.2027496327191674e-08
0.0 0.31 0 5.757038314449624e-08
0.0 0.32 0 9.148217436894151e-08
0.0 0.33 0 4.2525753042054826e-08
0.0 0.34 0 3.262665766364453e-08
0.0 0.35000000000000003 0 5.812251964081702e-08
0.0 0.36 0 2.1671180792410045e-07
0.0 0.37 0 1.7274595608280489e-07
0.0 0.38 0 4.464415887833154e-07
0.0 0.39 0 3.1970181943334043e-07
0.0 0.4 0 3.4058384825584835e-07
0.0 0.41000000000000003 0 6.960640138189425e-08
0.0 0.42 0 1.0621334947740996e-07
0.0 0.43 0 6.917759229019529e-08
0.0 0.44 0 4.625345063707657e-07
0.0 0.45 0 3.371911916762831e-07
0.0 0.46 0 5.583202056889288e-07
0.0 0.47000000000000003 0 2.591378182401476e-07
0.0 0.48 0 1.3628901860473914e-06
0.0 0.49 0 1.4140568644340774e-06
0.0 0.5 0 9.76096199549689e-07
0.01 0.0 0 1.0543857836122496e-07
0.01 0.01 0 3.23458708162437e-08
0.01 0.02 0 3.803705579028433e-08
0.01 0.03 0 1.296033719314718e-07
0.01 0.04 0 1.0026495069254217e-07
0.01 0.05 0 7.472295400248814e-07
0.01 0.06 0 1.6106371613784892e-06
0.01 0.07 0 4.1903924735747075e-06
0.01 0.08 0 2.7337688617120638e-06
0.01 0.09 0 2.3976504189735533e-06
0.01 0.1 0 1.683653377870088e-06
0.01 0.11 0 5.364916043177573e-07
0.01 0.12 0 7.595804968435851e-07
0.01 0.13 0 2.1685248878984278e-07
0.01 0.14 0 1.5508216152424244e-07
0.01 0.15 0 3.244889903677302e-07
0.01 0.16 0 1.7846602978986514e-07
0.01 0.17 0 1.1060411961368082e-07
0.01 0.18 0 3.2094321701340243e-07
0.01 0.19 0 2.2831837182264471e-07
0.01 0.2 0 2.0635424517255264e-07
0.01 0.21 0 1.641918614727644e-07
0.01 0.22 0 1.0015758337694207e-07
0.01 0.23 0 3.283039491012298e-08
0.01 0.24 0 2.1209329187277734e-08
0.01 0.25 0 8.258519407188832e-08
0.01 0.26 0 9.189945285963413e-08
0.01 0.27 0 3.427918803812417e-08
0.01 0.28 0 1.0972033958690375e-07
0.01 0.29 0 2.1339610794483617e-07
0.01 0.3 0 1.1668497351272001e-07
0.01 0.31 0 6.634368845746726e-08
0.01 0.32 0 9.301293942284376e-08
0.01 0.33 0 7.066757579696813e-08
0.01 0.34 0 1.077091207322015e-07
0.01 0.35000000000000003 0 1.810878768854965e-07
0.01 0.36 0 6.889577043235252e-07
0.01 0.37 0 1.2920555502742485e-06
0.01 0.38 0 2.227172262391119e-06
0.01 0.39 0 4.5642193623365943e-07
0.01 0.4 0 1.367803508994225e-06
0.01 0.41000000000000003 0 6.168675228398886e-07
0.01 0.42 0 9.19147546826466e-07
0.01 0.43 0 6.491984156895355e-07
0.01 0.44 0 9.87198544685335e-07
0.01 0.45 0 6.134391372864991e-07
0.01 0.46 0 3.943488107350441e-07
0.01 0.47000000000000003 0 3.1636174932991055e-07
0.01 0.48 0 1.12191221899007e-06
0.01 0.49 0 1.004600714258202e-06
0.01 0.5 0 3.878594211261489e-06
0.02 0.0 0 3.99248902001742e-07
0.02 0.01 0 1.1276293077725573e-06
0.02 0.02 0 9.746125517094588e-07
0.02 0.03 0 1.3948073198403396e-06
0.02 0.04 0 1.4443663837007356e-06
0.02 0.05 0 1.0988247236699783e-06
0.02 0.06 0 1.1565039280191371e-06
0.02 0.07 0 1.6989854180607354e-06
0.02 0.08 0 1.316966212291927e-06
0.02 0.09 0 6.285733597934403e-07
0.02 0.1 0 3.605545502375399e-07
0.02 0.11 0 3.336811398905807e-07
0.02 0.12 0 4.632047850621316e-07
0.02 0.13 0 3.11302800739852e-07
0.02 0.14 0 2.1867401953471605e-07
0.02 0.15 0 2.2649686004430945e-07
0.02 0.16 0 8.954732436593039e-07
0.02 0.17 0 1.2397931382786322e-06
0.02 0.18 0 5.101942842073107e-07
0.02 0.19 0 3.0102862173037453e-06
0.02 0.2 0 1.6969028012785994e-06
0.02 0.21 0 3.802142708605311e-07
0.02 0.22 0 1.8538698255813447e-07
0.02 0.23 0 2.0256100683892076e-07
0.02 0.24 0 1.3757666810818273e-07
0.02 0.25 0 4.452241812845574e-08
0.02 0.26 0 6.110096531523781e-08
0.02 0.27 0 3.897516465300723e-08
0.02 0.28 0 1.8571381295920893e-08
0.02 0.29 0 4.320180496190105e-08
0.02 0.3 0 4.863187581927472e-08
0.02 0.31 0 2.897097408958825e-08
0.02 0.32 0 1.8725016218757726e-07
0.02 0.33 0 7.551299124130807e-07
0.02 0.34 0 1.6005653841724347e-06
0.02 0.35000000000000003 0 6.962689806815289e-07
0.02 0.36 0 2.624791965361377e-06
0.02 0.37 0 1.1004842130791835e-06
0.02 0.38 0 1.408043640525789e-06
0.02 0.39 0 1.3601789837009744e-06
0.02 0.4 0 9.476389775031568e-07
0.02 0.41000000000000003 0 4.265880015340672e-07
0.02 0.42 0 1.0879348805787858e-06
0.02 0.43 0 2.16230021453465e-06
0.02 0.44 0 2.447733713028011e-06
0.02 0.45 0 3.4698887239532618e-06
0.02 0.46 0 7.5890463593383336e-06
0.02 0.47000000000000003 0 2.2932888681176203e-06
0.02 0.48 0 2.3106322387624133e-06
0.02 0.49 0 8.80241065746734e-06
0.02 0.5 0 3.7235435929451674e-06
0.03 0.0 0 1.582550220380777e-06
0.03 0.01 0 1.0235507099483701e-06
0.03 0.02 0 7.904012690927693e-07
0.03 0.03 0 7.959960140981523e-07
0.03 0.04 0 3.589482085755253e-07
0.03 0.05 0 7.138301787393968e-07
0.03 0.06 0 4.3374846416880373e-07
0.03 0.07 0 1.7926035075159801e-07
0.03 0.08 0 3.1733540215964576e-07
0.03 0.09 0 2.3871097785687345e-07
0.03 0.1 0 4.606997316189746e-07
0.03 0.11 0 1.64271881106206e-07
0.03 0.12 0 1.718242169713523e-07
0.03 0.13 0 5.676016897681426e-07
0.03 0.14 0 2.6129710153238584e-07
0.03 0.15 0 9.042792197447086e-07
0.03 0.16 0 1.5235786254369434e-06
0.03 0.17 0 1.311316395873517e-06
0.03 0.18 0 9.201762085345328e-07
0.03 0.19 0 3.126787289461229e-06
0.03 0.2 0 2.551354869846708e-06
0.03 0.21 0 7.242792331114788e-07
0.03 0.22 0 2.1398134555410042e-07
0.03 0.23 0 1.6144014092790482e-07
0.03 0.24 0 9.464826741908615e-08
0.03 0.25 0 4.943675630374265e-08
0.03 0.26 0 5.78813978511995e-08
0.03 0.27 0 8.079159188068685e-08
0.03 0.28 0 1.7887947409068657e-07
0.03 0.29 0 1.5483724449862655e-07
0.03 0.3 0 2.870165526448548e-07
0.03 0.31 0 2.8892755940493614e-07
0.03 0.32 0 6.939219833294939e-07
0.03 0.33 0 7.836417792579629e-07
0.03 0.34 0 9.386252484545537e-07
0.03 0.35000000000000003 0 6.172974690963215e-07
0.03 0.36 0 4.065330900665084e-07
0.03 0.37 0 1.1316904376281852e-07
0.03 0.38 0 1.1467654821835125e-07
0.03 0.39 0 9.062560064489029e-08
0.03 0.4 0 1.0967684655573701e-07
0.03 0.41000000000000003 0 1.837142386340131e-07
0.03 0.42 0 4.276053593283855e-07
0.03 0.43 0 1.2672859231734516e-06
0.03 0.44 0 9.512726855668382e-07
0.03 0.45 0 3.2059318561798704e-06
0.03 0.46 0 7.22333426484776e-06
0.03 0.47000000000000003 0 2.6823360798014484e-06
0.03 0.48 0 3.122885788265293e-06
0.03 0.49 0 1.1503634409934136e-06
0.03 0.5 0 2.0180553428296203e-06
0.04 0.0 0 6.6222292865685374e-06
0.04 0.01 0 3.0732360634246224e-06
0.04 0.02 0 1.2145454552678297e-06
0.04 0.03 0 4.227711907194636e-07
0.04 0.04 0 2.3657839918053298e-07
0.04 0.05 0 1.2342542438452827e-07
0.04 0.06 0 1.1331064349914761e-07
0.04 0.07 0 1.5224261773452064e-07
0.04 0.08 0 1.811170941687622e-07
0.04 0.09 0 8.611836257500771e-07
0.04 0.1 0 1.1599395950718913e-06
0.04 0.11 0 1.450837797157445e-06
0.04 0.12 0 1.0963679309093955e-06
0.04 0.13 0 1.9188656546691676e-06
0.04 0.14 0 4.143579630687108e-06
0.04 0.15 0 6.242658036522148e-06
0.04 0.16 0 3.2922264126243523e-06
0.04 0.17 0 3.1106269257366015e-06
0.04 0.18 0 6.178104235819816e-07
0.04 0.19 0 9.356147862945172e-08
0.04 0.2 0 9.63319553844082e-08
0.04 0.21 0 7.828449205481292e-08
0.04 0.22 0 1.0731512177488765e-07
0.04 0.23 0 5.137196198718385e-08
0.04 0.24 0 1.0128894211554647e-07
0.04 0.25 0 4.086091742654026e-08
0.04 0.26 0 1.59010319227511e-08
0.04 0.27 0 3.0476937243088204e-08
0.04 0.28 0 4.3630792498830714e-08
0.04 0.29 0 1.055313039342807e-07
0.04 0.3 0 1.8888786301897732e-07
0.04 0.31 0 3.033378355093708e-07
0.04 0.32 0 2.893454298816077e-07
0.04 0.33 0 2.90291717882849e-07
0.04 0.34 0 2.924354183515835e-07
0.04 0.35000000000000003 0 9.105210217540881e-08
0.04 0.36 0 4.0423585146345467e-07
0.04 0.37 0 1.3464498854797852e-06
0.04 0.38 0 4.2987457941974634e-07
0.04 0.39 0 3.0565206944781655e-07
0.04 0.4 0 2.3131987510346055e-07
0.04 0.41000000000000003 0 1.8745975606137791e-07
0.04 0.42 0 3.363922244608495e-07
0.04 0.43 0 4.978957364967643e-07
0.04 0.44 0 2.3638364447452117e-06
0.04 0.45 0 5.124226339313667e-06
0.04 0.46 0 2.89459864798935e-05
0.04 0.47000000000000003 0 4.7249889671737825e-05
0.04 0.48 0 1.1179977288122026e-05
0.04 0.49 0 4.474329964164384e-06
0.04 0.5 0 4.165908500292543e-06
0.05 0.0 0 3.838874624540597e-06
0.05 0.01 0 7.216332309648094e-07
0.05 0.02 0 1.1835934231610303e-07
0.05 0.03 0 6.222474329495861e-07
0.05 0.04 0 3.20966605121679e-07
0.05 0.05 0 4.477085744407533e-08
0.05 0.06 0 6.665706235795877e-08
0.05 0.07 0 8.188318887993533e-08
0.05 0.08 0 7.731143269449376e-08
0.05 0.09 0 1.4029072875196934e-07
0.05 0.1 0 9.453000714407954e-07
0.05 0.11 0 1.5531240938588192e-06
0.05 0.12 0 6.980175883596637e-07
0.05 0.13 0 3.135700953794169e-06
0.05 0.14 0 2.685039068558583e-06
0.05 0.15 0 1.0466910749008465e-06
0.05 0.16 0 9.560419211503619e-07
0.05 0.17 0 6.14705699576197e-07
0.05 0.18 0 4.818020788804547e-07
0.05 0.19 0 1.187938351707119e-07
0.05 0.2 0 7.926331198781701e-08
0.05 0.21 0 3.278570609111284e-08
0.05 0.22 0 1.0013553433690419e-07
0.05 0.23 0 3.527870755957489e-07
0.05 0.24 0 1.6432100518712098e-07
0.05 0.25 0 1.452956876344658e-07
0.05 0.26 0 3.5789048874169615e-07
0.05 0.27 0 1.1511740431953219e-07
0.05 0.28 0 3.798021268661363e-08
0.05 0.29 0 9.665616225477344e-08
0.05 0.3 0 2.523261735323486e-07
0.05 0.31 0 8.534885344129334e-08
0.05 0.32 0 1.5190467814958298e-07
0.05 0.33 0 3.4248471446258114e-07
0.05 0.34 0 1.4978401834338922e-07
0.05 0.35000000000000003 0 1.7125138222037369e-07
0.05 0.36 0 4.7501794835497345e-07
0.05 0.37 0 3.8592950954423527e-07
0.05 0.38 0 4.1706868711322233e-07
0.05 0.39 0 6.35051542861838e-07
0.05 0.4 0 3.435146839383192e-07
0.05 0.41000000000000003 0 2.465182281527936e-07
0.05 0.42 0 3.3110131140288417e-07
0.05 0.43 0 9.273562521240292e-07
0.05 0.44 0 2.8597767372798266e-06
0.05 0.45 0 1.958605510599823e-05
0.05 0.46 0 0.00012782157466411943
0.05 0.47000000000000003 0 5.2585531233765947e-05
0.05 0.48 0 8.295695021617061e-05
0.05 0.49 0 2.758512550496439e-05
0.05 0.5 0 4.901672673380463e-06
0.06 0.0 0 2.249959463288228e-06
0.06 0.01 0 5.042048826772252e-07
0.06 0.02 0 2.9743597977249724e-07
0.06 0.03 0 1.5511859786334688e-07
0.06 0.04 0 3.136104893887987e-07
0.06 0.05 0 1.0991780816298045e-07
0.06 0.06 0 6.482474416583363e-08
0.06 0.07 0 8.176478720994946e-08
0.06 0.08 0 9.926814921596911e-08
0.06 0.09 0 2.4680490073584023e-07
0.06 0.1 0 1.0705741519213778e-06
0.06 0.11 0 1.2853300734209772e-06
0.06 0.12 0 1.032391106923825e-06
0.06 0.13 0 4.53720030133484e-07
0.06 0.14 0 3.5164949177191003e-07
0.06 0.15 0 1.8005902827819334e-07
0.06 0.16 0 9.722194433305687e-08
0.06 0.17 0 4.365548905945038e-08
0.06 0.18 0 4.883821725830459e-08
0.06 0.19 0 2.837500318187787e-08
0.06 0.2 0 6.213738738795379e-08
0.06 0.21 0 1.391200885952493e-07
0.06 0.22 0 3.688846857106782e-07
0.06 0.23 0 3.1215838083178065e-07
0.06 0.24 0 1.2613223985272387e-07
0.06 0.25 0 8.014654663371772e-08
0.06 0.26 0 1.6106387338893303e-07
0.06 0.27 0 1.432300265191633e-07
0.06 0.28 0 3.872905351121522e-08
0.06 0.29 0 4.529877379208301e-08
0.06 0.3 0 1.1558649779284678e-07
0.06 0.31 0 5.656043881898522e-08
0.06 0.32 0 7.729267221086895e-08
0.06 0.33 0 2.9908039312432015e-08
0.06 0.34 0 1.4165169066872014e-07
0.06 0.35000000000000003 0 4.324439793718539e-07
0.06 0.36 0 7.980803309080488e-07
0.06 0.37 0 3.680552302408473e-06
0.06 0.38 0 1.8278214477975307e-06
0.06 0.39 0 3.703845148122783e-07
0.06 0.4 0 1.278929099938391e-07
0.06 0.41000000000000003 0 8.211356987884756e-08
0.06 0.42 0 1.9796142594253013e-07
0.06 0.43 0 5.50538287038206e-07
0.06 0.44 0 3.6044219185939804e-06
0.06 0.45 0 1.4719161651049508e-05
0.06 0.46 0 1.7124764852115705e-05
0.06 0.47000000000000003 0 1.791970103743569e-05
0.06 0.48 0 7.614088053650349e-06
0.06 0.49 0 2.946871053382119e-06
0.06 0.5 0 1.1217551005617075e-06
0.07 0.0 0 2.287498610259313e-06
0.07 0.01 0 4.226054316428456e-06
0.07 0.02 0 3.3213385711206087e-06
0.07 0.03 0 1.4678641665909603e-06
0.07 0.04 0 1.9501118311529534e-06
0.07 0.05 0 4.2552205172722786e-07
0.07 0.06 0 2.1852447334803874e-07
0.07 0.07 0 1.546896250843052e-07
0.07 0.08 0 7.179541481853591e-07
0.07 0.09 0 8.357807891811893e-07
0.07 0.1 0 1.5603744527643128e-06
0.07 0.11 0 1.77807291388493e-06
0.07 0.12 0 5.805374960035391e-07
0.07 0.13 0 2.827919794219427e-07
0.07 0.14 0 2.4632969689444955e-07
0.07 0.15 0 5.881148150115431e-08
0.07 0.16 0 1.5924421893241325e-07
0.07 0.17 0 2.226728432713812e-07
0.07 0.18 0 1.407598975330536e-07
0.07 0.19 0 2.7331008190485912e-08
0.07 0.2 0 6.510051644205805e-08
0.07 0.21 0 1.7371056006568587e-07
0.07 0.22 0 9.905929131679817e-08
0.07 0.23 0 1.3244914918678205e-07
0.07 0.24 0 1.5126622030162092e-07
0.07 0.25 0 3.317506807045276e-08
0.07 0.26 0 2.227213051679441e-08
0.07 0.27 0 1.2274857717216573e-08
0.07 0.28 0 1.9387691914006313e-08
0.07 0.29 0 7.870991469597348e-09
0.07 0.3 0 4.553601166762805e-08
0.07 0.31 0 6.585572519542628e-08
0.07 0.32 0 3.174177769301375e-08
0.07 0.33 0 3.119050714382938e-08
0.07 0.34 0 7.497870063824585e-08
0.07 0.35000000000000003 0 1.6102253226088932e-07
0.07 0.36 0 4.908280071165729e-07
0.07 0.37 0 1.3062822963590141e-06
0.07 0.38 0 1.9881749774900243e-06
0.07 0.39 0 1.3584144561126248e-06
0.07 0.4 0 5.739673376422737e-07
0.07 0.41000000000000003 0 2.083893973479482e-07
0.07 0.42 0 1.9248514269292912e-07
0.07 0.43 0 1.1308860509993816e-06
0.07 0.44 0 3.4000127434958745e-06
0.07 0.45 0 1.2479495806141626e-06
0.07 0.46 0 5.505684812537371e-06
0.07 0.47000000000000003 0 4.2795449960765544e-06
0.07 0.48 0 1.9702620978988934e-06
0.07 0.49 0 1.6350462424402132e-06
0.07 0.5 0 1.3764284154238861e-06
0.08 0.0 0 2.7066756543868923e-06
0.08 0.01 0 1.4658838036884896e-06
0.08 0.02 0 7.418377255901024e-06
0.08 0.03 0 4.993550120672878e-06
0.08 0.04 0 1.6798067716882046e-06
0.08 0.05 0 1.1951900690373847e-06
0.08 0.06 0 1.1193569112920425e-06
0.08 0.07 0 7.870031504505084e-07
0.08 0.08 0 4.057008947510748e-07
0.08 0.09 0 1.6705931402075305e-06
0.08 0.1 0 7.331373204175566e-06
0.08 0.11 0 2.934167187815029e-06
0.08 0.12 0 1.766852376157405e-06
0.08 0.13 0 1.8886811008216608e-06
0.08 0.14 0 2.1417117142948506e-06
0.08 0.15 0 4.494901054409174e-07
0.08 0.16 0 1.2416771336453634e-06
0.08 0.17 0 9.213836565215117e-07
0.08 0.18 0 7.349354172103289e-07
0.08 0.19 0 2.7951424235027245e-07
0.08 0.2 0 2.6093338072676234e-07
0.08 0.21 0 1.1133755672650357e-07
0.08 0.22 0 2.0622653348694446e-07
0.08 0.23 0 4.39201182575061e-08
0.08 0.24 0 4.5048773077895154e-08
0.08 0.25 0 4.667433394824671e-08
0.08 0.26 0 2.8670477677946868e-08
0.08 0.27 0 1.5208772016558896e-08
0.08 0.28 0 1.7367800272519632e-08
0.08 0.29 0 1.3787669243832356e-08
0.08 0.3 0 1.982278750568537e-08
0.08 0.31 0 2.0543018667812144e-08
0.08 0.32 0 5.151478953447475e-08
0.08 0.33 0 5.635971957155264e-08
0.08 0.34 0 1.223991240867574e-07
0.08 0.35000000000000003 0 1.4017251172716172e-06
0.08 0.36 0 1.3982821440057654e-06
0.08 0.37 0 4.5385955505008404e-07
0.08 0.38 0 3.784387159766472e-07
0.08 0.39 0 1.5783728256873212e-07
0.08 0.4 0 1.0470837346555221e-07
0.08 0.41000000000000003 0 1.694384551401694e-08
0.08 0.42 0 2.2500963661480487e-07
0.08 0.43 0 1.44554731689581e-06
0.08 0.44 0 6.420678036474944e-06
0.08 0.45 0 4.3667157970350135e-06
0.08 0.46 0 8.743956597627854e-06
0.08 0.47000000000000003 0 7.680474728873665e-06
0.08 0.48 0 3.599238175641903e-06
0.08 0.49 0 1.1330318556517957e-06
0.08 0.5 0 1.7014818232142171e-06
0.09 0.0 0 3.007713689408069e-06
0.09 0.01 0 6.768356922101538e-06
0.09 0.02 0 6.075136838922578e-06
0.09 0.03 0 1.8910434434453478e-06
0.09 0.04 0 1.6522908647560793e-06
0.09 0.05 0 1.8049591903578816e-06
0.09 0.06 0 2.388333328884849e-06
0.09 0.07 0 1.9522416593939293e-06
0.09 0.08 0 1.612800919069774e-06
0.09 0.09 0 1.0834605279488318e-06
0.09 0.1 0 1.7624538647626987e-06
0.09 0.11 0 2.681221976390925e-06
0.09 0.12 0 1.9868861039486795e-06
0.09 0.13 0 6.719730508016898e-07
0.09 0.14 0 2.289909121437043e-06
0.09 0.15 0 1.7047095805806358e-06
0.09 0.16 0 2.8555631936969413e-06
0.09 0.17 0 1.3932964879822835e-06
0.09 0.18 0 1.984896735509117e-06
0.09 0.19 0 5.975890198478012e-07
0.09 0.2 0 2.87516297717649e-07
0.09 0.21 0 2.5360902009940424e-07
0.09 0.22 0 8.209749963282935e-08
0.09 0.23 0 1.4320588590308434e-08
0.09 0.24 0 8.52125985976682e-09
0.09 0.25 0 3.130527421064644e-09
0.09 0.26 0 6.505283148711641e-09
0.09 0.27 0 5.6106121546295506e-09
0.09 0.28 0 1.3249044582890076e-08
0.09 0.29 0 8.718605549866605e-09
0.09 0.3 0 1.2764284899557558e-08
0.09 0.31 0 5.642442281892925e-08
0.09 0.32 0 1.3741639117023198e-07
0.09 0.33 0 5.063591212974295e-07
0.09 0.34 0 1.545908993256228e-06
0.09 0.35000000000000003 0 7.906825174225415e-07
0.09 0.36 0 2.1370600930450997e-06
0.09 0.37 0 1.4528961071339632e-06
0.09 0.38 0 9.387217715597783e-07
0.09 0.39 0 2.607269153365997e-07
0.09 0.4 0 2.3150797200659403e-07
0.09 0.41000000000000003 0 6.375107887169146e-08
0.09 0.42 0 3.7033139654726237e-07
0.09 0.43 0 2.3575832823980032e-06
0.09 0.44 0 2.2471519703589336e-05
0.09 0.45 0 8.423020416129435e-06
0.09 0.46 0 1.5091690648687337e-05
0.09 0.47000000000000003 0 1.1210902423217293e-05
0.09 0.48 0 3.410327972087214e-06
0.09 0.49 0 3.4928302464948805e-07
0.09 0.5 0 3.646918150999664e-07
0.1 0.0 0 9.384826556920778e-06
0.1 0.01 0 1.2013602903503126e-05
0.1 0.02 0 3.845162042336765e-06
0.1 0.03 0 1.8641410793444763e-06
0.1 0.04 0 3.0530241932321834e-06
0.1 0.05 0 2.3087700484451484e-06
0.1 0.06 0 7.72715414616193e-07
0.1 0.07 0 1.405638557197236e-06
0.1 0.08 0 2.2566971896727316e-06
0.1 0.09 0 4.5988398045748985e-07
0.1 0.1 0 5.020632671949607e-07
0.1 0.11 0 5.516266348360491e-07
0.1 0.12 0 1.7425190191944293e-06
0.1 0.13 0 7.927695584602014e-07
0.1 0.14 0 3.726483846092336e-06
0.1 0.15 0 5.498649645769255e-06
0.1 0.16 0 2.050966240710514e-06
0.1 0.17 0 7.552749200095473e-07
0.1 0.18 0 4.673957025665929e-07
0.1 0.19 0 5.089986804779453e-07
0.1 0.2 0 6.455085420402835e-07
0.1 0.21 0 1.9146552687153878e-07
0.1 0.22 0 8.126787422773188e-08
0.1 0.23 0 7.989491845905006e-08
0.1 0.24 0 3.4198108312669203e-08
0.1 0.25 0 8.24552858236964e-09
0.1 0.26 0 1.0160679244531461e-08
0.1 0.27 0 4.7533436296162204e-08
0.1 0.28 0 5.4874016099314776e-08
0.1 0.29 0 1.6563781821292865e-08
0.1 0.3 0 9.168745186004094e-08
0.1 0.31 0 6.633603308581947e-08
0.1 0.32 0 6.494095581086303e-08
0.1 0.33 0 1.0708104237678625e-07
0.1 0.34 0 3.2798066466699713e-07
0.1 0.35000000000000003 0 8.383468921651166e-08
0.1 0.36 0 8.671484497002154e-08
0.1 0.37 0 4.187228857906926e-08
0.1 0.38 0 6.398031938129535e-08
0.1 0.39 0 1.4751437563723345e-08
0.1 0.4 0 1.0229901158470313e-07
0.1 0.41000000000000003 0 7.509494272499924e-08
0.1 0.42 0 1.3099457116314648e-07
0.1 0.43 0 3.8105135812674577e-07
0.1 0.44 0 1.653919627396697e-06
0.1 0.45 0 2.7151384521326896e-06
0.1 0.46 0 2.6113485002813395e-06
0.1 0.47000000000000003 0 4.087326559297767e-06
0.1 0.48 0 1.6541432449760572e-06
0.1 0.49 0 2.293544118806858e-07
0.1 0.5 0 2.2744562934710138e-07
0.11 0.0 0 7.377778853517085e-06
0.11 0.01 0 4.315599290971178e-06
0.11 0.02 0 2.2985370248580416e-06
0.11 0.03 0 8.616042026930228e-07
0.11 0.04 0 8.038102212325194e-07
0.11 0.05 0 1.2031459912172064e-06
0.11 0.06 0 1.3736464509023703e-06
0.11 0.07 0 4.090347455628192e-07
0.11 0.08 0 6.809874987164275e-07
0.11 0.09 0 4.678711084373522e-07
0.11 0.1 0 2.104022303565476e-07
0.11 0.11 0 1.956925648118085e-07
0.11 0.12 0 9.419507286673566e-07
0.11 0.13 0 1.112092683828781e-06
0.11 0.14 0 1.862583105878004e-06
0.11 0.15 0 6.285435314946158e-06
0.11 0.16 0 6.916078621388192e-06
0.11 0.17 0 1.5206127316645312e-06
0.11 0.18 0 3.132637567212305e-07
0.11 0.19 0 3.190468693522594e-07
0.11 0.2 0 7.25259766539546e-08
0.11 0.21 0 7.161100106904352e-08
0.11 0.22 0 2.9577848511034882e-08
0.11 0.23 0 1.568892747770497e-08
0.11 0.24 0 3.2180848776582113e-08
0.11 0.25 0 6.157191036320091e-09
0.11 0.26 0 1.6035423241495645e-08
0.11 0.27 0 5.7733175689739066e-08
0.11 0.28 0 1.96844133722779e-07
0.11 0.29 0 1.3634761984939508e-07
0.11 0.3 0 1.6551981815477332e-07
0.11 0.31 0 1.2147321859949918e-07
0.11 0.32 0 6.308592135084317e-08
0.11 0.33 0 8.84881696458053e-09
0.11 0.34 0 2.146383006998323e-08
0.11 0.35000000000000003 0 7.917190548619356e-09
0.11 0.36 0 1.0394589838251986e-08
0.11 0.37 0 3.031607432294802e-08
0.11 0.38 0 1.684039769406079e-07
0.11 0.39 0 4.846247903010491e-08
0.11 0.4 0 1.038499568764829e-07
0.11 0.41000000000000003 0 4.2024963502545696e-07
0.11 0.42 0 2.1893846789645854e-07
0.11 0.43 0 6.94295341230709e-08
0.11 0.44 0 1.9778784521952364e-07
0.11 0.45 0 3.2691721147539937e-07
0.11 0.46 0 3.7949230877647614e-07
0.11 0.47000000000000003 0 1.621576723129095e-07
0.11 0.48 0 2.550018435274385e-07
0.11 0.49 0 1.6027761013785058e-07
0.11 0.5 0 2.5388433040630247e-07
0.12 0.0 0 1.210765429715857e-05
0.12 0.01 0 4.514437740634484e-06
0.12 0.02 0 2.1561734637869976e-06
0.12 0.03 0 4.994849711734806e-07
0.12 0.04 0 9.380190437424821e-08
0.12 0.05 0 8.365497455077486e-08
0.12 0.06 0 2.9073470281079406e-08
0.12 0.07 0 3.889967779512769e-08
0.12 0.08 0 6.307587551947022e-08
0.12 0.09 0 5.0421796057947914e-08
0.12 0.1 0 6.14496332044884e-08
0.12 0.11 0 8.167534134644353e-08
0.12 0.12 0 8.449973269399105e-08
0.12 0.13 0 1.634634435697436e-07
0.12 0.14 0 1.329574830568889e-07
0.12 0.15 0 2.121956174660533e-07
0.12 0.16 0 1.2052460953519487e-07
0.12 0.17 0 3.2427924029709616e-07
0.12 0.18 0 2.0711414827524594e-07
0.12 0.19 0 3.705911968009066e-08
0.12 0.2 0 5.90159025611541e-08
0.12 0.21 0 4.4655749817285794e-08
0.12 0.22 0 2.433642808133846e-08
0.12 0.23 0 8.784095495599174e-09
0.12 0.24 0 1.5948024548767635e-08
0.12 0.25 0 1.2619937557584876e-08
0.12 0.26 0 1.742553562440141e-08
0.12 0.27 0 4.1325226655890546e-08
0.12 0.28 0 2.7647341826984876e-07
0.12 0.29 0 2.97015531104951e-07
0.12 0.3 0 2.847779902573145e-07
0.12 0.31 0 2.0363663370264724e-07
0.12 0.32 0 2.2122062568663374e-07
0.12 0.33 0 1.740861466149639e-07
0.12 0.34 0 9.180418086497325e-08
0.12 0.35000000000000003 0 3.951275381035483e-08
0.12 0.36 0 3.6503596174411863e-08
0.12 0.37 0 3.6080782620458484e-08
0.12 0.38 0 1.7581627767752994e-07
0.12 0.39 0 1.3351886292215942e-07
0.12 0.4 0 2.764432477139694e-07
0.12 0.41000000000000003 0 4.766909062500072e-07
0.12 0.42 0 4.3545404811422935e-07
0.12 0.43 0 1.5038631996082198e-07
0.12 0.44 0 1.4165608842532175e-07
0.12 0.45 0 2.6556228500702104e-07
0.12 0.46 0 3.3266902284943357e-07
0.12 0.47000000000000003 0 9.624099581031964e-08
0.12 0.48 0 3.3820301064088737e-07
0.12 0.49 0 2.3389404769033355e-07
0.12 0.5 0 4.70701270153453e-07
0.13 0.0 0 1.4143517856723994e-06
0.13 0.01 0 1.0969256691744198e-06
0.13 0.02 0 6.696633058567529e-07
0.13 0.03 0 6.588629575962116e-07
0.13 0.04 0 2.478664035698728e-07
0.13 0.05 0 7.446882093271523e-08
0.13 0.06 0 3.714457718772261e-08
0.13 0.07 0 4.3301416081026e-08
0.13 0.08 0 3.694318953969181e-08
0.13 0.09 0 4.2384133882534696e-08
0.13 0.1 0 6.07617204721599e-08
0.13 0.11 0 1.498829924607578e-07
0.13 0.12 0 2.2971070720876975e-08
0.13 0.13 0 2.4519635433925615e-08
0.13 0.14 0 9.39847954778711e-08
0.13 0.15 0 5.24129850870951e-08
0.13 0.16 0 1.4635702207880056e-08
0.13 0.17 0 4.051313197379545e-08
0.13 0.18 0 4.9796473707580414e-08
0.13 0.19 0 4.5599474676386555e-08
0.13 0.2 0 4.1562830950241416e-08
0.13 0.21 0 3.2856863697959384e-08
0.13 0.22 0 3.7099505371426415e-08
0.13 0.23 0 1.879492130948413e-09
0.13 0.24 0 2.085688293915695e-09
0.13 0.25 0 3.0802897003749778e-09
0.13 0.26 0 5.496938848958829e-09
0.13 0.27 0 1.5744480770197377e-08
0.13 0.28 0 9.941648168391548e-08
0.13 0.29 0 6.203981330646362e-07
0.13 0.3 0 5.183912420172995e-07
0.13 0.31 0 2.7875566977622666e-07
0.13 0.32 0 1.8571864281839542e-07
0.13 0.33 0 8.733934508707401e-08
0.13 0.34 0 9.27120172821408e-08
0.13 0.35000000000000003 0 9.031591538273171e-08
0.13 0.36 0 1.2672556005453223e-07
0.13 0.37 0 6.217374640394221e-08
0.13 0.38 0 4.291641176025555e-08
0.13 0.39 0 4.990998079546986e-08
0.13 0.4 0 7.726676009577708e-08
0.13 0.41000000000000003 0 2.5247261715977884e-07
0.13 0.42 0 3.4427258698826257e-07
0.13 0.43 0 1.2179991718557704e-07
0.13 0.44 0 2.1693888996352073e-07
0.13 0.45 0 8.358151929056249e-08
0.13 0.46 0 2.119358307819887e-07
0.13 0.47000000000000003 0 1.5062369737629608e-07
0.13 0.48 0 4.338763461499427e-07
0.13 0.49 0 6.212411290650412e-07
0.13 0.5 0 2.070734465242684e-06
0.14 0.0 0 6.168280781116234e-07
0.14 0.01 0 7.442597200107326e-07
0.14 0.02 0 2.6602044719574913e-07
0.14 0.03 0 2.0563845528632457e-07
0.14 0.04 0 8.006914549313251e-08
0.14 0.05 0 1.7741009344680852e-07
0.14 0.06 0 1.3438118009932473e-07
0.14 0.07 0 1.48538101636145e-07
0.14 0.08 0 5.145674610997357e-07
0.14 0.09 0 2.621002761449356e-07
0.14 0.1 0 1.6776935249296167e-07
0.14 0.11 0 2.0107348499620593e-07
0.14 0.12 0 8.395474877457889e-08
0.14 0.13 0 3.302485466288351e-08
0.14 0.14 0 1.7169761583185275e-08
0.14 0.15 0 4.062691384515005e-08
0.14 0.16 0 4.1085447892884674e-08
0.14 0.17 0 2.6240999675168314e-08
0.14 0.18 0 8.363512815499196e-08
0.14 0.19 0 2.9442962830776356e-08
0.14 0.2 0 1.8551998099113247e-08
0.14 0.21 0 1.7697826177091304e-08
0.14 0.22 0 1.6242200474903436e-08
0.14 0.23 0 5.154013964684768e-09
0.14 0.24 0 2.099222360189295e-09
0.14 0.25 0 6.2594483473093525e-09
0.14 0.26 0 3.915268640273475e-09
0.14 0.27 0 7.381929111459623e-09
0.14 0.28 0 6.65501211483939e-08
0.14 0.29 0 2.851064857231895e-07
0.14 0.3 0 2.6334482678809916e-07
0.14 0.31 0 1.6124451921946564e-07
0.14 0.32 0 1.5209649475822954e-07
0.14 0.33 0 9.998059108792182e-08
0.14 0.34 0 1.4811727323257657e-07
0.14 0.35000000000000003 0 7.200707997548655e-08
0.14 0.36 0 1.1508224859223613e-07
0.14 0.37 0 1.019658850337494e-07
0.14 0.38 0 8.460091997774411e-08
0.14 0.39 0 3.50742820241763e-08
0.14 0.4 0 9.897990859583162e-08
0.14 0.41000000000000003 0 3.5754647113261125e-07
0.14 0.42 0 5.081663025354747e-07
0.14 0.43 0 4.929261536117809e-07
0.14 0.44 0 3.372446448622717e-07
0.14 0.45 0 2.325585856311619e-07
0.14 0.46 0 1.693650523274926e-07
0.14 0.47000000000000003 0 7.362224549910113e-08
0.14 0.48 0 2.0454010952683885e-07
0.14 0.49 0 1.4073155928323803e-07
0.14 0.5 0 1.9795341664089056e-07
0.15 0.0 0 8.569846363341362e-08
0.15 0.01 0 1.7816070382150516e-07
0.15 0.02 0 9.630112726116617e-08
0.15 0.03 0 3.7948450786165254e-08
0.15 0.04 0 8.265229659499965e-08
0.15 0.05 0 7.209706102552204e-08
0.15 0.06 0 9.572984716235669e-08
0.15 0.07 0 6.307497889505994e-08
0.15 0.08 0 1.738116905653216e-07
0.15 0.09 0 9.600998292423876e-07
0.15 0.1 0 5.006100321116805e-07
0.15 0.11 0 1.8451636459005438e-07
0.15 0.12 0 3.8943174874840364e-07
0.15 0.13 0 1.17670833354075e-07
0.15 0.14 0 2.1199434356451134e-08
0.15 0.15 0 2.0577893863673713e-08
0.15 0.16 0 4.281766627145733e-08
0.15 0.17 0 3.679160492154136e-08
0.15 0.18 0 4.392042696108322e-08
0.15 0.19 0 8.422026044757623e-08
0.15 0.2 0 4.7664936875446995e-08
0.15 0.21 0 8.276695495952315e-09
0.15 0.22 0 9.604535908604237e-09
0.15 0.23 0 1.1522103295992008e-08
0.15 0.24 0 1.2561850360717347e-08
0.15 0.25 0 4.3381670540542385e-08
0.15 0.26 0 4.3774654311980944e-08
0.15 0.27 0 3.821792872116457e-08
0.15 0.28 0 7.558442956209685e-08
0.15 0.29 0 1.8958193454770615e-07
0.15 0.3 0 1.7764436949712828e-07
0.15 0.31 0 7.819529406717984e-08
0.15 0.32 0 1.6788747569314374e-07
0.15 0.33 0 5.8626230876343264e-08
0.15 0.34 0 8.839095626471922e-08
0.15 0.35000000000000003 0 1.0849335198362823e-07
0.15 0.36 0 8.730805999315166e-08
0.15 0.37 0 4.3326141864433395e-08
0.15 0.38 0 2.176046508807321e-08
0.15 0.39 0 3.1356415556034913e-08
0.15 0.4 0 1.85555033417815e-08
0.15 0.41000000000000003 0 6.558195438788262e-08
0.15 0.42 0 4.651724037995608e-07
0.15 0.43 0 1.0810194074570813e-07
0.15 0.44 0 1.387698764064606e-07
0.15 0.45 0 1.7577553481055812e-07
0.15 0.46 0 1.036037167274148e-07
0.15 0.47000000000000003 0 5.511133253705421e-08
0.15 0.48 0 1.555802162588314e-07
0.15 0.49 0 2.863057111900367e-07
0.15 0.5 0 1.0329808194706367e-07
0.16 0.0 0 4.2258032570928673e-07
0.16 0.01 0 2.8137811848940055e-07
0.16 0.02 0 1.562398190884711e-07
0.16 0.03 0 4.342760752163059e-08
0.16 0.04 0 2.7314955284234497e-08
0.16 0.05 0 3.79056951544984e-08
0.16 0.06 0 5.8523841865890323e-08
0.16 0.07 0 1.3149849550461232e-08
0.16 0.08 0 2.7160764990330274e-08
0.16 0.09 0 1.0943486838621274e-07
0.16 0.1 0 8.434092426757321e-08
0.16 0.11 0 7.594149774768192e-08
0.16 0.12 0 1.0476945685083316e-07
0.16 0.13 0 1.7689074315422647e-07
0.16 0.14 0 5.1385010608586605e-08
0.16 0.15 0 1.4690508532932045e-08
0.16 0.16 0 2.5933471598043688e-08
0.16 0.17 0 7.03976531062368e-09
0.16 0.18 0 1.4876186396019245e-08
0.16 0.19 0 1.1061113947121772e-08
0.16 0.2 0 1.100279189203033e-08
0.16 0.21 0 8.475649340194238e-09
0.16 0.22 0 4.633066920916834e-09
0.16 0.23 0 4.739993019458626e-09
0.16 0.24 0 9.18708428170969e-09
0.16 0.25 0 2.2001692447947142e-08
0.16 0.26 0 2.5929870378650915e-08
0.16 0.27 0 1.2258443788451052e-08
0.16 0.28 0 1.6645154693222673e-08
0.16 0.29 0 1.4636255449017323e-08
0.16 0.3 0 4.177265408060249e-08
0.16 0.31 0 4.5672432700951275e-08
0.16 0.32 0 7.155085391643805e-08
0.16 0.33 0 6.546626613934432e-08
0.16 0.34 0 4.195211274028994e-08
0.16 0.35000000000000003 0 6.160826385469094e-08
0.16 0.36 0 3.9755121383013505e-08
0.16 0.37 0 1.7230088785813513e-08
0.16 0.38 0 1.0853281012776296e-08
0.16 0.39 0 2.6850370772312324e-09
0.16 0.4 0 3.734480595919123e-09
0.16 0.41000000000000003 0 3.483336148328061e-08
0.16 0.42 0 1.8495269162722863e-07
0.16 0.43 0 2.6844636543193174e-07
0.16 0.44 0 5.364502408853022e-07
0.16 0.45 0 3.565164501461603e-07
0.16 0.46 0 5.028392000647879e-07
0.16 0.47000000000000003 0 1.4803399978305839e-07
0.16 0.48 0 9.746657007929108e-08
0.16 0.49 0 6.62765879505175e-08
0.16 0.5 0 5.122442858996587e-08
0.17 0.0 0 5.307880312698233e-07
0.17 0.01 0 1.1579351298666743e-07
0.17 0.02 0 2.424652389860192e-07
0.17 0.03 0 7.440612320471375e-08
0.17 0.04 0 5.709346573883372e-08
0.17 0.05 0 1.9616390353828268e-08
0.17 0.06 0 1.7551055756892962e-08
0.17 0.07 0 3.679935661193177e-08
0.17 0.08 0 4.50677786498627e-08
0.17 0.09 0 5.5488719732882024e-08
0.17 0.1 0 4.703003709376542e-08
0.17 0.11 0 3.2851855993798365e-08
0.17 0.12 0 8.553787222251745e-08
0.17 0.13 0 9.222038844813187e-08
0.17 0.14 0 1.145279605395118e-07
0.17 0.15 0 4.2969864545764083e-08
0.17 0.16 0 4.168247390734255e-08
0.17 0.17 0 4.123366976734229e-08
0.17 0.18 0 5.4939765690502386e-08
0.17 0.19 0 2.1638540626553674e-08
0.17 0.2 0 1.8669753115203514e-08
0.17 0.21 0 1.448444343691585e-08
0.17 0.22 0 2.1639673741550282e-08
0.17 0.23 0 1.579624911327127e-08
0.17 0.24 0 2.8510816482553754e-08
0.17 0.25 0 2.3488665741906807e-08
0.17 0.26 0 2.783559653818323e-08
0.17 0.27 0 1.2750752129862864e-08
0.17 0.28 0 1.348469482435972e-08
0.17 0.29 0 1.7385449122751585e-08
0.17 0.3 0 3.561390009810364e-08
0.17 0.31 0 9.10858150436859e-09
0.17 0.32 0 7.658467756433592e-09
0.17 0.33 0 5.3494432100770396e-09
0.17 0.34 0 3.048930795513807e-09
0.17 0.35000000000000003 0 3.9352753057290565e-09
0.17 0.36 0 4.371568030581868e-09
0.17 0.37 0 6.755205909088095e-09
0.17 0.38 0 3.2097039200131384e-09
0.17 0.39 0 2.4791511951133578e-09
0.17 0.4 0 1.149968428835576e-08
0.17 0.41000000000000003 0 1.2112580113147066e-08
0.17 0.42 0 8.941291017597806e-08
0.17 0.43 0 1.9131476806401229e-07
0.17 0.44 0 8.571010628510798e-07
0.17 0.45 0 4.463031370703008e-07
0.17 0.46 0 2.896929723911162e-07
0.17 0.47000000000000003 0 4.4413274778375906e-07
0.17 0.48 0 2.842392058883449e-07
0.17 0.49 0 3.4638769925019954e-07
0.17 0.5 0 5.276152677055164e-07
0.18 0.0 0 2.0586477997662005e-06
0.18 0.01 0 1.6240440791564883e-07
0.18 0.02 0 5.570359694724155e-08
0.18 0.03 0 1.069557562572087e-07
0.18 0.04 0 3.490664663622949e-08
0.18 0.05 0 8.060407954339344e-09
0.18 0.06 0 1.8688623726782878e-08
0.18 0.07 0 1.127019375589953e-08
0.18 0.08 0 2.100341628626684e-08
0.18 0.09 0 6.717968825723867e-08
0.18 0.1 0 1.48496284976934e-07
0.18 0.11 0 2.338540976820358e-07
0.18 0.12 0 9.755565617951783e-07
0.18 0.13 0 3.677203408243552e-07
0.18 0.14 0 4.4507087780294536e-07
0.18 0.15 0 1.0485189041051029e-07
0.18 0.16 0 1.0566342443873252e-07
0.18 0.17 0 1.6962950373609708e-08
0.18 0.18 0 3.165025765468967e-08
0.18 0.19 0 8.697865230408648e-08
0.18 0.2 0 6.030802459050283e-08
0.18 0.21 0 5.968397020839131e-08
0.18 0.22 0 1.3297758779975297e-07
0.18 0.23 0 8.93753321708084e-08
0.18 0.24 0 3.6371053376040425e-08
0.18 0.25 0 9.301026478916072e-08
0.18 0.26 0 2.5142050750914864e-07
0.18 0.27 0 3.1672455670544583e-08
0.18 0.28 0 4.8500113958303983e-08
0.18 0.29 0 3.608350707580884e-08
0.18 0.3 0 4.0838962925135023e-08
0.18 0.31 0 3.86970374143143e-08
0.18 0.32 0 2.298579306270815e-08
0.18 0.33 0 5.9418551492019325e-09
0.18 0.34 0 6.1969032449141005e-09
0.18 0.35000000000000003 0 1.046487002858218e-08
0.18 0.36 0 4.115696629864925e-08
0.18 0.37 0 7.131444736123469e-09
0.18 0.38 0 1.2339105047942016e-08
0.18 0.39 0 4.581437715584321e-09
0.18 0.4 0 5.331390148748382e-09
0.18 0.41000000000000003 0 1.84676517617317e-08
0.18 0.42 0 9.042787755660574e-08
0.18 0.43 0 2.5318125117213544e-07
0.18 0.44 0 1.4550853294494595e-06
0.18 0.45 0 1.395478669822618e-06
0.18 0.46 0 3.963812722490946e-07
0.18 0.47000000000000003 0 7.85950480743816e-07
0.18 0.48 0 1.8502518701226728e-06
0.18 0.49 0 1.8193580649236621e-06
0.18 0.5 0 8.655875940764568e-07
0.19 0.0 0 3.913777199399261e-07
0.19 0.01 0 8.045076387086636e-08
0.19 0.02 0 5.482743270777126e-08
0.19 0.03 0 1.8407268549228273e-08
0.19 0.04 0 1.0291850628331638e-08
0.19 0.05 0 8.895867416949572e-09
0.19 0.06 0 9.338160995988977e-09
0.19 0.07 0 1.1850495135773208e-08
0.19 0.08 0 4.098944521779226e-08
0.19 0.09 0 3.277616806978814e-08
0.19 0.1 0 1.0129932864531275e-07
0.19 0.11 0 1.2570376328798616e-07
0.19 0.12 0 7.69469137283237e-07
0.19 0.13 0 4.4059805452006547e-07
0.19 0.14 0 4.4955461967474187e-07
0.19 0.15 0 1.3982745716690058e-07
0.19 0.16 0 6.074762556621887e-08
0.19 0.17 0 3.375733278068064e-08
0.19 0.18 0 1.2035417811225128e-08
0.19 0.19 0 1.152412567146765e-08
0.19 0.2 0 3.4030215433255936e-08
0.19 0.21 0 3.393479403888154e-08
0.19 0.22 0 5.06993608324605e-08
0.19 0.23 0 4.635486601335209e-08
0.19 0.24 0 1.9169613695672958e-07
0.19 0.25 0 2.7923535212667736e-07
0.19 0.26 0 4.882038284516231e-07
0.19 0.27 0 2.4499370093951015e-07
0.19 0.28 0 1.8602517825088744e-07
0.19 0.29 0 3.624084977739337e-08
0.19 0.3 0 6.54383329931941e-08
0.19 0.31 0 3.936347312607945e-08
0.19 0.32 0 4.627729990715235e-08
0.19 0.33 0 1.8711649452376494e-08
0.19 0.34 0 3.0306373251373845e-08
0.19 0.35000000000000003 0 3.975607627324049e-08
0.19 0.36 0 8.360630645846078e-08
0.19 0.37 0 7.43290552224033e-08
0.19 0.38 0 1.0734866890363265e-07
0.19 0.39 0 4.9422923849255996e-08
0.19 0.4 0 1.0444544393741568e-07
0.19 0.41000000000000003 0 4.6858220492226085e-08
0.19 0.42 0 2.0928634044411608e-07
0.19 0.43 0 8.61355155016923e-07
0.19 0.44 0 1.0025098400286001e-06
0.19 0.45 0 2.164210181508758e-06
0.19 0.46 0 2.8323785324769183e-06
0.19 0.47000000000000003 0 4.472847586122512e-06
0.19 0.48 0 8.776303233664275e-06
0.19 0.49 0 5.564072665637775e-06
0.19 0.5 0 2.822558706277794e-06
0.2 0.0 0 2.352246229503161e-08
0.2 0.01 0 3.4033287933370843e-08
0.2 0.02 0 7.693878409545846e-08
0.2 0.03 0 1.1774729041551824e-07
0.2 0.04 0 3.225202665645382e-07
0.2 0.05 0 1.7891595577271047e-07
0.2 0.06 0 3.3673075253208736e-07
0.2 0.07 0 4.820125360275163e-07
0.2 0.08 0 3.294770830885107e-07
0.2 0.09 0 4.1507291781484905e-07
0.2 0.1 0 1.361032029649299e-06
0.2 0.11 0 8.393643424126101e-07
0.2 0.12 0 6.129215393054808e-07
0.2 0.13 0 7.390123352231714e-07
0.2 0.14 0 6.523542873838858e-07
0.2 0.15 0 1.5105893369111483e-07
0.2 0.16 0 1.9184756144439767e-07
0.2 0.17 0 1.954559755151267e-07
0.2 0.18 0 9.447993356363275e-08
0.2 0.19 0 6.780084096102143e-08
0.2 0.2 0 1.2855015687815988e-07
0.2 0.21 0 2.9179559620010464e-08
0.2 0.22 0 1.1323113941863068e-08
0.2 0.23 0 1.8696001468941886e-08
0.2 0.24 0 1.1469697326243277e-07
0.2 0.25 0 3.26059385299192e-08
0.2 0.26 0 1.3456205081671052e-07
0.2 0.27 0 5.663681576942151e-08
0.2 0.28 0 6.70258584652201e-08
0.2 0.29 0 4.7591032426165354e-08
0.2 0.3 0 6.257650537789336e-08
0.2 0.31 0 1.1658680605530667e-07
0.2 0.32 0 2.2604097361043329e-07
0.2 0.33 0 1.3977355184901138e-07
0.2 0.34 0 1.8205159585356564e-07
0.2 0.35000000000000003 0 1.2348938190510212e-07
0.2 0.36 0 2.620250772191451e-07
0.2 0.37 0 2.7476910032678885e-08
0.2 0.38 0 2.072757880368034e-08
0.2 0.39 0 1.7866083565011083e-07
0.2 0.4 0 1.8559232709811017e-07
0.2 0.41000000000000003 0 5.625296548475029e-08
0.2 0.42 0 3.7672913411412964e-07
0.2 0.43 0 1.83173701417062e-06
0.2 0.44 0 1.0741872657422328e-06
0.2 0.45 0 9.316178277812156e-07
0.2 0.46 0 6.1427371427447435e-06
0.2 0.47000000000000003 0 2.2582740699921618e-06
0.2 0.48 0 2.9540131201342265e-06
0.2 0.49 0 2.383179159447864e-06
0.2 0.5 0 3.2907021975146864e-06
0.21 0.0 0 4.0401390069689185e-07
0.21 0.01 0 2.0359723064294299e-07
0.21 0.02 0 7.945341069015362e-07
0.21 0.03 0 1.7641804692828503e-06
0.21 0.04 0 1.1618780256796095e-06
0.21 0.05 0 2.057507771073626e-06
0.21 0.06 0 4.34694393710557e-06
0.21 0.07 0 2.3093286418085837e-06
0.21 0.08 0 8.006389412382382e-07
0.21 0.09 0 1.0037838961233374e-06
0.21 0.1 0 2.4255694630675877e-06
0.21 0.11 0 1.4250377384038835e-06
0.21 0.12 0 1.091998029296211e-06
0.21 0.13 0 8.189929434414176e-07
0.21 0.14 0 7.559342018388085e-07
0.21 0.15 0 3.863319257599928e-06
0.21 0.16 0 3.838672163389845e-06
0.21 0.17 0 1.0114100065611871e-06
0.21 0.18 0 5.096290204192118e-07
0.21 0.19 0 1.4438817255356816e-07
0.21 0.2 0 7.859384267601471e-08
0.21 0.21 0 1.4637692427505156e-08
0.21 0.22 0 6.768981464838615e-08
0.21 0.23 0 4.8019709725110726e-08
0.21 0.24 0 1.9566800818991922e-07
0.21 0.25 0 3.040812167788986e-07
0.21 0.26 0 3.5041503670784926e-07
0.21 0.27 0 2.3612114993745126e-07
0.21 0.28 0 7.076698179317635e-07
0.21 0.29 0 3.9179393941441287e-07
0.21 0.3 0 3.6313201353137494e-07
0.21 0.31 0 5.046599293580601e-07
0.21 0.32 0 1.1115395642376938e-06
0.21 0.33 0 4.4936865946675725e-07
0.21 0.34 0 9.545308179170566e-08
0.21 0.35000000000000003 0 2.108241107501204e-07
0.21 0.36 0 3.860771886590497e-07
0.21 0.37 0 1.4677473049611415e-07
0.21 0.38 0 2.6865200328905166e-07
0.21 0.39 0 2.4537061128695335e-07
0.21 0.4 0 3.2557350708978834e-07
0.21 0.41000000000000003 0 2.5881803306036216e-07
0.21 0.42 0 1.606859961152725e-06
0.21 0.43 0 5.220546328012144e-06
0.21 0.44 0 9.999876745204388e-06
0.21 0.45 0 3.4480824880001072e-06
0.21 0.46 0 8.975752738688888e-06
0.21 0.47000000000000003 0 5.405697363515818e-06
0.21 0.48 0 9.533149086790371e-06
0.21 0.49 0 1.7535196595330343e-06
0.21 0.5 0 5.367239935559541e-06
0.22 0.0 0 8.740116911745087e-08
0.22 0.01 0 3.960467366943781e-07
0.22 0.02 0 4.673547670590624e-07
0.22 0.03 0 2.0150846073560826e-06
0.22 0.04 0 4.2077184189418905e-06
0.22 0.05 0 2.320584759126704e-06
0.22 0.06 0 8.820973458942777e-07
0.22 0.07 0 1.692802907503545e-06
0.22 0.08 0 2.1727363770205203e-06
0.22 0.09 0 1.0963055329415876e-06
0.22 0.1 0 1.1249984115778792e-06
0.22 0.11 0 1.49471463796648e-06
0.22 0.12 0 1.4661222271963883e-06
0.22 0.13 0 9.334659872611978e-07
0.22 0.14 0 3.1644940682677196e-06
0.22 0.15 0 5.876451886136591e-06
0.22 0.16 0 2.1367707648336346e-05
0.22 0.17 0 8.870989139773154e-06
0.22 0.18 0 4.748786251830589e-06
0.22 0.19 0 2.2301914441324274e-06
0.22 0.2 0 6.671198740099594e-07
0.22 0.21 0 1.422463241143073e-07
0.22 0.22 0 2.2821209449514092e-07
0.22 0.23 0 1.0334565128898936e-06
0.22 0.24 0 4.597014389823636e-06
0.22 0.25 0 1.6270915412274251e-06
0.22 0.26 0 1.376089101540766e-06
0.22 0.27 0 1.3936609145566126e-06
0.22 0.28 0 3.576666301156594e-07
0.22 0.29 0 7.235431698694317e-07
0.22 0.3 0 7.682514792324474e-07
0.22 0.31 0 3.5986223892365323e-07
0.22 0.32 0 5.204650453963885e-07
0.22 0.33 0 3.2184402219538425e-07
0.22 0.34 0 1.1312154440635543e-07
0.22 0.35000000000000003 0 1.5829119023962487e-08
0.22 0.36 0 1.2428647773671544e-07
0.22 0.37 0 1.7114526035157757e-07
0.22 0.38 0 2.0064760774458427e-07
0.22 0.39 0 3.5766300988072273e-07
0.22 0.4 0 1.9232103679291436e-06
0.22 0.41000000000000003 0 2.1985113463557565e-06
0.22 0.42 0 5.924871727697766e-06
0.22 0.43 0 1.3141233427539215e-05
0.22 0.44 0 4.383825993950441e-05
0.22 0.45 0 9.95005371350415e-06
0.22 0.46 0 1.0861129929990869e-05
0.22 0.47000000000000003 0 3.7515155019795663e-06
0.22 0.48 0 3.767379737623076e-06
0.22 0.49 0 4.301324829660603e-06
0.22 0.5 0 1.0588446072629373e-05
0.23 0.0 0 4.4269000146436316e-07
0.23 0.01 0 1.983787201742655e-06
0.23 0.02 0 9.230425562531715e-07
0.23 0.03 0 3.2948671535105713e-06
0.23 0.04 0 4.456768069393442e-06
0.23 0.05 0 2.426510831690973e-06
0.23 0.06 0 1.4736947128668233e-06
0.23 0.07 0 1.141222334396101e-06
0.23 0.08 0 1.1289892251009965e-06
0.23 0.09 0 5.319790320919102e-07
0.23 0.1 0 8.928966133090158e-07
0.23 0.11 0 4.968005287733362e-07
0.23 0.12 0 1.2384588184232552e-06
0.23 0.13 0 5.63396291311375e-06
0.23 0.14 0 1.2155677860948069e-05
0.23 0.15 0 2.613691050485724e-05
0.23 0.16 0 5.529861624721639e-05
0.23 0.17 0 4.780154920932162e-05
0.23 0.18 0 2.7525340750361326e-05
0.23 0.19 0 2.7005152395906986e-05
0.23 0.2 0 4.631469385441951e-05
0.23 0.21 0 2.552767932643466e-06
0.23 0.22 0 9.178518371252691e-07
0.23 0.23 0 3.6633759934326327e-06
0.23 0.24 0 7.078420698837979e-07
0.23 0.25 0 3.6685493954495326e-07
0.23 0.26 0 1.1257773894468149e-06
0.23 0.27 0 2.283947137902598e-06
0.23 0.28 0 1.1021289248265897e-06
0.23 0.29 0 1.0767787317117974e-06
0.23 0.3 0 1.940115184484016e-06
0.23 0.31 0 5.951326602570297e-07
0.23 0.32 0 2.945536167501216e-07
0.23 0.33 0 3.250037732532546e-07
0.23 0.34 0 1.9672422004899528e-07
0.23 0.35000000000000003 0 4.9084923025111216e-08
0.23 0.36 0 1.798452542665255e-07
0.23 0.37 0 1.1660834397778494e-07
0.23 0.38 0 1.1632538342474063e-07
0.23 0.39 0 8.119921481401259e-08
0.23 0.4 0 3.821037242587915e-07
0.23 0.41000000000000003 0 8.579541664569904e-07
0.23 0.42 0 2.779986312702211e-06
0.23 0.43 0 2.8355062633350695e-06
0.23 0.44 0 7.115893855397009e-06
0.23 0.45 0 7.695807863110636e-06
0.23 0.46 0 5.388286017737766e-06
0.23 0.47000000000000003 0 1.129250925426042e-06
0.23 0.48 0 1.546987503503766e-06
0.23 0.49 0 2.045883950317828e-06
0.23 0.5 0 9.325730532914938e-06
0.24 0.0 0 2.91344159106794e-06
0.24 0.01 0 1.0731223746161372e-05
0.24 0.02 0 2.0733465084001767e-05
0.24 0.03 0 6.436109803777449e-06
0.24 0.04 0 1.6543864720135509e-06
0.24 0.05 0 5.35215896523965e-07
0.24 0.06 0 6.710076676427375e-07
0.24 0.07 0 3.6685480035974074e-07
0.24 0.08 0 8.475121368715558e-07
0.24 0.09 0 2.5290789815849816e-06
0.24 0.1 0 1.6686545921121048e-06
0.24 0.11 0 1.661718387500775e-06
0.24 0.12 0 4.099185406025642e-06
0.24 0.13 0 8.367060631307712e-06
0.24 0.14 0 1.7867355133054783e-05
0.24 0.15 0 1.7258870556192946e-05
0.24 0.16 0 2.34728584812435e-05
0.24 0.17 0 5.7103674149378796e-05
0.24 0.18 0 2.446137787347791e-05
0.24 0.19 0 1.707666906369665e-05
0.24 0.2 0 1.883864511978106e-05
0.24 0.21 0 1.5784978440559568e-05
0.24 0.22 0 8.182768604945955e-06
0.24 0.23 0 3.1485719325871802e-06
0.24 0.24 0 1.6790656264781562e-06
0.24 0.25 0 6.92914426208078e-07
0.24 0.26 0 4.56055461721632e-07
0.24 0.27 0 1.8899474798715917e-06
0.24 0.28 0 3.345499391795165e-06
0.24 0.29 0 1.8809911715969638e-06
0.24 0.3 0 2.1542342012685106e-06
0.24 0.31 0 1.6452196568045833e-06
0.24 0.32 0 9.489615083577329e-07
0.24 0.33 0 1.66406030179658e-07
0.24 0.34 0 3.685791952132698e-07
0.24 0.35000000000000003 0 8.31991256608028e-08
0.24 0.36 0 5.0551758841976886e-08
0.24 0.37 0 2.821760228412248e-07
0.24 0.38 0 8.423596650277389e-07
0.24 0.39 0 1.0834374788168933e-06
0.24 0.4 0 2.840709151065647e-06
0.24 0.41000000000000003 0 1.1221279944048802e-05
0.24 0.42 0 1.202106827022923e-05
0.24 0.43 0 5.450282653380072e-06
0.24 0.44 0 1.1647407278413113e-05
0.24 0.45 0 2.976825966693418e-06
0.24 0.46 0 1.3641534528152103e-06
0.24 0.47000000000000003 0 4.316411895538794e-07
0.24 0.48 0 3.604972236586438e-07
0.24 0.49 0 8.94794453222494e-07
0.24 0.5 0 5.150891023218636e-06
0.25 0.0 0 2.8276852926842273e-06
0.25 0.01 0 3.400078611548263e-06
0.25 0.02 0 1.0337116637242493e-05
0.25 0.03 0 1.28671234325555e-05
0.25 0.04 0 6.623532289824019e-06
0.25 0.05 0 4.831609105548879e-07
0.25 0.06 0 3.3380960088025234e-07
0.25 0.07 0 4.4171030255180087e-07
0.25 0.08 0 4.841028825881425e-07
0.25 0.09 0 3.77198590560053e-07
0.25 0.1 0 1.2767794204012288e-06
0.25 0.11 0 2.038289724480082e-06
0.25 0.12 0 1.0006018990859647e-06
0.25 0.13 0 1.0533440098689892e-05
0.25 0.14 0 1.538330456380154e-05
0.25 0.15 0 1.116561536574084e-05
0.25 0.16 0 6.425188913233277e-06
0.25 0.17 0 9.905423727652787e-06
0.25 0.18 0 2.1827086111504025e-05
0.25 0.19 0 8.107036099862236e-06
0.25 0.2 0 1.213474028579616e-05
0.25 0.21 0 1.0068412879567294e-05
0.25 0.22 0 1.722952464408334e-06
0.25 0.23 0 8.921416619961127e-07
0.25 0.24 0 7.704392691254902e-07
0.25 0.25 0 5.116461382887149e-07
0.25 0.26 0 6.24480034618127e-07
0.25 0.27 0 4.986717240949745e-07
0.25 0.28 0 7.327838058890429e-07
0.25 0.29 0 1.6798885613380994e-07
0.25 0.3 0 9.354104922204009e-08
0.25 0.31 0 7.065815544144235e-08
0.25 0.32 0 4.499353185933712e-08
0.25 0.33 0 3.040640610839312e-08
0.25 0.34 0 8.938438069477685e-08
0.25 0.35000000000000003 0 2.1470903970393303e-07
0.25 0.36 0 1.8851987000203225e-07
0.25 0.37 0 3.3463309117778487e-07
0.25 0.38 0 1.0467335886042478e-06
0.25 0.39 0 4.359516620952536e-06
0.25 0.4 0 2.059700760154929e-05
0.25 0.41000000000000003 0 1.295731761021071e-05
0.25 0.42 0 7.124572757971151e-06
0.25 0.43 0 4.098385695629283e-06
0.25 0.44 0 2.486159441432362e-06
0.25 0.45 0 8.151840931710243e-07
0.25 0.46 0 7.197331774410576e-07
0.25 0.47000000000000003 0 2.185367215906185e-07
0.25 0.48 0 4.907159315671503e-07
0.25 0.49 0 8.528533332972767e-07
0.25 0.5 0 4.2441187907433e-06
0.26 0.0 0 4.026656379997424e-06
0.26 0.01 0 2.262611782691263e-06
0.26 0.02 0 1.461045128907322e-06
0.26 0.03 0 6.458031779639349e-07
0.26 0.04 0 7.331146452506824e-07
0.26 0.05 0 1.5267600969493282e-07
0.26 0.06 0 2.5909289446434313e-07
0.26 0.07 0 2.586765561279691e-06
0.26 0.08 0 1.7882877532606164e-06
0.26 0.09 0 8.671232805776031e-07
0.26 0.1 0 8.231020899567824e-07
0.26 0.11 0 5.53859949512266e-07
0.26 0.12 0 4.0566187254794446e-07
0.26 0.13 0 3.7036039026381924e-07
0.26 0.14 0 2.4168633430097237e-06
0.26 0.15 0 3.851426584222073e-06
0.26 0.16 0 4.008977121745553e-06
0.26 0.17 0 4.374871550217776e-06
0.26 0.18 0 5.609880543881092e-06
0.26 0.19 0 3.5980056720205684e-06
0.26 0.2 0 4.266113434521366e-06
0.26 0.21 0 6.781296833996705e-06
0.26 0.22 0 5.204113869594819e-06
0.26 0.23 0 1.0800817622027093e-06
0.26 0.24 0 3.670743982626979e-07
0.26 0.25 0 2.8094788116397147e-07
0.26 0.26 0 1.5694196801509563e-07
0.26 0.27 0 1.6029349862730868e-07
0.26 0.28 0 2.0155935645877608e-07
0.26 0.29 0 1.33369442120552e-07
0.26 0.3 0 1.6620852278219225e-07
0.26 0.31 0 7.262713682159952e-08
0.26 0.32 0 1.2907029188399005e-07
0.26 0.33 0 1.2562177915433044e-07
0.26 0.34 0 1.9459498076109606e-07
0.26 0.35000000000000003 0 8.268937522138637e-08
0.26 0.36 0 5.1465791465553913e-08
0.26 0.37 0 6.213004491824108e-08
0.26 0.38 0 1.243699532294523e-07
0.26 0.39 0 6.332816670791395e-07
0.26 0.4 0 3.0594322587349936e-06
0.26 0.41000000000000003 0 2.5107795187610733e-06
0.26 0.42 0 4.584099979681303e-06
0.26 0.43 0 2.5588343831443e-06
0.26 0.44 0 3.486756485187499e-06
0.26 0.45 0 2.2794404463502584e-06
0.26 0.46 0 1.1970625193488982e-06
0.26 0.47000000000000003 0 8.686448822528105e-07
0.26 0.48 0 2.0247281068160375e-07
0.26 0.49 0 4.2751844789246984e-07
0.26 0.5 0 1.3144178711730615e-06
0.27 0.0 0 5.883079692025376e-06
0.27 0.01 0 1.0706409379070813e-05
0.27 0.02 0 7.107028147273369e-06
0.27 0.03 0 1.9482304060987118e-06
0.27 0.04 0 2.3251548010751043e-06
0.27 0.05 0 1.3758156805843258e-06
0.27 0.06 0 4.923409265650933e-07
0.27 0.07 0 1.0866033451333256e-06
0.27 0.08 0 1.8781974182345658e-05
0.27 0.09 0 9.055621322922445e-06
0.27 0.1 0 2.32984752606852e-06
0.27 0.11 0 2.9853979339681983e-06
0.27 0.12 0 1.196363120975033e-06
0.27 0.13 0 3.3771286447316683e-07
0.27 0.14 0 1.0247956325229064e-06
0.27 0.15 0 1.8002430265056263e-06
0.27 0.16 0 4.056104394611175e-06
0.27 0.17 0 1.810802465476976e-06
0.27 0.18 0 3.192979010944423e-06
0.27 0.19 0 9.70059509022511e-07
0.27 0.2 0 5.53740081367986e-07
0.27 0.21 0 1.6866888477935e-06
0.27 0.22 0 1.6554042216310864e-06
0.27 0.23 0 1.0945654257387376e-06
0.27 0.24 0 1.7307477992370706e-06
0.27 0.25 0 8.386249931111494e-07
0.27 0.26 0 6.19127564852039e-07
0.27 0.27 0 3.3636667441334694e-07
0.27 0.28 0 3.610193725265765e-07
0.27 0.29 0 1.2188277820067044e-07
0.27 0.3 0 2.234364340231563e-07
0.27 0.31 0 1.5412100028007203e-07
0.27 0.32 0 1.9977392600137894e-07
0.27 0.33 0 1.8451630640164292e-06
0.27 0.34 0 5.9676853140415245e-06
0.27 0.35000000000000003 0 1.0767390379900757e-06
0.27 0.36 0 2.2622058908686219e-07
0.27 0.37 0 6.541423610103493e-08
0.27 0.38 0 1.861080467006862e-07
0.27 0.39 0 2.848395626347664e-07
0.27 0.4 0 1.6284569235556226e-06
0.27 0.41000000000000003 0 3.0176066295798986e-06
0.27 0.42 0 2.9178962697406346e-06
0.27 0.43 0 2.7125523474234497e-06
0.27 0.44 0 2.8831508300255392e-06
0.27 0.45 0 3.196168843884104e-06
0.27 0.46 0 8.5970769912965e-06
0.27 0.47000000000000003 0 8.166430051625048e-06
0.27 0.48 0 2.2018444120248367e-06
0.27 0.49 0 1.9769975519218408e-06
0.27 0.5 0 1.7407480289415075e-06
0.28 0.0 0 1.2858797285932204e-05
0.28 0.01 0 6.960933125318295e-06
0.28 0.02 0 1.4516265954675576e-05
0.28 0.03 0 3.430662834765855e-06
0.28 0.04 0 4.135827202613461e-06
0.28 0.05 0 5.021107873229563e-06
0.28 0.06 0 2.368571309441739e-06
0.28 0.07 0 2.2928873300647956e-06
0.28 0.08 0 7.149846556202151e-06
0.28 0.09 0 1.4716116870003607e-05
0.28 0.1 0 1.230949612131889e-05
0.28 0.11 0 2.3485571936628836e-06
0.28 0.12 0 2.4748449193525224e-06
0.28 0.13 0 5.68917576248276e-07
0.28 0.14 0 1.041319047176124e-06
0.28 0.15 0 2.5364952763511523e-06
0.28 0.16 0 2.009415276926314e-06
0.28 0.17 0 8.582273307608317e-07
0.28 0.18 0 6.613657005706837e-07
0.28 0.19 0 3.0723014443688046e-07
0.28 0.2 0 2.5051843256201883e-07
0.28 0.21 0 1.9972587136052052e-07
0.28 0.22 0 5.073129114936039e-07
0.28 0.23 0 3.149860791322344e-07
0.28 0.24 0 3.4021984476817357e-07
0.28 0.25 0 1.3908202523414263e-07
0.28 0.26 0 2.2018152009024904e-07
0.28 0.27 0 1.152801571937082e-07
0.28 0.28 0 2.1792778793060393e-07
0.28 0.29 0 1.2358854022001854e-07
0.28 0.3 0 3.1964339359884784e-07
0.28 0.31 0 2.0050240762699602e-07
0.28 0.32 0 2.3469893493273868e-07
0.28 0.33 0 2.6097724521574714e-07
0.28 0.34 0 2.3972509534581514e-06
0.28 0.35000000000000003 0 3.4800137193831486e-06
0.28 0.36 0 5.567155770442186e-07
0.28 0.37 0 2.3489455583010784e-07
0.28 0.38 0 2.8466024442081554e-07
0.28 0.39 0 3.405436864857745e-07
0.28 0.4 0 1.045005100208526e-06
0.28 0.41000000000000003 0 3.4841240852761957e-06
0.28 0.42 0 1.2313203104960393e-05
0.28 0.43 0 3.824335293522616e-06
0.28 0.44 0 1.4495590173188714e-06
0.28 0.45 0 2.0694696740522778e-06
0.28 0.46 0 2.9750529992687483e-06
0.28 0.47000000000000003 0 1.3081446603072473e-05
0.28 0.48 0 1.4385647172485883e-05
0.28 0.49 0 4.859086988965204e-06
0.28 0.5 0 4.5177553511955255e-05
0.29 0.0 0 1.2047260446646178e-05
0.29 0.01 0 6.5819903907526e-06
0.29 0.02 0 5.44374595815147e-06
0.29 0.03 0 1.4975796517566935e-06
0.29 0.04 0 7.841113011546019e-07
0.29 0.05 0 5.143037091726634e-07
0.29 0.06 0 2.031356402310635e-06
0.29 0.07 0 1.8615181497354217e-06
0.29 0.08 0 4.337096608313938e-06
0.29 0.09 0 9.786466229527554e-06
0.29 0.1 0 7.6049597019006555e-06
0.29 0.11 0 5.774477504449186e-06
0.29 0.12 0 4.270101114823466e-06
0.29 0.13 0 1.7306518817991892e-06
0.29 0.14 0 1.9378880711848846e-06
0.29 0.15 0 8.031589356022098e-07
0.29 0.16 0 7.735547821171404e-07
0.29 0.17 0 5.381066504659344e-07
0.29 0.18 0 4.3126995503400834e-07
0.29 0.19 0 7.595634296401674e-08
0.29 0.2 0 8.69988589600565e-08
0.29 0.21 0 1.3019032778332445e-07
0.29 0.22 0 7.533812416038792e-07
0.29 0.23 0 8.593151871941631e-07
0.29 0.24 0 1.6375921033291918e-06
0.29 0.25 0 1.9187421950705784e-07
0.29 0.26 0 2.3560355330008648e-07
0.29 0.27 0 4.4552919120067985e-08
0.29 0.28 0 9.260775961325505e-08
0.29 0.29 0 1.1101120646919987e-07
0.29 0.3 0 2.1630949556959072e-07
0.29 0.31 0 3.228503770209635e-07
0.29 0.32 0 2.8416673786309534e-07
0.29 0.33 0 7.548556490852454e-07
0.29 0.34 0 2.52356126902327e-06
0.29 0.35000000000000003 0 1.1603002962854166e-06
0.29 0.36 0 8.248635703538877e-07
0.29 0.37 0 4.1569146518738116e-07
0.29 0.38 0 6.418646185981291e-07
0.29 0.39 0 6.763294773522396e-07
0.29 0.4 0 1.2601860000341349e-06
0.29 0.41000000000000003 0 1.787674110437992e-06
0.29 0.42 0 1.981405295756398e-06
0.29 0.43 0 1.4477162070933733e-06
0.29 0.44 0 2.4478226571071696e-06
0.29 0.45 0 1.7163947469845924e-06
0.29 0.46 0 1.1656013691226932e-05
0.29 0.47000000000000003 0 1.6066244234336567e-05
0.29 0.48 0 1.6901804346435095e-05
0.29 0.49 0 4.599349458300987e-06
0.29 0.5 0 5.725521652462927e-06
0.3 0.0 0 2.8494258208618073e-05
0.3 0.01 0 1.379983968539708e-05
0.3 0.02 0 1.0067201399536509e-05
0.3 0.03 0 4.93004915270482e-06
0.3 0.04 0 2.04380237686097e-06
0.3 0.05 0 2.0884578191391226e-06
0.3 0.06 0 1.0908949875749153e-06
0.3 0.07 0 2.6573499037125692e-06
0.3 0.08 0 5.926100082916022e-06
0.3 0.09 0 3.249586123179408e-06
0.3 0.1 0 1.5448169414276067e-05
0.3 0.11 0 9.883570928888982e-06
0.3 0.12 0 9.303884929694973e-06
0.3 0.13 0 3.782591584606881e-06
0.3 0.14 0 6.645474947330139e-06
0.3 0.15 0 2.093556476564214e-06
0.3 0.16 0 1.1644366357359855e-06
0.3 0.17 0 6.436636890695332e-07
0.3 0.18 0 1.307559896183267e-06
0.3 0.19 0 5.043303863812621e-07
0.3 0.2 0 1.3249293423747724e-06
0.3 0.21 0 1.5514999964358985e-06
0.3 0.22 0 6.778676615232378e-06
0.3 0.23 0 4.809756896175693e-06
0.3 0.24 0 3.0148840335054844e-06
0.3 0.25 0 5.995531482815932e-07
0.3 0.26 0 3.386911146414465e-07
0.3 0.27 0 1.335874389999074e-07
0.3 0.28 0 9.031643415015682e-08
0.3 0.29 0 1.5544301277605115e-07
0.3 0.3 0 3.9701886189465096e-07
0.3 0.31 0 1.7120725604954109e-07
0.3 0.32 0 3.3238319630695094e-07
0.3 0.33 0 3.6046381581714296e-07
0.3 0.34 0 8.194839514333212e-07
0.3 0.35000000000000003 0 1.2185806763353237e-06
0.3 0.36 0 1.7855247520989626e-06
0.3 0.37 0 1.255102542656683e-06
0.3 0.38 0 2.3112127420132627e-06
0.3 0.39 0 1.7508843979854685e-06
0.3 0.4 0 2.37550342415685e-05
0.3 0.41000000000000003 0 1.7357219003695655e-05
0.3 0.42 0 1.7376748513722264e-05
0.3 0.43 0 8.573897515490312e-06
0.3 0.44 0 7.835969073604037e-06
0.3 0.45 0 6.126855708005001e-06
0.3 0.46 0 6.854236569783739e-06
0.3 0.47000000000000003 0 7.496603820815009e-06
0.3 0.48 0 5.588407532662765e-05
0.3 0.49 0 1.307436525053155e-05
0.3 0.5 0 4.39898382877327e-06
#STOP
