#MEDIUM_PROPERTIES_DISTRIBUTED
$MSH_TYPE
	 GROUNDWATER_FLOW	
$MMP_TYPE
	 PERMEABILITY	
$DIS_TYPE
	 NEAREST_VALUE	
;hj
$CONVERSION_FACTOR
	 1.0	
$DATA
0.0 0.0 0 3.863527095936671e-06
0.0 0.01 0 5.631086077224097e-06
0.0 0.02 0 8.283619710478607e-06
0.0 0.03 0 8.762497441128596e-06
0.0 0.04 0 4.523843585056483e-06
0.0 0.05 0 2.1806826649974354e-06
0.0 0.06 0 2.0995660220780405e-06
0.0 0.07 0 2.447314342648709e-06
0.0 0.08 0 2.9440636295281064e-06
0.0 0.09 0 4.538134430150488e-06
0.0 0.1 0 4.521177121508144e-06
0.0 0.11 0 3.4151731198825697e-06
0.0 0.12 0 3.4309221882348836e-06
0.0 0.13 0 2.5865048778210213e-06
0.0 0.14 0 1.4038003064449088e-06
0.0 0.15 0 8.098519804977273e-07
0.0 0.16 0 6.33760187371314e-07
0.0 0.17 0 1.149112254155893e-06
0.0 0.18 0 2.8294499167623383e-06
0.0 0.19 0 2.0026407852635426e-06
0.0 0.2 0 4.991939841293647e-07
0.0 0.21 0 1.2882671839834647e-07
0.0 0.22 0 8.056420563252448e-08
0.0 0.23 0 1.2759279807702288e-07
0.0 0.24 0 2.2028812100768845e-07
0.0 0.25 0 2.2968275287656042e-07
0.0 0.26 0 2.3807753944036755e-07
0.0 0.27 0 2.2909145176578617e-07
0.0 0.28 0 2.3171724310555782e-07
0.0 0.29 0 2.1492206589431437e-07
0.0 0.3 0 1.4055072181681287e-07
0.0 0.31 0 7.985273804099255e-08
0.0 0.32 0 5.7695807127266804e-08
0.0 0.33 0 3.95838033897894e-08
0.0 0.34 0 3.819715977391661e-08
0.0 0.35000000000000003 0 3.378117830458357e-08
0.0 0.36 0 2.3647162296409084e-08
0.0 0.37 0 2.543903910353838e-08
0.0 0.38 0 4.001008422380252e-08
0.0 0.39 0 3.861893185286882e-08
0.0 0.4 0 3.4766110886881325e-08
0.0 0.41000000000000003 0 1.9114129201550967e-08
0.0 0.42 0 6.968829399525744e-09
0.0 0.43 0 5.019820654436303e-09
0.0 0.44 0 1.1491196295896655e-08
0.0 0.45 0 3.9806060761846875e-08
0.0 0.46 0 1.5806477127677024e-07
0.0 0.47000000000000003 0 3.054355537802553e-07
0.0 0.48 0 3.386610685588721e-07
0.0 0.49 0 3.656411550251734e-07
0.0 0.5 0 4.249382242001216e-07
0.01 0.0 0 1.9632248044023825e-05
0.01 0.01 0 1.2016594953233746e-05
0.01 0.02 0 9.866571942696334e-06
0.01 0.03 0 9.804114260978456e-06
0.01 0.04 0 1.0545672183755299e-05
0.01 0.05 0 7.307676161373364e-06
0.01 0.06 0 5.522806102694209e-06
0.01 0.07 0 5.224943923795425e-06
0.01 0.08 0 5.323929598527284e-06
0.01 0.09 0 6.868772874905812e-06
0.01 0.1 0 9.431934384485182e-06
0.01 0.11 0 5.2749810968022574e-06
0.01 0.12 0 2.9011064103117672e-06
0.01 0.13 0 2.507637458598033e-06
0.01 0.14 0 2.193059771853328e-06
0.01 0.15 0 1.8714692248585282e-06
0.01 0.16 0 1.534993194901333e-06
0.01 0.17 0 8.046750420383995e-07
0.01 0.18 0 6.298285319769817e-07
0.01 0.19 0 7.485138616096998e-07
0.01 0.2 0 8.037281354398497e-07
0.01 0.21 0 6.951188046757102e-07
0.01 0.22 0 4.61876346201651e-07
0.01 0.23 0 2.6557656665658776e-07
0.01 0.24 0 2.635729341244373e-07
0.01 0.25 0 3.262238080653105e-07
0.01 0.26 0 3.427134390425703e-07
0.01 0.27 0 2.5832380166923986e-07
0.01 0.28 0 1.4834375125315765e-07
0.01 0.29 0 1.0950703821719465e-07
0.01 0.3 0 1.1515818222822226e-07
0.01 0.31 0 1.0483783073741857e-07
0.01 0.32 0 1.1570432077809341e-07
0.01 0.33 0 1.596655564108082e-07
0.01 0.34 0 1.8849311847658613e-07
0.01 0.35000000000000003 0 2.0221727856623792e-07
0.01 0.36 0 1.522619801734754e-07
0.01 0.37 0 8.095855856192693e-08
0.01 0.38 0 4.89590959880207e-08
0.01 0.39 0 2.6599834652560436e-08
0.01 0.4 0 1.7553378540857896e-08
0.01 0.41000000000000003 0 2.988214279857336e-08
0.01 0.42 0 5.019193653324285e-08
0.01 0.43 0 4.4462413612655444e-08
0.01 0.44 0 3.6637893937283146e-08
0.01 0.45 0 3.697790720695828e-08
0.01 0.46 0 5.16763159456468e-08
0.01 0.47000000000000003 0 8.902380664776064e-08
0.01 0.48 0 7.60035337769832e-08
0.01 0.49 0 5.406401983255051e-08
0.01 0.5 0 7.654220410797962e-08
0.02 0.0 0 0.00024307547999093064
0.02 0.01 0 0.00015403906070612114
0.02 0.02 0 8.984417823380997e-05
0.02 0.03 0 7.704121874590082e-05
0.02 0.04 0 7.745452987572238e-05
0.02 0.05 0 7.707741314981282e-05
0.02 0.06 0 4.3438555140866544e-05
0.02 0.07 0 1.9569694375206106e-05
0.02 0.08 0 9.345368599667102e-06
0.02 0.09 0 6.528473223793328e-06
0.02 0.1 0 6.50467844290558e-06
0.02 0.11 0 6.200358158884351e-06
0.02 0.12 0 4.836407146662262e-06
0.02 0.13 0 8.025134254014671e-06
0.02 0.14 0 1.3021967786187933e-05
0.02 0.15 0 1.1555492370729353e-05
0.02 0.16 0 9.344396422295988e-06
0.02 0.17 0 7.299794612382815e-06
0.02 0.18 0 3.708069465454413e-06
0.02 0.19 0 2.7232960670456937e-06
0.02 0.2 0 2.153210505540358e-06
0.02 0.21 0 1.8326139188838568e-06
0.02 0.22 0 1.9500069220217542e-06
0.02 0.23 0 1.9144596030970595e-06
0.02 0.24 0 1.5679893208544338e-06
0.02 0.25 0 2.315771706914738e-06
0.02 0.26 0 3.5037774490323173e-06
0.02 0.27 0 3.84707789633895e-06
0.02 0.28 0 2.688157812030494e-06
0.02 0.29 0 1.727036076434313e-06
0.02 0.3 0 1.3607553481938233e-06
0.02 0.31 0 1.3103908531589004e-06
0.02 0.32 0 1.0778216786103192e-06
0.02 0.33 0 1.216351608180547e-06
0.02 0.34 0 1.2984784377777261e-06
0.02 0.35000000000000003 0 1.2477974699358322e-06
0.02 0.36 0 1.2606335057176935e-06
0.02 0.37 0 1.2082737986494961e-06
0.02 0.38 0 1.113221797953967e-06
0.02 0.39 0 1.4826144791116492e-06
0.02 0.4 0 1.6279113343155896e-06
0.02 0.41000000000000003 0 2.269325926214782e-06
0.02 0.42 0 4.503792243196061e-06
0.02 0.43 0 4.900989573454753e-06
0.02 0.44 0 2.3640328911391084e-06
0.02 0.45 0 1.0346826211384767e-06
0.02 0.46 0 4.34562955143549e-07
0.02 0.47000000000000003 0 3.745154835380931e-07
0.02 0.48 0 6.447058575166864e-07
0.02 0.49 0 8.245183218719346e-07
0.02 0.5 0 6.086434718098918e-07
0.03 0.0 0 6.129105524277144e-05
0.03 0.01 0 0.00017105802479110762
0.03 0.02 0 0.00022290675676236367
0.03 0.03 0 0.00016398337527539312
0.03 0.04 0 8.734186639695412e-05
0.03 0.05 0 5.556289464049565e-05
0.03 0.06 0 4.43837560433545e-05
0.03 0.07 0 2.122504592328764e-05
0.03 0.08 0 7.05897622166095e-06
0.03 0.09 0 3.673887061832742e-06
0.03 0.1 0 4.097410322914726e-06
0.03 0.11 0 6.98840171340285e-06
0.03 0.12 0 9.73992779255875e-06
0.03 0.13 0 1.2611783392686568e-05
0.03 0.14 0 2.625906981017267e-05
0.03 0.15 0 5.3360716516497756e-05
0.03 0.16 0 0.00010468159474224869
0.03 0.17 0 0.00020473622899368034
0.03 0.18 0 0.00017938818819539083
0.03 0.19 0 8.153965312718837e-05
0.03 0.2 0 5.338039726634696e-05
0.03 0.21 0 4.200302703987377e-05
0.03 0.22 0 4.987792439165538e-05
0.03 0.23 0 7.054882089728286e-05
0.03 0.24 0 4.7127322824424823e-05
0.03 0.25 0 1.9070910476443786e-05
0.03 0.26 0 1.2252034521631344e-05
0.03 0.27 0 9.445051661378126e-06
0.03 0.28 0 9.857416928391919e-06
0.03 0.29 0 1.0142173322026536e-05
0.03 0.3 0 6.909939167244124e-06
0.03 0.31 0 3.972373804549305e-06
0.03 0.32 0 3.31324294086993e-06
0.03 0.33 0 3.12982705156189e-06
0.03 0.34 0 2.9653379014251593e-06
0.03 0.35000000000000003 0 1.9382125744657504e-06
0.03 0.36 0 1.670112214308319e-06
0.03 0.37 0 2.4302217239582917e-06
0.03 0.38 0 4.012056791956981e-06
0.03 0.39 0 5.646266329575305e-06
0.03 0.4 0 7.807909092360076e-06
0.03 0.41000000000000003 0 7.965186959488763e-06
0.03 0.42 0 1.2639263121982968e-05
0.03 0.43 0 2.1317317687015105e-05
0.03 0.44 0 1.9566688881332575e-05
0.03 0.45 0 1.3582464699031401e-05
0.03 0.46 0 9.470167456852334e-06
0.03 0.47000000000000003 0 4.235869949984688e-06
0.03 0.48 0 3.4165003705622483e-06
0.03 0.49 0 4.129092971169654e-06
0.03 0.5 0 2.9744379849570795e-06
0.04 0.0 0 4.581329239708835e-06
0.04 0.01 0 4.2742525074545506e-06
0.04 0.02 0 5.6223537316879124e-06
0.04 0.03 0 6.872350472383015e-06
0.04 0.04 0 7.715192201155915e-06
0.04 0.05 0 4.619508625944552e-06
0.04 0.06 0 3.12390166386821e-06
0.04 0.07 0 3.131536292195842e-06
0.04 0.08 0 3.200510000642627e-06
0.04 0.09 0 2.7848453895670807e-06
0.04 0.1 0 2.4782229234491046e-06
0.04 0.11 0 2.296690684804841e-06
0.04 0.12 0 3.751658863463244e-06
0.04 0.13 0 7.313385430837986e-06
0.04 0.14 0 1.1932742202085791e-05
0.04 0.15 0 1.2553223794599424e-05
0.04 0.16 0 9.28633532456318e-06
0.04 0.17 0 8.755361205616497e-06
0.04 0.18 0 1.4236481046067145e-05
0.04 0.19 0 1.9553442242273842e-05
0.04 0.2 0 2.5914823448136426e-05
0.04 0.21 0 2.568137669303015e-05
0.04 0.22 0 1.2987105592198559e-05
0.04 0.23 0 7.364287421782893e-06
0.04 0.24 0 7.1182727870742515e-06
0.04 0.25 0 6.1787970351269935e-06
0.04 0.26 0 5.619653495957613e-06
0.04 0.27 0 4.83618300829019e-06
0.04 0.28 0 4.246005585056406e-06
0.04 0.29 0 7.176346043498484e-06
0.04 0.3 0 1.106755825823514e-05
0.04 0.31 0 5.8821854707392855e-06
0.04 0.32 0 2.650721671049975e-06
0.04 0.33 0 2.3475262323634684e-06
0.04 0.34 0 3.557625911158784e-06
0.04 0.35000000000000003 0 5.792705386452697e-06
0.04 0.36 0 5.655097684141512e-06
0.04 0.37 0 4.4126417180041986e-06
0.04 0.38 0 4.758067481017225e-06
0.04 0.39 0 7.3027462751092425e-06
0.04 0.4 0 1.2941046849699625e-05
0.04 0.41000000000000003 0 1.7215199330665e-05
0.04 0.42 0 1.4109155667409001e-05
0.04 0.43 0 1.3199969019645151e-05
0.04 0.44 0 1.0926591237915438e-05
0.04 0.45 0 7.335010805705361e-06
0.04 0.46 0 5.434729575151146e-06
0.04 0.47000000000000003 0 2.944572970291005e-06
0.04 0.48 0 1.4281918432193052e-06
0.04 0.49 0 2.4625486687276865e-06
0.04 0.5 0 6.922464336636888e-06
0.05 0.0 0 3.716290616462708e-06
0.05 0.01 0 3.163951203206486e-06
0.05 0.02 0 3.3500555689622914e-06
0.05 0.03 0 3.31559094181869e-06
0.05 0.04 0 4.82198467748538e-06
0.05 0.05 0 9.943876361522263e-06
0.05 0.06 0 9.217174151957608e-06
0.05 0.07 0 5.541935672419124e-06
0.05 0.08 0 3.0254293448698313e-06
0.05 0.09 0 2.0269220669220214e-06
0.05 0.1 0 1.9145405783623498e-06
0.05 0.11 0 2.3735556073701128e-06
0.05 0.12 0 3.1551166054988144e-06
0.05 0.13 0 6.106960126298018e-06
0.05 0.14 0 8.381576107648867e-06
0.05 0.15 0 7.381915984667778e-06
0.05 0.16 0 4.495664650099187e-06
0.05 0.17 0 2.5525682213169565e-06
0.05 0.18 0 1.781450668452564e-06
0.05 0.19 0 1.7068934338756249e-06
0.05 0.2 0 1.44868631433509e-06
0.05 0.21 0 1.7141400619812707e-06
0.05 0.22 0 1.6034527289354907e-06
0.05 0.23 0 9.65542538994292e-07
0.05 0.24 0 7.898543577613267e-07
0.05 0.25 0 1.2919933930744308e-06
0.05 0.26 0 2.3300312028388168e-06
0.05 0.27 0 4.381828206809237e-06
0.05 0.28 0 4.3879851931853996e-06
0.05 0.29 0 3.943590234294725e-06
0.05 0.3 0 6.5258854570038605e-06
0.05 0.31 0 1.1557218748150995e-05
0.05 0.32 0 1.2010335588037521e-05
0.05 0.33 0 1.3650654644860285e-05
0.05 0.34 0 1.4056732875678051e-05
0.05 0.35000000000000003 0 1.769022706786855e-05
0.05 0.36 0 2.7614052591461995e-05
0.05 0.37 0 2.8460002632870378e-05
0.05 0.38 0 1.6460228538856983e-05
0.05 0.39 0 1.1469837321110513e-05
0.05 0.4 0 1.164430931303795e-05
0.05 0.41000000000000003 0 1.869677090038696e-05
0.05 0.42 0 2.4918529873378946e-05
0.05 0.43 0 2.2216990363228362e-05
0.05 0.44 0 1.7743680728310576e-05
0.05 0.45 0 1.4886654932957947e-05
0.05 0.46 0 1.4223543811513975e-05
0.05 0.47000000000000003 0 1.5822769339504756e-05
0.05 0.48 0 9.83270315229767e-06
0.05 0.49 0 5.110868458838826e-06
0.05 0.5 0 3.475448777768824e-06
0.06 0.0 0 7.029137608365473e-06
0.06 0.01 0 7.2046724366983145e-06
0.06 0.02 0 8.56460936432989e-06
0.06 0.03 0 9.174084007172931e-06
0.06 0.04 0 8.834536048541603e-06
0.06 0.05 0 1.8615430229312995e-05
0.06 0.06 0 4.413800510290626e-05
0.06 0.07 0 4.3943612265201045e-05
0.06 0.08 0 3.294691623127471e-05
0.06 0.09 0 2.2836068425051415e-05
0.06 0.1 0 1.5065913759583727e-05
0.06 0.11 0 1.3134979926971935e-05
0.06 0.12 0 1.3631103619376812e-05
0.06 0.13 0 1.687263336692172e-05
0.06 0.14 0 3.302004142342689e-05
0.06 0.15 0 6.145545977855068e-05
0.06 0.16 0 7.820031021382569e-05
0.06 0.17 0 4.648810638853709e-05
0.06 0.18 0 1.5302456740507384e-05
0.06 0.19 0 6.248079831971233e-06
0.06 0.2 0 4.724411121006833e-06
0.06 0.21 0 4.7290895981254514e-06
0.06 0.22 0 5.49680789411445e-06
0.06 0.23 0 3.1867915263816994e-06
0.06 0.24 0 1.218759948657446e-06
0.06 0.25 0 7.809909363530074e-07
0.06 0.26 0 8.562506744015449e-07
0.06 0.27 0 1.1416772699578467e-06
0.06 0.28 0 2.180640339975767e-06
0.06 0.29 0 2.663775372256928e-06
0.06 0.3 0 2.549091226405097e-06
0.06 0.31 0 2.7881818509193707e-06
0.06 0.32 0 3.0052272278641356e-06
0.06 0.33 0 3.1400109245821397e-06
0.06 0.34 0 3.982342291538318e-06
0.06 0.35000000000000003 0 3.9078907506829356e-06
0.06 0.36 0 6.434111713832058e-06
0.06 0.37 0 1.618353686042583e-05
0.06 0.38 0 2.6105321279828447e-05
0.06 0.39 0 2.3562606698106368e-05
0.06 0.4 0 2.442435163177101e-05
0.06 0.41000000000000003 0 2.9728748972621736e-05
0.06 0.42 0 4.7017398038333434e-05
0.06 0.43 0 4.751999575612326e-05
0.06 0.44 0 3.543104145976787e-05
0.06 0.45 0 3.156051347252387e-05
0.06 0.46 0 3.67736885963663e-05
0.06 0.47000000000000003 0 3.7147910380535506e-05
0.06 0.48 0 3.218348463104626e-05
0.06 0.49 0 1.839487658326427e-05
0.06 0.5 0 1.3970419629460816e-05
0.07 0.0 0 6.395252935291086e-06
0.07 0.01 0 7.906799811272515e-06
0.07 0.02 0 8.781703590187208e-06
0.07 0.03 0 7.72350732641154e-06
0.07 0.04 0 4.031447244550425e-06
0.07 0.05 0 2.282452173255907e-06
0.07 0.06 0 4.104350661728259e-06
0.07 0.07 0 8.650640224161875e-06
0.07 0.08 0 1.3577291165640569e-05
0.07 0.09 0 1.4982216090028485e-05
0.07 0.1 0 7.918918589761901e-06
0.07 0.11 0 3.7611110060258377e-06
0.07 0.12 0 4.735908341593956e-06
0.07 0.13 0 6.3874355492241e-06
0.07 0.14 0 5.761978381025387e-06
0.07 0.15 0 5.130362044694626e-06
0.07 0.16 0 7.2418100065098596e-06
0.07 0.17 0 1.701685181330156e-05
0.07 0.18 0 3.6217690732978595e-05
0.07 0.19 0 3.334318024104827e-05
0.07 0.2 0 2.122340895500306e-05
0.07 0.21 0 1.4107423441084666e-05
0.07 0.22 0 1.1683356472405952e-05
0.07 0.23 0 9.138918208688993e-06
0.07 0.24 0 4.4683300044403284e-06
0.07 0.25 0 2.4305946084133017e-06
0.07 0.26 0 2.6886997809963443e-06
0.07 0.27 0 3.681500146629003e-06
0.07 0.28 0 6.307973468936507e-06
0.07 0.29 0 1.0378809472151705e-05
0.07 0.3 0 6.7506756210001855e-06
0.07 0.31 0 3.0401597133798985e-06
0.07 0.32 0 2.11926486285743e-06
0.07 0.33 0 2.0107878523348824e-06
0.07 0.34 0 2.5683275626302343e-06
0.07 0.35000000000000003 0 2.9186101332523914e-06
0.07 0.36 0 2.095642929458557e-06
0.07 0.37 0 2.542466745576221e-06
0.07 0.38 0 4.930565551901363e-06
0.07 0.39 0 6.3304241765684015e-06
0.07 0.4 0 5.218683996548909e-06
0.07 0.41000000000000003 0 3.8398144826409895e-06
0.07 0.42 0 3.0838539138068084e-06
0.07 0.43 0 3.8544313421446405e-06
0.07 0.44 0 4.107776681080046e-06
0.07 0.45 0 2.995199052905287e-06
0.07 0.46 0 1.7724806534711163e-06
0.07 0.47000000000000003 0 1.2064459223052382e-06
0.07 0.48 0 1.3451743165281334e-06
0.07 0.49 0 2.1424368055349776e-06
0.07 0.5 0 2.0170620440388357e-06
0.08 0.0 0 1.3500660914359276e-05
0.08 0.01 0 1.1545821818245641e-05
0.08 0.02 0 1.0161908469441686e-05
0.08 0.03 0 1.3133264564173352e-05
0.08 0.04 0 2.103804912570024e-05
0.08 0.05 0 2.4774357638460632e-05
0.08 0.06 0 2.1598274350736582e-05
0.08 0.07 0 2.214711288366097e-05
0.08 0.08 0 2.140355853197346e-05
0.08 0.09 0 3.3987601822579834e-05
0.08 0.1 0 4.067089894655172e-05
0.08 0.11 0 1.6486121679775747e-05
0.08 0.12 0 6.4097757113380344e-06
0.08 0.13 0 6.836127174486651e-06
0.08 0.14 0 8.276371981260778e-06
0.08 0.15 0 1.1941901494233248e-05
0.08 0.16 0 1.829119868698172e-05
0.08 0.17 0 2.929079663484135e-05
0.08 0.18 0 5.374297290654951e-05
0.08 0.19 0 7.637673560811232e-05
0.08 0.2 0 3.678677179315941e-05
0.08 0.21 0 1.1856730147016215e-05
0.08 0.22 0 4.501473669191896e-06
0.08 0.23 0 3.687752221871494e-06
0.08 0.24 0 5.406126612087914e-06
0.08 0.25 0 8.667211858415748e-06
0.08 0.26 0 1.0464849891370544e-05
0.08 0.27 0 1.0526356218267466e-05
0.08 0.28 0 8.923580530284654e-06
0.08 0.29 0 1.2969805172831111e-05
0.08 0.3 0 1.7687591644165163e-05
0.08 0.31 0 1.3039258931604571e-05
0.08 0.32 0 7.854227389749408e-06
0.08 0.33 0 4.749820195917524e-06
0.08 0.34 0 2.5749120516369843e-06
0.08 0.35000000000000003 0 2.7476514484951513e-06
0.08 0.36 0 3.174178347357365e-06
0.08 0.37 0 2.5518788553616294e-06
0.08 0.38 0 2.3245166275145473e-06
0.08 0.39 0 2.4837654696643638e-06
0.08 0.4 0 2.678843798186571e-06
0.08 0.41000000000000003 0 4.2784054163009505e-06
0.08 0.42 0 4.592757742935741e-06
0.08 0.43 0 2.9989191388438222e-06
0.08 0.44 0 2.763324980678854e-06
0.08 0.45 0 4.1287543398664925e-06
0.08 0.46 0 5.363457472622048e-06
0.08 0.47000000000000003 0 4.017580679314004e-06
0.08 0.48 0 1.739505435686375e-06
0.08 0.49 0 9.348118891796086e-07
0.08 0.5 0 7.52948257662895e-07
0.09 0.0 0 4.832467194908643e-05
0.09 0.01 0 4.258868780840807e-05
0.09 0.02 0 4.102715829965135e-05
0.09 0.03 0 4.592554942153944e-05
0.09 0.04 0 7.183737190215982e-05
0.09 0.05 0 0.00012290131979538182
0.09 0.06 0 0.00012896237513504273
0.09 0.07 0 9.52033349074445e-05
0.09 0.08 0 6.177092547723456e-05
0.09 0.09 0 3.655092371701065e-05
0.09 0.1 0 3.254427198954965e-05
0.09 0.11 0 2.6131171683982654e-05
0.09 0.12 0 1.5882113715362476e-05
0.09 0.13 0 1.6520500499626933e-05
0.09 0.14 0 2.6697600096820826e-05
0.09 0.15 0 3.576034334881993e-05
0.09 0.16 0 5.456275088305961e-05
0.09 0.17 0 5.562526351562087e-05
0.09 0.18 0 4.064608316577631e-05
0.09 0.19 0 4.5677682738612705e-05
0.09 0.2 0 6.67276100788658e-05
0.09 0.21 0 6.460956893722576e-05
0.09 0.22 0 4.9830606287463534e-05
0.09 0.23 0 2.6869890697582777e-05
0.09 0.24 0 1.791323254188764e-05
0.09 0.25 0 1.677437126123691e-05
0.09 0.26 0 1.4111862356820797e-05
0.09 0.27 0 9.093272270757439e-06
0.09 0.28 0 7.842429663308295e-06
0.09 0.29 0 9.541707383984234e-06
0.09 0.3 0 1.8114821393494765e-05
0.09 0.31 0 2.7966885356264586e-05
0.09 0.32 0 3.928307543019529e-05
0.09 0.33 0 5.1364142937532285e-05
0.09 0.34 0 3.551767294356809e-05
0.09 0.35000000000000003 0 1.2756688735820122e-05
0.09 0.36 0 7.103490055850857e-06
0.09 0.37 0 4.689559731427098e-06
0.09 0.38 0 4.284863982193898e-06
0.09 0.39 0 4.867389999591698e-06
0.09 0.4 0 4.257131119224706e-06
0.09 0.41000000000000003 0 4.001598813870998e-06
0.09 0.42 0 7.482468784559677e-06
0.09 0.43 0 8.849893181703953e-06
0.09 0.44 0 7.722393497056741e-06
0.09 0.45 0 8.026313759430486e-06
0.09 0.46 0 7.69814684972445e-06
0.09 0.47000000000000003 0 5.235633816228472e-06
0.09 0.48 0 3.789478065790608e-06
0.09 0.49 0 2.5751162685570748e-06
0.09 0.5 0 2.5246460233863535e-06
0.1 0.0 0 5.069837868427362e-05
0.1 0.01 0 8.08899403528797e-05
0.1 0.02 0 6.159052250462106e-05
0.1 0.03 0 3.202706679071212e-05
0.1 0.04 0 2.416944112529134e-05
0.1 0.05 0 3.2116919615109115e-05
0.1 0.06 0 4.3391583765040056e-05
0.1 0.07 0 2.945910566896768e-05
0.1 0.08 0 1.921507728865196e-05
0.1 0.09 0 1.4450783332420161e-05
0.1 0.1 0 1.5056761890444254e-05
0.1 0.11 0 2.5137064085920012e-05
0.1 0.12 0 3.696204781394895e-05
0.1 0.13 0 3.1660822963617106e-05
0.1 0.14 0 2.6704140762439052e-05
0.1 0.15 0 1.872008162131699e-05
0.1 0.16 0 1.6623797484653838e-05
0.1 0.17 0 2.5356682610173043e-05
0.1 0.18 0 2.9739668429293765e-05
0.1 0.19 0 2.681547353069395e-05
0.1 0.2 0 4.222527953837275e-05
0.1 0.21 0 7.719242192032198e-05
0.1 0.22 0 0.00011263979583050096
0.1 0.23 0 0.00011418529889684916
0.1 0.24 0 8.323712380351546e-05
0.1 0.25 0 9.602442163251485e-05
0.1 0.26 0 0.0001773927086524653
0.1 0.27 0 0.0002132666957001477
0.1 0.28 0 0.00017361247601942658
0.1 0.29 0 0.00014113510863325468
0.1 0.3 0 0.00013298925341928496
0.1 0.31 0 0.00018594202814089047
0.1 0.32 0 0.00027108367415879463
0.1 0.33 0 0.000322478195786531
0.1 0.34 0 0.0002699233814224104
0.1 0.35000000000000003 0 0.00013456083826442295
0.1 0.36 0 6.621796913952446e-05
0.1 0.37 0 5.133648826806127e-05
0.1 0.38 0 3.897658520924309e-05
0.1 0.39 0 3.439344530951567e-05
0.1 0.4 0 2.648772823043085e-05
0.1 0.41000000000000003 0 1.2402566254414151e-05
0.1 0.42 0 6.699224162794972e-06
0.1 0.43 0 4.926086574041217e-06
0.1 0.44 0 2.374941473420569e-06
0.1 0.45 0 1.567946818694013e-06
0.1 0.46 0 1.7164235133877603e-06
0.1 0.47000000000000003 0 2.592234024093665e-06
0.1 0.48 0 6.793429708634841e-06
0.1 0.49 0 1.80218671538783e-05
0.1 0.5 0 1.398399071099799e-05
0.11 0.0 0 5.242288729298995e-05
0.11 0.01 0 0.00011755862548509478
0.11 0.02 0 0.0002859745689683187
0.11 0.03 0 0.0003594975364087253
0.11 0.04 0 0.00022838997581289364
0.11 0.05 0 0.0001229654196628478
0.11 0.06 0 7.295851780968708e-05
0.11 0.07 0 5.276510241346918e-05
0.11 0.08 0 3.6453626543753245e-05
0.11 0.09 0 2.9881408427639945e-05
0.11 0.1 0 1.806955275058166e-05
0.11 0.11 0 1.2408064751785607e-05
0.11 0.12 0 1.2481716877974622e-05
0.11 0.13 0 1.2706453352527858e-05
0.11 0.14 0 1.1065861486600454e-05
0.11 0.15 0 1.2088930816217461e-05
0.11 0.16 0 1.0403874909397687e-05
0.11 0.17 0 1.3058018408173724e-05
0.11 0.18 0 2.1017344203573598e-05
0.11 0.19 0 1.842222025989919e-05
0.11 0.2 0 1.0070613894688214e-05
0.11 0.21 0 8.085756598423315e-06
0.11 0.22 0 7.866282546910807e-06
0.11 0.23 0 1.3763509609513763e-05
0.11 0.24 0 2.7309582279304596e-05
0.11 0.25 0 3.537841284914583e-05
0.11 0.26 0 4.04367869323099e-05
0.11 0.27 0 7.242258814119421e-05
0.11 0.28 0 0.00018611009337579269
0.11 0.29 0 0.0006858584206015867
0.11 0.3 0 0.0013380645441860742
0.11 0.31 0 0.0012110247186716972
0.11 0.32 0 0.0009751487884996545
0.11 0.33 0 0.000937851926198565
0.11 0.34 0 0.0008755856022600794
0.11 0.35000000000000003 0 0.000723790111754003
0.11 0.36 0 0.00035962904981807846
0.11 0.37 0 0.00017409513559395217
0.11 0.38 0 9.450421978950684e-05
0.11 0.39 0 5.533508160591632e-05
0.11 0.4 0 4.0408845481428694e-05
0.11 0.41000000000000003 0 2.295119785640009e-05
0.11 0.42 0 6.704287784754184e-06
0.11 0.43 0 2.9304771099753034e-06
0.11 0.44 0 2.6217103098698336e-06
0.11 0.45 0 3.558612590653437e-06
0.11 0.46 0 5.502489814711243e-06
0.11 0.47000000000000003 0 4.651568791471885e-06
0.11 0.48 0 3.1077631138898272e-06
0.11 0.49 0 5.791198371901273e-06
0.11 0.5 0 1.4148671283199509e-05
0.12 0.0 0 0.00015340347430572548
0.12 0.01 0 6.680444724453812e-05
0.12 0.02 0 6.459093356985368e-05
0.12 0.03 0 6.564040847872153e-05
0.12 0.04 0 6.762199990075275e-05
0.12 0.05 0 6.352695005211283e-05
0.12 0.06 0 4.196707350066046e-05
0.12 0.07 0 3.0294093680936328e-05
0.12 0.08 0 3.2582871759287995e-05
0.12 0.09 0 3.4195432266410905e-05
0.12 0.1 0 2.8895538714151725e-05
0.12 0.11 0 1.8037489155106947e-05
0.12 0.12 0 1.403881445019251e-05
0.12 0.13 0 1.2660734660061473e-05
0.12 0.14 0 1.0238462690469003e-05
0.12 0.15 0 9.882628213912176e-06
0.12 0.16 0 1.1288247250531524e-05
0.12 0.17 0 8.273151864173142e-06
0.12 0.18 0 7.669422348814483e-06
0.12 0.19 0 9.593096127694281e-06
0.12 0.2 0 1.3854993694465411e-05
0.12 0.21 0 2.6363557895778885e-05
0.12 0.22 0 3.834897085548652e-05
0.12 0.23 0 2.3660444150617625e-05
0.12 0.24 0 2.0882355674675792e-05
0.12 0.25 0 2.5268958428364043e-05
0.12 0.26 0 2.411056308881891e-05
0.12 0.27 0 2.1054071559907006e-05
0.12 0.28 0 2.6321028636654165e-05
0.12 0.29 0 5.118111792779043e-05
0.12 0.3 0 0.0001795304231942476
0.12 0.31 0 0.0003878480694063613
0.12 0.32 0 0.0004169375835889321
0.12 0.33 0 0.00027550708403199385
0.12 0.34 0 0.00014533122682802246
0.12 0.35000000000000003 0 7.514737960877495e-05
0.12 0.36 0 5.0162238701378215e-05
0.12 0.37 0 2.5785151260223928e-05
0.12 0.38 0 1.1568111885519047e-05
0.12 0.39 0 3.770691632237432e-06
0.12 0.4 0 1.6016903817435685e-06
0.12 0.41000000000000003 0 1.5015638063213255e-06
0.12 0.42 0 1.9550397635656946e-06
0.12 0.43 0 1.7590255226969676e-06
0.12 0.44 0 1.8401361162770407e-06
0.12 0.45 0 1.5976159961623794e-06
0.12 0.46 0 1.3817875570229897e-06
0.12 0.47000000000000003 0 1.328121308197524e-06
0.12 0.48 0 1.0740224746548253e-06
0.12 0.49 0 1.1143732255945335e-06
0.12 0.5 0 3.738243786454268e-06
0.13 0.0 0 1.8742692290131984e-05
0.13 0.01 0 1.0845181492531614e-05
0.13 0.02 0 9.016652657098287e-06
0.13 0.03 0 1.0924438497592765e-05
0.13 0.04 0 1.663711527007352e-05
0.13 0.05 0 3.2326085255963044e-05
0.13 0.06 0 3.727034127508064e-05
0.13 0.07 0 1.8517593584227726e-05
0.13 0.08 0 1.4251294234259754e-05
0.13 0.09 0 1.7304831710112086e-05
0.13 0.1 0 1.8908770291245925e-05
0.13 0.11 0 1.682730797003274e-05
0.13 0.12 0 1.4876256300435801e-05
0.13 0.13 0 1.4784286845074692e-05
0.13 0.14 0 1.6251158852965223e-05
0.13 0.15 0 1.74271614742855e-05
0.13 0.16 0 2.70412459224249e-05
0.13 0.17 0 4.473703981748308e-05
0.13 0.18 0 5.392138726620948e-05
0.13 0.19 0 5.406882634687485e-05
0.13 0.2 0 4.038733251607993e-05
0.13 0.21 0 3.082789790162616e-05
0.13 0.22 0 4.065096777849765e-05
0.13 0.23 0 4.727772456426326e-05
0.13 0.24 0 4.950989533264738e-05
0.13 0.25 0 9.323536295359875e-05
0.13 0.26 0 0.00014716549520014745
0.13 0.27 0 0.0001363543677228484
0.13 0.28 0 0.00012495817792645327
0.13 0.29 0 0.0001097198621286223
0.13 0.3 0 0.0001274583033869788
0.13 0.31 0 0.00027504076393980947
0.13 0.32 0 0.0004135664758083889
0.13 0.33 0 0.0003223888986299281
0.13 0.34 0 0.00018091188764215974
0.13 0.35000000000000003 0 9.93685033355003e-05
0.13 0.36 0 7.445739765998714e-05
0.13 0.37 0 6.904604874968e-05
0.13 0.38 0 4.089593789816242e-05
0.13 0.39 0 1.8707047001173192e-05
0.13 0.4 0 8.173799559225211e-06
0.13 0.41000000000000003 0 5.337944857877759e-06
0.13 0.42 0 4.650303937743605e-06
0.13 0.43 0 3.5832583813572207e-06
0.13 0.44 0 3.0397524070715386e-06
0.13 0.45 0 4.191871555464406e-06
0.13 0.46 0 4.2688281448206234e-06
0.13 0.47000000000000003 0 4.300866329862748e-06
0.13 0.48 0 4.358805090922082e-06
0.13 0.49 0 2.588485912411864e-06
0.13 0.5 0 1.2699637221480396e-06
0.14 0.0 0 1.0165790033573199e-06
0.14 0.01 0 1.3768418537040082e-06
0.14 0.02 0 1.021787200564009e-06
0.14 0.03 0 6.115282626949278e-07
0.14 0.04 0 2.6239597140724123e-07
0.14 0.05 0 1.8965618081237835e-07
0.14 0.06 0 3.3266929244505356e-07
0.14 0.07 0 6.06521242385407e-07
0.14 0.08 0 7.513423520138405e-07
0.14 0.09 0 1.175787353844419e-06
0.14 0.1 0 1.3427936385981712e-06
0.14 0.11 0 1.323031130221003e-06
0.14 0.12 0 1.191411569450186e-06
0.14 0.13 0 8.285343215071728e-07
0.14 0.14 0 5.425672590528583e-07
0.14 0.15 0 6.958708920394104e-07
0.14 0.16 0 1.6036479330326374e-06
0.14 0.17 0 6.065333181263768e-06
0.14 0.18 0 1.5193235213393184e-05
0.14 0.19 0 2.1907902553983183e-05
0.14 0.2 0 2.5363017367055925e-05
0.14 0.21 0 3.147058481562474e-05
0.14 0.22 0 4.549502823362735e-05
0.14 0.23 0 7.933781730337482e-05
0.14 0.24 0 7.447309233134909e-05
0.14 0.25 0 6.333525990165367e-05
0.14 0.26 0 7.833737757704223e-05
0.14 0.27 0 0.00012877395095215098
0.14 0.28 0 0.0002902100408009474
0.14 0.29 0 0.0005746926202968203
0.14 0.3 0 0.00037330966811127854
0.14 0.31 0 0.0002540819398772405
0.14 0.32 0 0.00036858457520286855
0.14 0.33 0 0.0005230192734184463
0.14 0.34 0 0.0004314024726447442
0.14 0.35000000000000003 0 0.00021911897499228284
0.14 0.36 0 8.940440874472708e-05
0.14 0.37 0 7.880576687419838e-05
0.14 0.38 0 9.703956075230247e-05
0.14 0.39 0 6.286425002842826e-05
0.14 0.4 0 2.4413129559329958e-05
0.14 0.41000000000000003 0 1.1135618104997298e-05
0.14 0.42 0 8.262905826830765e-06
0.14 0.43 0 9.931569757241297e-06
0.14 0.44 0 1.3535071415839673e-05
0.14 0.45 0 2.0222517501215346e-05
0.14 0.46 0 2.0592105887503937e-05
0.14 0.47000000000000003 0 1.0654286296796786e-05
0.14 0.48 0 5.743998806628207e-06
0.14 0.49 0 3.057176631733356e-06
0.14 0.5 0 1.0878839811323375e-06
0.15 0.0 0 1.2828357145095881e-06
0.15 0.01 0 1.481678493264375e-06
0.15 0.02 0 1.300800342528159e-06
0.15 0.03 0 9.447514431752206e-07
0.15 0.04 0 6.826421958803932e-07
0.15 0.05 0 2.5755142355681606e-07
0.15 0.06 0 1.065302407370954e-07
0.15 0.07 0 1.0284182346929916e-07
0.15 0.08 0 1.4330713672371553e-07
0.15 0.09 0 1.7713871885618465e-07
0.15 0.1 0 1.49833206896244e-07
0.15 0.11 0 6.985039243315748e-08
0.15 0.12 0 5.910925532493412e-08
0.15 0.13 0 1.0646428963218664e-07
0.15 0.14 0 1.7886838502571508e-07
0.15 0.15 0 2.147387993052558e-07
0.15 0.16 0 2.571512280733774e-07
0.15 0.17 0 3.486367627343387e-07
0.15 0.18 0 7.933703875839709e-07
0.15 0.19 0 1.7376851491966136e-06
0.15 0.2 0 3.0774435510023273e-06
0.15 0.21 0 3.7202988301230167e-06
0.15 0.22 0 2.9406547337484477e-06
0.15 0.23 0 2.39782662189496e-06
0.15 0.24 0 3.694102978417893e-06
0.15 0.25 0 5.657779376251241e-06
0.15 0.26 0 8.503695334067075e-06
0.15 0.27 0 1.10934201887395e-05
0.15 0.28 0 1.7611240215731236e-05
0.15 0.29 0 4.403154896681937e-05
0.15 0.3 0 8.131343848534474e-05
0.15 0.31 0 4.417936573080943e-05
0.15 0.32 0 2.3398254527886766e-05
0.15 0.33 0 1.833427379685831e-05
0.15 0.34 0 2.1957148378051524e-05
0.15 0.35000000000000003 0 3.467874667036805e-05
0.15 0.36 0 3.73555293615367e-05
0.15 0.37 0 2.0100478562866283e-05
0.15 0.38 0 1.6228937355741343e-05
0.15 0.39 0 1.4587381364153879e-05
0.15 0.4 0 1.1682150021158925e-05
0.15 0.41000000000000003 0 8.907747590150365e-06
0.15 0.42 0 5.955555707727126e-06
0.15 0.43 0 3.3036366916641033e-06
0.15 0.44 0 2.763486492362937e-06
0.15 0.45 0 2.6618365284390574e-06
0.15 0.46 0 2.726371672807332e-06
0.15 0.47000000000000003 0 2.2796375988721513e-06
0.15 0.48 0 2.1500452424459935e-06
0.15 0.49 0 2.6241153325373824e-06
0.15 0.5 0 2.773442082024753e-06
0.16 0.0 0 4.201635273405295e-06
0.16 0.01 0 2.3750270841295517e-06
0.16 0.02 0 1.3754262486254918e-06
0.16 0.03 0 6.154226357454577e-07
0.16 0.04 0 4.972703030273462e-07
0.16 0.05 0 5.084214650989228e-07
0.16 0.06 0 2.7625394059770414e-07
0.16 0.07 0 1.4236528356919247e-07
0.16 0.08 0 1.247617639835735e-07
0.16 0.09 0 1.1866716680986703e-07
0.16 0.1 0 1.3507862493276777e-07
0.16 0.11 0 1.068648980033426e-07
0.16 0.12 0 5.0286646379079575e-08
0.16 0.13 0 3.938783692926226e-08
0.16 0.14 0 6.048594593413953e-08
0.16 0.15 0 9.511813458659778e-08
0.16 0.16 0 1.5987637311425122e-07
0.16 0.17 0 2.2507549539339558e-07
0.16 0.18 0 2.46434026716454e-07
0.16 0.19 0 2.8696223158628234e-07
0.16 0.2 0 3.498064514392981e-07
0.16 0.21 0 5.197974181203644e-07
0.16 0.22 0 9.456868436948609e-07
0.16 0.23 0 1.643386650163038e-06
0.16 0.24 0 3.2157741324429554e-06
0.16 0.25 0 5.343836859225299e-06
0.16 0.26 0 4.264815995668238e-06
0.16 0.27 0 2.6557387923143847e-06
0.16 0.28 0 1.6739772373372308e-06
0.16 0.29 0 1.3404529035412228e-06
0.16 0.3 0 1.8777984723234984e-06
0.16 0.31 0 2.8689731237112087e-06
0.16 0.32 0 3.138132123718456e-06
0.16 0.33 0 3.5764074057585746e-06
0.16 0.34 0 2.9495148152996506e-06
0.16 0.35000000000000003 0 2.4550311802641407e-06
0.16 0.36 0 2.9292623432756414e-06
0.16 0.37 0 2.688610539660709e-06
0.16 0.38 0 1.7634392507701749e-06
0.16 0.39 0 1.9158102773622576e-06
0.16 0.4 0 2.5423744422597882e-06
0.16 0.41000000000000003 0 4.056968131714229e-06
0.16 0.42 0 5.282208423997992e-06
0.16 0.43 0 3.424116762049932e-06
0.16 0.44 0 1.6640706909819088e-06
0.16 0.45 0 1.2131498586660069e-06
0.16 0.46 0 8.504572450834855e-07
0.16 0.47000000000000003 0 7.086994704630859e-07
0.16 0.48 0 6.843563231700816e-07
0.16 0.49 0 7.018969259618186e-07
0.16 0.5 0 5.522354194964802e-07
0.17 0.0 0 1.093211579781228e-06
0.17 0.01 0 7.133510168582999e-07
0.17 0.02 0 3.521027102367032e-07
0.17 0.03 0 1.4685529335928404e-07
0.17 0.04 0 6.283084809444503e-08
0.17 0.05 0 4.949576950624419e-08
0.17 0.06 0 3.10364043723322e-08
0.17 0.07 0 1.3780452364788414e-08
0.17 0.08 0 8.409925043078191e-09
0.17 0.09 0 7.740145066979944e-09
0.17 0.1 0 8.505669994223997e-09
0.17 0.11 0 1.6665941684320965e-08
0.17 0.12 0 1.8660525039257937e-08
0.17 0.13 0 1.1574167096825442e-08
0.17 0.14 0 1.1318300202417093e-08
0.17 0.15 0 1.9822130829672695e-08
0.17 0.16 0 3.300605118747877e-08
0.17 0.17 0 5.015954828774918e-08
0.17 0.18 0 3.845849204869785e-08
0.17 0.19 0 3.127958719705569e-08
0.17 0.2 0 5.938618817648105e-08
0.17 0.21 0 1.7525587959988973e-07
0.17 0.22 0 3.3228240099939764e-07
0.17 0.23 0 4.035103552259438e-07
0.17 0.24 0 3.87204077443405e-07
0.17 0.25 0 4.801874469852634e-07
0.17 0.26 0 4.373438913440221e-07
0.17 0.27 0 2.5539656976559345e-07
0.17 0.28 0 1.4852287906176948e-07
0.17 0.29 0 1.0302738076567272e-07
0.17 0.3 0 9.974090481743424e-08
0.17 0.31 0 2.1029499624858962e-07
0.17 0.32 0 4.901364711143972e-07
0.17 0.33 0 9.466731647175834e-07
0.17 0.34 0 1.1936103067282514e-06
0.17 0.35000000000000003 0 7.198484331266953e-07
0.17 0.36 0 4.358843672725368e-07
0.17 0.37 0 4.596491104242023e-07
0.17 0.38 0 3.6220357060299157e-07
0.17 0.39 0 2.6653397605377867e-07
0.17 0.4 0 3.0921447949005324e-07
0.17 0.41000000000000003 0 4.896579496270832e-07
0.17 0.42 0 1.16806055104762e-06
0.17 0.43 0 2.9306712542518477e-06
0.17 0.44 0 4.071422550013976e-06
0.17 0.45 0 4.840895199896371e-06
0.17 0.46 0 5.715346446436947e-06
0.17 0.47000000000000003 0 5.261063980542941e-06
0.17 0.48 0 5.197731288006909e-06
0.17 0.49 0 5.0402784390097376e-06
0.17 0.5 0 4.0914592775599295e-06
0.18 0.0 0 2.012480615035159e-07
0.18 0.01 0 1.5875049477668396e-07
0.18 0.02 0 1.214444602362763e-07
0.18 0.03 0 6.848517683338935e-08
0.18 0.04 0 3.8602435017678623e-08
0.18 0.05 0 2.6177989671693872e-08
0.18 0.06 0 2.7819738685998434e-08
0.18 0.07 0 3.029353639499833e-08
0.18 0.08 0 3.210367439058586e-08
0.18 0.09 0 2.771970888342212e-08
0.18 0.1 0 1.7657652368760637e-08
0.18 0.11 0 1.8048138328584215e-08
0.18 0.12 0 4.2670688885399144e-08
0.18 0.13 0 4.2464606433260896e-08
0.18 0.14 0 1.3303177328021098e-08
0.18 0.15 0 2.940686343955584e-09
0.18 0.16 0 1.016131713275038e-09
0.18 0.17 0 1.1717556691989242e-09
0.18 0.18 0 3.838490706982918e-09
0.18 0.19 0 7.467741491698698e-09
0.18 0.2 0 1.1627707322350856e-08
0.18 0.21 0 2.0813718632120426e-08
0.18 0.22 0 2.995782645020521e-08
0.18 0.23 0 3.1381507290985e-08
0.18 0.24 0 3.572738116317676e-08
0.18 0.25 0 3.8004723589174965e-08
0.18 0.26 0 5.5181232022519116e-08
0.18 0.27 0 7.969909761731328e-08
0.18 0.28 0 1.0259614450209933e-07
0.18 0.29 0 8.980535722496777e-08
0.18 0.3 0 5.204379769576908e-08
0.18 0.31 0 2.9481930209100006e-08
0.18 0.32 0 3.3313141002411626e-08
0.18 0.33 0 5.364784210450357e-08
0.18 0.34 0 1.3036228760751693e-07
0.18 0.35000000000000003 0 2.2573147097956495e-07
0.18 0.36 0 1.9480410921267176e-07
0.18 0.37 0 1.6924705479040384e-07
0.18 0.38 0 2.3093637375001409e-07
0.18 0.39 0 2.8200406733763034e-07
0.18 0.4 0 4.6610705627654556e-07
0.18 0.41000000000000003 0 5.736236790697811e-07
0.18 0.42 0 4.1831720876730294e-07
0.18 0.43 0 4.3801826513989867e-07
0.18 0.44 0 7.896380796645643e-07
0.18 0.45 0 9.782175128365518e-07
0.18 0.46 0 1.1141253414396645e-06
0.18 0.47000000000000003 0 1.2286712736056564e-06
0.18 0.48 0 1.7866876874831208e-06
0.18 0.49 0 3.4263525249868803e-06
0.18 0.5 0 4.346167446159572e-06
0.19 0.0 0 5.604708142576225e-08
0.19 0.01 0 3.963932297035532e-08
0.19 0.02 0 4.7467632492123827e-08
0.19 0.03 0 6.299421573581196e-08
0.19 0.04 0 1.18872194136454e-07
0.19 0.05 0 2.3690460393331467e-07
0.19 0.06 0 3.6139173924477017e-07
0.19 0.07 0 4.947156549490177e-07
0.19 0.08 0 7.172948926475206e-07
0.19 0.09 0 1.0615022655652069e-06
0.19 0.1 0 1.3252559414575081e-06
0.19 0.11 0 1.0580669664636628e-06
0.19 0.12 0 1.0145183006651856e-06
0.19 0.13 0 1.1621797837080714e-06
0.19 0.14 0 7.793713218808154e-07
0.19 0.15 0 3.590604653419821e-07
0.19 0.16 0 1.2840240253336126e-07
0.19 0.17 0 3.9925389080350965e-08
0.19 0.18 0 2.932864107725913e-08
0.19 0.19 0 4.73377328043193e-08
0.19 0.2 0 7.596235227291582e-08
0.19 0.21 0 1.478489265657501e-07
0.19 0.22 0 2.494806497193385e-07
0.19 0.23 0 2.868290504721431e-07
0.19 0.24 0 3.9188119855298815e-07
0.19 0.25 0 4.945871734670914e-07
0.19 0.26 0 3.690944088677008e-07
0.19 0.27 0 2.9914407747488916e-07
0.19 0.28 0 2.484602883892986e-07
0.19 0.29 0 1.842319084731103e-07
0.19 0.3 0 1.3147292003550506e-07
0.19 0.31 0 9.986382689536539e-08
0.19 0.32 0 9.164821901738963e-08
0.19 0.33 0 1.1164312590605254e-07
0.19 0.34 0 1.3275326711303868e-07
0.19 0.35000000000000003 0 1.9873282705415343e-07
0.19 0.36 0 2.388304467865234e-07
0.19 0.37 0 1.745599057250861e-07
0.19 0.38 0 9.737652024410925e-08
0.19 0.39 0 5.920213424067892e-08
0.19 0.4 0 6.306994907453848e-08
0.19 0.41000000000000003 0 1.6652978707077682e-07
0.19 0.42 0 2.319016108205099e-07
0.19 0.43 0 1.5998999343588185e-07
0.19 0.44 0 2.0176568645360166e-07
0.19 0.45 0 5.230761506857624e-07
0.19 0.46 0 1.3435501020138132e-06
0.19 0.47000000000000003 0 3.133654267719558e-06
0.19 0.48 0 2.7748736478159605e-06
0.19 0.49 0 1.4591122084098542e-06
0.19 0.5 0 1.0162282264964437e-06
0.2 0.0 0 8.584218535468204e-08
0.2 0.01 0 6.094426041565129e-08
0.2 0.02 0 4.9348276715034974e-08
0.2 0.03 0 7.085766739939158e-08
0.2 0.04 0 1.0798885986708426e-07
0.2 0.05 0 1.9073109392713511e-07
0.2 0.06 0 2.6201958577564177e-07
0.2 0.07 0 4.020622236017217e-07
0.2 0.08 0 8.229403713089138e-07
0.2 0.09 0 1.6440298025103875e-06
0.2 0.1 0 2.284708606910321e-06
0.2 0.11 0 3.051308882045552e-06
0.2 0.12 0 3.881878150613235e-06
0.2 0.13 0 6.989972816712145e-06
0.2 0.14 0 9.326995488849868e-06
0.2 0.15 0 6.420326540098021e-06
0.2 0.16 0 2.888538953154551e-06
0.2 0.17 0 8.861348792838726e-07
0.2 0.18 0 2.1805882411162007e-07
0.2 0.19 0 1.5939076163762052e-07
0.2 0.2 0 2.8382186974138646e-07
0.2 0.21 0 6.835371524185378e-07
0.2 0.22 0 1.4932150850944098e-06
0.2 0.23 0 1.9418447140143576e-06
0.2 0.24 0 1.8574011695430816e-06
0.2 0.25 0 2.4810912890577684e-06
0.2 0.26 0 2.1239134491378987e-06
0.2 0.27 0 1.290107955077518e-06
0.2 0.28 0 9.82851639666416e-07
0.2 0.29 0 7.599490808665429e-07
0.2 0.3 0 5.466334212113124e-07
0.2 0.31 0 5.079285382065408e-07
0.2 0.32 0 4.684200811694856e-07
0.2 0.33 0 5.09580659897127e-07
0.2 0.34 0 5.795975673102542e-07
0.2 0.35000000000000003 0 5.664348857884033e-07
0.2 0.36 0 6.159398609253639e-07
0.2 0.37 0 7.370009511008756e-07
0.2 0.38 0 7.391083214424638e-07
0.2 0.39 0 7.187363823393801e-07
0.2 0.4 0 8.058384035485842e-07
0.2 0.41000000000000003 0 1.797498761201029e-06
0.2 0.42 0 6.468066208278357e-06
0.2 0.43 0 1.133932612633301e-05
0.2 0.44 0 1.0087530987529342e-05
0.2 0.45 0 7.0314358937828835e-06
0.2 0.46 0 3.247750587721003e-06
0.2 0.47000000000000003 0 1.958400362047619e-06
0.2 0.48 0 1.9725999844708664e-06
0.2 0.49 0 1.3347393896654792e-06
0.2 0.5 0 9.856161718370285e-07
0.21 0.0 0 3.347364696385487e-08
0.21 0.01 0 5.042179662015936e-08
0.21 0.02 0 3.28158099321049e-08
0.21 0.03 0 2.5803277033432713e-08
0.21 0.04 0 4.050237809807252e-08
0.21 0.05 0 8.641241512662059e-08
0.21 0.06 0 2.0032455571897966e-07
0.21 0.07 0 2.528525940452799e-07
0.21 0.08 0 2.5588493476962286e-07
0.21 0.09 0 3.4273330181114655e-07
0.21 0.1 0 6.219630139488564e-07
0.21 0.11 0 1.2075299603535229e-06
0.21 0.12 0 2.1264755392089022e-06
0.21 0.13 0 2.2330892611681896e-06
0.21 0.14 0 1.995485356699679e-06
0.21 0.15 0 1.5130808992568693e-06
0.21 0.16 0 1.7067547298242627e-06
0.21 0.17 0 2.9926124716392464e-06
0.21 0.18 0 3.3364900326567673e-06
0.21 0.19 0 1.6700223329393549e-06
0.21 0.2 0 1.003945808749852e-06
0.21 0.21 0 6.100936071800846e-07
0.21 0.22 0 4.681267677531856e-07
0.21 0.23 0 4.499713294362953e-07
0.21 0.24 0 3.878942179734181e-07
0.21 0.25 0 3.772942271766616e-07
0.21 0.26 0 7.15181901008306e-07
0.21 0.27 0 1.1282982532108428e-06
0.21 0.28 0 1.3760455696070338e-06
0.21 0.29 0 9.629058826021264e-07
0.21 0.3 0 3.830121651934372e-07
0.21 0.31 0 1.8220482027102534e-07
0.21 0.32 0 1.6687647463739567e-07
0.21 0.33 0 1.3932091931186912e-07
0.21 0.34 0 1.309055656682718e-07
0.21 0.35000000000000003 0 1.37412301755174e-07
0.21 0.36 0 2.1379382765444804e-07
0.21 0.37 0 5.274333137760979e-07
0.21 0.38 0 1.3164757506958695e-06
0.21 0.39 0 1.8966250307837083e-06
0.21 0.4 0 2.3129747216619815e-06
0.21 0.41000000000000003 0 2.3949635942360924e-06
0.21 0.42 0 3.4088477790935705e-06
0.21 0.43 0 5.375008539301162e-06
0.21 0.44 0 5.607384970486043e-06
0.21 0.45 0 3.5254227194394078e-06
0.21 0.46 0 1.7030822498500684e-06
0.21 0.47000000000000003 0 8.30811521909371e-07
0.21 0.48 0 1.1027995864465581e-06
0.21 0.49 0 1.6810807204677013e-06
0.21 0.5 0 1.1192696561846401e-06
0.22 0.0 0 1.3847571008235408e-07
0.22 0.01 0 1.9594334961183068e-07
0.22 0.02 0 1.852999732453851e-07
0.22 0.03 0 1.2366077321451438e-07
0.22 0.04 0 1.1050940714129674e-07
0.22 0.05 0 8.278346192867064e-08
0.22 0.06 0 8.261924048495845e-08
0.22 0.07 0 1.6865774166611575e-07
0.22 0.08 0 3.553009446819332e-07
0.22 0.09 0 6.327429804157831e-07
0.22 0.1 0 1.1079424553057249e-06
0.22 0.11 0 1.4585226916021125e-06
0.22 0.12 0 1.7616759652181262e-06
0.22 0.13 0 2.016841313178249e-06
0.22 0.14 0 1.7511017761103385e-06
0.22 0.15 0 1.196771498236922e-06
0.22 0.16 0 6.651699150121319e-07
0.22 0.17 0 4.592903735169406e-07
0.22 0.18 0 4.3945731549189294e-07
0.22 0.19 0 3.4873408488609066e-07
0.22 0.2 0 2.3434752023583126e-07
0.22 0.21 0 1.519741868572496e-07
0.22 0.22 0 8.635379820257614e-08
0.22 0.23 0 1.1318569075151821e-07
0.22 0.24 0 2.8985389102210724e-07
0.22 0.25 0 3.989087959325191e-07
0.22 0.26 0 3.0185613504015597e-07
0.22 0.27 0 2.556573844413781e-07
0.22 0.28 0 2.349319622785301e-07
0.22 0.29 0 2.7642997985038447e-07
0.22 0.3 0 1.8754372200746763e-07
0.22 0.31 0 6.038485696974011e-08
0.22 0.32 0 2.8229434546068298e-08
0.22 0.33 0 3.062579701486522e-08
0.22 0.34 0 4.0054072225961867e-08
0.22 0.35000000000000003 0 6.66927313063363e-08
0.22 0.36 0 1.0358757454481714e-07
0.22 0.37 0 1.807498728797471e-07
0.22 0.38 0 4.05673632903784e-07
0.22 0.39 0 8.770894790445644e-07
0.22 0.4 0 1.195422486471461e-06
0.22 0.41000000000000003 0 1.0539481963804107e-06
0.22 0.42 0 5.464113127766332e-07
0.22 0.43 0 4.937080282681932e-07
0.22 0.44 0 1.0619547474812236e-06
0.22 0.45 0 3.2146355876475856e-06
0.22 0.46 0 5.562870853465793e-06
0.22 0.47000000000000003 0 3.263542154780559e-06
0.22 0.48 0 9.154004724043382e-07
0.22 0.49 0 5.419188321673539e-07
0.22 0.5 0 4.877476863682188e-07
0.23 0.0 0 6.165804946181923e-08
0.23 0.01 0 6.099656334111171e-08
0.23 0.02 0 4.8472396322420364e-08
0.23 0.03 0 3.248443650120551e-08
0.23 0.04 0 3.379528668622502e-08
0.23 0.05 0 5.018100594510157e-08
0.23 0.06 0 4.7007042151290466e-08
0.23 0.07 0 6.887987573962224e-08
0.23 0.08 0 1.2404102191227575e-07
0.23 0.09 0 1.2540167881062315e-07
0.23 0.1 0 9.452386983349663e-08
0.23 0.11 0 8.736940121257711e-08
0.23 0.12 0 7.706408871836544e-08
0.23 0.13 0 9.923466505918754e-08
0.23 0.14 0 1.2021591104828952e-07
0.23 0.15 0 1.0776753447774993e-07
0.23 0.16 0 8.005439773541733e-08
0.23 0.17 0 5.492446294090249e-08
0.23 0.18 0 3.62303001797739e-08
0.23 0.19 0 3.724203254845643e-08
0.23 0.2 0 5.3159648895254614e-08
0.23 0.21 0 8.922899038104868e-08
0.23 0.22 0 8.291291017787205e-08
0.23 0.23 0 5.30300419091133e-08
0.23 0.24 0 6.550147989379302e-08
0.23 0.25 0 1.3260228219847576e-07
0.23 0.26 0 1.723035109365215e-07
0.23 0.27 0 1.942493012821082e-07
0.23 0.28 0 1.8068446565531323e-07
0.23 0.29 0 1.7805107213195016e-07
0.23 0.3 0 2.7681429028109477e-07
0.23 0.31 0 3.026840445707673e-07
0.23 0.32 0 1.5105022314443183e-07
0.23 0.33 0 8.059948346087408e-08
0.23 0.34 0 4.349915589630053e-08
0.23 0.35000000000000003 0 2.6067486100984423e-08
0.23 0.36 0 2.7326139252759668e-08
0.23 0.37 0 3.377734515449659e-08
0.23 0.38 0 4.724557404112585e-08
0.23 0.39 0 1.1551368936906568e-07
0.23 0.4 0 3.5770907201995854e-07
0.23 0.41000000000000003 0 9.565601838618645e-07
0.23 0.42 0 1.7354596505282556e-06
0.23 0.43 0 1.8505601801322245e-06
0.23 0.44 0 1.6586612744446e-06
0.23 0.45 0 1.2217613152057996e-06
0.23 0.46 0 8.528098785363301e-07
0.23 0.47000000000000003 0 7.680592328582108e-07
0.23 0.48 0 6.797359933880695e-07
0.23 0.49 0 5.654291685782293e-07
0.23 0.5 0 6.55537155772513e-07
0.24 0.0 0 5.897609827757562e-09
0.24 0.01 0 7.467969434497005e-09
0.24 0.02 0 8.799337242288821e-09
0.24 0.03 0 9.067202079735176e-09
0.24 0.04 0 1.0808823590269472e-08
0.24 0.05 0 1.631887894981166e-08
0.24 0.06 0 1.4789370891455603e-08
0.24 0.07 0 6.687659461584268e-09
0.24 0.08 0 5.814507491292648e-09
0.24 0.09 0 7.964020770427354e-09
0.24 0.1 0 1.2307741926706016e-08
0.24 0.11 0 2.1242738777436776e-08
0.24 0.12 0 2.597103262014703e-08
0.24 0.13 0 2.0187444053177688e-08
0.24 0.14 0 2.5480755071228794e-08
0.24 0.15 0 3.4303720500782684e-08
0.24 0.16 0 4.156493735288682e-08
0.24 0.17 0 3.987906703168507e-08
0.24 0.18 0 2.6164762700208977e-08
0.24 0.19 0 1.559234005476887e-08
0.24 0.2 0 1.7970911151111737e-08
0.24 0.21 0 2.801681544155666e-08
0.24 0.22 0 5.198816037406315e-08
0.24 0.23 0 7.550652277384429e-08
0.24 0.24 0 1.0699590527115583e-07
0.24 0.25 0 1.6556583925930038e-07
0.24 0.26 0 2.1365655715673553e-07
0.24 0.27 0 1.729402420713544e-07
0.24 0.28 0 1.3378749065957077e-07
0.24 0.29 0 7.324767960566844e-08
0.24 0.3 0 6.085161926480264e-08
0.24 0.31 0 1.0008321577519678e-07
0.24 0.32 0 1.397282631338431e-07
0.24 0.33 0 1.177900696323577e-07
0.24 0.34 0 1.1221735252617999e-07
0.24 0.35000000000000003 0 9.794660538669426e-08
0.24 0.36 0 1.4352817658550064e-07
0.24 0.37 0 2.5809344900698704e-07
0.24 0.38 0 2.436684136269457e-07
0.24 0.39 0 2.0741231825960199e-07
0.24 0.4 0 4.123762104851381e-07
0.24 0.41000000000000003 0 8.050535750133279e-07
0.24 0.42 0 1.065199528494769e-06
0.24 0.43 0 8.957840444300862e-07
0.24 0.44 0 6.49837887984288e-07
0.24 0.45 0 5.728856709602222e-07
0.24 0.46 0 7.176229872438173e-07
0.24 0.47000000000000003 0 1.0926481716548866e-06
0.24 0.48 0 2.0417656315441073e-06
0.24 0.49 0 2.663180886022992e-06
0.24 0.5 0 2.6430025004306092e-06
0.25 0.0 0 1.5540678852016906e-09
0.25 0.01 0 2.1257914284043296e-09
0.25 0.02 0 3.7233576250107305e-09
0.25 0.03 0 5.246384639648885e-09
0.25 0.04 0 3.979487225296255e-09
0.25 0.05 0 2.3679554328005902e-09
0.25 0.06 0 2.525311040310364e-09
0.25 0.07 0 2.9997255283701573e-09
0.25 0.08 0 2.9593089155030135e-09
0.25 0.09 0 3.0377256830727346e-09
0.25 0.1 0 2.738048710247542e-09
0.25 0.11 0 3.5273280822177322e-09
0.25 0.12 0 7.266083582262201e-09
0.25 0.13 0 7.818169925232209e-09
0.25 0.14 0 5.080433967695329e-09
0.25 0.15 0 5.473230731171103e-09
0.25 0.16 0 8.21496293645169e-09
0.25 0.17 0 1.2864633038037222e-08
0.25 0.18 0 1.2819071318565884e-08
0.25 0.19 0 6.819907277280117e-09
0.25 0.2 0 4.8023809345259575e-09
0.25 0.21 0 7.651021340876717e-09
0.25 0.22 0 1.6348940585885543e-08
0.25 0.23 0 3.968909304634597e-08
0.25 0.24 0 6.417298054110811e-08
0.25 0.25 0 6.542371302561358e-08
0.25 0.26 0 7.140604931699139e-08
0.25 0.27 0 1.2512271046774635e-07
0.25 0.28 0 3.145404474059305e-07
0.25 0.29 0 7.256029763946481e-07
0.25 0.3 0 6.996494887798062e-07
0.25 0.31 0 5.991546255667075e-07
0.25 0.32 0 6.981998739353593e-07
0.25 0.33 0 7.434001194709782e-07
0.25 0.34 0 5.858714894357e-07
0.25 0.35000000000000003 0 3.8964799492360946e-07
0.25 0.36 0 2.4801888880278205e-07
0.25 0.37 0 4.0538096047704e-07
0.25 0.38 0 7.527828804099064e-07
0.25 0.39 0 6.014849011727712e-07
0.25 0.4 0 3.3581036726092426e-07
0.25 0.41000000000000003 0 2.2448062394068096e-07
0.25 0.42 0 1.598385199408164e-07
0.25 0.43 0 2.7617203418585204e-07
0.25 0.44 0 6.480569316811838e-07
0.25 0.45 0 9.337069419251121e-07
0.25 0.46 0 7.843760747806434e-07
0.25 0.47000000000000003 0 5.764644892189996e-07
0.25 0.48 0 4.294838515180489e-07
0.25 0.49 0 5.059334409140699e-07
0.25 0.5 0 6.011303351273825e-07
0.26 0.0 0 5.805338949137738e-09
0.26 0.01 0 3.511150817045671e-09
0.26 0.02 0 2.267221009064458e-09
0.26 0.03 0 2.476826675193886e-09
0.26 0.04 0 3.2902372441809407e-09
0.26 0.05 0 2.9292174378076592e-09
0.26 0.06 0 2.108891265858724e-09
0.26 0.07 0 2.9366524237858094e-09
0.26 0.08 0 5.067565747021127e-09
0.26 0.09 0 9.723039886449185e-09
0.26 0.1 0 1.339268241130613e-08
0.26 0.11 0 1.2490380473372892e-08
0.26 0.12 0 1.8619070080235876e-08
0.26 0.13 0 4.867257887848029e-08
0.26 0.14 0 5.685261094623719e-08
0.26 0.15 0 4.4819546914130855e-08
0.26 0.16 0 4.228296486174748e-08
0.26 0.17 0 4.9037259385802706e-08
0.26 0.18 0 7.62384700496903e-08
0.26 0.19 0 1.2102916413768262e-07
0.26 0.2 0 1.0368661179646419e-07
0.26 0.21 0 7.613675755557194e-08
0.26 0.22 0 5.3396258108058025e-08
0.26 0.23 0 4.616169782258549e-08
0.26 0.24 0 6.266596337603548e-08
0.26 0.25 0 8.568069893498731e-08
0.26 0.26 0 8.581724789373284e-08
0.26 0.27 0 9.498937718224853e-08
0.26 0.28 0 1.2325001884914474e-07
0.26 0.29 0 2.4057068155447954e-07
0.26 0.3 0 5.168303724010078e-07
0.26 0.31 0 6.420114453675695e-07
0.26 0.32 0 5.397445183216535e-07
0.26 0.33 0 3.965247923956464e-07
0.26 0.34 0 2.9136405543267785e-07
0.26 0.35000000000000003 0 3.4881890400322716e-07
0.26 0.36 0 4.375088937652889e-07
0.26 0.37 0 3.708756475567058e-07
0.26 0.38 0 3.526970058220958e-07
0.26 0.39 0 3.450556983754195e-07
0.26 0.4 0 3.4686380873552923e-07
0.26 0.41000000000000003 0 4.352267358155647e-07
0.26 0.42 0 3.69744902450762e-07
0.26 0.43 0 2.487924023414869e-07
0.26 0.44 0 3.160970818466905e-07
0.26 0.45 0 3.8140045977679437e-07
0.26 0.46 0 3.138445971223469e-07
0.26 0.47000000000000003 0 2.604091220551549e-07
0.26 0.48 0 2.0204995700594058e-07
0.26 0.49 0 1.5630911273443597e-07
0.26 0.5 0 1.9357982311085068e-07
0.27 0.0 0 2.5009132238076416e-08
0.27 0.01 0 2.0663083581522428e-08
0.27 0.02 0 2.128321370903365e-08
0.27 0.03 0 3.1435727451805144e-08
0.27 0.04 0 6.009351328157027e-08
0.27 0.05 0 8.472086869959635e-08
0.27 0.06 0 7.148222471888492e-08
0.27 0.07 0 5.136448688715718e-08
0.27 0.08 0 5.359833986082114e-08
0.27 0.09 0 6.402325899556782e-08
0.27 0.1 0 1.0298580362162854e-07
0.27 0.11 0 1.1880475060542416e-07
0.27 0.12 0 1.0768108129151503e-07
0.27 0.13 0 1.7168350510528783e-07
0.27 0.14 0 4.1052033155258104e-07
0.27 0.15 0 5.938302004368168e-07
0.27 0.16 0 8.312434380357204e-07
0.27 0.17 0 7.20656262241939e-07
0.27 0.18 0 3.958784822213532e-07
0.27 0.19 0 2.641383460917885e-07
0.27 0.2 0 1.8442361230144649e-07
0.27 0.21 0 8.005368452284837e-08
0.27 0.22 0 5.479145919903958e-08
0.27 0.23 0 6.307677466530606e-08
0.27 0.24 0 1.155682802248791e-07
0.27 0.25 0 2.2483279492717842e-07
0.27 0.26 0 3.248974750775417e-07
0.27 0.27 0 3.649957178191376e-07
0.27 0.28 0 4.816084960923967e-07
0.27 0.29 0 4.7214681138945927e-07
0.27 0.3 0 4.725811817066668e-07
0.27 0.31 0 5.10886961115383e-07
0.27 0.32 0 6.531500427591603e-07
0.27 0.33 0 8.596372022535729e-07
0.27 0.34 0 8.831713809061389e-07
0.27 0.35000000000000003 0 7.054085206865806e-07
0.27 0.36 0 8.772269552414063e-07
0.27 0.37 0 8.672138043709098e-07
0.27 0.38 0 6.224297483172501e-07
0.27 0.39 0 5.246505553541395e-07
0.27 0.4 0 5.474748374150316e-07
0.27 0.41000000000000003 0 6.440426860066844e-07
0.27 0.42 0 8.781158726905633e-07
0.27 0.43 0 6.836506408035322e-07
0.27 0.44 0 5.91873483582618e-07
0.27 0.45 0 8.857734559672446e-07
0.27 0.46 0 1.2205514737927202e-06
0.27 0.47000000000000003 0 1.3813369974769726e-06
0.27 0.48 0 1.6135043631040548e-06
0.27 0.49 0 1.1599405152587904e-06
0.27 0.5 0 8.351907089365081e-07
0.28 0.0 0 1.7240043658154275e-07
0.28 0.01 0 2.5929923232804254e-07
0.28 0.02 0 1.6568176382728996e-07
0.28 0.03 0 1.0613411691403575e-07
0.28 0.04 0 8.688088152401099e-08
0.28 0.05 0 7.978567700949835e-08
0.28 0.06 0 9.174239805653273e-08
0.28 0.07 0 1.0656441142785227e-07
0.28 0.08 0 1.224907307021583e-07
0.28 0.09 0 1.4868611385926752e-07
0.28 0.1 0 1.973450612162088e-07
0.28 0.11 0 3.118568453185757e-07
0.28 0.12 0 3.478940402400334e-07
0.28 0.13 0 2.8513787679570486e-07
0.28 0.14 0 3.022361310460346e-07
0.28 0.15 0 3.3786472152538093e-07
0.28 0.16 0 3.009694644925437e-07
0.28 0.17 0 1.9910146173549288e-07
0.28 0.18 0 5.662527077796462e-08
0.28 0.19 0 2.140955304146248e-08
0.28 0.2 0 3.211583984180637e-08
0.28 0.21 0 6.942847077088265e-08
0.28 0.22 0 9.202885971813237e-08
0.28 0.23 0 1.1414534682590329e-07
0.28 0.24 0 1.1300503610949845e-07
0.28 0.25 0 1.4574499149982083e-07
0.28 0.26 0 2.793612096469272e-07
0.28 0.27 0 4.665123118992037e-07
0.28 0.28 0 5.57480901437655e-07
0.28 0.29 0 5.358629951727647e-07
0.28 0.3 0 2.8768273000421854e-07
0.28 0.31 0 1.5779657016856342e-07
0.28 0.32 0 1.112307129289039e-07
0.28 0.33 0 1.0324638586577277e-07
0.28 0.34 0 1.0240664547954971e-07
0.28 0.35000000000000003 0 1.1298330808935252e-07
0.28 0.36 0 1.730362942170444e-07
0.28 0.37 0 4.227001752544568e-07
0.28 0.38 0 5.842106962416318e-07
0.28 0.39 0 4.98642803069782e-07
0.28 0.4 0 3.371542210282781e-07
0.28 0.41000000000000003 0 2.4602068508938275e-07
0.28 0.42 0 3.471869684323186e-07
0.28 0.43 0 8.633974038365782e-07
0.28 0.44 0 9.750687455452955e-07
0.28 0.45 0 7.575887222522584e-07
0.28 0.46 0 6.001498584333102e-07
0.28 0.47000000000000003 0 5.866700438016489e-07
0.28 0.48 0 9.528822843275697e-07
0.28 0.49 0 1.8691435109693503e-06
0.28 0.5 0 1.87663819216315e-06
0.29 0.0 0 5.398121828089512e-07
0.29 0.01 0 8.620409872324783e-07
0.29 0.02 0 7.41492302107102e-07
0.29 0.03 0 4.626103938662092e-07
0.29 0.04 0 3.589869260049621e-07
0.29 0.05 0 3.086540389127405e-07
0.29 0.06 0 3.3515957110546134e-07
0.29 0.07 0 6.304599428775485e-07
0.29 0.08 0 8.73035565674286e-07
0.29 0.09 0 7.417201534094232e-07
0.29 0.1 0 3.829546573057458e-07
0.29 0.11 0 2.0053894011338207e-07
0.29 0.12 0 1.58711374003402e-07
0.29 0.13 0 1.5996348126438626e-07
0.29 0.14 0 1.4114118074542428e-07
0.29 0.15 0 1.4778795242531542e-07
0.29 0.16 0 1.797699887951233e-07
0.29 0.17 0 3.5586879780921457e-07
0.29 0.18 0 6.856254937677166e-07
0.29 0.19 0 5.676814049508887e-07
0.29 0.2 0 2.9901976167681513e-07
0.29 0.21 0 1.8271526564123765e-07
0.29 0.22 0 1.0611774626132765e-07
0.29 0.23 0 1.0731907089325461e-07
0.29 0.24 0 1.4541410868367862e-07
0.29 0.25 0 1.2882202757972338e-07
0.29 0.26 0 1.4602838024395062e-07
0.29 0.27 0 3.307459632910547e-07
0.29 0.28 0 7.985642154574076e-07
0.29 0.29 0 1.6846181005095125e-06
0.29 0.3 0 1.599848292386289e-06
0.29 0.31 0 4.835883376259697e-07
0.29 0.32 0 1.2190383864243555e-07
0.29 0.33 0 4.634310428433971e-08
0.29 0.34 0 2.7913323886692423e-08
0.29 0.35000000000000003 0 2.879607007197504e-08
0.29 0.36 0 3.639012322796429e-08
0.29 0.37 0 4.8826227853771186e-08
0.29 0.38 0 8.968180559704444e-08
0.29 0.39 0 2.1648097841408174e-07
0.29 0.4 0 5.663600947510076e-07
0.29 0.41000000000000003 0 7.211244217658523e-07
0.29 0.42 0 4.842047505623559e-07
0.29 0.43 0 5.603701709273861e-07
0.29 0.44 0 1.0917284091364234e-06
0.29 0.45 0 1.378296541429813e-06
0.29 0.46 0 1.4397625531844444e-06
0.29 0.47000000000000003 0 1.280002318778736e-06
0.29 0.48 0 1.5904640424652992e-06
0.29 0.49 0 4.245529492264613e-06
0.29 0.5 0 7.861837849740369e-06
0.3 0.0 0 9.61144749036743e-07
0.3 0.01 0 8.449595193162302e-07
0.3 0.02 0 1.0992847302506477e-06
0.3 0.03 0 9.385568240948002e-07
0.3 0.04 0 8.0890165752759e-07
0.3 0.05 0 7.019888907859023e-07
0.3 0.06 0 5.517878117580681e-07
0.3 0.07 0 6.150821087836217e-07
0.3 0.08 0 1.066705269581612e-06
0.3 0.09 0 1.3393466776287952e-06
0.3 0.1 0 1.5316313789188251e-06
0.3 0.11 0 1.2643441725734786e-06
0.3 0.12 0 8.705209576170918e-07
0.3 0.13 0 6.931524647040785e-07
0.3 0.14 0 8.772279949980948e-07
0.3 0.15 0 1.624441116001928e-06
0.3 0.16 0 3.501684472540428e-06
0.3 0.17 0 3.5611302070950922e-06
0.3 0.18 0 2.6261687833545353e-06
0.3 0.19 0 1.7921881582765321e-06
0.3 0.2 0 1.1865112576966927e-06
0.3 0.21 0 8.539018295929062e-07
0.3 0.22 0 7.968670537652478e-07
0.3 0.23 0 9.322324403655029e-07
0.3 0.24 0 2.4333152686737613e-06
0.3 0.25 0 4.994816588160582e-06
0.3 0.26 0 4.550718372594091e-06
0.3 0.27 0 3.3340204281360625e-06
0.3 0.28 0 2.669814975008575e-06
0.3 0.29 0 1.984186004606736e-06
0.3 0.3 0 2.2860161089498697e-06
0.3 0.31 0 2.0574697143076693e-06
0.3 0.32 0 1.3235225050971493e-06
0.3 0.33 0 8.077689746344386e-07
0.3 0.34 0 4.250305032972017e-07
0.3 0.35000000000000003 0 2.3612714384966857e-07
0.3 0.36 0 2.781514434100356e-07
0.3 0.37 0 3.6207864983473794e-07
0.3 0.38 0 4.690553079443054e-07
0.3 0.39 0 8.074737264382089e-07
0.3 0.4 0 1.941433123847947e-06
0.3 0.41000000000000003 0 3.7791109146562417e-06
0.3 0.42 0 3.695985654323042e-06
0.3 0.43 0 2.1609142910152404e-06
0.3 0.44 0 2.0050736222458893e-06
0.3 0.45 0 2.644714905485119e-06
0.3 0.46 0 4.173772188246495e-06
0.3 0.47000000000000003 0 6.0500325947068405e-06
0.3 0.48 0 4.92596329970385e-06
0.3 0.49 0 4.040474471746026e-06
0.3 0.5 0 7.2763363309133204e-06
#STOP
