#MEDIUM_PROPERTIES_DISTRIBUTED
$MSH_TYPE
	 GROUNDWATER_FLOW	
$MMP_TYPE
	 PERMEABILITY	
$DIS_TYPE
	 NEAREST_VALUE	
;hj
$CONVERSION_FACTOR
	 1.0	
$DATA
0.0 0.0 0 4.478954247948836e-06
0.0 0.01 0 3.5368564005112994e-06
0.0 0.02 0 2.802951847516525e-06
0.0 0.03 0 1.7547139798707555e-06
0.0 0.04 0 1.7340872781122296e-06
0.0 0.05 0 2.389912787322913e-06
0.0 0.06 0 2.721587700202187e-06
0.0 0.07 0 5.096124356477056e-06
0.0 0.08 0 8.628078264636552e-06
0.0 0.09 0 5.784278859059662e-06
0.0 0.1 0 4.5922254107127735e-06
0.0 0.11 0 5.028389228412519e-06
0.0 0.12 0 4.804980642835933e-06
0.0 0.13 0 6.185184612523615e-06
0.0 0.14 0 6.205817743770063e-06
0.0 0.15 0 3.3373051554147043e-06
0.0 0.16 0 1.7966062363756672e-06
0.0 0.17 0 1.006242430392524e-06
0.0 0.18 0 7.640792477177293e-07
0.0 0.19 0 6.619109721939387e-07
0.0 0.2 0 2.6302169854141806e-07
0.0 0.21 0 1.0630309345960298e-07
0.0 0.22 0 8.421333675850493e-08
0.0 0.23 0 6.516244236316422e-08
0.0 0.24 0 7.66976830470794e-08
0.0 0.25 0 1.2627252572207765e-07
0.0 0.26 0 1.071350447523297e-07
0.0 0.27 0 9.72713188256955e-08
0.0 0.28 0 1.423777546292881e-07
0.0 0.29 0 1.6242187315535038e-07
0.0 0.3 0 1.5317615461688893e-07
0.0 0.31 0 1.1479952848243446e-07
0.0 0.32 0 9.450552632688134e-08
0.0 0.33 0 1.8266413390122975e-07
0.0 0.34 0 4.247710253531732e-07
0.0 0.35000000000000003 0 7.974037185953975e-07
0.0 0.36 0 1.3585224399971316e-06
0.0 0.37 0 9.664490829713957e-07
0.0 0.38 0 5.650487485481072e-07
0.0 0.39 0 7.649593989091715e-07
0.0 0.4 0 8.519220784781318e-07
0.0 0.41000000000000003 0 6.419570337081817e-07
0.0 0.42 0 6.041602590284995e-07
0.0 0.43 0 4.931273387149387e-07
0.0 0.44 0 5.069591371337149e-07
0.0 0.45 0 8.258488345828571e-07
0.0 0.46 0 1.0944967341727724e-06
0.0 0.47000000000000003 0 1.243343751681991e-06
0.0 0.48 0 9.925846348309903e-07
0.0 0.49 0 5.57769867344323e-07
0.0 0.5 0 5.263992578899698e-07
0.01 0.0 0 5.2961287144048095e-06
0.01 0.01 0 2.517952540999033e-06
0.01 0.02 0 1.5048730927875488e-06
0.01 0.03 0 1.4544326068839398e-06
0.01 0.04 0 1.6513266978407987e-06
0.01 0.05 0 2.9114695179179405e-06
0.01 0.06 0 4.1891175102700236e-06
0.01 0.07 0 3.7581335564197538e-06
0.01 0.08 0 3.2583787480737228e-06
0.01 0.09 0 2.437198569947581e-06
0.01 0.1 0 2.6918985307694684e-06
0.01 0.11 0 4.4157783621635275e-06
0.01 0.12 0 3.95394813779356e-06
0.01 0.13 0 3.4634239054178405e-06
0.01 0.14 0 3.961108928154518e-06
0.01 0.15 0 2.4145947312581297e-06
0.01 0.16 0 1.502540980385788e-06
0.01 0.17 0 1.3345755547952552e-06
0.01 0.18 0 7.965849802691624e-07
0.01 0.19 0 5.091176262643292e-07
0.01 0.2 0 4.103374065201811e-07
0.01 0.21 0 2.9314268467976955e-07
0.01 0.22 0 2.786097784729294e-07
0.01 0.23 0 2.8574751339536995e-07
0.01 0.24 0 2.933908944475523e-07
0.01 0.25 0 3.8323493220431787e-07
0.01 0.26 0 2.858680305554556e-07
0.01 0.27 0 1.6577306548744066e-07
0.01 0.28 0 1.7322900726644273e-07
0.01 0.29 0 1.4229116764245637e-07
0.01 0.3 0 1.0459141128108743e-07
0.01 0.31 0 1.409723825974083e-07
0.01 0.32 0 1.6918807532463996e-07
0.01 0.33 0 2.173909707280893e-07
0.01 0.34 0 4.5177675035194293e-07
0.01 0.35000000000000003 0 6.275850772796925e-07
0.01 0.36 0 5.270993309228849e-07
0.01 0.37 0 3.423414221148019e-07
0.01 0.38 0 2.0493068551641404e-07
0.01 0.39 0 2.360625598292589e-07
0.01 0.4 0 3.1469014574808363e-07
0.01 0.41000000000000003 0 2.7800488823676167e-07
0.01 0.42 0 3.292973730268623e-07
0.01 0.43 0 3.641950830481425e-07
0.01 0.44 0 3.4200565298179846e-07
0.01 0.45 0 6.25213522165138e-07
0.01 0.46 0 8.468140808783361e-07
0.01 0.47000000000000003 0 4.7425008100587934e-07
0.01 0.48 0 3.2674629654133685e-07
0.01 0.49 0 3.0239869982343583e-07
0.01 0.5 0 3.5009684517500805e-07
0.02 0.0 0 1.2240483984326772e-05
0.02 0.01 0 7.3753187623941105e-06
0.02 0.02 0 5.189050308627112e-06
0.02 0.03 0 5.178555821273273e-06
0.02 0.04 0 3.415184223086951e-06
0.02 0.05 0 3.0591108774665373e-06
0.02 0.06 0 4.359340726232845e-06
0.02 0.07 0 3.295948229985074e-06
0.02 0.08 0 2.2531250483976916e-06
0.02 0.09 0 2.061090874190291e-06
0.02 0.1 0 1.4130047524064133e-06
0.02 0.11 0 1.0196212985661116e-06
0.02 0.12 0 7.497449145348087e-07
0.02 0.13 0 4.699763248736249e-07
0.02 0.14 0 3.927900258076731e-07
0.02 0.15 0 2.9753460831676764e-07
0.02 0.16 0 2.196728952652171e-07
0.02 0.17 0 2.54289984855453e-07
0.02 0.18 0 2.166939758739925e-07
0.02 0.19 0 1.804897691819301e-07
0.02 0.2 0 2.7330643880255826e-07
0.02 0.21 0 2.396604063571177e-07
0.02 0.22 0 1.2412419199962695e-07
0.02 0.23 0 9.106037615502327e-08
0.02 0.24 0 6.269162048700963e-08
0.02 0.25 0 5.078372726885074e-08
0.02 0.26 0 6.232481912437526e-08
0.02 0.27 0 6.20204995221614e-08
0.02 0.28 0 6.29673209796438e-08
0.02 0.29 0 7.167318570086698e-08
0.02 0.3 0 8.35462921352467e-08
0.02 0.31 0 1.6176219032642785e-07
0.02 0.32 0 2.556113286826491e-07
0.02 0.33 0 2.3896305474377945e-07
0.02 0.34 0 3.63436884915396e-07
0.02 0.35000000000000003 0 5.156000674798203e-07
0.02 0.36 0 4.0816576378039127e-07
0.02 0.37 0 3.881742755407653e-07
0.02 0.38 0 2.910403657974352e-07
0.02 0.39 0 1.7030244405779037e-07
0.02 0.4 0 2.0107309810404333e-07
0.02 0.41000000000000003 0 3.1413147295356207e-07
0.02 0.42 0 4.2463676209508954e-07
0.02 0.43 0 4.93764310773641e-07
0.02 0.44 0 3.8615174033613794e-07
0.02 0.45 0 3.9961934611884003e-07
0.02 0.46 0 5.513717440444653e-07
0.02 0.47000000000000003 0 4.778429996344292e-07
0.02 0.48 0 4.7050915475797564e-07
0.02 0.49 0 4.824529908960645e-07
0.02 0.5 0 2.9897277763356974e-07
0.03 0.0 0 8.568803924898025e-07
0.03 0.01 0 1.5189684833021042e-06
0.03 0.02 0 1.8296307122555338e-06
0.03 0.03 0 1.6716833532908913e-06
0.03 0.04 0 1.2613593835865179e-06
0.03 0.05 0 1.088211632635669e-06
0.03 0.06 0 1.6719272832195431e-06
0.03 0.07 0 1.730496355137691e-06
0.03 0.08 0 1.0245687712120306e-06
0.03 0.09 0 7.072605598258678e-07
0.03 0.1 0 3.7549162661505376e-07
0.03 0.11 0 2.544192222533508e-07
0.03 0.12 0 3.794054174568017e-07
0.03 0.13 0 3.2947694150319785e-07
0.03 0.14 0 1.5550489710780438e-07
0.03 0.15 0 1.0231431237408426e-07
0.03 0.16 0 7.966682685311127e-08
0.03 0.17 0 8.893613909717066e-08
0.03 0.18 0 1.249343836339903e-07
0.03 0.19 0 1.0912267780195204e-07
0.03 0.2 0 8.031326531340016e-08
0.03 0.21 0 5.032781056031071e-08
0.03 0.22 0 3.035332803075482e-08
0.03 0.23 0 4.208493964256603e-08
0.03 0.24 0 7.120891837826811e-08
0.03 0.25 0 9.531654283683624e-08
0.03 0.26 0 2.297950433837244e-07
0.03 0.27 0 4.815429885681732e-07
0.03 0.28 0 5.23647256595682e-07
0.03 0.29 0 6.79376807335172e-07
0.03 0.3 0 7.385944749791527e-07
0.03 0.31 0 5.832046139329875e-07
0.03 0.32 0 6.279425204218854e-07
0.03 0.33 0 7.25486504304622e-07
0.03 0.34 0 1.012437335306873e-06
0.03 0.35000000000000003 0 1.7235482686639576e-06
0.03 0.36 0 1.963338971211865e-06
0.03 0.37 0 2.228893779261819e-06
0.03 0.38 0 2.1917220226710366e-06
0.03 0.39 0 1.1572644553538843e-06
0.03 0.4 0 9.388199413898215e-07
0.03 0.41000000000000003 0 1.0331373749305033e-06
0.03 0.42 0 5.789886365516853e-07
0.03 0.43 0 3.560286742887402e-07
0.03 0.44 0 2.903774274158863e-07
0.03 0.45 0 2.1509597451104523e-07
0.03 0.46 0 2.5631614588688516e-07
0.03 0.47000000000000003 0 3.1575524507577093e-07
0.03 0.48 0 2.1774988452375327e-07
0.03 0.49 0 1.2600916254526714e-07
0.03 0.5 0 7.058181208056424e-08
0.04 0.0 0 3.0539508123280544e-07
0.04 0.01 0 3.95719654367634e-07
0.04 0.02 0 3.9960317082677506e-07
0.04 0.03 0 3.0285132735230873e-07
0.04 0.04 0 3.250356207864591e-07
0.04 0.05 0 2.4201977502249833e-07
0.04 0.06 0 1.504555635209812e-07
0.04 0.07 0 1.2582985949218191e-07
0.04 0.08 0 8.104007471286349e-08
0.04 0.09 0 5.1568718970594976e-08
0.04 0.1 0 4.2227802536320373e-08
0.04 0.11 0 4.07570173320565e-08
0.04 0.12 0 6.568125946348861e-08
0.04 0.13 0 8.22730595041999e-08
0.04 0.14 0 5.409556306365518e-08
0.04 0.15 0 5.3545658158350386e-08
0.04 0.16 0 5.985326007266503e-08
0.04 0.17 0 5.55179525101111e-08
0.04 0.18 0 8.304177595039042e-08
0.04 0.19 0 8.878865564853759e-08
0.04 0.2 0 5.1145714046131924e-08
0.04 0.21 0 4.9785619250985525e-08
0.04 0.22 0 7.237940233551001e-08
0.04 0.23 0 1.1499877623074132e-07
0.04 0.24 0 2.0138973386633592e-07
0.04 0.25 0 2.4835447683473324e-07
0.04 0.26 0 3.4191408957362133e-07
0.04 0.27 0 6.077907459021069e-07
0.04 0.28 0 7.577420301931851e-07
0.04 0.29 0 1.05052681933785e-06
0.04 0.3 0 1.3262675106528591e-06
0.04 0.31 0 9.478179570549285e-07
0.04 0.32 0 1.2553701488341921e-06
0.04 0.33 0 2.8076982795880755e-06
0.04 0.34 0 3.454281038000845e-06
0.04 0.35000000000000003 0 3.7049132476581876e-06
0.04 0.36 0 3.5079329021748056e-06
0.04 0.37 0 2.2040944510727094e-06
0.04 0.38 0 1.751434922435345e-06
0.04 0.39 0 1.4922615291224979e-06
0.04 0.4 0 1.2026685684836239e-06
0.04 0.41000000000000003 0 1.2654459724463992e-06
0.04 0.42 0 1.198101841410437e-06
0.04 0.43 0 1.5255779566390958e-06
0.04 0.44 0 3.0293726770356927e-06
0.04 0.45 0 3.23674639494513e-06
0.04 0.46 0 2.9003752049643513e-06
0.04 0.47000000000000003 0 3.434796192593592e-06
0.04 0.48 0 2.1504092722806567e-06
0.04 0.49 0 1.1884892456587248e-06
0.04 0.5 0 9.937599049212946e-07
0.05 0.0 0 2.3812911787838783e-07
0.05 0.01 0 2.696590943888367e-07
0.05 0.02 0 3.8226354764148837e-07
0.05 0.03 0 4.6469823516205215e-07
0.05 0.04 0 6.670630571693001e-07
0.05 0.05 0 5.979635636154053e-07
0.05 0.06 0 3.204939150541187e-07
0.05 0.07 0 3.4565221369711665e-07
0.05 0.08 0 4.1432276258482896e-07
0.05 0.09 0 3.0212381503922295e-07
0.05 0.1 0 3.026920878059809e-07
0.05 0.11 0 3.115018948652812e-07
0.05 0.12 0 2.960939334365394e-07
0.05 0.13 0 4.4210102893030824e-07
0.05 0.14 0 5.133525574858004e-07
0.05 0.15 0 3.541388584840277e-07
0.05 0.16 0 2.0988660337166926e-07
0.05 0.17 0 1.1748069885752268e-07
0.05 0.18 0 1.285417301402892e-07
0.05 0.19 0 2.04166860377365e-07
0.05 0.2 0 1.7515521175825435e-07
0.05 0.21 0 1.626082262244268e-07
0.05 0.22 0 1.8258101890306642e-07
0.05 0.23 0 1.4862085703921593e-07
0.05 0.24 0 2.0558113309294694e-07
0.05 0.25 0 3.5882191723062473e-07
0.05 0.26 0 3.1945798935149997e-07
0.05 0.27 0 3.0862222142231377e-07
0.05 0.28 0 3.9712849506738825e-07
0.05 0.29 0 5.188815993916761e-07
0.05 0.3 0 8.924347627116718e-07
0.05 0.31 0 1.3380270978491777e-06
0.05 0.32 0 1.8859511524538947e-06
0.05 0.33 0 3.1823000010558118e-06
0.05 0.34 0 3.0593815131638056e-06
0.05 0.35000000000000003 0 2.402238255041312e-06
0.05 0.36 0 2.2604537895857514e-06
0.05 0.37 0 1.258063147682768e-06
0.05 0.38 0 9.13213817646505e-07
0.05 0.39 0 1.4530277759525317e-06
0.05 0.4 0 1.6864867934059856e-06
0.05 0.41000000000000003 0 1.7216044199552766e-06
0.05 0.42 0 2.1013790312202732e-06
0.05 0.43 0 1.7157599516122285e-06
0.05 0.44 0 1.319162910389397e-06
0.05 0.45 0 1.0320703343456428e-06
0.05 0.46 0 7.128578206587132e-07
0.05 0.47000000000000003 0 6.963906194824345e-07
0.05 0.48 0 6.263402401806731e-07
0.05 0.49 0 4.926070915235548e-07
0.05 0.5 0 6.008156085336025e-07
0.06 0.0 0 1.2742255066190547e-06
0.06 0.01 0 8.267293950109013e-07
0.06 0.02 0 8.340831426611699e-07
0.06 0.03 0 8.882539517566774e-07
0.06 0.04 0 7.710786981505043e-07
0.06 0.05 0 8.148736162302699e-07
0.06 0.06 0 7.389587126483011e-07
0.06 0.07 0 6.775942965353899e-07
0.06 0.08 0 6.567113126457267e-07
0.06 0.09 0 4.2618933107672296e-07
0.06 0.1 0 3.631274950245232e-07
0.06 0.11 0 4.0299431355348877e-07
0.06 0.12 0 3.2975349291642767e-07
0.06 0.13 0 4.630652562378942e-07
0.06 0.14 0 8.354751300937704e-07
0.06 0.15 0 7.427042657031328e-07
0.06 0.16 0 7.872331532180373e-07
0.06 0.17 0 1.2177956413956192e-06
0.06 0.18 0 1.5343247226890382e-06
0.06 0.19 0 2.0441078290755197e-06
0.06 0.2 0 1.908056946789938e-06
0.06 0.21 0 1.0889543481994892e-06
0.06 0.22 0 8.058193858416636e-07
0.06 0.23 0 7.775043152079709e-07
0.06 0.24 0 1.1816926606993294e-06
0.06 0.25 0 2.167691639469076e-06
0.06 0.26 0 1.439092099426226e-06
0.06 0.27 0 6.78347179857402e-07
0.06 0.28 0 5.68266228796098e-07
0.06 0.29 0 4.286905641761491e-07
0.06 0.3 0 3.863088646862684e-07
0.06 0.31 0 4.4669256719643507e-07
0.06 0.32 0 2.677650562029322e-07
0.06 0.33 0 1.6426091952267292e-07
0.06 0.34 0 1.8922481790780618e-07
0.06 0.35000000000000003 0 2.3876071693654326e-07
0.06 0.36 0 3.1551873322953637e-07
0.06 0.37 0 3.28568223148203e-07
0.06 0.38 0 3.1446992495689357e-07
0.06 0.39 0 5.91399809135717e-07
0.06 0.4 0 1.0750001029537598e-06
0.06 0.41000000000000003 0 1.2553634884336641e-06
0.06 0.42 0 1.3825713186631294e-06
0.06 0.43 0 7.112858128493473e-07
0.06 0.44 0 2.7550320615021535e-07
0.06 0.45 0 2.569979709199221e-07
0.06 0.46 0 2.4165685367668946e-07
0.06 0.47000000000000003 0 1.604812275313861e-07
0.06 0.48 0 1.3471398437126875e-07
0.06 0.49 0 1.0735081895071994e-07
0.06 0.5 0 1.0651670525406777e-07
0.07 0.0 0 2.0213893404298154e-05
0.07 0.01 0 1.5763337379626333e-05
0.07 0.02 0 1.3662457266308027e-05
0.07 0.03 0 1.375140905223405e-05
0.07 0.04 0 9.559920585696643e-06
0.07 0.05 0 1.1289321657567231e-05
0.07 0.06 0 1.6786794962740338e-05
0.07 0.07 0 1.1553838976747073e-05
0.07 0.08 0 7.818388988310963e-06
0.07 0.09 0 6.451703157738263e-06
0.07 0.1 0 4.660211138449302e-06
0.07 0.11 0 4.2564238968619194e-06
0.07 0.12 0 3.6447504810307063e-06
0.07 0.13 0 3.0214878405161308e-06
0.07 0.14 0 3.5332089298364704e-06
0.07 0.15 0 3.338421525867123e-06
0.07 0.16 0 3.208657372969497e-06
0.07 0.17 0 3.5686809633390257e-06
0.07 0.18 0 1.924245110509189e-06
0.07 0.19 0 1.085275513362844e-06
0.07 0.2 0 1.2469211316204707e-06
0.07 0.21 0 1.1786222704190324e-06
0.07 0.22 0 1.3426224776138236e-06
0.07 0.23 0 2.702739743129681e-06
0.07 0.24 0 4.41711085449115e-06
0.07 0.25 0 6.589507800043432e-06
0.07 0.26 0 7.891958449709416e-06
0.07 0.27 0 4.786476622427374e-06
0.07 0.28 0 2.351467447312396e-06
0.07 0.29 0 9.395761488689572e-07
0.07 0.3 0 4.013509083204072e-07
0.07 0.31 0 3.4637420114766123e-07
0.07 0.32 0 2.7329190542085394e-07
0.07 0.33 0 2.0351413184251768e-07
0.07 0.34 0 3.246720577356218e-07
0.07 0.35000000000000003 0 4.328697491754216e-07
0.07 0.36 0 3.765273756831344e-07
0.07 0.37 0 4.212465751502634e-07
0.07 0.38 0 3.4287084401112873e-07
0.07 0.39 0 2.432737606530851e-07
0.07 0.4 0 2.6633662229476097e-07
0.07 0.41000000000000003 0 2.4026288675683585e-07
0.07 0.42 0 1.6391143049995706e-07
0.07 0.43 0 9.12438701833449e-08
0.07 0.44 0 4.404236511294701e-08
0.07 0.45 0 4.3409313539441984e-08
0.07 0.46 0 5.777434866694366e-08
0.07 0.47000000000000003 0 5.281908673031904e-08
0.07 0.48 0 6.983091368021112e-08
0.07 0.49 0 9.704020667892132e-08
0.07 0.5 0 1.0349450500176161e-07
0.08 0.0 0 2.453633913422777e-05
0.08 0.01 0 3.282748801673652e-05
0.08 0.02 0 4.1094626594829384e-05
0.08 0.03 0 5.677205928502274e-05
0.08 0.04 0 5.846820677293078e-05
0.08 0.05 0 5.838297684693072e-05
0.08 0.06 0 7.826715516939762e-05
0.08 0.07 0 6.481122122106427e-05
0.08 0.08 0 4.832417114282981e-05
0.08 0.09 0 4.680286476752044e-05
0.08 0.1 0 2.5594538385631215e-05
0.08 0.11 0 1.4832237654203816e-05
0.08 0.12 0 1.4294217511186011e-05
0.08 0.13 0 8.443603445456048e-06
0.08 0.14 0 4.288871118484786e-06
0.08 0.15 0 2.8935644011199463e-06
0.08 0.16 0 1.670862265813208e-06
0.08 0.17 0 1.2103161507543445e-06
0.08 0.18 0 1.1411803828319953e-06
0.08 0.19 0 1.2264111513221028e-06
0.08 0.2 0 2.1869754666937316e-06
0.08 0.21 0 3.44592397836708e-06
0.08 0.22 0 4.397761828982264e-06
0.08 0.23 0 8.578186386404076e-06
0.08 0.24 0 1.1586522568655042e-05
0.08 0.25 0 1.0516322572245096e-05
0.08 0.26 0 1.240109457001725e-05
0.08 0.27 0 7.3987128574542675e-06
0.08 0.28 0 2.522278676641419e-06
0.08 0.29 0 1.6694001092175688e-06
0.08 0.3 0 1.8135977775652517e-06
0.08 0.31 0 2.9663802173534527e-06
0.08 0.32 0 6.001579609226084e-06
0.08 0.33 0 6.571256705424604e-06
0.08 0.34 0 5.082438588458111e-06
0.08 0.35000000000000003 0 3.327779390723933e-06
0.08 0.36 0 1.7441619269911439e-06
0.08 0.37 0 1.3834679990041647e-06
0.08 0.38 0 8.955633010623171e-07
0.08 0.39 0 3.2133658733148396e-07
0.08 0.4 0 2.2955960446774268e-07
0.08 0.41000000000000003 0 2.6240426981846014e-07
0.08 0.42 0 2.44099551721004e-07
0.08 0.43 0 3.341684415612911e-07
0.08 0.44 0 4.5395538300705997e-07
0.08 0.45 0 5.054484521506227e-07
0.08 0.46 0 9.832333321586075e-07
0.08 0.47000000000000003 0 2.19058973554797e-06
0.08 0.48 0 3.637566687158793e-06
0.08 0.49 0 4.317117003687649e-06
0.08 0.5 0 2.93048846320722e-06
0.09 0.0 0 1.8480121174423654e-06
0.09 0.01 0 3.3368629860330614e-06
0.09 0.02 0 4.904476489068136e-06
0.09 0.03 0 5.9752251820819336e-06
0.09 0.04 0 7.850782052706137e-06
0.09 0.05 0 6.496294164692714e-06
0.09 0.06 0 6.690085600309092e-06
0.09 0.07 0 1.091971328635445e-05
0.09 0.08 0 1.3271867276011688e-05
0.09 0.09 0 1.261800065361166e-05
0.09 0.1 0 8.938339358095027e-06
0.09 0.11 0 6.554266014879524e-06
0.09 0.12 0 9.494445563600275e-06
0.09 0.13 0 1.089453597237921e-05
0.09 0.14 0 7.711412541760743e-06
0.09 0.15 0 7.515371657625763e-06
0.09 0.16 0 6.024480865662963e-06
0.09 0.17 0 4.836392590619139e-06
0.09 0.18 0 7.513929743303708e-06
0.09 0.19 0 7.4588092624818605e-06
0.09 0.2 0 3.859981423554488e-06
0.09 0.21 0 2.4263881494785968e-06
0.09 0.22 0 1.5885927196321814e-06
0.09 0.23 0 1.2204471413794451e-06
0.09 0.24 0 9.874713542146861e-07
0.09 0.25 0 5.073927649916729e-07
0.09 0.26 0 2.893496968904558e-07
0.09 0.27 0 1.9014491506283451e-07
0.09 0.28 0 1.3053909996046174e-07
0.09 0.29 0 2.1335301600773351e-07
0.09 0.3 0 4.1956182426070084e-07
0.09 0.31 0 4.7258522448069036e-07
0.09 0.32 0 7.018100331626068e-07
0.09 0.33 0 8.988199029756472e-07
0.09 0.34 0 6.157850832091991e-07
0.09 0.35000000000000003 0 5.473948641676765e-07
0.09 0.36 0 5.232463699846277e-07
0.09 0.37 0 4.0954020005263763e-07
0.09 0.38 0 3.8625830490366097e-07
0.09 0.39 0 3.3364815858158983e-07
0.09 0.4 0 3.414414707295846e-07
0.09 0.41000000000000003 0 4.675456666229373e-07
0.09 0.42 0 4.492044306147704e-07
0.09 0.43 0 4.844827270987105e-07
0.09 0.44 0 6.016632945897145e-07
0.09 0.45 0 4.7679006339339634e-07
0.09 0.46 0 6.602111872311979e-07
0.09 0.47000000000000003 0 1.614378666613192e-06
0.09 0.48 0 2.002647692607599e-06
0.09 0.49 0 1.899055886108976e-06
0.09 0.5 0 1.781756207685661e-06
0.1 0.0 0 1.5449034166980923e-06
0.1 0.01 0 1.116355032643674e-06
0.1 0.02 0 9.038196571108253e-07
0.1 0.03 0 8.60579487952847e-07
0.1 0.04 0 1.4497324988518248e-06
0.1 0.05 0 1.6550664598334137e-06
0.1 0.06 0 1.3088781770860154e-06
0.1 0.07 0 1.7200891760392585e-06
0.1 0.08 0 1.5367289797538697e-06
0.1 0.09 0 7.899735219297005e-07
0.1 0.1 0 5.346992841853689e-07
0.1 0.11 0 3.2761422430126657e-07
0.1 0.12 0 2.3012908528875268e-07
0.1 0.13 0 2.966819158274778e-07
0.1 0.14 0 3.832954297555024e-07
0.1 0.15 0 4.969930943272267e-07
0.1 0.16 0 6.205562267161554e-07
0.1 0.17 0 6.11651635584322e-07
0.1 0.18 0 8.486492833843261e-07
0.1 0.19 0 9.318518123479708e-07
0.1 0.2 0 4.900108792156913e-07
0.1 0.21 0 3.7348434334498637e-07
0.1 0.22 0 3.56448756247991e-07
0.1 0.23 0 2.811929388076477e-07
0.1 0.24 0 3.9192240606886327e-07
0.1 0.25 0 5.254221023660476e-07
0.1 0.26 0 3.9182797809795667e-07
0.1 0.27 0 3.6021120183467996e-07
0.1 0.28 0 3.634266156346126e-07
0.1 0.29 0 3.463687052666597e-07
0.1 0.3 0 3.7354746610222033e-07
0.1 0.31 0 3.214631541631571e-07
0.1 0.32 0 3.520372093458102e-07
0.1 0.33 0 5.033985384868773e-07
0.1 0.34 0 4.043600002238735e-07
0.1 0.35000000000000003 0 3.175255688486019e-07
0.1 0.36 0 2.7670154812308123e-07
0.1 0.37 0 1.5166114476880283e-07
0.1 0.38 0 1.4298211781335272e-07
0.1 0.39 0 2.4444343761761954e-07
0.1 0.4 0 2.568497608114041e-07
0.1 0.41000000000000003 0 2.673012242410159e-07
0.1 0.42 0 3.5213833880570804e-07
0.1 0.43 0 4.472732903947924e-07
0.1 0.44 0 7.85679091604748e-07
0.1 0.45 0 1.2845208971567738e-06
0.1 0.46 0 1.6397556493138046e-06
0.1 0.47000000000000003 0 2.2896910316500936e-06
0.1 0.48 0 2.122998526243203e-06
0.1 0.49 0 1.9077127889863103e-06
0.1 0.5 0 2.5916641303915298e-06
0.11 0.0 0 2.1407290258820123e-06
0.11 0.01 0 6.565193323874882e-07
0.11 0.02 0 4.46039068520316e-07
0.11 0.03 0 4.163549384373977e-07
0.11 0.04 0 3.845075057672391e-07
0.11 0.05 0 3.1824390569189643e-07
0.11 0.06 0 1.7668094343800134e-07
0.11 0.07 0 1.357416133592781e-07
0.11 0.08 0 1.5237264882763227e-07
0.11 0.09 0 1.5525983915879083e-07
0.11 0.1 0 2.1610327124976865e-07
0.11 0.11 0 2.3899195905471617e-07
0.11 0.12 0 1.7369166534609916e-07
0.11 0.13 0 2.8956212327450096e-07
0.11 0.14 0 6.3553827678416e-07
0.11 0.15 0 6.716968417178927e-07
0.11 0.16 0 6.002100301338516e-07
0.11 0.17 0 4.029438305705142e-07
0.11 0.18 0 2.1023357769595774e-07
0.11 0.19 0 1.6917381239007073e-07
0.11 0.2 0 1.3676704748494733e-07
0.11 0.21 0 1.0032197111320838e-07
0.11 0.22 0 9.152896483687895e-08
0.11 0.23 0 9.10135025962522e-08
0.11 0.24 0 1.7568175355424704e-07
0.11 0.25 0 4.37368828834294e-07
0.11 0.26 0 3.9305268541264723e-07
0.11 0.27 0 2.607399269033117e-07
0.11 0.28 0 2.185628020275044e-07
0.11 0.29 0 1.5995636875157042e-07
0.11 0.3 0 2.3421990295075828e-07
0.11 0.31 0 5.668407641310474e-07
0.11 0.32 0 7.651869430768631e-07
0.11 0.33 0 8.977460438003078e-07
0.11 0.34 0 1.1308593340849076e-06
0.11 0.35000000000000003 0 1.3038327845085125e-06
0.11 0.36 0 1.7675917573594277e-06
0.11 0.37 0 1.7408679129319232e-06
0.11 0.38 0 1.4585418551915514e-06
0.11 0.39 0 1.7579867367043637e-06
0.11 0.4 0 1.6659603876101888e-06
0.11 0.41000000000000003 0 1.8595747684767094e-06
0.11 0.42 0 3.846581449079011e-06
0.11 0.43 0 4.925066838298763e-06
0.11 0.44 0 4.835115796304939e-06
0.11 0.45 0 6.124856230503427e-06
0.11 0.46 0 4.246769956624669e-06
0.11 0.47000000000000003 0 2.2501056358221828e-06
0.11 0.48 0 1.6576023693780848e-06
0.11 0.49 0 1.1596824351962846e-06
0.11 0.5 0 9.794680010042495e-07
0.12 0.0 0 6.751884931933976e-07
0.12 0.01 0 3.9462303437070436e-07
0.12 0.02 0 3.748065914245422e-07
0.12 0.03 0 3.2659391530505344e-07
0.12 0.04 0 1.5957287547272945e-07
0.12 0.05 0 1.2598435411783415e-07
0.12 0.06 0 1.1790810648796033e-07
0.12 0.07 0 7.997316969796371e-08
0.12 0.08 0 8.308531751147207e-08
0.12 0.09 0 9.95294382468864e-08
0.12 0.1 0 1.0158191384061092e-07
0.12 0.11 0 1.184743650665959e-07
0.12 0.12 0 1.1531830720491813e-07
0.12 0.13 0 1.2481094409240312e-07
0.12 0.14 0 1.5694555885898622e-07
0.12 0.15 0 1.155484109199548e-07
0.12 0.16 0 9.207540995799385e-08
0.12 0.17 0 9.287736446194281e-08
0.12 0.18 0 6.438043854957947e-08
0.12 0.19 0 7.433049770519906e-08
0.12 0.2 0 1.3648357604565335e-07
0.12 0.21 0 1.3366514769998745e-07
0.12 0.22 0 1.337099442303067e-07
0.12 0.23 0 1.974977420959007e-07
0.12 0.24 0 2.8696416487025297e-07
0.12 0.25 0 5.375933663125566e-07
0.12 0.26 0 8.695839043356397e-07
0.12 0.27 0 1.006220938941214e-06
0.12 0.28 0 1.5220006442210364e-06
0.12 0.29 0 2.5143556694922668e-06
0.12 0.3 0 5.664250436694113e-06
0.12 0.31 0 1.7400954393081457e-05
0.12 0.32 0 2.1293201237552464e-05
0.12 0.33 0 1.6761802168624075e-05
0.12 0.34 0 2.2778494666828547e-05
0.12 0.35000000000000003 0 2.508840299054156e-05
0.12 0.36 0 2.424057767025876e-05
0.12 0.37 0 2.6664213893130127e-05
0.12 0.38 0 1.6499984801877605e-05
0.12 0.39 0 1.0349642220590017e-05
0.12 0.4 0 1.1719863692027786e-05
0.12 0.41000000000000003 0 1.4585530037710915e-05
0.12 0.42 0 1.805033741549685e-05
0.12 0.43 0 1.4489083767627808e-05
0.12 0.44 0 8.20194247238726e-06
0.12 0.45 0 8.200066452143417e-06
0.12 0.46 0 7.811806215183223e-06
0.12 0.47000000000000003 0 4.652371987302439e-06
0.12 0.48 0 3.2751464064827086e-06
0.12 0.49 0 1.5153176497608707e-06
0.12 0.5 0 5.630170157182648e-07
0.13 0.0 0 1.8206983010335832e-06
0.13 0.01 0 1.4523680271350668e-06
0.13 0.02 0 1.0541102302581024e-06
0.13 0.03 0 8.469423385401422e-07
0.13 0.04 0 5.222681655033558e-07
0.13 0.05 0 3.835888733764972e-07
0.13 0.06 0 3.229171554488291e-07
0.13 0.07 0 1.5103275264525816e-07
0.13 0.08 0 9.597225072361231e-08
0.13 0.09 0 1.1267506712890544e-07
0.13 0.1 0 1.1220085245465049e-07
0.13 0.11 0 1.6988065277028458e-07
0.13 0.12 0 3.3060227662666394e-07
0.13 0.13 0 3.303319697752563e-07
0.13 0.14 0 3.500498302842006e-07
0.13 0.15 0 5.356712952477844e-07
0.13 0.16 0 7.932751309176226e-07
0.13 0.17 0 1.2960378387177152e-06
0.13 0.18 0 1.5339610161603701e-06
0.13 0.19 0 1.4541552067578003e-06
0.13 0.2 0 1.794333764744876e-06
0.13 0.21 0 1.5163236143308867e-06
0.13 0.22 0 1.115161451912984e-06
0.13 0.23 0 1.1400244689894932e-06
0.13 0.24 0 7.503363633339615e-07
0.13 0.25 0 5.743112413804268e-07
0.13 0.26 0 9.660876984332817e-07
0.13 0.27 0 1.1671500258161365e-06
0.13 0.28 0 1.0776847076591536e-06
0.13 0.29 0 1.3348036915597658e-06
0.13 0.3 0 1.490189527460258e-06
0.13 0.31 0 1.9006457397017408e-06
0.13 0.32 0 2.4206851411091742e-06
0.13 0.33 0 1.9584926055422685e-06
0.13 0.34 0 1.6861220970573e-06
0.13 0.35000000000000003 0 1.483026377322136e-06
0.13 0.36 0 1.5374532123930343e-06
0.13 0.37 0 3.382146711443927e-06
0.13 0.38 0 5.52316650352546e-06
0.13 0.39 0 4.8014254872656966e-06
0.13 0.4 0 6.2183130114344696e-06
0.13 0.41000000000000003 0 7.242869379543704e-06
0.13 0.42 0 6.367827203916503e-06
0.13 0.43 0 8.587873323877083e-06
0.13 0.44 0 9.685704410578647e-06
0.13 0.45 0 7.935523089941013e-06
0.13 0.46 0 7.0852628974242535e-06
0.13 0.47000000000000003 0 4.384532105523803e-06
0.13 0.48 0 2.1532542167302497e-06
0.13 0.49 0 9.366400286941197e-07
0.13 0.5 0 3.3985051495096937e-07
0.14 0.0 0 6.659730490238891e-07
0.14 0.01 0 9.423352833818389e-07
0.14 0.02 0 1.4843723966486715e-06
0.14 0.03 0 3.368960964057946e-06
0.14 0.04 0 7.452461600771238e-06
0.14 0.05 0 7.170735014915872e-06
0.14 0.06 0 6.38625543735631e-06
0.14 0.07 0 7.1531017343696815e-06
0.14 0.08 0 8.337946713508452e-06
0.14 0.09 0 1.1570016125780804e-05
0.14 0.1 0 1.1343591746467527e-05
0.14 0.11 0 1.0381575785468901e-05
0.14 0.12 0 1.5042604164178995e-05
0.14 0.13 0 1.5595308664504355e-05
0.14 0.14 0 1.4867894217322353e-05
0.14 0.15 0 2.0020504801738894e-05
0.14 0.16 0 1.4058884288534026e-05
0.14 0.17 0 7.672155872241542e-06
0.14 0.18 0 6.717939976371044e-06
0.14 0.19 0 4.656509326751659e-06
0.14 0.2 0 3.3105744151899515e-06
0.14 0.21 0 3.3927250794009208e-06
0.14 0.22 0 2.907461561750396e-06
0.14 0.23 0 2.5050543638483654e-06
0.14 0.24 0 1.9931386674868167e-06
0.14 0.25 0 1.3355467358574781e-06
0.14 0.26 0 1.2845168082696802e-06
0.14 0.27 0 9.487226424309272e-07
0.14 0.28 0 4.7194808292470636e-07
0.14 0.29 0 4.1022702922991085e-07
0.14 0.3 0 3.6532013188163365e-07
0.14 0.31 0 2.895159182189257e-07
0.14 0.32 0 4.096324402487426e-07
0.14 0.33 0 4.122430553507624e-07
0.14 0.34 0 2.38976070247773e-07
0.14 0.35000000000000003 0 2.2202258289064516e-07
0.14 0.36 0 2.845383423643992e-07
0.14 0.37 0 4.2930632909939534e-07
0.14 0.38 0 6.302737211367426e-07
0.14 0.39 0 5.030934912161557e-07
0.14 0.4 0 4.072902845234793e-07
0.14 0.41000000000000003 0 4.525867251436419e-07
0.14 0.42 0 5.014860748699266e-07
0.14 0.43 0 8.288294515231662e-07
0.14 0.44 0 9.210322259168821e-07
0.14 0.45 0 3.4489584052243104e-07
0.14 0.46 0 1.689532071384296e-07
0.14 0.47000000000000003 0 1.2487063065810224e-07
0.14 0.48 0 6.814922882052903e-08
0.14 0.49 0 4.4176952863372944e-08
0.14 0.5 0 2.6637945144275945e-08
0.15 0.0 0 6.160609606583586e-06
0.15 0.01 0 6.286930718741832e-06
0.15 0.02 0 6.789434851874706e-06
0.15 0.03 0 7.5709212685744055e-06
0.15 0.04 0 9.184549059670412e-06
0.15 0.05 0 4.6713427734151975e-06
0.15 0.06 0 2.0579415745163145e-06
0.15 0.07 0 2.057252064338252e-06
0.15 0.08 0 1.853617709453725e-06
0.15 0.09 0 1.5910973927263106e-06
0.15 0.1 0 2.072104395026283e-06
0.15 0.11 0 2.4405930605264778e-06
0.15 0.12 0 3.6466990169692077e-06
0.15 0.13 0 6.9650921817472185e-06
0.15 0.14 0 7.956288343316808e-06
0.15 0.15 0 6.026127483933602e-06
0.15 0.16 0 2.8598947709172886e-06
0.15 0.17 0 1.214769282535295e-06
0.15 0.18 0 1.118624998217575e-06
0.15 0.19 0 9.98312274446287e-07
0.15 0.2 0 6.040171532668243e-07
0.15 0.21 0 6.178390639317937e-07
0.15 0.22 0 6.49230834411553e-07
0.15 0.23 0 6.321188621440858e-07
0.15 0.24 0 1.1098158930885707e-06
0.15 0.25 0 1.415279272165804e-06
0.15 0.26 0 9.525721196616648e-07
0.15 0.27 0 6.880142522837506e-07
0.15 0.28 0 4.766431863616762e-07
0.15 0.29 0 3.816835786466338e-07
0.15 0.3 0 3.3834145184949693e-07
0.15 0.31 0 2.0792500818541245e-07
0.15 0.32 0 1.5715795643428643e-07
0.15 0.33 0 1.2627712382481097e-07
0.15 0.34 0 6.891975537235624e-08
0.15 0.35000000000000003 0 6.437773440844355e-08
0.15 0.36 0 8.00606767038477e-08
0.15 0.37 0 7.095258185323737e-08
0.15 0.38 0 1.1075580818341831e-07
0.15 0.39 0 2.2360119059209318e-07
0.15 0.4 0 2.7774629662481176e-07
0.15 0.41000000000000003 0 3.893837768565427e-07
0.15 0.42 0 5.30028936386099e-07
0.15 0.43 0 5.343098993404698e-07
0.15 0.44 0 5.235352380991424e-07
0.15 0.45 0 3.6484434836984664e-07
0.15 0.46 0 2.741970005410504e-07
0.15 0.47000000000000003 0 3.1439121297342233e-07
0.15 0.48 0 2.9077299147598307e-07
0.15 0.49 0 3.480426816218556e-07
0.15 0.5 0 5.785421106179842e-07
0.16 0.0 0 2.4352434332169445e-06
0.16 0.01 0 1.3126575799448793e-06
0.16 0.02 0 1.1387194908322306e-06
0.16 0.03 0 1.0988262450845421e-06
0.16 0.04 0 1.2137957032939036e-06
0.16 0.05 0 1.1363698532579224e-06
0.16 0.06 0 7.129220606896817e-07
0.16 0.07 0 6.791680011284437e-07
0.16 0.08 0 9.055893605433532e-07
0.16 0.09 0 1.4647731070867179e-06
0.16 0.1 0 3.913642803074401e-06
0.16 0.11 0 5.537918686411973e-06
0.16 0.12 0 3.480280325345305e-06
0.16 0.13 0 3.2764701720856157e-06
0.16 0.14 0 2.8976368410359796e-06
0.16 0.15 0 1.8523907116238583e-06
0.16 0.16 0 1.6501031940714312e-06
0.16 0.17 0 1.291180460406699e-06
0.16 0.18 0 9.278081374179514e-07
0.16 0.19 0 9.491769743086065e-07
0.16 0.2 0 9.104100669199577e-07
0.16 0.21 0 9.575612823686943e-07
0.16 0.22 0 1.020718859363667e-06
0.16 0.23 0 7.944774266944799e-07
0.16 0.24 0 9.117091039886533e-07
0.16 0.25 0 1.0116870539057337e-06
0.16 0.26 0 5.461050179092326e-07
0.16 0.27 0 4.0352600504948766e-07
0.16 0.28 0 3.851238911871641e-07
0.16 0.29 0 2.6655932909235367e-07
0.16 0.3 0 2.9002159068983464e-07
0.16 0.31 0 3.699636752258558e-07
0.16 0.32 0 3.24659198986676e-07
0.16 0.33 0 3.5944547617587295e-07
0.16 0.34 0 4.341176889271834e-07
0.16 0.35000000000000003 0 5.129520640828061e-07
0.16 0.36 0 6.960267724535403e-07
0.16 0.37 0 6.761889966569058e-07
0.16 0.38 0 7.144884933028292e-07
0.16 0.39 0 8.953739015746514e-07
0.16 0.4 0 5.48858389320156e-07
0.16 0.41000000000000003 0 3.363567026100313e-07
0.16 0.42 0 3.36036433136146e-07
0.16 0.43 0 2.6751277680823344e-07
0.16 0.44 0 3.097430085198851e-07
0.16 0.45 0 5.413711563621166e-07
0.16 0.46 0 5.19508717852155e-07
0.16 0.47000000000000003 0 4.6164717158514504e-07
0.16 0.48 0 5.870028938894023e-07
0.16 0.49 0 8.145843949577006e-07
0.16 0.5 0 1.336795762698856e-06
0.17 0.0 0 2.3196924336596565e-06
0.17 0.01 0 1.454645005655232e-06
0.17 0.02 0 1.9180764251469113e-06
0.17 0.03 0 2.743184227506025e-06
0.17 0.04 0 2.9373149017133533e-06
0.17 0.05 0 4.470870444671998e-06
0.17 0.06 0 4.888765658798094e-06
0.17 0.07 0 3.913528622925155e-06
0.17 0.08 0 5.606592422201835e-06
0.17 0.09 0 8.807568963773323e-06
0.17 0.1 0 1.021442333001367e-05
0.17 0.11 0 7.708759592162986e-06
0.17 0.12 0 3.2115198044075325e-06
0.17 0.13 0 1.9051044722353673e-06
0.17 0.14 0 1.7863416641382806e-06
0.17 0.15 0 1.3366579875139912e-06
0.17 0.16 0 1.2024024940232926e-06
0.17 0.17 0 8.716730288636769e-07
0.17 0.18 0 3.8230979484995254e-07
0.17 0.19 0 3.872260367413505e-07
0.17 0.2 0 6.84383048431235e-07
0.17 0.21 0 6.951994120745817e-07
0.17 0.22 0 6.192368372456057e-07
0.17 0.23 0 4.940535493543394e-07
0.17 0.24 0 3.713633577792328e-07
0.17 0.25 0 4.4750028245202085e-07
0.17 0.26 0 4.938268701251807e-07
0.17 0.27 0 4.191584281847539e-07
0.17 0.28 0 3.650308240489236e-07
0.17 0.29 0 2.8554386287623434e-07
0.17 0.3 0 4.662522728197505e-07
0.17 0.31 0 1.564408335284781e-06
0.17 0.32 0 2.7861648576590264e-06
0.17 0.33 0 4.044982809080057e-06
0.17 0.34 0 7.377894723657151e-06
0.17 0.35000000000000003 0 8.53529999666915e-06
0.17 0.36 0 1.0801081620572709e-05
0.17 0.37 0 1.529694851840676e-05
0.17 0.38 0 1.060283605577867e-05
0.17 0.39 0 6.082557804661155e-06
0.17 0.4 0 4.1909340217599305e-06
0.17 0.41000000000000003 0 3.524450001607087e-06
0.17 0.42 0 4.801630564163639e-06
0.17 0.43 0 5.557198040608485e-06
0.17 0.44 0 5.460154612342981e-06
0.17 0.45 0 7.801092474280753e-06
0.17 0.46 0 7.696995784461428e-06
0.17 0.47000000000000003 0 6.700866411027356e-06
0.17 0.48 0 1.0123858902639047e-05
0.17 0.49 0 9.975205047562924e-06
0.17 0.5 0 7.084282091414659e-06
0.18 0.0 0 1.1306592381591232e-06
0.18 0.01 0 1.1315102192842916e-06
0.18 0.02 0 1.6985064411757925e-06
0.18 0.03 0 3.04365056503931e-06
0.18 0.04 0 3.8948513885330175e-06
0.18 0.05 0 6.133818134430008e-06
0.18 0.06 0 8.333016720561118e-06
0.18 0.07 0 5.196962847886557e-06
0.18 0.08 0 3.89291843555569e-06
0.18 0.09 0 3.164287379478944e-06
0.18 0.1 0 1.6545953919076188e-06
0.18 0.11 0 1.3798537625288085e-06
0.18 0.12 0 1.3992059311787287e-06
0.18 0.13 0 9.373271801965355e-07
0.18 0.14 0 8.337905068599349e-07
0.18 0.15 0 8.984714267995543e-07
0.18 0.16 0 9.172502876542253e-07
0.18 0.17 0 1.03448908138938e-06
0.18 0.18 0 8.530066358093864e-07
0.18 0.19 0 7.863210319593513e-07
0.18 0.2 0 1.047787123525021e-06
0.18 0.21 0 9.30885306363443e-07
0.18 0.22 0 8.873280400140253e-07
0.18 0.23 0 1.0459601871548445e-06
0.18 0.24 0 6.328122024967635e-07
0.18 0.25 0 4.0712374846893846e-07
0.18 0.26 0 3.7024786432371323e-07
0.18 0.27 0 1.9632665395365824e-07
0.18 0.28 0 1.1598622063166485e-07
0.18 0.29 0 1.3160515423702483e-07
0.18 0.3 0 2.0723450590241444e-07
0.18 0.31 0 4.88808105350151e-07
0.18 0.32 0 8.899914090771145e-07
0.18 0.33 0 8.63952547780425e-07
0.18 0.34 0 7.808170752891028e-07
0.18 0.35000000000000003 0 5.461815762674604e-07
0.18 0.36 0 4.486069370880228e-07
0.18 0.37 0 6.92872046716247e-07
0.18 0.38 0 6.636367949391552e-07
0.18 0.39 0 4.967652299116974e-07
0.18 0.4 0 7.734967002795751e-07
0.18 0.41000000000000003 0 1.1355830318636034e-06
0.18 0.42 0 1.351564001292804e-06
0.18 0.43 0 1.744164553212144e-06
0.18 0.44 0 1.286345112058227e-06
0.18 0.45 0 8.116460479367873e-07
0.18 0.46 0 7.292493644030509e-07
0.18 0.47000000000000003 0 7.061364523753282e-07
0.18 0.48 0 9.0381884505885e-07
0.18 0.49 0 1.0768726092526713e-06
0.18 0.5 0 1.0837177505989132e-06
0.19 0.0 0 1.4978482656781476e-06
0.19 0.01 0 2.686968013797296e-06
0.19 0.02 0 3.2796593795886843e-06
0.19 0.03 0 4.876525958511406e-06
0.19 0.04 0 6.483444382402009e-06
0.19 0.05 0 4.916881420916025e-06
0.19 0.06 0 3.868330829760325e-06
0.19 0.07 0 2.8780493716775047e-06
0.19 0.08 0 2.258340403968366e-06
0.19 0.09 0 2.4952991546674355e-06
0.19 0.1 0 2.3936351140773226e-06
0.19 0.11 0 2.915783709662451e-06
0.19 0.12 0 4.614762450922636e-06
0.19 0.13 0 3.959507505004399e-06
0.19 0.14 0 4.055743614075811e-06
0.19 0.15 0 7.247763888416549e-06
0.19 0.16 0 7.886519574510291e-06
0.19 0.17 0 7.1350923495911856e-06
0.19 0.18 0 6.183040730406725e-06
0.19 0.19 0 2.9972857572685073e-06
0.19 0.2 0 1.8894215867922473e-06
0.19 0.21 0 2.172377845771616e-06
0.19 0.22 0 2.6527836490642916e-06
0.19 0.23 0 3.097762153675526e-06
0.19 0.24 0 2.108041707615671e-06
0.19 0.25 0 1.1490136081647138e-06
0.19 0.26 0 1.1416835073830001e-06
0.19 0.27 0 1.0449085362862294e-06
0.19 0.28 0 8.653949946323082e-07
0.19 0.29 0 1.0580375751247558e-06
0.19 0.3 0 8.259534556223214e-07
0.19 0.31 0 5.837733972556543e-07
0.19 0.32 0 7.55068773012673e-07
0.19 0.33 0 6.152888347000745e-07
0.19 0.34 0 2.8763884806622295e-07
0.19 0.35000000000000003 0 1.5864297284127024e-07
0.19 0.36 0 1.019654758912803e-07
0.19 0.37 0 1.1610587109407378e-07
0.19 0.38 0 1.9309624443037104e-07
0.19 0.39 0 2.4996241347511334e-07
0.19 0.4 0 3.603237006250881e-07
0.19 0.41000000000000003 0 4.397325235438311e-07
0.19 0.42 0 4.1290372101920896e-07
0.19 0.43 0 6.128998436328942e-07
0.19 0.44 0 6.054151340262527e-07
0.19 0.45 0 2.7634088268837274e-07
0.19 0.46 0 2.1439906591651923e-07
0.19 0.47000000000000003 0 2.437983205717843e-07
0.19 0.48 0 2.9355103118356857e-07
0.19 0.49 0 5.855396005840679e-07
0.19 0.5 0 9.442536384404534e-07
0.2 0.0 0 9.324085555358082e-06
0.2 0.01 0 9.30635388083372e-06
0.2 0.02 0 6.755015017650877e-06
0.2 0.03 0 6.301880464738865e-06
0.2 0.04 0 7.07444619305048e-06
0.2 0.05 0 3.506961409221258e-06
0.2 0.06 0 2.000080226849586e-06
0.2 0.07 0 2.574865510515988e-06
0.2 0.08 0 3.0980078179905827e-06
0.2 0.09 0 4.091237528902524e-06
0.2 0.1 0 5.317081187298017e-06
0.2 0.11 0 3.7060391667859557e-06
0.2 0.12 0 2.6912438361064093e-06
0.2 0.13 0 2.565710894196556e-06
0.2 0.14 0 2.674361848937222e-06
0.2 0.15 0 3.457611828678183e-06
0.2 0.16 0 2.870044235795413e-06
0.2 0.17 0 1.8666571817396997e-06
0.2 0.18 0 1.9048751612646999e-06
0.2 0.19 0 1.4214095982122946e-06
0.2 0.2 0 9.596741741982864e-07
0.2 0.21 0 1.1911755419124292e-06
0.2 0.22 0 1.0890955310709986e-06
0.2 0.23 0 8.193083654288988e-07
0.2 0.24 0 9.86515790200773e-07
0.2 0.25 0 9.454553736720223e-07
0.2 0.26 0 7.627850525874833e-07
0.2 0.27 0 6.89538984019562e-07
0.2 0.28 0 4.816549599147324e-07
0.2 0.29 0 3.8466158474595913e-07
0.2 0.3 0 3.6491546869616133e-07
0.2 0.31 0 3.855832269163782e-07
0.2 0.32 0 7.876092431649014e-07
0.2 0.33 0 1.3204347078136724e-06
0.2 0.34 0 1.0579207301776873e-06
0.2 0.35000000000000003 0 1.0875512584133504e-06
0.2 0.36 0 1.0580056457980688e-06
0.2 0.37 0 7.970222597065269e-07
0.2 0.38 0 9.994745142689112e-07
0.2 0.39 0 9.758064614382789e-07
0.2 0.4 0 5.209645184323877e-07
0.2 0.41000000000000003 0 3.983228036034241e-07
0.2 0.42 0 4.582659705991327e-07
0.2 0.43 0 7.588128863468949e-07
0.2 0.44 0 1.4001220331264905e-06
0.2 0.45 0 1.4114489276704703e-06
0.2 0.46 0 1.419912874041521e-06
0.2 0.47000000000000003 0 1.913875443683568e-06
0.2 0.48 0 2.17816305756007e-06
0.2 0.49 0 3.483672458347345e-06
0.2 0.5 0 4.5875256121279704e-06
0.21 0.0 0 3.0035302069103904e-06
0.21 0.01 0 2.462195357026823e-06
0.21 0.02 0 2.825580591066808e-06
0.21 0.03 0 3.013069801163653e-06
0.21 0.04 0 3.4750014804143842e-06
0.21 0.05 0 3.0126263015017e-06
0.21 0.06 0 2.1283054952568807e-06
0.21 0.07 0 2.4152367226003047e-06
0.21 0.08 0 2.55787657502225e-06
0.21 0.09 0 2.552163362313891e-06
0.21 0.1 0 3.366341040056496e-06
0.21 0.11 0 2.25607865226868e-06
0.21 0.12 0 1.2208000240848127e-06
0.21 0.13 0 1.5367539505205198e-06
0.21 0.14 0 1.965935237274466e-06
0.21 0.15 0 2.1622413414489492e-06
0.21 0.16 0 2.9330118051418205e-06
0.21 0.17 0 2.839416593132899e-06
0.21 0.18 0 2.5230613832768695e-06
0.21 0.19 0 2.4380117198294854e-06
0.21 0.2 0 1.8253820750351388e-06
0.21 0.21 0 1.6550369736392822e-06
0.21 0.22 0 1.5417912189099073e-06
0.21 0.23 0 1.3422502011960673e-06
0.21 0.24 0 2.1098035890748086e-06
0.21 0.25 0 2.502622339716824e-06
0.21 0.26 0 1.4398663299319932e-06
0.21 0.27 0 1.3037434273765032e-06
0.21 0.28 0 1.4640038948005948e-06
0.21 0.29 0 1.51320089393568e-06
0.21 0.3 0 2.6350881860329798e-06
0.21 0.31 0 3.8685061385170055e-06
0.21 0.32 0 3.489569681900171e-06
0.21 0.33 0 3.422157487064486e-06
0.21 0.34 0 2.9763151975100377e-06
0.21 0.35000000000000003 0 2.6215476400725465e-06
0.21 0.36 0 2.223702734107993e-06
0.21 0.37 0 1.195012325100155e-06
0.21 0.38 0 9.037979357191112e-07
0.21 0.39 0 9.571583967851311e-07
0.21 0.4 0 7.103032637542849e-07
0.21 0.41000000000000003 0 8.393980583858103e-07
0.21 0.42 0 1.4023205370809278e-06
0.21 0.43 0 1.4347903131090944e-06
0.21 0.44 0 1.758977862975806e-06
0.21 0.45 0 2.115767921446474e-06
0.21 0.46 0 1.2869899475476964e-06
0.21 0.47000000000000003 0 8.408960784008164e-07
0.21 0.48 0 7.522894198540144e-07
0.21 0.49 0 8.988647934034816e-07
0.21 0.5 0 1.6453921040810542e-06
0.22 0.0 0 4.722089133568599e-06
0.22 0.01 0 3.872429194529821e-06
0.22 0.02 0 4.617357768054407e-06
0.22 0.03 0 4.150799015791719e-06
0.22 0.04 0 3.6923221718555946e-06
0.22 0.05 0 5.434643000027808e-06
0.22 0.06 0 4.727156160339061e-06
0.22 0.07 0 2.7233840416527e-06
0.22 0.08 0 2.290064594969244e-06
0.22 0.09 0 2.342823288395778e-06
0.22 0.1 0 3.072134058291501e-06
0.22 0.11 0 3.336617507628703e-06
0.22 0.12 0 2.0857543154733643e-06
0.22 0.13 0 1.7402905042226193e-06
0.22 0.14 0 1.7207533450576825e-06
0.22 0.15 0 1.5485472058962256e-06
0.22 0.16 0 2.130541523412203e-06
0.22 0.17 0 1.844402317875425e-06
0.22 0.18 0 8.110511596326426e-07
0.22 0.19 0 7.17916806085448e-07
0.22 0.2 0 9.660667019617726e-07
0.22 0.21 0 1.125302513377254e-06
0.22 0.22 0 1.5763888357088758e-06
0.22 0.23 0 1.6071167204383657e-06
0.22 0.24 0 1.2707825840120485e-06
0.22 0.25 0 1.3310324646010229e-06
0.22 0.26 0 1.4494338335941596e-06
0.22 0.27 0 2.182115317500367e-06
0.22 0.28 0 3.871633235658696e-06
0.22 0.29 0 4.493135029464373e-06
0.22 0.3 0 7.082555076644795e-06
0.22 0.31 0 1.2200270453982784e-05
0.22 0.32 0 9.820986920463451e-06
0.22 0.33 0 8.87344950221867e-06
0.22 0.34 0 9.189449421969537e-06
0.22 0.35000000000000003 0 5.569222078937628e-06
0.22 0.36 0 4.420451667327877e-06
0.22 0.37 0 4.972590026190579e-06
0.22 0.38 0 5.229003652547601e-06
0.22 0.39 0 7.33842114934864e-06
0.22 0.4 0 9.291227243587111e-06
0.22 0.41000000000000003 0 8.909230762470878e-06
0.22 0.42 0 8.300114291789466e-06
0.22 0.43 0 5.0443934235719335e-06
0.22 0.44 0 3.528065141600367e-06
0.22 0.45 0 3.818474066322835e-06
0.22 0.46 0 2.3550925322810075e-06
0.22 0.47000000000000003 0 1.502944463224788e-06
0.22 0.48 0 2.0034084414856766e-06
0.22 0.49 0 2.561921159902489e-06
0.22 0.5 0 4.1507990098671985e-06
0.23 0.0 0 9.178991431897597e-06
0.23 0.01 0 6.286908884784433e-06
0.23 0.02 0 4.536293182824248e-06
0.23 0.03 0 3.086254950811057e-06
0.23 0.04 0 1.7536421321563894e-06
0.23 0.05 0 1.6343702988713587e-06
0.23 0.06 0 1.356345434122547e-06
0.23 0.07 0 8.179457819318814e-07
0.23 0.08 0 1.170923942289181e-06
0.23 0.09 0 2.500846018280691e-06
0.23 0.1 0 4.412831340395665e-06
0.23 0.11 0 1.0463004091723325e-05
0.23 0.12 0 1.684401835271089e-05
0.23 0.13 0 1.5535692023520424e-05
0.23 0.14 0 1.8992624375501927e-05
0.23 0.15 0 2.35980561853602e-05
0.23 0.16 0 2.3947226767525855e-05
0.23 0.17 0 1.752003185237363e-05
0.23 0.18 0 7.2809392874986686e-06
0.23 0.19 0 4.798141309416715e-06
0.23 0.2 0 6.162145125879421e-06
0.23 0.21 0 6.808536217089237e-06
0.23 0.22 0 9.634328411315071e-06
0.23 0.23 0 1.2594998458158227e-05
0.23 0.24 0 8.451297577208496e-06
0.23 0.25 0 9.224739470988276e-06
0.23 0.26 0 1.5669501110583515e-05
0.23 0.27 0 1.4870317396624836e-05
0.23 0.28 0 1.1633147315170171e-05
0.23 0.29 0 8.533062462136006e-06
0.23 0.3 0 6.113823513177383e-06
0.23 0.31 0 6.291270819191277e-06
0.23 0.32 0 4.962792324414005e-06
0.23 0.33 0 2.828872525803366e-06
0.23 0.34 0 1.833552874127545e-06
0.23 0.35000000000000003 0 1.103032380903674e-06
0.23 0.36 0 1.3717021980232842e-06
0.23 0.37 0 4.076933966381931e-06
0.23 0.38 0 6.573123055206303e-06
0.23 0.39 0 7.144942023861763e-06
0.23 0.4 0 9.683556936242835e-06
0.23 0.41000000000000003 0 9.232735054260764e-06
0.23 0.42 0 1.0168078797831126e-05
0.23 0.43 0 1.5818947945569148e-05
0.23 0.44 0 1.6520075619512508e-05
0.23 0.45 0 1.5389799718540218e-05
0.23 0.46 0 1.4366619815746353e-05
0.23 0.47000000000000003 0 1.2708908192466084e-05
0.23 0.48 0 1.532012738857146e-05
0.23 0.49 0 1.3075882418700816e-05
0.23 0.5 0 7.500195705735057e-06
0.24 0.0 0 2.6742790142860933e-06
0.24 0.01 0 2.2553366959643716e-06
0.24 0.02 0 1.2889231166686074e-06
0.24 0.03 0 9.663318680156713e-07
0.24 0.04 0 7.343033094441385e-07
0.24 0.05 0 6.166393027141904e-07
0.24 0.06 0 9.561274094972097e-07
0.24 0.07 0 1.6763611237523146e-06
0.24 0.08 0 3.179633258519336e-06
0.24 0.09 0 5.8295131843438854e-06
0.24 0.1 0 7.0338833669083985e-06
0.24 0.11 0 1.2276565295301059e-05
0.24 0.12 0 2.512265201442433e-05
0.24 0.13 0 2.505292092917644e-05
0.24 0.14 0 2.862424328149839e-05
0.24 0.15 0 3.890349140615161e-05
0.24 0.16 0 3.0505461875563024e-05
0.24 0.17 0 2.7810985115214595e-05
0.24 0.18 0 2.7132860527093586e-05
0.24 0.19 0 1.8187298124879808e-05
0.24 0.2 0 1.821149180215326e-05
0.24 0.21 0 2.773965747758909e-05
0.24 0.22 0 4.655274478140049e-05
0.24 0.23 0 7.51424178853972e-05
0.24 0.24 0 5.871303489572915e-05
0.24 0.25 0 3.6863547740461456e-05
0.24 0.26 0 3.4617361837819206e-05
0.24 0.27 0 2.44073146372898e-05
0.24 0.28 0 1.96832111078424e-05
0.24 0.29 0 2.3856955855441327e-05
0.24 0.3 0 1.6607721305292295e-05
0.24 0.31 0 1.2024737840274317e-05
0.24 0.32 0 1.4887864692253536e-05
0.24 0.33 0 1.2936928716094449e-05
0.24 0.34 0 1.0054255688893634e-05
0.24 0.35000000000000003 0 9.426775801821079e-06
0.24 0.36 0 7.940500415743665e-06
0.24 0.37 0 7.836394693835301e-06
0.24 0.38 0 6.171611782006505e-06
0.24 0.39 0 3.4973299286727446e-06
0.24 0.4 0 2.904219400870893e-06
0.24 0.41000000000000003 0 2.4059839366382623e-06
0.24 0.42 0 2.2290307846816036e-06
0.24 0.43 0 3.9632323008123794e-06
0.24 0.44 0 4.4630358221188514e-06
0.24 0.45 0 3.090017679584039e-06
0.24 0.46 0 3.716635749325831e-06
0.24 0.47000000000000003 0 4.242848678937567e-06
0.24 0.48 0 3.8683264911613085e-06
0.24 0.49 0 4.262889773487323e-06
0.24 0.5 0 3.4740517040209196e-06
0.25 0.0 0 3.0932947800879413e-06
0.25 0.01 0 2.6048115998229567e-06
0.25 0.02 0 1.6553214388931502e-06
0.25 0.03 0 1.910867769749401e-06
0.25 0.04 0 3.27762405209023e-06
0.25 0.05 0 3.270941134474426e-06
0.25 0.06 0 4.066067976314368e-06
0.25 0.07 0 5.911341346729135e-06
0.25 0.08 0 4.94953796400602e-06
0.25 0.09 0 5.034725710872997e-06
0.25 0.1 0 6.487787181597904e-06
0.25 0.11 0 6.9493585053551826e-06
0.25 0.12 0 8.215252912418722e-06
0.25 0.13 0 7.610460291210655e-06
0.25 0.14 0 6.153113726254616e-06
0.25 0.15 0 6.665965816718344e-06
0.25 0.16 0 6.087588851093618e-06
0.25 0.17 0 7.257159461846447e-06
0.25 0.18 0 1.3877577908495104e-05
0.25 0.19 0 1.6041287909991398e-05
0.25 0.2 0 2.150081697818254e-05
0.25 0.21 0 5.805009777729818e-05
0.25 0.22 0 0.00010206060951660523
0.25 0.23 0 0.00011870403589707787
0.25 0.24 0 0.00011181487931981894
0.25 0.25 0 5.765785682885216e-05
0.25 0.26 0 3.698494683508213e-05
0.25 0.27 0 4.26320338745201e-05
0.25 0.28 0 5.5515109285045544e-05
0.25 0.29 0 7.609329651976155e-05
0.25 0.3 0 6.309913841009853e-05
0.25 0.31 0 4.189617852773806e-05
0.25 0.32 0 5.5026593592298156e-05
0.25 0.33 0 6.0892341911542304e-05
0.25 0.34 0 4.172796340147527e-05
0.25 0.35000000000000003 0 3.523156233988519e-05
0.25 0.36 0 2.1474458052338743e-05
0.25 0.37 0 1.376510701974029e-05
0.25 0.38 0 2.1545381687165175e-05
0.25 0.39 0 2.9511351086909195e-05
0.25 0.4 0 2.313874315812065e-05
0.25 0.41000000000000003 0 1.7111525879009392e-05
0.25 0.42 0 1.225511847602346e-05
0.25 0.43 0 1.336328928355559e-05
0.25 0.44 0 1.6911767420781776e-05
0.25 0.45 0 1.2204244523970493e-05
0.25 0.46 0 8.39624982562895e-06
0.25 0.47000000000000003 0 5.166010978577364e-06
0.25 0.48 0 2.7959827899134087e-06
0.25 0.49 0 3.5226683186127494e-06
0.25 0.5 0 4.815109418726242e-06
0.26 0.0 0 1.7845421957099812e-06
0.26 0.01 0 1.5575152770368853e-06
0.26 0.02 0 1.953951150473898e-06
0.26 0.03 0 2.9367685527146513e-06
0.26 0.04 0 5.343516831086182e-06
0.26 0.05 0 5.755429588743425e-06
0.26 0.06 0 4.808494991525869e-06
0.26 0.07 0 5.971544628401298e-06
0.26 0.08 0 6.99933301997284e-06
0.26 0.09 0 1.1425647461167054e-05
0.26 0.1 0 2.51070976561881e-05
0.26 0.11 0 2.1267037218740888e-05
0.26 0.12 0 1.3015194786536882e-05
0.26 0.13 0 1.2855535307740595e-05
0.26 0.14 0 1.0143157286748375e-05
0.26 0.15 0 8.19124868390078e-06
0.26 0.16 0 8.268966196306028e-06
0.26 0.17 0 6.988490997006997e-06
0.26 0.18 0 8.351125195415306e-06
0.26 0.19 0 1.4157861869399518e-05
0.26 0.2 0 2.5629907232470424e-05
0.26 0.21 0 5.70972875712992e-05
0.26 0.22 0 7.076517333429114e-05
0.26 0.23 0 4.977178894551997e-05
0.26 0.24 0 4.5620540745371623e-05
0.26 0.25 0 2.8463408818655613e-05
0.26 0.26 0 1.491148495878467e-05
0.26 0.27 0 1.7800444089825137e-05
0.26 0.28 0 2.182768577134921e-05
0.26 0.29 0 2.1135143281341178e-05
0.26 0.3 0 2.5734190378849815e-05
0.26 0.31 0 2.1733215708702843e-05
0.26 0.32 0 1.4769436385196356e-05
0.26 0.33 0 1.2320970200049144e-05
0.26 0.34 0 9.893566257229908e-06
0.26 0.35000000000000003 0 1.096582729440839e-05
0.26 0.36 0 1.3644477229727451e-05
0.26 0.37 0 1.3615462864063527e-05
0.26 0.38 0 2.0519666880571545e-05
0.26 0.39 0 2.334918589919404e-05
0.26 0.4 0 1.0864141189645825e-05
0.26 0.41000000000000003 0 6.498289896633903e-06
0.26 0.42 0 4.819978068383187e-06
0.26 0.43 0 3.2291071017201707e-06
0.26 0.44 0 3.922343099016847e-06
0.26 0.45 0 4.568215041359321e-06
0.26 0.46 0 3.1340115005811537e-06
0.26 0.47000000000000003 0 2.6784488796912814e-06
0.26 0.48 0 2.893950395208783e-06
0.26 0.49 0 3.807392210709262e-06
0.26 0.5 0 4.479323373017174e-06
0.27 0.0 0 2.2163221047118884e-06
0.27 0.01 0 2.3709809639251073e-06
0.27 0.02 0 3.4819644516586877e-06
0.27 0.03 0 3.0483384620683374e-06
0.27 0.04 0 2.8909903995217697e-06
0.27 0.05 0 4.371980121988525e-06
0.27 0.06 0 4.078622933201415e-06
0.27 0.07 0 2.8860056554740994e-06
0.27 0.08 0 2.084352754910989e-06
0.27 0.09 0 1.3019402659517606e-06
0.27 0.1 0 1.0304050004365083e-06
0.27 0.11 0 7.440731697861129e-07
0.27 0.12 0 4.821251880242148e-07
0.27 0.13 0 5.304517500431281e-07
0.27 0.14 0 5.079959034290534e-07
0.27 0.15 0 4.0413798278058417e-07
0.27 0.16 0 5.225634241659795e-07
0.27 0.17 0 4.830774716449291e-07
0.27 0.18 0 3.7204980926887435e-07
0.27 0.19 0 6.277399461068238e-07
0.27 0.2 0 1.0622541337546902e-06
0.27 0.21 0 1.3387412942248772e-06
0.27 0.22 0 1.8686047474221821e-06
0.27 0.23 0 1.9791150503959887e-06
0.27 0.24 0 2.0948712309154864e-06
0.27 0.25 0 2.567331247730924e-06
0.27 0.26 0 2.727403949722789e-06
0.27 0.27 0 4.3076688070557656e-06
0.27 0.28 0 7.419622846523622e-06
0.27 0.29 0 8.745877427844469e-06
0.27 0.3 0 1.338510125663793e-05
0.27 0.31 0 1.3677362419091594e-05
0.27 0.32 0 5.87625759802559e-06
0.27 0.33 0 3.7460123866677737e-06
0.27 0.34 0 3.079043549485265e-06
0.27 0.35000000000000003 0 1.8250990448664751e-06
0.27 0.36 0 1.2821718520513685e-06
0.27 0.37 0 7.609956108132535e-07
0.27 0.38 0 3.738443563464909e-07
0.27 0.39 0 2.8080662587283704e-07
0.27 0.4 0 2.392679000820847e-07
0.27 0.41000000000000003 0 2.4162655052561624e-07
0.27 0.42 0 2.6543079936335697e-07
0.27 0.43 0 1.9647957601073587e-07
0.27 0.44 0 2.3690006983071398e-07
0.27 0.45 0 4.856086605897806e-07
0.27 0.46 0 5.720186606790668e-07
0.27 0.47000000000000003 0 6.811952156223613e-07
0.27 0.48 0 9.494368843180182e-07
0.27 0.49 0 8.006968611376932e-07
0.27 0.5 0 8.608980584265098e-07
0.28 0.0 0 1.0474660373032266e-06
0.28 0.01 0 1.0087824971062316e-06
0.28 0.02 0 1.0420137476534357e-06
0.28 0.03 0 9.360645892069044e-07
0.28 0.04 0 1.0100601329807255e-06
0.28 0.05 0 2.2533774627197583e-06
0.28 0.06 0 2.908785820425504e-06
0.28 0.07 0 1.628381244268576e-06
0.28 0.08 0 1.1665574556942654e-06
0.28 0.09 0 8.320064735693074e-07
0.28 0.1 0 7.481854632329755e-07
0.28 0.11 0 1.4085949950569815e-06
0.28 0.12 0 1.9378201372031054e-06
0.28 0.13 0 1.673104513199526e-06
0.28 0.14 0 1.7495605108285556e-06
0.28 0.15 0 2.032055031075278e-06
0.28 0.16 0 2.987581022302427e-06
0.28 0.17 0 3.385568819876044e-06
0.28 0.18 0 1.8830910221021355e-06
0.28 0.19 0 1.3818644767958022e-06
0.28 0.2 0 1.3639903625632381e-06
0.28 0.21 0 1.2489782642687288e-06
0.28 0.22 0 1.882452222529292e-06
0.28 0.23 0 2.0103140688757718e-06
0.28 0.24 0 8.816573531135137e-07
0.28 0.25 0 5.741225823084998e-07
0.28 0.26 0 5.698319923169134e-07
0.28 0.27 0 5.667228981848176e-07
0.28 0.28 0 8.33417000205121e-07
0.28 0.29 0 1.2140061094019175e-06
0.28 0.3 0 1.6875896240259063e-06
0.28 0.31 0 2.896663731613502e-06
0.28 0.32 0 3.7315211679655456e-06
0.28 0.33 0 4.627475809407365e-06
0.28 0.34 0 5.042162554370028e-06
0.28 0.35000000000000003 0 2.5221205887578905e-06
0.28 0.36 0 1.4508545624764402e-06
0.28 0.37 0 1.203270942242602e-06
0.28 0.38 0 6.604669069364172e-07
0.28 0.39 0 5.374682824009431e-07
0.28 0.4 0 7.296272499551987e-07
0.28 0.41000000000000003 0 6.945622692480883e-07
0.28 0.42 0 7.536602670926823e-07
0.28 0.43 0 9.9695750418348e-07
0.28 0.44 0 1.0908332711151767e-06
0.28 0.45 0 1.3282817234532187e-06
0.28 0.46 0 1.2832720497697514e-06
0.28 0.47000000000000003 0 1.0687552936672737e-06
0.28 0.48 0 1.3299319193462864e-06
0.28 0.49 0 1.6006089816552973e-06
0.28 0.5 0 2.588002557722607e-06
0.29 0.0 0 5.162255574669317e-06
0.29 0.01 0 7.893294793497466e-06
0.29 0.02 0 8.008298683010784e-06
0.29 0.03 0 8.693326626934886e-06
0.29 0.04 0 6.490826217633529e-06
0.29 0.05 0 4.216076710368063e-06
0.29 0.06 0 3.2010926054073812e-06
0.29 0.07 0 2.051574425113771e-06
0.29 0.08 0 1.6521501201771158e-06
0.29 0.09 0 1.3997127039971426e-06
0.29 0.1 0 9.81971854225008e-07
0.29 0.11 0 1.2528240614424085e-06
0.29 0.12 0 1.5952101734315056e-06
0.29 0.13 0 1.1356953280052103e-06
0.29 0.14 0 1.3039323065746303e-06
0.29 0.15 0 1.818209948365392e-06
0.29 0.16 0 1.7048410568574758e-06
0.29 0.17 0 2.0075428349939923e-06
0.29 0.18 0 2.1036532977711445e-06
0.29 0.19 0 1.7400349398153294e-06
0.29 0.2 0 2.3317565194745546e-06
0.29 0.21 0 3.764174244216453e-06
0.29 0.22 0 5.778846735027045e-06
0.29 0.23 0 6.603950897679423e-06
0.29 0.24 0 3.5808073209842747e-06
0.29 0.25 0 2.603312468390477e-06
0.29 0.26 0 3.73825892047498e-06
0.29 0.27 0 4.3977345952856336e-06
0.29 0.28 0 6.306513980122994e-06
0.29 0.29 0 9.43975224416772e-06
0.29 0.3 0 6.810149186282044e-06
0.29 0.31 0 6.140188458658101e-06
0.29 0.32 0 8.2572956755561e-06
0.29 0.33 0 6.816145026102945e-06
0.29 0.34 0 4.713072573046848e-06
0.29 0.35000000000000003 0 3.1296413530461235e-06
0.29 0.36 0 2.1817942565985765e-06
0.29 0.37 0 2.456497562612451e-06
0.29 0.38 0 2.5060306911926173e-06
0.29 0.39 0 2.35399619394074e-06
0.29 0.4 0 3.123662136278686e-06
0.29 0.41000000000000003 0 3.0856137428996056e-06
0.29 0.42 0 3.356128499656935e-06
0.29 0.43 0 5.566999381470415e-06
0.29 0.44 0 4.261696394729598e-06
0.29 0.45 0 2.299140670205143e-06
0.29 0.46 0 2.4080135985302393e-06
0.29 0.47000000000000003 0 3.0850380573440135e-06
0.29 0.48 0 5.780899738203528e-06
0.29 0.49 0 1.6325928050711784e-05
0.29 0.5 0 3.2355388558990306e-05
0.3 0.0 0 1.228987593088203e-05
0.3 0.01 0 1.1471705883043041e-05
0.3 0.02 0 5.9084307289719006e-06
0.3 0.03 0 3.8010108433699177e-06
0.3 0.04 0 2.215046365851465e-06
0.3 0.05 0 9.387455481407576e-07
0.3 0.06 0 9.242774564743629e-07
0.3 0.07 0 1.313539835934453e-06
0.3 0.08 0 1.1707226688579554e-06
0.3 0.09 0 1.082959519981151e-06
0.3 0.1 0 9.438941894805227e-07
0.3 0.11 0 8.497200162789337e-07
0.3 0.12 0 1.07764429260403e-06
0.3 0.13 0 1.041893608727513e-06
0.3 0.14 0 8.73686403105746e-07
0.3 0.15 0 7.88088725846396e-07
0.3 0.16 0 5.938645626712566e-07
0.3 0.17 0 8.839133698815154e-07
0.3 0.18 0 2.0978323217845434e-06
0.3 0.19 0 2.2888384348438653e-06
0.3 0.2 0 2.3101325315097144e-06
0.3 0.21 0 3.161997861877738e-06
0.3 0.22 0 3.2070055336301595e-06
0.3 0.23 0 4.20488113454105e-06
0.3 0.24 0 6.397322189386673e-06
0.3 0.25 0 6.43618350675167e-06
0.3 0.26 0 7.773569193427122e-06
0.3 0.27 0 1.1688362060136225e-05
0.3 0.28 0 1.8322475357667303e-05
0.3 0.29 0 2.859553488465658e-05
0.3 0.3 0 2.054074013676125e-05
0.3 0.31 0 1.1364807369913289e-05
0.3 0.32 0 1.1407748182822342e-05
0.3 0.33 0 1.004894326389045e-05
0.3 0.34 0 9.7223854450263e-06
0.3 0.35000000000000003 0 1.5101356063454788e-05
0.3 0.36 0 1.4334088730577485e-05
0.3 0.37 0 1.2743531645454231e-05
0.3 0.38 0 2.0095665140825854e-05
0.3 0.39 0 2.526700009824971e-05
0.3 0.4 0 2.544093096012405e-05
0.3 0.41000000000000003 0 2.373521901478457e-05
0.3 0.42 0 1.6672019441860853e-05
0.3 0.43 0 1.3871421736470682e-05
0.3 0.44 0 1.0228512945803206e-05
0.3 0.45 0 5.861310065959881e-06
0.3 0.46 0 5.324442095674479e-06
0.3 0.47000000000000003 0 4.444177488202089e-06
0.3 0.48 0 3.1448147955668183e-06
0.3 0.49 0 4.279605077354143e-06
0.3 0.5 0 4.8660087412004155e-06
#STOP
