#MEDIUM_PROPERTIES_DISTRIBUTED
$MSH_TYPE
	 GROUNDWATER_FLOW	
$MMP_TYPE
	 PERMEABILITY	
$DIS_TYPE
	 NEAREST_VALUE	
;hj
$CONVERSION_FACTOR
	 1.0	
$DATA
0.0 0.0 0 2.3568103850363025e-06
0.0 0.01 0 2.4046224111630025e-06
0.0 0.02 0 2.3499822229743903e-06
0.0 0.03 0 2.2682180428651655e-06
0.0 0.04 0 2.2924417656502855e-06
0.0 0.05 0 2.352903367980028e-06
0.0 0.06 0 2.3212832445388026e-06
0.0 0.07 0 2.226926592269609e-06
0.0 0.08 0 2.1304207394760058e-06
0.0 0.09 0 2.030309493679248e-06
0.0 0.1 0 1.969149370415644e-06
0.0 0.11 0 1.990785886219796e-06
0.0 0.12 0 2.0336009003261163e-06
0.0 0.13 0 2.0450322629019747e-06
0.0 0.14 0 2.0882802240777147e-06
0.0 0.15 0 2.150443190268532e-06
0.0 0.16 0 2.0843346635983425e-06
0.0 0.17 0 1.9384522365036052e-06
0.0 0.18 0 1.945299123816258e-06
0.0 0.19 0 2.127613499199594e-06
0.0 0.2 0 2.251288281424452e-06
0.0 0.21 0 2.252342670597293e-06
0.0 0.22 0 2.3506487153320943e-06
0.0 0.23 0 2.5510952551493076e-06
0.0 0.24 0 2.5718364410134124e-06
0.0 0.25 0 2.421069497409196e-06
0.0 0.26 0 2.411817290233914e-06
0.0 0.27 0 2.5835119899189055e-06
0.0 0.28 0 2.664288212363372e-06
0.0 0.29 0 2.552483558786952e-06
0.0 0.3 0 2.444277073109253e-06
0.0 0.31 0 2.4152681813221347e-06
0.0 0.32 0 2.3565047209269153e-06
0.0 0.33 0 2.228807449770126e-06
0.0 0.34 0 2.1298479805082785e-06
0.0 0.35000000000000003 0 2.1416663380191534e-06
0.0 0.36 0 2.245094412744867e-06
0.0 0.37 0 2.3319218762267857e-06
0.0 0.38 0 2.330651273142189e-06
0.0 0.39 0 2.3288594939117613e-06
0.0 0.4 0 2.4113770046182e-06
0.0 0.41000000000000003 0 2.4470498235114483e-06
0.0 0.42 0 2.2764510117469933e-06
0.0 0.43 0 2.0433015958194433e-06
0.0 0.44 0 1.9321082601696065e-06
0.0 0.45 0 1.8758157542577984e-06
0.0 0.46 0 1.7616462446095726e-06
0.0 0.47000000000000003 0 1.684963328514998e-06
0.0 0.48 0 1.7512536470665924e-06
0.0 0.49 0 1.8522735184404863e-06
0.0 0.5 0 1.8309662793577798e-06
0.01 0.0 0 2.2241743100351976e-06
0.01 0.01 0 2.210208813862407e-06
0.01 0.02 0 2.238093791060737e-06
0.01 0.03 0 2.2216525740718415e-06
0.01 0.04 0 2.2130977227866713e-06
0.01 0.05 0 2.2730949769341463e-06
0.01 0.06 0 2.237158415693316e-06
0.01 0.07 0 2.0241034216369546e-06
0.01 0.08 0 1.8880699372776892e-06
0.01 0.09 0 1.9707740643867347e-06
0.01 0.1 0 2.0833568872570125e-06
0.01 0.11 0 2.07861224884059e-06
0.01 0.12 0 2.1649401604091735e-06
0.01 0.13 0 2.4443258135285032e-06
0.01 0.14 0 2.5809252539666685e-06
0.01 0.15 0 2.3931185645964247e-06
0.01 0.16 0 2.262625324917607e-06
0.01 0.17 0 2.378654350740405e-06
0.01 0.18 0 2.4879914880648613e-06
0.01 0.19 0 2.422988758474872e-06
0.01 0.2 0 2.411276558576006e-06
0.01 0.21 0 2.56735501844703e-06
0.01 0.22 0 2.6885441264417014e-06
0.01 0.23 0 2.666813629330166e-06
0.01 0.24 0 2.689177913063724e-06
0.01 0.25 0 2.8682702540560736e-06
0.01 0.26 0 3.097080464665614e-06
0.01 0.27 0 3.2372090297241976e-06
0.01 0.28 0 3.250890340900546e-06
0.01 0.29 0 3.183871191967237e-06
0.01 0.3 0 3.138043016681197e-06
0.01 0.31 0 3.151908152505751e-06
0.01 0.32 0 3.1335353268153736e-06
0.01 0.33 0 3.0609109748129327e-06
0.01 0.34 0 3.0634017196692176e-06
0.01 0.35000000000000003 0 3.1312448084827377e-06
0.01 0.36 0 3.048994601650486e-06
0.01 0.37 0 2.8147476182157745e-06
0.01 0.38 0 2.685554691544833e-06
0.01 0.39 0 2.7179536385431423e-06
0.01 0.4 0 2.722338953677436e-06
0.01 0.41000000000000003 0 2.6344065995841288e-06
0.01 0.42 0 2.5784996538298008e-06
0.01 0.43 0 2.551760518350973e-06
0.01 0.44 0 2.457829236388017e-06
0.01 0.45 0 2.360997041622026e-06
0.01 0.46 0 2.369689657753583e-06
0.01 0.47000000000000003 0 2.434057706993946e-06
0.01 0.48 0 2.469153857852272e-06
0.01 0.49 0 2.489232165157862e-06
0.01 0.5 0 2.45334359975179e-06
0.02 0.0 0 2.524957440957609e-06
0.02 0.01 0 2.285710011703285e-06
0.02 0.02 0 2.0891030199319684e-06
0.02 0.03 0 2.1815570226378613e-06
0.02 0.04 0 2.2936529916387886e-06
0.02 0.05 0 2.1384384996605876e-06
0.02 0.06 0 1.987682201804701e-06
0.02 0.07 0 2.0625491850583167e-06
0.02 0.08 0 2.1372878342612914e-06
0.02 0.09 0 2.0170508692109287e-06
0.02 0.1 0 1.938281444220241e-06
0.02 0.11 0 2.046618500520567e-06
0.02 0.12 0 2.1255270483669458e-06
0.02 0.13 0 2.0106879924732883e-06
0.02 0.14 0 1.8769835437449571e-06
0.02 0.15 0 1.838520727977304e-06
0.02 0.16 0 1.825592415612386e-06
0.02 0.17 0 1.823510728827056e-06
0.02 0.18 0 1.8933789053659066e-06
0.02 0.19 0 2.01556276515708e-06
0.02 0.2 0 2.141575891200457e-06
0.02 0.21 0 2.2975384427833673e-06
0.02 0.22 0 2.454477611976949e-06
0.02 0.23 0 2.5057830512496446e-06
0.02 0.24 0 2.5144219104601423e-06
0.02 0.25 0 2.6216862345420554e-06
0.02 0.26 0 2.72670640409137e-06
0.02 0.27 0 2.6592649121683934e-06
0.02 0.28 0 2.5752655281357413e-06
0.02 0.29 0 2.6791783496012124e-06
0.02 0.3 0 2.868908529362037e-06
0.02 0.31 0 2.978451533526475e-06
0.02 0.32 0 3.1277396158168205e-06
0.02 0.33 0 3.4195462672312373e-06
0.02 0.34 0 3.627283081871827e-06
0.02 0.35000000000000003 0 3.5911769150700545e-06
0.02 0.36 0 3.507547922559354e-06
0.02 0.37 0 3.4718325432752336e-06
0.02 0.38 0 3.3862816140151323e-06
0.02 0.39 0 3.3098500355573167e-06
0.02 0.4 0 3.340468553145756e-06
0.02 0.41000000000000003 0 3.3270986144186843e-06
0.02 0.42 0 3.1667035611992647e-06
0.02 0.43 0 3.0749474614602994e-06
0.02 0.44 0 3.150281036735397e-06
0.02 0.45 0 3.1627920967997708e-06
0.02 0.46 0 3.0400856223455603e-06
0.02 0.47000000000000003 0 3.0393533634363973e-06
0.02 0.48 0 3.169539286724202e-06
0.02 0.49 0 3.080954133440609e-06
0.02 0.5 0 2.7616555342155157e-06
0.03 0.0 0 2.160251886523641e-06
0.03 0.01 0 2.2539184560657418e-06
0.03 0.02 0 2.3835153916097013e-06
0.03 0.03 0 2.3210505423568347e-06
0.03 0.04 0 2.2201851234030613e-06
0.03 0.05 0 2.206762698858091e-06
0.03 0.06 0 2.162467646285495e-06
0.03 0.07 0 2.0599331650168516e-06
0.03 0.08 0 2.014654015306293e-06
0.03 0.09 0 2.0095332746805675e-06
0.03 0.1 0 1.9616945889360875e-06
0.03 0.11 0 1.92593986211568e-06
0.03 0.12 0 1.942582396703004e-06
0.03 0.13 0 1.922001210729895e-06
0.03 0.14 0 1.885196910819617e-06
0.03 0.15 0 1.9977605682617953e-06
0.03 0.16 0 2.249709703573843e-06
0.03 0.17 0 2.396167474519913e-06
0.03 0.18 0 2.3880233339992178e-06
0.03 0.19 0 2.414148071771001e-06
0.03 0.2 0 2.427527771108965e-06
0.03 0.21 0 2.269120896201511e-06
0.03 0.22 0 2.0963610547661353e-06
0.03 0.23 0 2.102862043397876e-06
0.03 0.24 0 2.1851984343923875e-06
0.03 0.25 0 2.170867596702033e-06
0.03 0.26 0 2.122825378864979e-06
0.03 0.27 0 2.1106978921573986e-06
0.03 0.28 0 2.051277120358026e-06
0.03 0.29 0 1.9769723208354793e-06
0.03 0.3 0 2.036549766487453e-06
0.03 0.31 0 2.1917845835396214e-06
0.03 0.32 0 2.270014042831042e-06
0.03 0.33 0 2.321191694482566e-06
0.03 0.34 0 2.4668398820704726e-06
0.03 0.35000000000000003 0 2.527348677581685e-06
0.03 0.36 0 2.3658857126870817e-06
0.03 0.37 0 2.2799238616541153e-06
0.03 0.38 0 2.459397610923077e-06
0.03 0.39 0 2.635797411390124e-06
0.03 0.4 0 2.5652504888649072e-06
0.03 0.41000000000000003 0 2.5249874269251966e-06
0.03 0.42 0 2.695024410579168e-06
0.03 0.43 0 2.7816396757038926e-06
0.03 0.44 0 2.6200424221275884e-06
0.03 0.45 0 2.549004461198028e-06
0.03 0.46 0 2.7349982304371704e-06
0.03 0.47000000000000003 0 2.9014431137089914e-06
0.03 0.48 0 2.8393554973851595e-06
0.03 0.49 0 2.769248172914503e-06
0.03 0.5 0 2.8533457609758457e-06
0.04 0.0 0 2.6247447288561742e-06
0.04 0.01 0 2.5932835432641772e-06
0.04 0.02 0 2.679639757936793e-06
0.04 0.03 0 2.707573323096719e-06
0.04 0.04 0 2.578296460189422e-06
0.04 0.05 0 2.505009659885016e-06
0.04 0.06 0 2.5696515784161092e-06
0.04 0.07 0 2.5651099321168976e-06
0.04 0.08 0 2.4538612855039956e-06
0.04 0.09 0 2.4590314398061313e-06
0.04 0.1 0 2.5685273279939646e-06
0.04 0.11 0 2.5263331352891244e-06
0.04 0.12 0 2.3649114564199954e-06
0.04 0.13 0 2.3305683049542563e-06
0.04 0.14 0 2.4042806414475497e-06
0.04 0.15 0 2.421456029805753e-06
0.04 0.16 0 2.4262913490350924e-06
0.04 0.17 0 2.4865068130242263e-06
0.04 0.18 0 2.447781522045859e-06
0.04 0.19 0 2.2680965404180977e-06
0.04 0.2 0 2.1490530521561673e-06
0.04 0.21 0 2.125535528141904e-06
0.04 0.22 0 2.070982968980817e-06
0.04 0.23 0 2.0696099109438706e-06
0.04 0.24 0 2.2992331934201135e-06
0.04 0.25 0 2.6070598509834843e-06
0.04 0.26 0 2.656560141130873e-06
0.04 0.27 0 2.620638404616336e-06
0.04 0.28 0 2.8132197848267624e-06
0.04 0.29 0 2.996178665853348e-06
0.04 0.3 0 2.8370878449861207e-06
0.04 0.31 0 2.6887926320680624e-06
0.04 0.32 0 2.8786768554121456e-06
0.04 0.33 0 3.0995640850379234e-06
0.04 0.34 0 2.996303013654771e-06
0.04 0.35000000000000003 0 2.91248074039756e-06
0.04 0.36 0 3.148174396345077e-06
0.04 0.37 0 3.386361829394405e-06
0.04 0.38 0 3.2860310854822162e-06
0.04 0.39 0 3.1270938526294613e-06
0.04 0.4 0 3.1484217785409015e-06
0.04 0.41000000000000003 0 3.180530990154959e-06
0.04 0.42 0 3.1173773836753e-06
0.04 0.43 0 3.113440884309687e-06
0.04 0.44 0 3.218682691204098e-06
0.04 0.45 0 3.318011055777956e-06
0.04 0.46 0 3.3488986006607452e-06
0.04 0.47000000000000003 0 3.2686834031992473e-06
0.04 0.48 0 3.0472115479490126e-06
0.04 0.49 0 2.8545719238522224e-06
0.04 0.5 0 2.8612512925761344e-06
0.05 0.0 0 3.455788680401876e-06
0.05 0.01 0 3.5714615410509217e-06
0.05 0.02 0 3.3970300464292367e-06
0.05 0.03 0 3.1844960226433905e-06
0.05 0.04 0 3.042762880646055e-06
0.05 0.05 0 2.8913862127141186e-06
0.05 0.06 0 2.8158419225798004e-06
0.05 0.07 0 2.9304104251701257e-06
0.05 0.08 0 3.103420823411681e-06
0.05 0.09 0 3.1784888112923584e-06
0.05 0.1 0 3.2445724562452866e-06
0.05 0.11 0 3.2952165935636527e-06
0.05 0.12 0 3.1391099241606255e-06
0.05 0.13 0 2.9301101867823857e-06
0.05 0.14 0 2.9951736558740766e-06
0.05 0.15 0 3.2050355241592527e-06
0.05 0.16 0 3.139828801570565e-06
0.05 0.17 0 2.9397589168748506e-06
0.05 0.18 0 2.9939430346133093e-06
0.05 0.19 0 3.1182088924628456e-06
0.05 0.2 0 2.9323820863352875e-06
0.05 0.21 0 2.738735430715079e-06
0.05 0.22 0 2.93389242224616e-06
0.05 0.23 0 3.2503799754968747e-06
0.05 0.24 0 3.1637630392210726e-06
0.05 0.25 0 2.91387214153693e-06
0.05 0.26 0 2.9039986576943736e-06
0.05 0.27 0 2.9332640463295976e-06
0.05 0.28 0 2.7319943508714744e-06
0.05 0.29 0 2.548191468651738e-06
0.05 0.3 0 2.600360084914069e-06
0.05 0.31 0 2.7191014875720093e-06
0.05 0.32 0 2.7309466003817557e-06
0.05 0.33 0 2.7568181680065733e-06
0.05 0.34 0 2.8911412920898495e-06
0.05 0.35000000000000003 0 3.0637744226931584e-06
0.05 0.36 0 3.2573880465799126e-06
0.05 0.37 0 3.443506161057853e-06
0.05 0.38 0 3.4297828772626524e-06
0.05 0.39 0 3.2118943351763573e-06
0.05 0.4 0 3.040023421713114e-06
0.05 0.41000000000000003 0 2.921488159967231e-06
0.05 0.42 0 2.6940390642128926e-06
0.05 0.43 0 2.5027538539535916e-06
0.05 0.44 0 2.5743258514282873e-06
0.05 0.45 0 2.7530169528096684e-06
0.05 0.46 0 2.7065470395219657e-06
0.05 0.47000000000000003 0 2.5726774320757347e-06
0.05 0.48 0 2.6557321721789692e-06
0.05 0.49 0 2.850015315785672e-06
0.05 0.5 0 2.9238005261337565e-06
0.06 0.0 0 4.067649262333138e-06
0.06 0.01 0 4.0406011281096465e-06
0.06 0.02 0 3.782490962710221e-06
0.06 0.03 0 3.4099255574020044e-06
0.06 0.04 0 3.2717615100417474e-06
0.06 0.05 0 3.330802970487606e-06
0.06 0.06 0 3.265776661024916e-06
0.06 0.07 0 3.155720889577616e-06
0.06 0.08 0 3.346369624671851e-06
0.06 0.09 0 3.6831745330702406e-06
0.06 0.1 0 3.612039065709789e-06
0.06 0.11 0 3.284889283443688e-06
0.06 0.12 0 3.2479597343821215e-06
0.06 0.13 0 3.392681903177595e-06
0.06 0.14 0 3.242125992936425e-06
0.06 0.15 0 2.9352121490178036e-06
0.06 0.16 0 2.872223232500763e-06
0.06 0.17 0 2.9175058133187133e-06
0.06 0.18 0 2.7318628135429127e-06
0.06 0.19 0 2.460552651453767e-06
0.06 0.2 0 2.3741282116925217e-06
0.06 0.21 0 2.3911657285994434e-06
0.06 0.22 0 2.3377894326595165e-06
0.06 0.23 0 2.2654455527476463e-06
0.06 0.24 0 2.2602105600935736e-06
0.06 0.25 0 2.284795098870165e-06
0.06 0.26 0 2.3342001706026606e-06
0.06 0.27 0 2.434924830129945e-06
0.06 0.28 0 2.497166700722056e-06
0.06 0.29 0 2.4644099548370337e-06
0.06 0.3 0 2.4532433270902596e-06
0.06 0.31 0 2.4696669138456857e-06
0.06 0.32 0 2.348442229120278e-06
0.06 0.33 0 2.1595610036847047e-06
0.06 0.34 0 2.148177790481883e-06
0.06 0.35000000000000003 0 2.2848883240495374e-06
0.06 0.36 0 2.3073636778740825e-06
0.06 0.37 0 2.231254994934361e-06
0.06 0.38 0 2.2982743484389344e-06
0.06 0.39 0 2.4662618317960514e-06
0.06 0.4 0 2.5188304304285593e-06
0.06 0.41000000000000003 0 2.5696834127436082e-06
0.06 0.42 0 2.8488887500095537e-06
0.06 0.43 0 3.196547772077271e-06
0.06 0.44 0 3.2998741679948855e-06
0.06 0.45 0 3.2785860603324237e-06
0.06 0.46 0 3.2840293762597686e-06
0.06 0.47000000000000003 0 3.14914740958692e-06
0.06 0.48 0 2.933637825550027e-06
0.06 0.49 0 2.95616078847954e-06
0.06 0.5 0 3.192624677020629e-06
0.07 0.0 0 3.842627921296841e-06
0.07 0.01 0 3.5506647965468253e-06
0.07 0.02 0 3.4400924938963333e-06
0.07 0.03 0 3.590582959255298e-06
0.07 0.04 0 3.5882593733556928e-06
0.07 0.05 0 3.3725969885807675e-06
0.07 0.06 0 3.3387183776815913e-06
0.07 0.07 0 3.4947808942263394e-06
0.07 0.08 0 3.420422143838399e-06
0.07 0.09 0 3.0852197772242297e-06
0.07 0.1 0 2.8748350460141216e-06
0.07 0.11 0 2.8712163438431055e-06
0.07 0.12 0 2.879086505657418e-06
0.07 0.13 0 2.836410136577039e-06
0.07 0.14 0 2.8236076596612938e-06
0.07 0.15 0 2.813595814875032e-06
0.07 0.16 0 2.7416697935269637e-06
0.07 0.17 0 2.6372496504891563e-06
0.07 0.18 0 2.5270237282346876e-06
0.07 0.19 0 2.430554668265072e-06
0.07 0.2 0 2.425757484400408e-06
0.07 0.21 0 2.5020211174758764e-06
0.07 0.22 0 2.47916080236968e-06
0.07 0.23 0 2.3134000850897206e-06
0.07 0.24 0 2.2073667567394394e-06
0.07 0.25 0 2.2243238985321596e-06
0.07 0.26 0 2.207785532479631e-06
0.07 0.27 0 2.1339925619815996e-06
0.07 0.28 0 2.161331428400027e-06
0.07 0.29 0 2.2606502118648335e-06
0.07 0.3 0 2.2180201182762193e-06
0.07 0.31 0 2.0642201526986674e-06
0.07 0.32 0 2.008254485107153e-06
0.07 0.33 0 2.053973609116181e-06
0.07 0.34 0 2.1028454111693093e-06
0.07 0.35000000000000003 0 2.215282177026107e-06
0.07 0.36 0 2.447745516549564e-06
0.07 0.37 0 2.620609721048673e-06
0.07 0.38 0 2.626954826019298e-06
0.07 0.39 0 2.665238855267412e-06
0.07 0.4 0 2.7779018680899423e-06
0.07 0.41000000000000003 0 2.755239890565088e-06
0.07 0.42 0 2.6775842826670655e-06
0.07 0.43 0 2.830450877287932e-06
0.07 0.44 0 3.0867267235969787e-06
0.07 0.45 0 3.045840548998776e-06
0.07 0.46 0 2.8830293117113996e-06
0.07 0.47000000000000003 0 3.012252197848866e-06
0.07 0.48 0 3.2732686936809924e-06
0.07 0.49 0 3.2398453729088813e-06
0.07 0.5 0 3.1257139719127466e-06
0.08 0.0 0 3.840827964916182e-06
0.08 0.01 0 3.9230053299863425e-06
0.08 0.02 0 3.922927037436429e-06
0.08 0.03 0 3.638662465216766e-06
0.08 0.04 0 3.3057651778098503e-06
0.08 0.05 0 3.0944085911352927e-06
0.08 0.06 0 2.90715447161763e-06
0.08 0.07 0 2.681954284324548e-06
0.08 0.08 0 2.4939932782032995e-06
0.08 0.09 0 2.404899689282504e-06
0.08 0.1 0 2.438158894475114e-06
0.08 0.11 0 2.5970928670312036e-06
0.08 0.12 0 2.795020648711886e-06
0.08 0.13 0 2.9018229254138945e-06
0.08 0.14 0 2.9273261589054542e-06
0.08 0.15 0 2.929943139037478e-06
0.08 0.16 0 2.830827954960184e-06
0.08 0.17 0 2.6094667660085767e-06
0.08 0.18 0 2.4432467556327074e-06
0.08 0.19 0 2.422236620396767e-06
0.08 0.2 0 2.4237936887326864e-06
0.08 0.21 0 2.3535073684880287e-06
0.08 0.22 0 2.2837393568783222e-06
0.08 0.23 0 2.2461618956515455e-06
0.08 0.24 0 2.1835695948950336e-06
0.08 0.25 0 2.1219899967291373e-06
0.08 0.26 0 2.118323632083342e-06
0.08 0.27 0 2.1114858862841413e-06
0.08 0.28 0 2.054839256124531e-06
0.08 0.29 0 2.0386605365099825e-06
0.08 0.3 0 2.0808963916750395e-06
0.08 0.31 0 2.058133848088412e-06
0.08 0.32 0 2.0035856851820564e-06
0.08 0.33 0 2.1148343994289295e-06
0.08 0.34 0 2.3738682291443345e-06
0.08 0.35000000000000003 0 2.5033975167941962e-06
0.08 0.36 0 2.506673471308784e-06
0.08 0.37 0 2.6987509581127626e-06
0.08 0.38 0 3.0572054962603557e-06
0.08 0.39 0 3.1876692047797752e-06
0.08 0.4 0 3.1205643812250123e-06
0.08 0.41000000000000003 0 3.243170973634838e-06
0.08 0.42 0 3.450178767760519e-06
0.08 0.43 0 3.304952513105403e-06
0.08 0.44 0 2.95894929949525e-06
0.08 0.45 0 2.839403790633069e-06
0.08 0.46 0 2.928871633645942e-06
0.08 0.47000000000000003 0 2.984056556056576e-06
0.08 0.48 0 2.9999787202445765e-06
0.08 0.49 0 3.085828467955519e-06
0.08 0.5 0 3.1507570355845193e-06
0.09 0.0 0 2.398024486576974e-06
0.09 0.01 0 2.2390800367421528e-06
0.09 0.02 0 2.214727443025162e-06
0.09 0.03 0 2.304852392894488e-06
0.09 0.04 0 2.4242905653354125e-06
0.09 0.05 0 2.557724142280688e-06
0.09 0.06 0 2.6770633490037258e-06
0.09 0.07 0 2.657782170734226e-06
0.09 0.08 0 2.5100448665901876e-06
0.09 0.09 0 2.42582859585372e-06
0.09 0.1 0 2.4757912637193303e-06
0.09 0.11 0 2.5453413108466723e-06
0.09 0.12 0 2.5576809527794715e-06
0.09 0.13 0 2.5535319160021777e-06
0.09 0.14 0 2.5301202891209143e-06
0.09 0.15 0 2.4460967547511743e-06
0.09 0.16 0 2.3455632469179e-06
0.09 0.17 0 2.3017150867755686e-06
0.09 0.18 0 2.342050830338266e-06
0.09 0.19 0 2.4799696886723203e-06
0.09 0.2 0 2.668635199254484e-06
0.09 0.21 0 2.74431106501876e-06
0.09 0.22 0 2.6542052788845203e-06
0.09 0.23 0 2.581678316426287e-06
0.09 0.24 0 2.5923998363117807e-06
0.09 0.25 0 2.508227147210239e-06
0.09 0.26 0 2.311681284830832e-06
0.09 0.27 0 2.240558059561268e-06
0.09 0.28 0 2.3325428982936757e-06
0.09 0.29 0 2.336436367224975e-06
0.09 0.3 0 2.200859612017676e-06
0.09 0.31 0 2.203578240662934e-06
0.09 0.32 0 2.4224966875399056e-06
0.09 0.33 0 2.582095728865836e-06
0.09 0.34 0 2.5372702107090953e-06
0.09 0.35000000000000003 0 2.530310866907104e-06
0.09 0.36 0 2.667353100070537e-06
0.09 0.37 0 2.7591722065708866e-06
0.09 0.38 0 2.7438340864338347e-06
0.09 0.39 0 2.822150730780726e-06
0.09 0.4 0 3.0777240545215372e-06
0.09 0.41000000000000003 0 3.348936039448863e-06
0.09 0.42 0 3.460052633566554e-06
0.09 0.43 0 3.4048113522010734e-06
0.09 0.44 0 3.2910501804342046e-06
0.09 0.45 0 3.2370183691420137e-06
0.09 0.46 0 3.2386571123970254e-06
0.09 0.47000000000000003 0 3.1663489402858352e-06
0.09 0.48 0 3.028034145735078e-06
0.09 0.49 0 2.9838666448996033e-06
0.09 0.5 0 2.9800473534962143e-06
0.1 0.0 0 2.8094988116754647e-06
0.1 0.01 0 2.7637475947141068e-06
0.1 0.02 0 2.663419527770311e-06
0.1 0.03 0 2.632723245240182e-06
0.1 0.04 0 2.7749480438282875e-06
0.1 0.05 0 2.926929526578654e-06
0.1 0.06 0 2.9080084024500135e-06
0.1 0.07 0 2.7965095030627733e-06
0.1 0.08 0 2.7105387994194816e-06
0.1 0.09 0 2.6507801682455897e-06
0.1 0.1 0 2.605621171158818e-06
0.1 0.11 0 2.5610015137354834e-06
0.1 0.12 0 2.489118754028048e-06
0.1 0.13 0 2.4458861799108256e-06
0.1 0.14 0 2.501676303070058e-06
0.1 0.15 0 2.5655154509825165e-06
0.1 0.16 0 2.530902349947365e-06
0.1 0.17 0 2.546880855300141e-06
0.1 0.18 0 2.7664411959764337e-06
0.1 0.19 0 2.98830157677397e-06
0.1 0.2 0 2.9469730332776614e-06
0.1 0.21 0 2.8702602998126446e-06
0.1 0.22 0 3.0271968524550134e-06
0.1 0.23 0 3.1899021455998698e-06
0.1 0.24 0 3.0433029126191444e-06
0.1 0.25 0 2.826534474812552e-06
0.1 0.26 0 2.805758815590243e-06
0.1 0.27 0 2.7938664234207966e-06
0.1 0.28 0 2.588605918051448e-06
0.1 0.29 0 2.4066726646050015e-06
0.1 0.3 0 2.4609546530394065e-06
0.1 0.31 0 2.6429061945016057e-06
0.1 0.32 0 2.733106006801732e-06
0.1 0.33 0 2.7241580511221096e-06
0.1 0.34 0 2.7247420816320407e-06
0.1 0.35000000000000003 0 2.7430165017604216e-06
0.1 0.36 0 2.74122644568415e-06
0.1 0.37 0 2.731856227159453e-06
0.1 0.38 0 2.774637136618483e-06
0.1 0.39 0 2.929219832602855e-06
0.1 0.4 0 3.14093645697533e-06
0.1 0.41000000000000003 0 3.1974082322616636e-06
0.1 0.42 0 3.0285502939294434e-06
0.1 0.43 0 2.8651984389720907e-06
0.1 0.44 0 2.8467021849816007e-06
0.1 0.45 0 2.8505346225076117e-06
0.1 0.46 0 2.8051303356562054e-06
0.1 0.47000000000000003 0 2.8481207456391754e-06
0.1 0.48 0 2.997903094749691e-06
0.1 0.49 0 3.0310753430393147e-06
0.1 0.5 0 2.888631832920708e-06
0.11 0.0 0 3.152423149362066e-06
0.11 0.01 0 3.2615389042796332e-06
0.11 0.02 0 3.413465444371457e-06
0.11 0.03 0 3.5155250535390706e-06
0.11 0.04 0 3.596570335907463e-06
0.11 0.05 0 3.6007331445527653e-06
0.11 0.06 0 3.3518744721048713e-06
0.11 0.07 0 3.020328257433232e-06
0.11 0.08 0 2.9431319304061017e-06
0.11 0.09 0 3.045947940041783e-06
0.11 0.1 0 2.970762177340834e-06
0.11 0.11 0 2.782300500362974e-06
0.11 0.12 0 2.8214079701774713e-06
0.11 0.13 0 2.9889503699842815e-06
0.11 0.14 0 2.9037912860210805e-06
0.11 0.15 0 2.712527385805521e-06
0.11 0.16 0 2.8085873369906913e-06
0.11 0.17 0 3.070463608463376e-06
0.11 0.18 0 3.0415877654565764e-06
0.11 0.19 0 2.798295475324521e-06
0.11 0.2 0 2.71979862852042e-06
0.11 0.21 0 2.753418826373727e-06
0.11 0.22 0 2.6517922596925284e-06
0.11 0.23 0 2.5009448305364025e-06
0.11 0.24 0 2.4903835400263083e-06
0.11 0.25 0 2.534858416866719e-06
0.11 0.26 0 2.461031654378566e-06
0.11 0.27 0 2.3042865620612196e-06
0.11 0.28 0 2.174151681574592e-06
0.11 0.29 0 2.0953847695516798e-06
0.11 0.3 0 2.07517041778316e-06
0.11 0.31 0 2.1012743561798618e-06
0.11 0.32 0 2.1004708660972356e-06
0.11 0.33 0 2.0458298662570344e-06
0.11 0.34 0 2.002155796477579e-06
0.11 0.35000000000000003 0 1.9767266136211906e-06
0.11 0.36 0 1.9172340926637787e-06
0.11 0.37 0 1.8784919133524935e-06
0.11 0.38 0 1.9695918396654497e-06
0.11 0.39 0 2.1595911355214273e-06
0.11 0.4 0 2.3017289848081283e-06
0.11 0.41000000000000003 0 2.366684299396708e-06
0.11 0.42 0 2.4314099196287113e-06
0.11 0.43 0 2.479547180042554e-06
0.11 0.44 0 2.4761906048445472e-06
0.11 0.45 0 2.4862798251335447e-06
0.11 0.46 0 2.5362384924634666e-06
0.11 0.47000000000000003 0 2.565344641534009e-06
0.11 0.48 0 2.584517369707679e-06
0.11 0.49 0 2.6364863535335147e-06
0.11 0.5 0 2.630991842096265e-06
0.12 0.0 0 2.462946748146671e-06
0.12 0.01 0 2.374832666522857e-06
0.12 0.02 0 2.461120647510459e-06
0.12 0.03 0 2.748530333220198e-06
0.12 0.04 0 2.811202094316743e-06
0.12 0.05 0 2.6265716207727345e-06
0.12 0.06 0 2.665476940191589e-06
0.12 0.07 0 2.9579431050503867e-06
0.12 0.08 0 3.0356719939404433e-06
0.12 0.09 0 2.8535036937164235e-06
0.12 0.1 0 2.8368834765483036e-06
0.12 0.11 0 2.9747773319631535e-06
0.12 0.12 0 2.9197790127609694e-06
0.12 0.13 0 2.7565711510146453e-06
0.12 0.14 0 2.815573116656543e-06
0.12 0.15 0 3.0492484809967097e-06
0.12 0.16 0 3.1890272169424088e-06
0.12 0.17 0 3.241191521490979e-06
0.12 0.18 0 3.3247223127106875e-06
0.12 0.19 0 3.342285239364661e-06
0.12 0.2 0 3.265151050442355e-06
0.12 0.21 0 3.2478663662701853e-06
0.12 0.22 0 3.2636379848631945e-06
0.12 0.23 0 3.1467196826710855e-06
0.12 0.24 0 2.963524198461117e-06
0.12 0.25 0 2.8294522223828893e-06
0.12 0.26 0 2.6260288221928877e-06
0.12 0.27 0 2.3106645317999976e-06
0.12 0.28 0 2.090255702469401e-06
0.12 0.29 0 2.0491662183033296e-06
0.12 0.3 0 2.03570284701273e-06
0.12 0.31 0 1.9509540723765573e-06
0.12 0.32 0 1.8882324941564585e-06
0.12 0.33 0 1.881411510358809e-06
0.12 0.34 0 1.8431231452829062e-06
0.12 0.35000000000000003 0 1.7732768750150394e-06
0.12 0.36 0 1.7517275377752845e-06
0.12 0.37 0 1.7651460578762572e-06
0.12 0.38 0 1.758265143959921e-06
0.12 0.39 0 1.7488235628380754e-06
0.12 0.4 0 1.7372162171408463e-06
0.12 0.41000000000000003 0 1.6775297830106444e-06
0.12 0.42 0 1.6317858957467374e-06
0.12 0.43 0 1.7103564297542506e-06
0.12 0.44 0 1.8560379799492733e-06
0.12 0.45 0 1.9061296178053433e-06
0.12 0.46 0 1.911830283898022e-06
0.12 0.47000000000000003 0 2.023798999191974e-06
0.12 0.48 0 2.1401460111226485e-06
0.12 0.49 0 2.084598784540995e-06
0.12 0.5 0 2.026904092002776e-06
0.13 0.0 0 2.3752452901067667e-06
0.13 0.01 0 2.653596354816487e-06
0.13 0.02 0 2.711201132866195e-06
0.13 0.03 0 2.497753951312577e-06
0.13 0.04 0 2.3686505613529442e-06
0.13 0.05 0 2.3650525069631128e-06
0.13 0.06 0 2.3187004158246e-06
0.13 0.07 0 2.2829757854886e-06
0.13 0.08 0 2.358070510267024e-06
0.13 0.09 0 2.3936764252980535e-06
0.13 0.1 0 2.2710666585138184e-06
0.13 0.11 0 2.1419644124832552e-06
0.13 0.12 0 2.075837048004957e-06
0.13 0.13 0 1.9847795332221304e-06
0.13 0.14 0 1.929532384170455e-06
0.13 0.15 0 2.0509056802144306e-06
0.13 0.16 0 2.2520692573984314e-06
0.13 0.17 0 2.2888322408043417e-06
0.13 0.18 0 2.219111850350011e-06
0.13 0.19 0 2.225855549814246e-06
0.13 0.2 0 2.213621759931823e-06
0.13 0.21 0 2.0592573270917957e-06
0.13 0.22 0 1.913231480481966e-06
0.13 0.23 0 1.878744026684479e-06
0.13 0.24 0 1.8317248968875513e-06
0.13 0.25 0 1.7000506969097906e-06
0.13 0.26 0 1.586161436456213e-06
0.13 0.27 0 1.5257118481921768e-06
0.13 0.28 0 1.4661417526061616e-06
0.13 0.29 0 1.4259132554845343e-06
0.13 0.3 0 1.4329862035948034e-06
0.13 0.31 0 1.4150533398622292e-06
0.13 0.32 0 1.3475000714374878e-06
0.13 0.33 0 1.3327876995031468e-06
0.13 0.34 0 1.383980034352379e-06
0.13 0.35000000000000003 0 1.3765622362167677e-06
0.13 0.36 0 1.318640317642259e-06
0.13 0.37 0 1.3569350232359378e-06
0.13 0.38 0 1.458493777995961e-06
0.13 0.39 0 1.4243917545892908e-06
0.13 0.4 0 1.3054920277219628e-06
0.13 0.41000000000000003 0 1.3211490486316716e-06
0.13 0.42 0 1.4545457847272067e-06
0.13 0.43 0 1.499028840899426e-06
0.13 0.44 0 1.466007471240972e-06
0.13 0.45 0 1.5444666983491121e-06
0.13 0.46 0 1.6893602340867972e-06
0.13 0.47000000000000003 0 1.6816190221892412e-06
0.13 0.48 0 1.5767880030558964e-06
0.13 0.49 0 1.5929033508289383e-06
0.13 0.5 0 1.7333360775215511e-06
0.14 0.0 0 2.8300981533892017e-06
0.14 0.01 0 2.860322425940892e-06
0.14 0.02 0 2.939221128460082e-06
0.14 0.03 0 2.863853929624155e-06
0.14 0.04 0 2.659168434233875e-06
0.14 0.05 0 2.605891954291088e-06
0.14 0.06 0 2.690025131917729e-06
0.14 0.07 0 2.6340096152056015e-06
0.14 0.08 0 2.4569983901991915e-06
0.14 0.09 0 2.3831154945899476e-06
0.14 0.1 0 2.336919248320589e-06
0.14 0.11 0 2.136723735715944e-06
0.14 0.12 0 1.915697629225598e-06
0.14 0.13 0 1.8426341290335029e-06
0.14 0.14 0 1.836327539316622e-06
0.14 0.15 0 1.7851397836871348e-06
0.14 0.16 0 1.7517421180828013e-06
0.14 0.17 0 1.7816059978728415e-06
0.14 0.18 0 1.8048620815103558e-06
0.14 0.19 0 1.8220045416637282e-06
0.14 0.2 0 1.8906834050206026e-06
0.14 0.21 0 1.9272638916737687e-06
0.14 0.22 0 1.8528537592537166e-06
0.14 0.23 0 1.8075460619455359e-06
0.14 0.24 0 1.870426558977289e-06
0.14 0.25 0 1.8863603257743758e-06
0.14 0.26 0 1.8238869484557358e-06
0.14 0.27 0 1.916152220932632e-06
0.14 0.28 0 2.1925146736585172e-06
0.14 0.29 0 2.282542259100201e-06
0.14 0.3 0 2.078340949531322e-06
0.14 0.31 0 1.9558497225260372e-06
0.14 0.32 0 1.974807141990865e-06
0.14 0.33 0 1.8533998148755164e-06
0.14 0.34 0 1.6273616978193476e-06
0.14 0.35000000000000003 0 1.5845224472475723e-06
0.14 0.36 0 1.702348407502581e-06
0.14 0.37 0 1.694271666488572e-06
0.14 0.38 0 1.541977119680665e-06
0.14 0.39 0 1.4867775182402866e-06
0.14 0.4 0 1.5532105289941768e-06
0.14 0.41000000000000003 0 1.6005701183574795e-06
0.14 0.42 0 1.6321635982348144e-06
0.14 0.43 0 1.7480649358877505e-06
0.14 0.44 0 1.8890814493643207e-06
0.14 0.45 0 1.917011241989879e-06
0.14 0.46 0 1.8461626536384409e-06
0.14 0.47000000000000003 0 1.7456301530383315e-06
0.14 0.48 0 1.6407733356497496e-06
0.14 0.49 0 1.5985091725712183e-06
0.14 0.5 0 1.6626552093452612e-06
0.15 0.0 0 2.9719557095723192e-06
0.15 0.01 0 2.9578372747819416e-06
0.15 0.02 0 2.7165376112625746e-06
0.15 0.03 0 2.5327384240639827e-06
0.15 0.04 0 2.4537280796750952e-06
0.15 0.05 0 2.3736413914391196e-06
0.15 0.06 0 2.3168986657649444e-06
0.15 0.07 0 2.3267278352250515e-06
0.15 0.08 0 2.324506579166997e-06
0.15 0.09 0 2.28399355577319e-06
0.15 0.1 0 2.2713581253706053e-06
0.15 0.11 0 2.2405576696856044e-06
0.15 0.12 0 2.1311943411864435e-06
0.15 0.13 0 2.073583941997779e-06
0.15 0.14 0 2.1340399596600763e-06
0.15 0.15 0 2.1040806713310673e-06
0.15 0.16 0 1.8964331092311056e-06
0.15 0.17 0 1.7792504630343057e-06
0.15 0.18 0 1.856152965089521e-06
0.15 0.19 0 1.8802130571542539e-06
0.15 0.2 0 1.7394109403534483e-06
0.15 0.21 0 1.6974419319908602e-06
0.15 0.22 0 1.8288585356523433e-06
0.15 0.23 0 1.8440422663913627e-06
0.15 0.24 0 1.6645828085301588e-06
0.15 0.25 0 1.6053934060901863e-06
0.15 0.26 0 1.7499724797917592e-06
0.15 0.27 0 1.8404607180297652e-06
0.15 0.28 0 1.7676102675227685e-06
0.15 0.29 0 1.7473675250632162e-06
0.15 0.3 0 1.8150624610629842e-06
0.15 0.31 0 1.7853301628645464e-06
0.15 0.32 0 1.6769265185544185e-06
0.15 0.33 0 1.673118060355497e-06
0.15 0.34 0 1.7800632439821865e-06
0.15 0.35000000000000003 0 1.8888451948921754e-06
0.15 0.36 0 1.9932486316855124e-06
0.15 0.37 0 2.1011606746782834e-06
0.15 0.38 0 2.1183451304816586e-06
0.15 0.39 0 2.0621806623353245e-06
0.15 0.4 0 2.0604261522607233e-06
0.15 0.41000000000000003 0 2.073767549240578e-06
0.15 0.42 0 1.994483063880976e-06
0.15 0.43 0 1.925938317587411e-06
0.15 0.44 0 1.972764922621992e-06
0.15 0.45 0 1.989718108823539e-06
0.15 0.46 0 1.8623241794988006e-06
0.15 0.47000000000000003 0 1.7687558706789682e-06
0.15 0.48 0 1.8150100026309354e-06
0.15 0.49 0 1.8450313796015163e-06
0.15 0.5 0 1.7661960829695833e-06
0.16 0.0 0 2.788394286683591e-06
0.16 0.01 0 2.6810249455117756e-06
0.16 0.02 0 2.4628132525190992e-06
0.16 0.03 0 2.299609950009137e-06
0.16 0.04 0 2.273996988917364e-06
0.16 0.05 0 2.218804723444016e-06
0.16 0.06 0 2.032409046228435e-06
0.16 0.07 0 1.9268940837049817e-06
0.16 0.08 0 2.035539430055215e-06
0.16 0.09 0 2.1636052485421916e-06
0.16 0.1 0 2.1454495311397452e-06
0.16 0.11 0 2.2181263005810867e-06
0.16 0.12 0 2.5454145934872846e-06
0.16 0.13 0 2.7899563255848303e-06
0.16 0.14 0 2.6510004207426602e-06
0.16 0.15 0 2.4946276417075436e-06
0.16 0.16 0 2.566067601195474e-06
0.16 0.17 0 2.598715438254535e-06
0.16 0.18 0 2.426672418130498e-06
0.16 0.19 0 2.3169713653767067e-06
0.16 0.2 0 2.362403759584482e-06
0.16 0.21 0 2.3189636368741685e-06
0.16 0.22 0 2.118264333385036e-06
0.16 0.23 0 1.97701388782365e-06
0.16 0.24 0 1.9606283763981774e-06
0.16 0.25 0 1.981906455245936e-06
0.16 0.26 0 2.039646179331037e-06
0.16 0.27 0 2.154698865216762e-06
0.16 0.28 0 2.216550070149864e-06
0.16 0.29 0 2.1763316297553053e-06
0.16 0.3 0 2.156510497315557e-06
0.16 0.31 0 2.171635606856623e-06
0.16 0.32 0 2.118993215094648e-06
0.16 0.33 0 2.0737627637383697e-06
0.16 0.34 0 2.171740094891718e-06
0.16 0.35000000000000003 0 2.281782593027122e-06
0.16 0.36 0 2.1864084948759422e-06
0.16 0.37 0 2.020739809985136e-06
0.16 0.38 0 1.976659368815269e-06
0.16 0.39 0 1.9600454134689354e-06
0.16 0.4 0 1.8642069787901824e-06
0.16 0.41000000000000003 0 1.8139829754153662e-06
0.16 0.42 0 1.8745213207280062e-06
0.16 0.43 0 1.899183581652607e-06
0.16 0.44 0 1.8295087662215352e-06
0.16 0.45 0 1.7973090185459833e-06
0.16 0.46 0 1.8126890737644378e-06
0.16 0.47000000000000003 0 1.7728895726029137e-06
0.16 0.48 0 1.7276200710951852e-06
0.16 0.49 0 1.7498843795428502e-06
0.16 0.5 0 1.7101813266224711e-06
0.17 0.0 0 2.0121966841315207e-06
0.17 0.01 0 1.882593999102647e-06
0.17 0.02 0 1.965818478683512e-06
0.17 0.03 0 2.1434968746833627e-06
0.17 0.04 0 2.182069403144422e-06
0.17 0.05 0 2.182215981835969e-06
0.17 0.06 0 2.331344678854753e-06
0.17 0.07 0 2.472440319662409e-06
0.17 0.08 0 2.3877503353684697e-06
0.17 0.09 0 2.2750690453277216e-06
0.17 0.1 0 2.3569836119216455e-06
0.17 0.11 0 2.5112683427935993e-06
0.17 0.12 0 2.5382455534349667e-06
0.17 0.13 0 2.5065208330992305e-06
0.17 0.14 0 2.5165613395613764e-06
0.17 0.15 0 2.505140564815578e-06
0.17 0.16 0 2.46710858488094e-06
0.17 0.17 0 2.497845212483387e-06
0.17 0.18 0 2.5862392236754313e-06
0.17 0.19 0 2.658565811516439e-06
0.17 0.2 0 2.7349920616645913e-06
0.17 0.21 0 2.7881597288108107e-06
0.17 0.22 0 2.6760876162267063e-06
0.17 0.23 0 2.4544465289413013e-06
0.17 0.24 0 2.3384325927263134e-06
0.17 0.25 0 2.3261353504871576e-06
0.17 0.26 0 2.2564361690980584e-06
0.17 0.27 0 2.161824627514873e-06
0.17 0.28 0 2.1902253534415733e-06
0.17 0.29 0 2.2867302103920786e-06
0.17 0.3 0 2.297418916001475e-06
0.17 0.31 0 2.279602940377412e-06
0.17 0.32 0 2.3416102451325636e-06
0.17 0.33 0 2.3826304947750696e-06
0.17 0.34 0 2.300306778157882e-06
0.17 0.35000000000000003 0 2.183895687284422e-06
0.17 0.36 0 2.069976110597323e-06
0.17 0.37 0 1.9055483019605072e-06
0.17 0.38 0 1.7705278556045399e-06
0.17 0.39 0 1.7564572341930514e-06
0.17 0.4 0 1.755816408393954e-06
0.17 0.41000000000000003 0 1.6552168183443535e-06
0.17 0.42 0 1.5813903897586791e-06
0.17 0.43 0 1.6190772976242813e-06
0.17 0.44 0 1.6022029748979977e-06
0.17 0.45 0 1.4544248701955433e-06
0.17 0.46 0 1.387018367562911e-06
0.17 0.47000000000000003 0 1.4741629887393111e-06
0.17 0.48 0 1.4949626647278569e-06
0.17 0.49 0 1.3504777978408855e-06
0.17 0.5 0 1.2714129488648625e-06
0.18 0.0 0 2.282695970501823e-06
0.18 0.01 0 2.380283989312048e-06
0.18 0.02 0 2.4366164277147633e-06
0.18 0.03 0 2.429517931714691e-06
0.18 0.04 0 2.4871599167318267e-06
0.18 0.05 0 2.567947187289459e-06
0.18 0.06 0 2.537774037782052e-06
0.18 0.07 0 2.440218993368053e-06
0.18 0.08 0 2.3804834152293003e-06
0.18 0.09 0 2.353563428955904e-06
0.18 0.1 0 2.3479838248801583e-06
0.18 0.11 0 2.384415237586119e-06
0.18 0.12 0 2.4093074692440495e-06
0.18 0.13 0 2.3715529390293687e-06
0.18 0.14 0 2.3645443635934377e-06
0.18 0.15 0 2.4700166531962476e-06
0.18 0.16 0 2.6002658798461676e-06
0.18 0.17 0 2.6703876313565894e-06
0.18 0.18 0 2.764615792943967e-06
0.18 0.19 0 2.9193785332144204e-06
0.18 0.2 0 2.995633558999016e-06
0.18 0.21 0 2.948282623779855e-06
0.18 0.22 0 2.918739314391112e-06
0.18 0.23 0 2.9556306678312715e-06
0.18 0.24 0 2.9697027200781784e-06
0.18 0.25 0 2.9137992058012516e-06
0.18 0.26 0 2.7789883965592847e-06
0.18 0.27 0 2.5571554524312076e-06
0.18 0.28 0 2.3486237353647536e-06
0.18 0.29 0 2.262592211045152e-06
0.18 0.3 0 2.234736676126919e-06
0.18 0.31 0 2.1646277033795917e-06
0.18 0.32 0 2.139317365665064e-06
0.18 0.33 0 2.2227292836144664e-06
0.18 0.34 0 2.2044355720104226e-06
0.18 0.35000000000000003 0 1.9565518449915718e-06
0.18 0.36 0 1.755038495634721e-06
0.18 0.37 0 1.7730918912688588e-06
0.18 0.38 0 1.8314911536544583e-06
0.18 0.39 0 1.7540333564724052e-06
0.18 0.4 0 1.7060525625570963e-06
0.18 0.41000000000000003 0 1.8021268362431376e-06
0.18 0.42 0 1.825167711219598e-06
0.18 0.43 0 1.641373148537515e-06
0.18 0.44 0 1.5012861970929082e-06
0.18 0.45 0 1.5526159687384978e-06
0.18 0.46 0 1.6602527585087567e-06
0.18 0.47000000000000003 0 1.6923003984881083e-06
0.18 0.48 0 1.7390530694373084e-06
0.18 0.49 0 1.8570344817132246e-06
0.18 0.5 0 1.9246238056962975e-06
0.19 0.0 0 2.308038187154113e-06
0.19 0.01 0 2.1819017824744593e-06
0.19 0.02 0 2.1856379426876917e-06
0.19 0.03 0 2.220511071606125e-06
0.19 0.04 0 2.213230971194591e-06
0.19 0.05 0 2.235534542409236e-06
0.19 0.06 0 2.2889248784285297e-06
0.19 0.07 0 2.2556082093664274e-06
0.19 0.08 0 2.1637982548963635e-06
0.19 0.09 0 2.1620657610765335e-06
0.19 0.1 0 2.230174011581669e-06
0.19 0.11 0 2.2105319570874308e-06
0.19 0.12 0 2.1030112754376843e-06
0.19 0.13 0 2.0396125350858847e-06
0.19 0.14 0 2.0346239451686624e-06
0.19 0.15 0 2.008057559557842e-06
0.19 0.16 0 1.9479474647198664e-06
0.19 0.17 0 1.907980542913724e-06
0.19 0.18 0 1.9181703370798252e-06
0.19 0.19 0 1.9702572057948296e-06
0.19 0.2 0 2.028859915698576e-06
0.19 0.21 0 2.0826707824837715e-06
0.19 0.22 0 2.216568797058787e-06
0.19 0.23 0 2.510543786731156e-06
0.19 0.24 0 2.817091843281482e-06
0.19 0.25 0 2.87149103251715e-06
0.19 0.26 0 2.7739576933042845e-06
0.19 0.27 0 2.777690951612045e-06
0.19 0.28 0 2.778097105958759e-06
0.19 0.29 0 2.575835184275439e-06
0.19 0.3 0 2.383520888332187e-06
0.19 0.31 0 2.4477961279920375e-06
0.19 0.32 0 2.5932920238918026e-06
0.19 0.33 0 2.492897905991459e-06
0.19 0.34 0 2.279484389231175e-06
0.19 0.35000000000000003 0 2.2264013523102866e-06
0.19 0.36 0 2.2507677736488065e-06
0.19 0.37 0 2.160048720146593e-06
0.19 0.38 0 2.0473599563361222e-06
0.19 0.39 0 2.0679431618893697e-06
0.19 0.4 0 2.1475218566394627e-06
0.19 0.41000000000000003 0 2.1426148974438315e-06
0.19 0.42 0 2.0849032950935242e-06
0.19 0.43 0 2.0655722132183707e-06
0.19 0.44 0 2.0883544455631533e-06
0.19 0.45 0 2.125970076511578e-06
0.19 0.46 0 2.1411102239218006e-06
0.19 0.47000000000000003 0 2.0841123986387835e-06
0.19 0.48 0 1.9908180309576872e-06
0.19 0.49 0 1.940956781623202e-06
0.19 0.5 0 1.889482627100244e-06
0.2 0.0 0 2.765947511812174e-06
0.2 0.01 0 2.785644217493324e-06
0.2 0.02 0 2.6022364749054064e-06
0.2 0.03 0 2.4687615266659817e-06
0.2 0.04 0 2.4894319856512033e-06
0.2 0.05 0 2.4913973267240317e-06
0.2 0.06 0 2.40757219545962e-06
0.2 0.07 0 2.384479709091942e-06
0.2 0.08 0 2.4626564169036885e-06
0.2 0.09 0 2.504333462188067e-06
0.2 0.1 0 2.419285650316563e-06
0.2 0.11 0 2.2679931517619374e-06
0.2 0.12 0 2.1538250372788705e-06
0.2 0.13 0 2.1467893404232664e-06
0.2 0.14 0 2.2267834454359293e-06
0.2 0.15 0 2.2839961112699973e-06
0.2 0.16 0 2.2968135214537123e-06
0.2 0.17 0 2.3794800046075443e-06
0.2 0.18 0 2.5093401579527013e-06
0.2 0.19 0 2.482738133689114e-06
0.2 0.2 0 2.3430756491881033e-06
0.2 0.21 0 2.3747439811789985e-06
0.2 0.22 0 2.5857822959079364e-06
0.2 0.23 0 2.6298762953346658e-06
0.2 0.24 0 2.4094194964008547e-06
0.2 0.25 0 2.223038769382031e-06
0.2 0.26 0 2.1306411972004336e-06
0.2 0.27 0 1.95251971974411e-06
0.2 0.28 0 1.7387402476605573e-06
0.2 0.29 0 1.7036549406845495e-06
0.2 0.3 0 1.863631244050562e-06
0.2 0.31 0 2.0310367642067756e-06
0.2 0.32 0 2.0959715053010594e-06
0.2 0.33 0 2.146075890405972e-06
0.2 0.34 0 2.2172582036091065e-06
0.2 0.35000000000000003 0 2.24542111706015e-06
0.2 0.36 0 2.2318242558789334e-06
0.2 0.37 0 2.2320221705913147e-06
0.2 0.38 0 2.2590151006081294e-06
0.2 0.39 0 2.3047476599613683e-06
0.2 0.4 0 2.3460910999884496e-06
0.2 0.41000000000000003 0 2.3329231474128565e-06
0.2 0.42 0 2.2894997867881728e-06
0.2 0.43 0 2.320006160881562e-06
0.2 0.44 0 2.4189412909017533e-06
0.2 0.45 0 2.4368716981936283e-06
0.2 0.46 0 2.332295081642683e-06
0.2 0.47000000000000003 0 2.2198083697192636e-06
0.2 0.48 0 2.117562268148847e-06
0.2 0.49 0 1.9635658619173967e-06
0.2 0.5 0 1.807715413211766e-06
0.21 0.0 0 2.61570474957902e-06
0.21 0.01 0 2.6431167246988634e-06
0.21 0.02 0 2.6833788726097926e-06
0.21 0.03 0 2.705308230337038e-06
0.21 0.04 0 2.729479028625729e-06
0.21 0.05 0 2.7347625727247716e-06
0.21 0.06 0 2.689223205005886e-06
0.21 0.07 0 2.7103523203368067e-06
0.21 0.08 0 2.8659510486576945e-06
0.21 0.09 0 2.9175209141721966e-06
0.21 0.1 0 2.699849048311683e-06
0.21 0.11 0 2.5126464894680876e-06
0.21 0.12 0 2.558282085535436e-06
0.21 0.13 0 2.6078235727758515e-06
0.21 0.14 0 2.4838646741268936e-06
0.21 0.15 0 2.4499802475613045e-06
0.21 0.16 0 2.652019242602152e-06
0.21 0.17 0 2.764022295879292e-06
0.21 0.18 0 2.562120331675562e-06
0.21 0.19 0 2.3800588074089188e-06
0.21 0.2 0 2.408101571765273e-06
0.21 0.21 0 2.4226887053907766e-06
0.21 0.22 0 2.2858641174198075e-06
0.21 0.23 0 2.1903678398236804e-06
0.21 0.24 0 2.213767528623009e-06
0.21 0.25 0 2.2020702012152843e-06
0.21 0.26 0 2.1126495648881654e-06
0.21 0.27 0 2.075543030605615e-06
0.21 0.28 0 2.115656587789557e-06
0.21 0.29 0 2.153539917948508e-06
0.21 0.3 0 2.178616496391941e-06
0.21 0.31 0 2.1974972236505886e-06
0.21 0.32 0 2.1493230658245544e-06
0.21 0.33 0 2.0490735925469507e-06
0.21 0.34 0 1.9984156531850286e-06
0.21 0.35000000000000003 0 1.994385392579335e-06
0.21 0.36 0 1.9545300682674594e-06
0.21 0.37 0 1.9081830108323507e-06
0.21 0.38 0 1.939918030790657e-06
0.21 0.39 0 2.0125286035368278e-06
0.21 0.4 0 2.038250757198117e-06
0.21 0.41000000000000003 0 2.049389200356407e-06
0.21 0.42 0 2.1081237312229954e-06
0.21 0.43 0 2.1603239834134945e-06
0.21 0.44 0 2.12126117316116e-06
0.21 0.45 0 1.9929593893669743e-06
0.21 0.46 0 1.8197172623572184e-06
0.21 0.47000000000000003 0 1.6603490385677105e-06
0.21 0.48 0 1.577103089049098e-06
0.21 0.49 0 1.560801753024388e-06
0.21 0.5 0 1.5441666041016913e-06
0.22 0.0 0 2.955296142053864e-06
0.22 0.01 0 2.9101734449418514e-06
0.22 0.02 0 3.0955693754145875e-06
0.22 0.03 0 3.314826675669488e-06
0.22 0.04 0 3.221415248635405e-06
0.22 0.05 0 3.123898748792576e-06
0.22 0.06 0 3.387727189326734e-06
0.22 0.07 0 3.6729612918058736e-06
0.22 0.08 0 3.4828049631385355e-06
0.22 0.09 0 3.177930973158183e-06
0.22 0.1 0 3.1574240674518775e-06
0.22 0.11 0 3.174536599239909e-06
0.22 0.12 0 2.990256794906523e-06
0.22 0.13 0 2.887756229909268e-06
0.22 0.14 0 3.0239745592019935e-06
0.22 0.15 0 3.0976060428829297e-06
0.22 0.16 0 2.9261626990173235e-06
0.22 0.17 0 2.7472235372239723e-06
0.22 0.18 0 2.648445437752646e-06
0.22 0.19 0 2.5033510601755175e-06
0.22 0.2 0 2.3606137338759287e-06
0.22 0.21 0 2.331398100406491e-06
0.22 0.22 0 2.3052924321010835e-06
0.22 0.23 0 2.172072819656908e-06
0.22 0.24 0 2.071960522154498e-06
0.22 0.25 0 2.099658619899282e-06
0.22 0.26 0 2.1306853536060304e-06
0.22 0.27 0 2.1078972747942554e-06
0.22 0.28 0 2.1696765280615917e-06
0.22 0.29 0 2.3190649615908354e-06
0.22 0.3 0 2.333537351744485e-06
0.22 0.31 0 2.175387362707983e-06
0.22 0.32 0 2.0581947580997113e-06
0.22 0.33 0 2.0461994829979543e-06
0.22 0.34 0 2.0432640232811303e-06
0.22 0.35000000000000003 0 2.0302120007372803e-06
0.22 0.36 0 2.0533810524686604e-06
0.22 0.37 0 2.0764282399871777e-06
0.22 0.38 0 2.0456545006868263e-06
0.22 0.39 0 1.981861500865214e-06
0.22 0.4 0 1.9075354642499347e-06
0.22 0.41000000000000003 0 1.851768429459639e-06
0.22 0.42 0 1.8969698691310403e-06
0.22 0.43 0 2.0457320791346814e-06
0.22 0.44 0 2.1239012317449697e-06
0.22 0.45 0 2.0485986775534707e-06
0.22 0.46 0 1.9957297970537428e-06
0.22 0.47000000000000003 0 2.0257216104615417e-06
0.22 0.48 0 1.958615396887448e-06
0.22 0.49 0 1.7808377234483728e-06
0.22 0.5 0 1.7180621102769077e-06
0.23 0.0 0 3.6404287857438318e-06
0.23 0.01 0 3.879921472875295e-06
0.23 0.02 0 3.6129372367798587e-06
0.23 0.03 0 3.2012748231455025e-06
0.23 0.04 0 3.01644295349233e-06
0.23 0.05 0 2.8573986767308787e-06
0.23 0.06 0 2.583253620098352e-06
0.23 0.07 0 2.405747539914755e-06
0.23 0.08 0 2.3681983568140012e-06
0.23 0.09 0 2.273118336518886e-06
0.23 0.1 0 2.128184736062677e-06
0.23 0.11 0 2.099209248282494e-06
0.23 0.12 0 2.1119668915594557e-06
0.23 0.13 0 2.0003488974988947e-06
0.23 0.14 0 1.8788061986562097e-06
0.23 0.15 0 1.8852943233965379e-06
0.23 0.16 0 1.8915338261820646e-06
0.23 0.17 0 1.7936969703681759e-06
0.23 0.18 0 1.7661370409667846e-06
0.23 0.19 0 1.909656917766632e-06
0.23 0.2 0 2.0347592446468146e-06
0.23 0.21 0 1.99110835254018e-06
0.23 0.22 0 1.936621395047978e-06
0.23 0.23 0 1.958220518474448e-06
0.23 0.24 0 1.9323502475728195e-06
0.23 0.25 0 1.8403791712029151e-06
0.23 0.26 0 1.8119518435752812e-06
0.23 0.27 0 1.8586094290574133e-06
0.23 0.28 0 1.8880993123408251e-06
0.23 0.29 0 1.8855601808204871e-06
0.23 0.3 0 1.8694736896490354e-06
0.23 0.31 0 1.8210688803118909e-06
0.23 0.32 0 1.8017054732035392e-06
0.23 0.33 0 1.898618058885834e-06
0.23 0.34 0 2.0238510368035586e-06
0.23 0.35000000000000003 0 2.0267659641041296e-06
0.23 0.36 0 2.0067313667943304e-06
0.23 0.37 0 2.0860221287027297e-06
0.23 0.38 0 2.0857069878565585e-06
0.23 0.39 0 1.8791118497842598e-06
0.23 0.4 0 1.7339850512634153e-06
0.23 0.41000000000000003 0 1.8165454918674514e-06
0.23 0.42 0 1.922062735849876e-06
0.23 0.43 0 1.8554843667963445e-06
0.23 0.44 0 1.8285523439621517e-06
0.23 0.45 0 2.0115333916298493e-06
0.23 0.46 0 2.1953999825761386e-06
0.23 0.47000000000000003 0 2.1692475465665382e-06
0.23 0.48 0 2.139569885659492e-06
0.23 0.49 0 2.2511241162415337e-06
0.23 0.5 0 2.2875152762129852e-06
0.24 0.0 0 2.054243435104359e-06
0.24 0.01 0 2.0621707957571314e-06
0.24 0.02 0 2.1457534450555313e-06
0.24 0.03 0 2.1213506035695244e-06
0.24 0.04 0 2.0552142886014044e-06
0.24 0.05 0 2.116929257728097e-06
0.24 0.06 0 2.1726203459693447e-06
0.24 0.07 0 2.029480720237685e-06
0.24 0.08 0 1.8798297270568454e-06
0.24 0.09 0 1.923841704519283e-06
0.24 0.1 0 2.027315915844033e-06
0.24 0.11 0 2.004541072995312e-06
0.24 0.12 0 1.9645607534670934e-06
0.24 0.13 0 2.003772259092022e-06
0.24 0.14 0 1.9717973362702835e-06
0.24 0.15 0 1.8045629501905251e-06
0.24 0.16 0 1.6719220076285407e-06
0.24 0.17 0 1.6528660969298253e-06
0.24 0.18 0 1.6827508907810753e-06
0.24 0.19 0 1.7265901391942353e-06
0.24 0.2 0 1.76796034155857e-06
0.24 0.21 0 1.7276718546367892e-06
0.24 0.22 0 1.61819860459559e-06
0.24 0.23 0 1.5641567276630117e-06
0.24 0.24 0 1.5680858969612244e-06
0.24 0.25 0 1.5419195865822785e-06
0.24 0.26 0 1.5574794928792639e-06
0.24 0.27 0 1.7420176166143824e-06
0.24 0.28 0 1.948635343167245e-06
0.24 0.29 0 1.8881467138405029e-06
0.24 0.3 0 1.7155167002045362e-06
0.24 0.31 0 1.6947620763731408e-06
0.24 0.32 0 1.69909998943819e-06
0.24 0.33 0 1.5359227571613581e-06
0.24 0.34 0 1.392366554042353e-06
0.24 0.35000000000000003 0 1.445689645531902e-06
0.24 0.36 0 1.5472344274179994e-06
0.24 0.37 0 1.5039861927159233e-06
0.24 0.38 0 1.472742262682898e-06
0.24 0.39 0 1.6332711268702145e-06
0.24 0.4 0 1.8686291109925425e-06
0.24 0.41000000000000003 0 1.98551146665892e-06
0.24 0.42 0 2.0777637696200713e-06
0.24 0.43 0 2.2463845019953702e-06
0.24 0.44 0 2.335085879319585e-06
0.24 0.45 0 2.2667490690724927e-06
0.24 0.46 0 2.196003354564862e-06
0.24 0.47000000000000003 0 2.162561822437157e-06
0.24 0.48 0 2.0884580778134573e-06
0.24 0.49 0 2.0124022627091893e-06
0.24 0.5 0 1.9824824758845228e-06
0.25 0.0 0 1.5221100720847161e-06
0.25 0.01 0 1.4801037027122195e-06
0.25 0.02 0 1.4189196223867903e-06
0.25 0.03 0 1.4563757092841696e-06
0.25 0.04 0 1.5213880909817857e-06
0.25 0.05 0 1.4852752952041975e-06
0.25 0.06 0 1.3869712337069449e-06
0.25 0.07 0 1.3078578158259844e-06
0.25 0.08 0 1.2437613088993481e-06
0.25 0.09 0 1.1944190265371482e-06
0.25 0.1 0 1.178759287033988e-06
0.25 0.11 0 1.1739798542113405e-06
0.25 0.12 0 1.169725868473533e-06
0.25 0.13 0 1.207161082179456e-06
0.25 0.14 0 1.2653836461172018e-06
0.25 0.15 0 1.2548834924154113e-06
0.25 0.16 0 1.2226482448183647e-06
0.25 0.17 0 1.3026911091520389e-06
0.25 0.18 0 1.4434942601957673e-06
0.25 0.19 0 1.438683715639042e-06
0.25 0.2 0 1.339186178808142e-06
0.25 0.21 0 1.3467161624074363e-06
0.25 0.22 0 1.3995529387328843e-06
0.25 0.23 0 1.3129315314520489e-06
0.25 0.24 0 1.2015860151669306e-06
0.25 0.25 0 1.2553423249811988e-06
0.25 0.26 0 1.3865910857510088e-06
0.25 0.27 0 1.3766334365946119e-06
0.25 0.28 0 1.299897764590652e-06
0.25 0.29 0 1.3278707129938723e-06
0.25 0.3 0 1.380203979578546e-06
0.25 0.31 0 1.3223520204345987e-06
0.25 0.32 0 1.2542465096854996e-06
0.25 0.33 0 1.2755643669255832e-06
0.25 0.34 0 1.3052357951018637e-06
0.25 0.35000000000000003 0 1.2864218730502866e-06
0.25 0.36 0 1.3061365270263822e-06
0.25 0.37 0 1.3932943985712937e-06
0.25 0.38 0 1.4727248568436711e-06
0.25 0.39 0 1.5504170917987168e-06
0.25 0.4 0 1.6813573073048537e-06
0.25 0.41000000000000003 0 1.7708319804983309e-06
0.25 0.42 0 1.7310425964505686e-06
0.25 0.43 0 1.7078615318649715e-06
0.25 0.44 0 1.806168638317814e-06
0.25 0.45 0 1.9069951044568995e-06
0.25 0.46 0 1.9422049734976983e-06
0.25 0.47000000000000003 0 2.0537922141666957e-06
0.25 0.48 0 2.2481973724168077e-06
0.25 0.49 0 2.286001234059028e-06
0.25 0.5 0 2.144289847335049e-06
0.26 0.0 0 1.7917124463515676e-06
0.26 0.01 0 1.7897023749540119e-06
0.26 0.02 0 1.8007413995713408e-06
0.26 0.03 0 1.849600822329924e-06
0.26 0.04 0 1.8690340249874854e-06
0.26 0.05 0 1.7440388702474498e-06
0.26 0.06 0 1.5591063540698582e-06
0.26 0.07 0 1.5018121202815079e-06
0.26 0.08 0 1.564763416224038e-06
0.26 0.09 0 1.5805681403204828e-06
0.26 0.1 0 1.5490780664181429e-06
0.26 0.11 0 1.631360500723923e-06
0.26 0.12 0 1.7671019915863748e-06
0.26 0.13 0 1.693937081570661e-06
0.26 0.14 0 1.4826030772518784e-06
0.26 0.15 0 1.4012005215186024e-06
0.26 0.16 0 1.4240831685799423e-06
0.26 0.17 0 1.3547832307660393e-06
0.26 0.18 0 1.2224833574385895e-06
0.26 0.19 0 1.174597463819871e-06
0.26 0.2 0 1.1653061906513811e-06
0.26 0.21 0 1.0828188029785501e-06
0.26 0.22 0 9.924354212058011e-07
0.26 0.23 0 9.879647099778336e-07
0.26 0.24 0 1.0249163316615736e-06
0.26 0.25 0 1.0333739274804541e-06
0.26 0.26 0 1.041779616125514e-06
0.26 0.27 0 1.0651235540523166e-06
0.26 0.28 0 1.0500229990456424e-06
0.26 0.29 0 1.016277002769677e-06
0.26 0.3 0 1.0387508389633722e-06
0.26 0.31 0 1.0911700199413395e-06
0.26 0.32 0 1.0969217653610475e-06
0.26 0.33 0 1.0964543524149121e-06
0.26 0.34 0 1.1488906683308097e-06
0.26 0.35000000000000003 0 1.1793586164292533e-06
0.26 0.36 0 1.1312319685692394e-06
0.26 0.37 0 1.1127803599920562e-06
0.26 0.38 0 1.1887192334458518e-06
0.26 0.39 0 1.2610782421110303e-06
0.26 0.4 0 1.2584063682718217e-06
0.26 0.41000000000000003 0 1.2657519028258131e-06
0.26 0.42 0 1.3218180706882582e-06
0.26 0.43 0 1.3629335665730838e-06
0.26 0.44 0 1.4059018987786302e-06
0.26 0.45 0 1.538400971122198e-06
0.26 0.46 0 1.7391242132010971e-06
0.26 0.47000000000000003 0 1.9241362224377164e-06
0.26 0.48 0 2.114388246964626e-06
0.26 0.49 0 2.289246644110785e-06
0.26 0.5 0 2.29222562119073e-06
0.27 0.0 0 1.7209650159443271e-06
0.27 0.01 0 1.6646997340576105e-06
0.27 0.02 0 1.7571105726147307e-06
0.27 0.03 0 1.8033176738420331e-06
0.27 0.04 0 1.7384266815315325e-06
0.27 0.05 0 1.745287883892961e-06
0.27 0.06 0 1.8692296099921015e-06
0.27 0.07 0 1.916353664326509e-06
0.27 0.08 0 1.8336324485070207e-06
0.27 0.09 0 1.8055756588660206e-06
0.27 0.1 0 1.8530945811624177e-06
0.27 0.11 0 1.8052735325548314e-06
0.27 0.12 0 1.6598539235578796e-06
0.27 0.13 0 1.5687517776984388e-06
0.27 0.14 0 1.5395469439842313e-06
0.27 0.15 0 1.4936439484061764e-06
0.27 0.16 0 1.4504040693000502e-06
0.27 0.17 0 1.4439692334140076e-06
0.27 0.18 0 1.4162663504178306e-06
0.27 0.19 0 1.34952157901696e-06
0.27 0.2 0 1.317139800123337e-06
0.27 0.21 0 1.3189027265667516e-06
0.27 0.22 0 1.2781085298663428e-06
0.27 0.23 0 1.2144420588817664e-06
0.27 0.24 0 1.195885041605331e-06
0.27 0.25 0 1.1723431972259027e-06
0.27 0.26 0 1.072714981707247e-06
0.27 0.27 0 9.742289091390922e-07
0.27 0.28 0 9.630176809318238e-07
0.27 0.29 0 1.0030415782897145e-06
0.27 0.3 0 1.029599541611284e-06
0.27 0.31 0 1.0654830491189385e-06
0.27 0.32 0 1.136797186346615e-06
0.27 0.33 0 1.18658376160904e-06
0.27 0.34 0 1.1836833563890064e-06
0.27 0.35000000000000003 0 1.1823153758213832e-06
0.27 0.36 0 1.2075339961259281e-06
0.27 0.37 0 1.249500028661197e-06
0.27 0.38 0 1.3366194480720722e-06
0.27 0.39 0 1.4628167398031325e-06
0.27 0.4 0 1.5277949616016749e-06
0.27 0.41000000000000003 0 1.5307465968414894e-06
0.27 0.42 0 1.6137270028506212e-06
0.27 0.43 0 1.7694157628755061e-06
0.27 0.44 0 1.8109464409865945e-06
0.27 0.45 0 1.7776653337315458e-06
0.27 0.46 0 1.8916348546602535e-06
0.27 0.47000000000000003 0 2.0726130043816053e-06
0.27 0.48 0 2.0180693560357855e-06
0.27 0.49 0 1.8646232456584868e-06
0.27 0.5 0 1.9505692724554203e-06
0.28 0.0 0 2.1363652260034778e-06
0.28 0.01 0 2.1789405109444263e-06
0.28 0.02 0 2.1081199049375515e-06
0.28 0.03 0 2.0319088786490964e-06
0.28 0.04 0 2.046158008262969e-06
0.28 0.05 0 2.0821807249346955e-06
0.28 0.06 0 2.0984777961289805e-06
0.28 0.07 0 2.149558047081173e-06
0.28 0.08 0 2.2012478952793015e-06
0.28 0.09 0 2.1494138861442123e-06
0.28 0.1 0 2.024580546328644e-06
0.28 0.11 0 1.9062149466534752e-06
0.28 0.12 0 1.779836246781447e-06
0.28 0.13 0 1.6675005123192167e-06
0.28 0.14 0 1.6698925139243503e-06
0.28 0.15 0 1.7852562752634575e-06
0.28 0.16 0 1.8551300274317134e-06
0.28 0.17 0 1.8021126631139134e-06
0.28 0.18 0 1.733980856721852e-06
0.28 0.19 0 1.690807257057538e-06
0.28 0.2 0 1.6096380922646274e-06
0.28 0.21 0 1.5207652990388622e-06
0.28 0.22 0 1.5196455034237583e-06
0.28 0.23 0 1.5979340321510975e-06
0.28 0.24 0 1.6526002837577535e-06
0.28 0.25 0 1.626633959275758e-06
0.28 0.26 0 1.5468426703505718e-06
0.28 0.27 0 1.4598548019566088e-06
0.28 0.28 0 1.4083003033682385e-06
0.28 0.29 0 1.3924740789162925e-06
0.28 0.3 0 1.3628613693495354e-06
0.28 0.31 0 1.3224711220323252e-06
0.28 0.32 0 1.3382515256156479e-06
0.28 0.33 0 1.3853116163487208e-06
0.28 0.34 0 1.345899711670476e-06
0.28 0.35000000000000003 0 1.2596034359043043e-06
0.28 0.36 0 1.2896881832020243e-06
0.28 0.37 0 1.4296042000147153e-06
0.28 0.38 0 1.4851500852978277e-06
0.28 0.39 0 1.4410462518930529e-06
0.28 0.4 0 1.4973584764983211e-06
0.28 0.41000000000000003 0 1.6481566157897445e-06
0.28 0.42 0 1.6610126102755378e-06
0.28 0.43 0 1.5537891662737584e-06
0.28 0.44 0 1.5626736837113106e-06
0.28 0.45 0 1.6708993311007973e-06
0.28 0.46 0 1.6624729478920072e-06
0.28 0.47000000000000003 0 1.56641475958988e-06
0.28 0.48 0 1.5854452303425906e-06
0.28 0.49 0 1.7183569754403983e-06
0.28 0.5 0 1.8261352053475386e-06
0.29 0.0 0 1.8193272367341883e-06
0.29 0.01 0 1.8779726715159434e-06
0.29 0.02 0 1.9657379698177773e-06
0.29 0.03 0 1.993220833542276e-06
0.29 0.04 0 2.019706650832277e-06
0.29 0.05 0 2.175599979966463e-06
0.29 0.06 0 2.38446141779477e-06
0.29 0.07 0 2.456315947090716e-06
0.29 0.08 0 2.4490287785921025e-06
0.29 0.09 0 2.501147644671412e-06
0.29 0.1 0 2.4973404396276633e-06
0.29 0.11 0 2.321203985149934e-06
0.29 0.12 0 2.157660533337498e-06
0.29 0.13 0 2.1695546125048664e-06
0.29 0.14 0 2.2542189629926933e-06
0.29 0.15 0 2.235506919056979e-06
0.29 0.16 0 2.133707117244111e-06
0.29 0.17 0 2.055999667338966e-06
0.29 0.18 0 2.0060710484968176e-06
0.29 0.19 0 1.9388069604162746e-06
0.29 0.2 0 1.8657677445353082e-06
0.29 0.21 0 1.8572457914471605e-06
0.29 0.22 0 1.9723357086482624e-06
0.29 0.23 0 2.164338685153819e-06
0.29 0.24 0 2.2749664975840616e-06
0.29 0.25 0 2.2759061295286385e-06
0.29 0.26 0 2.349727071629334e-06
0.29 0.27 0 2.5401695789913053e-06
0.29 0.28 0 2.60154194980146e-06
0.29 0.29 0 2.444742996167988e-06
0.29 0.3 0 2.338356376225693e-06
0.29 0.31 0 2.3627580804218614e-06
0.29 0.32 0 2.275778270043733e-06
0.29 0.33 0 2.040750513272262e-06
0.29 0.34 0 1.937288644896391e-06
0.29 0.35000000000000003 0 2.0394861218713026e-06
0.29 0.36 0 2.1192895687888317e-06
0.29 0.37 0 2.057537283807414e-06
0.29 0.38 0 2.0372727791857276e-06
0.29 0.39 0 2.139702535948666e-06
0.29 0.4 0 2.2290905977886314e-06
0.29 0.41000000000000003 0 2.2612065252623366e-06
0.29 0.42 0 2.352911924664554e-06
0.29 0.43 0 2.4969284733847626e-06
0.29 0.44 0 2.546114606584218e-06
0.29 0.45 0 2.4590592758468988e-06
0.29 0.46 0 2.292695351339818e-06
0.29 0.47000000000000003 0 2.0892866416642227e-06
0.29 0.48 0 1.939213709255176e-06
0.29 0.49 0 1.9209554447895673e-06
0.29 0.5 0 1.969975446487777e-06
0.3 0.0 0 2.3385758625924727e-06
0.3 0.01 0 2.3411720548668296e-06
0.3 0.02 0 2.1873817128707e-06
0.3 0.03 0 2.194427865927205e-06
0.3 0.04 0 2.3585371820657085e-06
0.3 0.05 0 2.448626913853086e-06
0.3 0.06 0 2.4623030885954755e-06
0.3 0.07 0 2.5592963271876213e-06
0.3 0.08 0 2.64823520212728e-06
0.3 0.09 0 2.5069961272863902e-06
0.3 0.1 0 2.2045101051704852e-06
0.3 0.11 0 1.961690722799669e-06
0.3 0.12 0 1.8474933633327392e-06
0.3 0.13 0 1.814961456473934e-06
0.3 0.14 0 1.794923918530234e-06
0.3 0.15 0 1.7554813529297638e-06
0.3 0.16 0 1.7423981247414238e-06
0.3 0.17 0 1.797400625055212e-06
0.3 0.18 0 1.8499191845243883e-06
0.3 0.19 0 1.83184160654517e-06
0.3 0.2 0 1.8579163051734817e-06
0.3 0.21 0 2.04470597804117e-06
0.3 0.22 0 2.2479460459395266e-06
0.3 0.23 0 2.2399938731858245e-06
0.3 0.24 0 2.1537302647374247e-06
0.3 0.25 0 2.2073518226904244e-06
0.3 0.26 0 2.299049320104666e-06
0.3 0.27 0 2.2491714241013476e-06
0.3 0.28 0 2.19308692031455e-06
0.3 0.29 0 2.2977520595883394e-06
0.3 0.3 0 2.4302059074852186e-06
0.3 0.31 0 2.402923914244678e-06
0.3 0.32 0 2.328067453822566e-06
0.3 0.33 0 2.353543552656486e-06
0.3 0.34 0 2.408043118200467e-06
0.3 0.35000000000000003 0 2.3962748942568755e-06
0.3 0.36 0 2.360101735618721e-06
0.3 0.37 0 2.3308019983688215e-06
0.3 0.38 0 2.2917184178830228e-06
0.3 0.39 0 2.2936052388669163e-06
0.3 0.4 0 2.3929806302491345e-06
0.3 0.41000000000000003 0 2.554695688588712e-06
0.3 0.42 0 2.7532165333283603e-06
0.3 0.43 0 3.0316890459468173e-06
0.3 0.44 0 3.31067914794423e-06
0.3 0.45 0 3.3754032544621984e-06
0.3 0.46 0 3.2475826883135376e-06
0.3 0.47000000000000003 0 3.1535022375305864e-06
0.3 0.48 0 3.1307044868172376e-06
0.3 0.49 0 3.07061528523046e-06
0.3 0.5 0 2.9824405769689627e-06
#STOP
