#MEDIUM_PROPERTIES_DISTRIBUTED
$MSH_TYPE
	 GROUNDWATER_FLOW	
$MMP_TYPE
	 PERMEABILITY	
$DIS_TYPE
	 NEAREST_VALUE	
;hj
$CONVERSION_FACTOR
	 1.0	
$DATA
0.0 0.0 0 0.00016621414003345066
0.0 0.01 0 0.0004378840664990279
0.0 0.02 0 0.0007593482566250021
0.0 0.03 0 0.0006848597037796954
0.0 0.04 0 0.0009701254487875448
0.0 0.05 0 0.00104894036443516
0.0 0.06 0 0.000859499395125337
0.0 0.07 0 0.00043082878174939874
0.0 0.08 0 0.0001981886877071137
0.0 0.09 0 0.00032989229774621606
0.0 0.1 0 0.0003924996796078536
0.0 0.11 0 0.0005153614730148262
0.0 0.12 0 0.0013061029925406516
0.0 0.13 0 0.0019845198970198687
0.0 0.14 0 0.002506412856283235
0.0 0.15 0 0.0009318681145390733
0.0 0.16 0 0.00054251836365453
0.0 0.17 0 0.0010255364262165476
0.0 0.18 0 0.0007161888612635873
0.0 0.19 0 0.0006293783295763341
0.0 0.2 0 0.00038606753216520484
0.0 0.21 0 0.00024886908684854466
0.0 0.22 0 0.00031815527196241286
0.0 0.23 0 0.00015147949248228763
0.0 0.24 0 0.00021070101480858927
0.0 0.25 0 0.0003388161915484777
0.0 0.26 0 0.0002517106663024121
0.0 0.27 0 0.0002931133521738588
0.0 0.28 0 0.00017188146974891246
0.0 0.29 0 0.00040859149565729475
0.0 0.3 0 0.0013256734431710765
0.0 0.31 0 0.001379142770664651
0.0 0.32 0 0.003485367461985964
0.0 0.33 0 0.0043229033724959945
0.0 0.34 0 0.0068049339196588525
0.0 0.35000000000000003 0 0.010253414399859075
0.0 0.36 0 0.005663241898273145
0.0 0.37 0 0.010033369709229124
0.0 0.38 0 0.007605227646628161
0.0 0.39 0 0.0056638836177060874
0.0 0.4 0 0.008425114043622365
0.0 0.41000000000000003 0 0.005077406803654656
0.0 0.42 0 0.0075345297214235085
0.0 0.43 0 0.004619515282111064
0.0 0.44 0 0.0015033083733865765
0.0 0.45 0 0.0010308604716995464
0.0 0.46 0 0.000475992287219924
0.0 0.47000000000000003 0 0.000969219750482205
0.0 0.48 0 0.0015149108663771642
0.0 0.49 0 0.001047459713874703
0.0 0.5 0 0.0013941401634753922
0.01 0.0 0 3.9261522077427516e-05
0.01 0.01 0 1.8965086254557576e-05
0.01 0.02 0 1.849096750787412e-05
0.01 0.03 0 2.5321166542297928e-05
0.01 0.04 0 3.630040739091713e-05
0.01 0.05 0 4.3208167676585585e-05
0.01 0.06 0 5.16290669767642e-05
0.01 0.07 0 0.00011294873483540576
0.01 0.08 0 0.00014727382135868488
0.01 0.09 0 8.634011353687702e-05
0.01 0.1 0 4.610543608641324e-05
0.01 0.11 0 4.576443749246516e-05
0.01 0.12 0 9.423175274726602e-05
0.01 0.13 0 0.00018154363924851411
0.01 0.14 0 0.00022446487439612239
0.01 0.15 0 0.0001583862940934704
0.01 0.16 0 7.194414866445068e-05
0.01 0.17 0 2.3593731023075236e-05
0.01 0.18 0 1.4857752988771364e-05
0.01 0.19 0 3.6293847978684103e-05
0.01 0.2 0 0.00014691065277096265
0.01 0.21 0 0.0006647331380741457
0.01 0.22 0 0.0013354181821847544
0.01 0.23 0 0.0012383922193137387
0.01 0.24 0 0.0010637652794374668
0.01 0.25 0 0.0006332752227395824
0.01 0.26 0 0.0006344080784927428
0.01 0.27 0 0.0005621680635034077
0.01 0.28 0 0.0004790324759264371
0.01 0.29 0 0.0010428255640885398
0.01 0.3 0 0.0013829387524568883
0.01 0.31 0 0.0018484428916517098
0.01 0.32 0 0.0017664209230130476
0.01 0.33 0 0.0009296247835093613
0.01 0.34 0 0.0008120713458979814
0.01 0.35000000000000003 0 0.0003686522632331408
0.01 0.36 0 0.00038911259466521816
0.01 0.37 0 0.000846848959729001
0.01 0.38 0 0.000735104872324619
0.01 0.39 0 0.0006590758805121197
0.01 0.4 0 0.00020089340380650825
0.01 0.41000000000000003 0 0.00010721701406137026
0.01 0.42 0 0.00017538053431690766
0.01 0.43 0 0.0001531576697216629
0.01 0.44 0 0.000315811696005555
0.01 0.45 0 0.00034786935223748684
0.01 0.46 0 0.0002289978890724515
0.01 0.47000000000000003 0 0.00015839467599650767
0.01 0.48 0 4.34929008699025e-05
0.01 0.49 0 7.731747551331785e-05
0.01 0.5 0 0.00019397960787400517
0.02 0.0 0 7.704686657158863e-06
0.02 0.01 0 1.4788595406283276e-05
0.02 0.02 0 2.4001028809025386e-05
0.02 0.03 0 1.8175368143952204e-05
0.02 0.04 0 2.9706559361260672e-05
0.02 0.05 0 1.3915232042719991e-05
0.02 0.06 0 7.1702728238921425e-06
0.02 0.07 0 1.0809377225986182e-05
0.02 0.08 0 1.85233487086144e-05
0.02 0.09 0 5.705212984252264e-05
0.02 0.1 0 4.752203187039122e-05
0.02 0.11 0 3.4820064283043714e-05
0.02 0.12 0 4.308053506918663e-05
0.02 0.13 0 1.8928331283890967e-05
0.02 0.14 0 1.4588922599939171e-05
0.02 0.15 0 1.916817946204878e-05
0.02 0.16 0 4.047012264464206e-05
0.02 0.17 0 7.58430762249731e-05
0.02 0.18 0 4.020162187920903e-05
0.02 0.19 0 4.1141338285471146e-05
0.02 0.2 0 6.287091427582353e-05
0.02 0.21 0 6.383237570164015e-05
0.02 0.22 0 5.673603261415965e-05
0.02 0.23 0 3.7945935731741166e-05
0.02 0.24 0 4.834243979969718e-05
0.02 0.25 0 5.621172115714076e-05
0.02 0.26 0 3.469507524423292e-05
0.02 0.27 0 2.777944949070478e-05
0.02 0.28 0 2.7625494168589415e-05
0.02 0.29 0 2.686829241416243e-05
0.02 0.3 0 1.9170147492152356e-05
0.02 0.31 0 2.064137004720034e-05
0.02 0.32 0 5.966184772717183e-05
0.02 0.33 0 0.0001743591486371952
0.02 0.34 0 0.00020101811713780753
0.02 0.35000000000000003 0 0.00010285655139474135
0.02 0.36 0 5.086823245604576e-05
0.02 0.37 0 2.448006311093315e-05
0.02 0.38 0 1.6978866301393274e-05
0.02 0.39 0 2.135201195599098e-05
0.02 0.4 0 3.2867839133669874e-05
0.02 0.41000000000000003 0 6.421602883620593e-05
0.02 0.42 0 6.626371527887569e-05
0.02 0.43 0 5.035202020546511e-05
0.02 0.44 0 4.11256441568953e-05
0.02 0.45 0 2.703696485387934e-05
0.02 0.46 0 3.218129767619873e-05
0.02 0.47000000000000003 0 2.634415502436504e-05
0.02 0.48 0 2.3026023871510985e-05
0.02 0.49 0 4.319088557462452e-05
0.02 0.5 0 5.5979360855194915e-05
0.03 0.0 0 3.016747918400516e-07
0.03 0.01 0 2.8761777890494646e-07
0.03 0.02 0 2.8426362517563477e-07
0.03 0.03 0 7.982124776241138e-07
0.03 0.04 0 2.1272990338639424e-06
0.03 0.05 0 3.124005495797942e-06
0.03 0.06 0 1.25988474697519e-05
0.03 0.07 0 9.486480906281376e-06
0.03 0.08 0 4.699275564098867e-06
0.03 0.09 0 3.190036916357104e-06
0.03 0.1 0 1.5789346011315009e-06
0.03 0.11 0 2.798137649541552e-06
0.03 0.12 0 1.7659949187584963e-06
0.03 0.13 0 1.3661030857687982e-06
0.03 0.14 0 3.0880517355250203e-06
0.03 0.15 0 3.0074744832885306e-06
0.03 0.16 0 5.2518842662888695e-06
0.03 0.17 0 4.23930846779931e-06
0.03 0.18 0 3.4635074941009285e-06
0.03 0.19 0 6.3689047141698725e-06
0.03 0.2 0 4.486156922679155e-06
0.03 0.21 0 9.006977926916154e-06
0.03 0.22 0 1.4651209570461605e-05
0.03 0.23 0 1.0539494542029946e-05
0.03 0.24 0 9.993746964576685e-06
0.03 0.25 0 3.595942826690915e-06
0.03 0.26 0 3.404157234371748e-06
0.03 0.27 0 5.825027431870088e-06
0.03 0.28 0 9.414357997293783e-06
0.03 0.29 0 2.748985887053657e-05
0.03 0.3 0 2.107601896832049e-05
0.03 0.31 0 1.7712691052876133e-05
0.03 0.32 0 2.4349014456189596e-05
0.03 0.33 0 2.8400459213316847e-05
0.03 0.34 0 7.687174943805334e-05
0.03 0.35000000000000003 0 0.00012913469158751565
0.03 0.36 0 0.0001940000292291323
0.03 0.37 0 0.00020874491149054834
0.03 0.38 0 7.739901340892677e-05
0.03 0.39 0 4.775883079772794e-05
0.03 0.4 0 3.706068926764866e-05
0.03 0.41000000000000003 0 3.9418017924686604e-05
0.03 0.42 0 4.373627093775536e-05
0.03 0.43 0 2.544904822172123e-05
0.03 0.44 0 2.3535083988121742e-05
0.03 0.45 0 2.1530711097112257e-05
0.03 0.46 0 1.2579683354244125e-05
0.03 0.47000000000000003 0 7.685297315130623e-06
0.03 0.48 0 7.477378411780768e-06
0.03 0.49 0 1.636641022280595e-05
0.03 0.5 0 3.710137835350709e-05
0.04 0.0 0 7.828334620851322e-07
0.04 0.01 0 1.137118842303134e-06
0.04 0.02 0 1.963202768409208e-06
0.04 0.03 0 9.13207005239105e-06
0.04 0.04 0 1.7885048760943904e-05
0.04 0.05 0 3.367212935892997e-05
0.04 0.06 0 4.846338058941531e-05
0.04 0.07 0 3.177425915927021e-05
0.04 0.08 0 1.9799933699682842e-05
0.04 0.09 0 3.7670463621347574e-06
0.04 0.1 0 2.4061665255431048e-06
0.04 0.11 0 5.250776522397646e-06
0.04 0.12 0 4.841767298253608e-06
0.04 0.13 0 6.054154210246193e-06
0.04 0.14 0 4.572535489995943e-06
0.04 0.15 0 6.6435936387050755e-06
0.04 0.16 0 1.1464265800801092e-05
0.04 0.17 0 5.2052069248883324e-06
0.04 0.18 0 7.651137763785805e-06
0.04 0.19 0 7.644526670806308e-06
0.04 0.2 0 4.579490972863578e-06
0.04 0.21 0 4.140262449064604e-06
0.04 0.22 0 2.7879977157167403e-06
0.04 0.23 0 1.2279378628571428e-05
0.04 0.24 0 3.093135948893979e-05
0.04 0.25 0 1.9309779792125065e-05
0.04 0.26 0 1.8930541285186137e-05
0.04 0.27 0 1.0735541530396532e-05
0.04 0.28 0 2.07574285306815e-05
0.04 0.29 0 3.652715391471373e-05
0.04 0.3 0 4.0747901952771234e-05
0.04 0.31 0 0.00012701155235431374
0.04 0.32 0 6.310043897797524e-05
0.04 0.33 0 1.9876884232722616e-05
0.04 0.34 0 8.615849310078449e-06
0.04 0.35000000000000003 0 4.617184795467608e-06
0.04 0.36 0 1.1689582752266962e-05
0.04 0.37 0 1.159468793029515e-05
0.04 0.38 0 1.5440534694136228e-05
0.04 0.39 0 3.749916966995607e-05
0.04 0.4 0 3.625819183219554e-05
0.04 0.41000000000000003 0 6.652807427608329e-05
0.04 0.42 0 4.663069589300757e-05
0.04 0.43 0 2.6199203217785364e-05
0.04 0.44 0 2.406756355121592e-05
0.04 0.45 0 9.994882303793958e-06
0.04 0.46 0 1.1860615084352717e-05
0.04 0.47000000000000003 0 1.3597718729507322e-05
0.04 0.48 0 1.2849427096290126e-05
0.04 0.49 0 1.3056689974430223e-05
0.04 0.5 0 3.130013445717895e-06
0.05 0.0 0 1.3821134801424883e-07
0.05 0.01 0 3.7209017982438975e-07
0.05 0.02 0 9.945425407641598e-07
0.05 0.03 0 1.8349559285512806e-06
0.05 0.04 0 3.9197289420661856e-06
0.05 0.05 0 1.0324169531873137e-05
0.05 0.06 0 1.2664494185105382e-05
0.05 0.07 0 6.2142502502473706e-06
0.05 0.08 0 2.7353658709548634e-06
0.05 0.09 0 2.0732936281001264e-06
0.05 0.1 0 3.0702164344723877e-06
0.05 0.11 0 3.877441778698243e-06
0.05 0.12 0 6.690384208887431e-06
0.05 0.13 0 1.2574156931431119e-05
0.05 0.14 0 7.634563216229405e-06
0.05 0.15 0 2.0827709968210833e-06
0.05 0.16 0 3.6975174533054684e-07
0.05 0.17 0 2.3671656159846643e-07
0.05 0.18 0 5.477890889494305e-07
0.05 0.19 0 1.0624631795375764e-06
0.05 0.2 0 3.1802038387504113e-06
0.05 0.21 0 4.343237472916498e-06
0.05 0.22 0 3.206366687991516e-06
0.05 0.23 0 2.860846438628511e-06
0.05 0.24 0 2.177270154096204e-06
0.05 0.25 0 6.566872199289995e-06
0.05 0.26 0 2.0404475788574083e-05
0.05 0.27 0 4.5718990972880284e-05
0.05 0.28 0 0.00011613076417571078
0.05 0.29 0 7.020391468082868e-05
0.05 0.3 0 6.107506855047275e-05
0.05 0.31 0 4.444409184613788e-05
0.05 0.32 0 1.7327761157374538e-05
0.05 0.33 0 1.1903917902294814e-05
0.05 0.34 0 3.7225969122708913e-06
0.05 0.35000000000000003 0 3.4588179901966574e-06
0.05 0.36 0 5.599460124979986e-06
0.05 0.37 0 4.7036753059082904e-06
0.05 0.38 0 7.889590119818368e-06
0.05 0.39 0 4.22252426069814e-06
0.05 0.4 0 2.8151840463319777e-06
0.05 0.41000000000000003 0 2.4823735513375266e-06
0.05 0.42 0 1.0474937589871188e-06
0.05 0.43 0 1.9823191970299533e-06
0.05 0.44 0 2.068153213773572e-06
0.05 0.45 0 1.3184742222763604e-06
0.05 0.46 0 9.486707524789327e-07
0.05 0.47000000000000003 0 4.05077514419835e-07
0.05 0.48 0 1.1632339969056546e-06
0.05 0.49 0 2.8127174429487452e-06
0.05 0.5 0 5.466347038341106e-06
0.06 0.0 0 5.062117763588292e-07
0.06 0.01 0 1.0050576664380993e-06
0.06 0.02 0 1.6829075172072449e-06
0.06 0.03 0 3.1547596573440774e-06
0.06 0.04 0 1.3996397100992023e-06
0.06 0.05 0 8.69644956027313e-07
0.06 0.06 0 1.1081958277535394e-06
0.06 0.07 0 1.1487044133715547e-06
0.06 0.08 0 2.2135567311962848e-06
0.06 0.09 0 4.145413186196754e-06
0.06 0.1 0 1.076835353177426e-05
0.06 0.11 0 1.6477739169470174e-05
0.06 0.12 0 8.369676103501356e-06
0.06 0.13 0 9.512978324219569e-06
0.06 0.14 0 1.493805761767843e-05
0.06 0.15 0 1.5204824805408174e-05
0.06 0.16 0 1.014901890833114e-05
0.06 0.17 0 7.575892470362916e-06
0.06 0.18 0 1.4792910357879819e-05
0.06 0.19 0 2.7020726302917696e-05
0.06 0.2 0 3.162378945408828e-05
0.06 0.21 0 3.750670323639646e-05
0.06 0.22 0 4.056095718089951e-05
0.06 0.23 0 2.7751490509206023e-05
0.06 0.24 0 1.2186786178542873e-05
0.06 0.25 0 9.26992381891446e-06
0.06 0.26 0 1.4555675942503627e-05
0.06 0.27 0 1.8466681801742982e-05
0.06 0.28 0 7.411583818738507e-06
0.06 0.29 0 2.214640003333117e-06
0.06 0.3 0 1.6340909080885274e-06
0.06 0.31 0 1.3550503283487798e-06
0.06 0.32 0 1.2015336652284737e-06
0.06 0.33 0 1.1748822003831301e-06
0.06 0.34 0 1.2948427249521485e-06
0.06 0.35000000000000003 0 1.3457964284411289e-06
0.06 0.36 0 5.121928152242948e-07
0.06 0.37 0 3.6344610580499046e-07
0.06 0.38 0 5.774982605920187e-07
0.06 0.39 0 7.234672543776582e-07
0.06 0.4 0 9.045545975696925e-07
0.06 0.41000000000000003 0 4.5083187814347743e-07
0.06 0.42 0 3.3567059831563406e-07
0.06 0.43 0 3.929548465801498e-07
0.06 0.44 0 2.730251416704374e-07
0.06 0.45 0 3.80658746004643e-07
0.06 0.46 0 3.45413097383544e-07
0.06 0.47000000000000003 0 4.0069659741619035e-07
0.06 0.48 0 6.343425805719874e-07
0.06 0.49 0 4.493152681489905e-07
0.06 0.5 0 9.684699527640555e-07
0.07 0.0 0 6.682038020216268e-07
0.07 0.01 0 4.851179857701824e-07
0.07 0.02 0 5.97635911439368e-07
0.07 0.03 0 1.0733481617756362e-06
0.07 0.04 0 2.0000420246958336e-06
0.07 0.05 0 7.042035081247929e-06
0.07 0.06 0 5.0020142388222775e-06
0.07 0.07 0 8.406354213611591e-06
0.07 0.08 0 3.481621696364884e-05
0.07 0.09 0 6.684352305853508e-05
0.07 0.1 0 0.00013931194983393225
0.07 0.11 0 6.313753709073119e-05
0.07 0.12 0 3.496991301144039e-05
0.07 0.13 0 2.4339412006657305e-05
0.07 0.14 0 6.209414830624734e-06
0.07 0.15 0 5.832142283471354e-06
0.07 0.16 0 5.5490780785632755e-06
0.07 0.17 0 4.621739309360352e-06
0.07 0.18 0 3.247775580619137e-06
0.07 0.19 0 1.0314282017499857e-06
0.07 0.2 0 1.3988397608662029e-06
0.07 0.21 0 2.1093625134161235e-06
0.07 0.22 0 2.6851539942414225e-06
0.07 0.23 0 5.0749098358116444e-06
0.07 0.24 0 3.5292980258962284e-06
0.07 0.25 0 3.060979410275225e-06
0.07 0.26 0 2.395809259890287e-06
0.07 0.27 0 1.8313976869267138e-06
0.07 0.28 0 2.3213954424220525e-06
0.07 0.29 0 1.3462814011703547e-06
0.07 0.3 0 1.0288271860450947e-06
0.07 0.31 0 1.1565436708114231e-06
0.07 0.32 0 1.7659671319342574e-06
0.07 0.33 0 6.052549375087668e-06
0.07 0.34 0 1.1552382567255328e-05
0.07 0.35000000000000003 0 9.121139015216452e-06
0.07 0.36 0 2.255961740718222e-06
0.07 0.37 0 2.485252055374557e-07
0.07 0.38 0 5.962413100005739e-08
0.07 0.39 0 4.335661868813263e-08
0.07 0.4 0 7.89315698672104e-08
0.07 0.41000000000000003 0 1.5325509193458885e-07
0.07 0.42 0 1.84013759146376e-07
0.07 0.43 0 1.4498100309205533e-07
0.07 0.44 0 7.262368252090354e-08
0.07 0.45 0 3.838915792955917e-08
0.07 0.46 0 4.171139439626865e-08
0.07 0.47000000000000003 0 1.1167644214409103e-07
0.07 0.48 0 2.718840658969187e-07
0.07 0.49 0 5.260703515573639e-07
0.07 0.5 0 1.1489890307334881e-06
0.08 0.0 0 1.0912771770344218e-05
0.08 0.01 0 5.1060781191936386e-06
0.08 0.02 0 3.998177580350142e-06
0.08 0.03 0 1.3930438355786344e-06
0.08 0.04 0 1.7419437679020908e-06
0.08 0.05 0 2.986746206492919e-06
0.08 0.06 0 2.6679744010311627e-06
0.08 0.07 0 3.612973506178228e-06
0.08 0.08 0 2.2789151091924768e-06
0.08 0.09 0 3.954876947380707e-06
0.08 0.1 0 5.3536651927287465e-06
0.08 0.11 0 2.2335136239434285e-06
0.08 0.12 0 3.203144691382778e-06
0.08 0.13 0 2.578511586773943e-06
0.08 0.14 0 2.3315019276866103e-06
0.08 0.15 0 2.591549407277095e-06
0.08 0.16 0 2.3305768701901516e-06
0.08 0.17 0 8.829671328690083e-06
0.08 0.18 0 6.69442668469885e-06
0.08 0.19 0 2.2969909030045553e-06
0.08 0.2 0 2.0441976570725383e-06
0.08 0.21 0 2.0986423779127017e-06
0.08 0.22 0 9.826448286309934e-06
0.08 0.23 0 1.9142513399035054e-05
0.08 0.24 0 2.230186984299396e-05
0.08 0.25 0 3.6068996091107425e-05
0.08 0.26 0 7.397533584890901e-06
0.08 0.27 0 1.674921939882843e-06
0.08 0.28 0 6.539058179512727e-07
0.08 0.29 0 9.110192883993745e-07
0.08 0.3 0 4.650288842578671e-06
0.08 0.31 0 3.597609072131771e-06
0.08 0.32 0 3.0672721541735967e-06
0.08 0.33 0 3.0098078132310344e-06
0.08 0.34 0 1.3931463946902497e-06
0.08 0.35000000000000003 0 9.87706023798928e-07
0.08 0.36 0 3.657630458180857e-07
0.08 0.37 0 3.4523365624125537e-07
0.08 0.38 0 4.2523420113118454e-07
0.08 0.39 0 2.297034133269844e-07
0.08 0.4 0 3.854118353281105e-07
0.08 0.41000000000000003 0 6.189190655092018e-07
0.08 0.42 0 1.063835374962364e-06
0.08 0.43 0 1.201694127425721e-06
0.08 0.44 0 4.2520139262685355e-07
0.08 0.45 0 3.978813836753437e-07
0.08 0.46 0 5.312628456330629e-07
0.08 0.47000000000000003 0 1.013220789512018e-06
0.08 0.48 0 2.784292224813231e-06
0.08 0.49 0 3.6231836294127923e-06
0.08 0.5 0 4.663070799791812e-06
0.09 0.0 0 4.3234433460447073e-07
0.09 0.01 0 2.5125234145545734e-07
0.09 0.02 0 2.407405277756805e-07
0.09 0.03 0 5.136481197647597e-07
0.09 0.04 0 1.3316779249021096e-06
0.09 0.05 0 1.4057417616581426e-06
0.09 0.06 0 1.922487818811833e-06
0.09 0.07 0 2.6115602633111805e-06
0.09 0.08 0 1.8944396832546466e-06
0.09 0.09 0 1.284626279215629e-06
0.09 0.1 0 7.689139208832376e-07
0.09 0.11 0 1.7513905615911994e-06
0.09 0.12 0 4.596030375770342e-06
0.09 0.13 0 3.5914492151581435e-06
0.09 0.14 0 2.9722585912856756e-06
0.09 0.15 0 1.3994790470326193e-06
0.09 0.16 0 9.751928491894535e-07
0.09 0.17 0 9.007842265081394e-07
0.09 0.18 0 8.408982588950127e-07
0.09 0.19 0 3.045751423107567e-06
0.09 0.2 0 3.9330581350807866e-06
0.09 0.21 0 2.9179528309878687e-06
0.09 0.22 0 3.425916471284922e-06
0.09 0.23 0 3.073615207273938e-06
0.09 0.24 0 8.340961593590158e-06
0.09 0.25 0 1.0769654285716655e-05
0.09 0.26 0 9.62376231997139e-06
0.09 0.27 0 1.2320834172776634e-05
0.09 0.28 0 5.158546287084004e-06
0.09 0.29 0 6.255247265507451e-06
0.09 0.3 0 7.227585063913769e-06
0.09 0.31 0 6.105613992665134e-06
0.09 0.32 0 8.651106568839391e-06
0.09 0.33 0 2.902847438497562e-06
0.09 0.34 0 2.0194454012517673e-06
0.09 0.35000000000000003 0 1.9265212179250937e-06
0.09 0.36 0 1.7124260235320934e-06
0.09 0.37 0 5.5089434961032916e-06
0.09 0.38 0 5.5789609412776065e-06
0.09 0.39 0 5.4395082737277114e-06
0.09 0.4 0 3.45586025625331e-06
0.09 0.41000000000000003 0 9.89154964417195e-07
0.09 0.42 0 1.310158461657232e-06
0.09 0.43 0 8.630114148981515e-07
0.09 0.44 0 6.79583626145949e-07
0.09 0.45 0 1.070487512900119e-06
0.09 0.46 0 1.0595072777909763e-06
0.09 0.47000000000000003 0 3.0979487372799885e-06
0.09 0.48 0 4.473132022277397e-06
0.09 0.49 0 8.630047168353733e-06
0.09 0.5 0 3.37199750860938e-05
0.1 0.0 0 6.476951617429456e-07
0.1 0.01 0 8.920565023881429e-07
0.1 0.02 0 1.366418742971965e-06
0.1 0.03 0 1.0746141970488187e-06
0.1 0.04 0 9.883309823778517e-07
0.1 0.05 0 7.594204678219983e-07
0.1 0.06 0 5.077464927385494e-07
0.1 0.07 0 8.529911281283394e-07
0.1 0.08 0 1.724085355117447e-06
0.1 0.09 0 2.282497132579961e-06
0.1 0.1 0 1.680138852067037e-06
0.1 0.11 0 1.59776326569067e-06
0.1 0.12 0 3.2558643206867957e-06
0.1 0.13 0 4.884810603689016e-06
0.1 0.14 0 4.145314549454073e-06
0.1 0.15 0 3.2416567843874953e-06
0.1 0.16 0 2.4604837870759803e-06
0.1 0.17 0 9.348305951160492e-07
0.1 0.18 0 2.7680403436973513e-07
0.1 0.19 0 1.8704943372342356e-07
0.1 0.2 0 2.580966603037391e-07
0.1 0.21 0 3.4120010241836356e-07
0.1 0.22 0 1.7113274593606048e-07
0.1 0.23 0 1.1371463948799133e-07
0.1 0.24 0 2.4440138375334293e-07
0.1 0.25 0 5.54571357758447e-07
0.1 0.26 0 1.1766056637649002e-06
0.1 0.27 0 1.53342234663535e-06
0.1 0.28 0 2.249870268668105e-06
0.1 0.29 0 2.8005108920459823e-06
0.1 0.3 0 9.9495406684361e-07
0.1 0.31 0 7.856702285684299e-07
0.1 0.32 0 1.0083706303541643e-06
0.1 0.33 0 8.074029067685866e-07
0.1 0.34 0 4.634914475792911e-07
0.1 0.35000000000000003 0 1.644809129946003e-07
0.1 0.36 0 3.306840552932408e-07
0.1 0.37 0 1.1189817313652752e-06
0.1 0.38 0 1.985276762441101e-06
0.1 0.39 0 4.737734920652791e-06
0.1 0.4 0 3.3048182510441973e-06
0.1 0.41000000000000003 0 2.1313558113810614e-06
0.1 0.42 0 1.1544902146886257e-06
0.1 0.43 0 6.281901133658744e-07
0.1 0.44 0 2.4435222031644453e-06
0.1 0.45 0 5.697009780984124e-06
0.1 0.46 0 8.773779543017015e-06
0.1 0.47000000000000003 0 9.224307484583055e-06
0.1 0.48 0 4.39267234893191e-06
0.1 0.49 0 7.87644787732952e-06
0.1 0.5 0 7.745988635356338e-06
0.11 0.0 0 4.1389425998074456e-07
0.11 0.01 0 1.2092952510359015e-06
0.11 0.02 0 4.312610958008741e-06
0.11 0.03 0 5.116495990771605e-06
0.11 0.04 0 4.092324652377316e-06
0.11 0.05 0 9.418097050114978e-07
0.11 0.06 0 6.467669950243941e-07
0.11 0.07 0 5.829183364695226e-07
0.11 0.08 0 3.799743931204321e-07
0.11 0.09 0 9.817013702783094e-07
0.11 0.1 0 1.883469516590637e-06
0.11 0.11 0 3.237972025591052e-06
0.11 0.12 0 2.5430106896007837e-06
0.11 0.13 0 1.1181782472201688e-06
0.11 0.14 0 2.2206177311650766e-06
0.11 0.15 0 2.810840826059473e-06
0.11 0.16 0 2.0031412072524256e-06
0.11 0.17 0 1.2832041728967025e-06
0.11 0.18 0 5.501417542052506e-07
0.11 0.19 0 3.7706312305264756e-07
0.11 0.2 0 1.52618628544598e-07
0.11 0.21 0 8.273280051806509e-08
0.11 0.22 0 8.624620967653733e-08
0.11 0.23 0 4.652751812474974e-08
0.11 0.24 0 2.6678908800518898e-08
0.11 0.25 0 1.7882753117788203e-08
0.11 0.26 0 2.040999003321521e-08
0.11 0.27 0 3.8694547658644576e-08
0.11 0.28 0 4.53693657189627e-08
0.11 0.29 0 4.1611531397113505e-08
0.11 0.3 0 2.8911609848854295e-08
0.11 0.31 0 2.3062971266277807e-08
0.11 0.32 0 3.6279024604231626e-08
0.11 0.33 0 9.006859978188726e-08
0.11 0.34 0 2.2382871950725643e-07
0.11 0.35000000000000003 0 2.831448762064374e-07
0.11 0.36 0 1.9579132261137505e-07
0.11 0.37 0 1.244042287891543e-07
0.11 0.38 0 1.4003509106342462e-07
0.11 0.39 0 2.404887144813086e-07
0.11 0.4 0 4.784845656626676e-07
0.11 0.41000000000000003 0 1.0213414284553416e-06
0.11 0.42 0 7.499497031220283e-07
0.11 0.43 0 2.7381706455207664e-07
0.11 0.44 0 1.1147161442727687e-07
0.11 0.45 0 8.319190210710962e-08
0.11 0.46 0 1.4725925123289363e-07
0.11 0.47000000000000003 0 1.59874051338266e-07
0.11 0.48 0 2.2842381560083702e-07
0.11 0.49 0 4.846903953157974e-07
0.11 0.5 0 6.205138955406838e-07
0.12 0.0 0 1.1087616310731874e-06
0.12 0.01 0 1.149412509518148e-06
0.12 0.02 0 4.609167464259921e-07
0.12 0.03 0 6.400076017908249e-07
0.12 0.04 0 6.979390791132685e-07
0.12 0.05 0 5.382345128949329e-07
0.12 0.06 0 1.0469080159994487e-06
0.12 0.07 0 6.344128158736628e-07
0.12 0.08 0 4.7080877932780046e-07
0.12 0.09 0 2.1006333107129453e-07
0.12 0.1 0 9.24816146226431e-08
0.12 0.11 0 2.0926260326715814e-07
0.12 0.12 0 1.3106821424746422e-07
0.12 0.13 0 9.493721676154793e-08
0.12 0.14 0 1.1362933756585485e-07
0.12 0.15 0 9.991735954251784e-08
0.12 0.16 0 1.6761306909324326e-07
0.12 0.17 0 6.064368927263973e-08
0.12 0.18 0 3.21090572992036e-08
0.12 0.19 0 4.1920310805653165e-08
0.12 0.2 0 2.9116556733728274e-08
0.12 0.21 0 6.88938152651922e-08
0.12 0.22 0 1.5966761635985613e-07
0.12 0.23 0 5.049684538097949e-07
0.12 0.24 0 9.896527412798313e-07
0.12 0.25 0 1.7744386191963377e-07
0.12 0.26 0 6.697097671355337e-08
0.12 0.27 0 5.608615769359281e-08
0.12 0.28 0 8.039002771285165e-08
0.12 0.29 0 1.8721618549054254e-07
0.12 0.3 0 1.8356167566473875e-07
0.12 0.31 0 3.4318796935431974e-07
0.12 0.32 0 2.3876108908728895e-07
0.12 0.33 0 4.686623587026047e-08
0.12 0.34 0 2.6300643743127975e-08
0.12 0.35000000000000003 0 2.210727301538161e-08
0.12 0.36 0 3.257556714462512e-08
0.12 0.37 0 3.027369148922792e-08
0.12 0.38 0 2.322947216132954e-08
0.12 0.39 0 7.01352849153451e-08
0.12 0.4 0 1.6682038790667442e-07
0.12 0.41000000000000003 0 2.866045767470187e-07
0.12 0.42 0 3.7578851934553267e-07
0.12 0.43 0 3.3393181474073364e-07
0.12 0.44 0 3.4852986558469816e-07
0.12 0.45 0 1.6747511362925103e-07
0.12 0.46 0 8.286401647246309e-08
0.12 0.47000000000000003 0 8.304924650585873e-08
0.12 0.48 0 7.564219778954537e-08
0.12 0.49 0 4.668373378170366e-08
0.12 0.5 0 1.870406189001946e-08
0.13 0.0 0 1.102955412833123e-08
0.13 0.01 0 1.775590406918323e-08
0.13 0.02 0 2.3972531227763905e-08
0.13 0.03 0 3.0195362891022746e-08
0.13 0.04 0 2.8660589426553102e-08
0.13 0.05 0 8.780049784882471e-08
0.13 0.06 0 1.4744140172424967e-07
0.13 0.07 0 9.26326037233581e-08
0.13 0.08 0 8.514225702031085e-08
0.13 0.09 0 5.5498021827483826e-08
0.13 0.1 0 7.839214809822754e-08
0.13 0.11 0 7.656980936269877e-08
0.13 0.12 0 6.855717100614057e-08
0.13 0.13 0 2.5616071241598347e-07
0.13 0.14 0 3.4006128089799625e-07
0.13 0.15 0 3.6419695601487296e-07
0.13 0.16 0 3.800732523204389e-07
0.13 0.17 0 3.561087467463109e-07
0.13 0.18 0 8.163147670965977e-07
0.13 0.19 0 4.1536044160268887e-07
0.13 0.2 0 2.51630950375274e-07
0.13 0.21 0 2.783289228907503e-07
0.13 0.22 0 1.4749397608636901e-07
0.13 0.23 0 2.1727959975653963e-07
0.13 0.24 0 1.6115211040746045e-07
0.13 0.25 0 1.1214407156843866e-07
0.13 0.26 0 8.328846359026815e-08
0.13 0.27 0 1.943772875094243e-08
0.13 0.28 0 2.453021682022366e-08
0.13 0.29 0 5.0166823310030075e-08
0.13 0.3 0 1.5709351595998347e-07
0.13 0.31 0 8.90824736695991e-07
0.13 0.32 0 8.626554110729376e-07
0.13 0.33 0 9.204705334093688e-07
0.13 0.34 0 4.0996356999887046e-07
0.13 0.35000000000000003 0 1.1033306173810286e-07
0.13 0.36 0 1.1052327190806869e-07
0.13 0.37 0 5.1368438423843866e-08
0.13 0.38 0 3.780365226667918e-08
0.13 0.39 0 2.4403729468208696e-08
0.13 0.4 0 1.3170528000540966e-08
0.13 0.41000000000000003 0 2.8242794166713436e-08
0.13 0.42 0 2.283869646349196e-08
0.13 0.43 0 2.4829890403405343e-08
0.13 0.44 0 3.515732178041567e-08
0.13 0.45 0 2.0204475813962137e-08
0.13 0.46 0 2.5150259671547202e-08
0.13 0.47000000000000003 0 2.395027692856583e-08
0.13 0.48 0 4.334894765085542e-08
0.13 0.49 0 8.603786569109003e-08
0.13 0.5 0 3.842038017994148e-08
0.14 0.0 0 4.631495504989992e-08
0.14 0.01 0 4.630918442296869e-08
0.14 0.02 0 4.467250082495772e-08
0.14 0.03 0 4.818950175080444e-08
0.14 0.04 0 4.952978422466867e-08
0.14 0.05 0 5.96909278373611e-08
0.14 0.06 0 7.959331768394684e-08
0.14 0.07 0 7.55682648094419e-08
0.14 0.08 0 4.397674628986002e-08
0.14 0.09 0 2.811977360327825e-08
0.14 0.1 0 3.034234674922958e-08
0.14 0.11 0 2.9229818281545532e-08
0.14 0.12 0 3.819032404430872e-08
0.14 0.13 0 7.311228561319873e-08
0.14 0.14 0 1.1422330572350452e-07
0.14 0.15 0 8.978273247191292e-08
0.14 0.16 0 2.3791867535530992e-08
0.14 0.17 0 1.414545476674438e-08
0.14 0.18 0 2.3709516182967315e-08
0.14 0.19 0 4.181988674115035e-08
0.14 0.2 0 1.0160796554670381e-07
0.14 0.21 0 1.556057628669528e-07
0.14 0.22 0 3.2736679096989857e-07
0.14 0.23 0 4.995546181157175e-07
0.14 0.24 0 2.859841447059519e-07
0.14 0.25 0 5.349849448916189e-07
0.14 0.26 0 1.3563746907040135e-06
0.14 0.27 0 2.8794736452404503e-06
0.14 0.28 0 3.1069624978138465e-06
0.14 0.29 0 1.5308868449373266e-06
0.14 0.3 0 3.4293107725176494e-06
0.14 0.31 0 4.116800110432995e-06
0.14 0.32 0 1.8592627260691353e-06
0.14 0.33 0 1.2975195565835223e-06
0.14 0.34 0 6.218377919628415e-07
0.14 0.35000000000000003 0 6.649572718679674e-07
0.14 0.36 0 3.8097149412970046e-07
0.14 0.37 0 2.3372456282618986e-07
0.14 0.38 0 5.896995837590717e-07
0.14 0.39 0 3.9833165330259755e-07
0.14 0.4 0 2.39672792256057e-07
0.14 0.41000000000000003 0 1.4220767011153308e-07
0.14 0.42 0 1.39162531806852e-07
0.14 0.43 0 7.345539176492469e-07
0.14 0.44 0 9.591282641082642e-07
0.14 0.45 0 9.819502451714485e-07
0.14 0.46 0 7.843613634542172e-07
0.14 0.47000000000000003 0 2.0836352294659184e-07
0.14 0.48 0 1.416648056181075e-07
0.14 0.49 0 8.193119444101327e-08
0.14 0.5 0 2.196418136493552e-07
0.15 0.0 0 4.452030573581191e-08
0.15 0.01 0 3.6354164433261444e-08
0.15 0.02 0 1.7735606514247153e-08
0.15 0.03 0 2.4583753210090215e-08
0.15 0.04 0 3.0318842407893643e-08
0.15 0.05 0 5.9021602939029596e-08
0.15 0.06 0 5.96726981592276e-08
0.15 0.07 0 5.3978028529014716e-08
0.15 0.08 0 1.6376170539491246e-07
0.15 0.09 0 2.7990294600742345e-07
0.15 0.1 0 3.5547253694225526e-07
0.15 0.11 0 3.614997150520594e-07
0.15 0.12 0 4.185481614047479e-07
0.15 0.13 0 9.193508196946032e-07
0.15 0.14 0 1.0498203146686784e-06
0.15 0.15 0 1.553222687722014e-06
0.15 0.16 0 3.34333440339019e-06
0.15 0.17 0 3.8645576262046724e-06
0.15 0.18 0 3.5472929741144016e-06
0.15 0.19 0 3.927462627690545e-06
0.15 0.2 0 1.0365249940997656e-05
0.15 0.21 0 3.052124398092688e-05
0.15 0.22 0 4.109899732568369e-05
0.15 0.23 0 4.0183742532823413e-05
0.15 0.24 0 3.423733415362817e-05
0.15 0.25 0 2.7308200207795356e-05
0.15 0.26 0 2.1607043472327993e-05
0.15 0.27 0 2.1698621565930783e-05
0.15 0.28 0 2.08958816192638e-05
0.15 0.29 0 1.406027712727484e-05
0.15 0.3 0 7.09808033832025e-06
0.15 0.31 0 3.475197808107701e-06
0.15 0.32 0 3.53903422984563e-06
0.15 0.33 0 3.8016222679454422e-06
0.15 0.34 0 3.3710932061986215e-06
0.15 0.35000000000000003 0 3.371952424718634e-06
0.15 0.36 0 2.5884091340896296e-06
0.15 0.37 0 3.178412392322982e-06
0.15 0.38 0 3.878075283724564e-06
0.15 0.39 0 5.437686999530493e-06
0.15 0.4 0 9.76486494179899e-06
0.15 0.41000000000000003 0 5.067410000604785e-06
0.15 0.42 0 3.0370576793623666e-06
0.15 0.43 0 2.573651352597875e-06
0.15 0.44 0 2.4076948591450323e-06
0.15 0.45 0 4.569295286097785e-06
0.15 0.46 0 5.2533167312380535e-06
0.15 0.47000000000000003 0 1.0755819675859405e-05
0.15 0.48 0 1.6924206310305444e-05
0.15 0.49 0 1.0044537552736023e-05
0.15 0.5 0 1.6570874968217575e-05
0.16 0.0 0 7.773949195347187e-08
0.16 0.01 0 5.275346707058524e-08
0.16 0.02 0 1.0388525522437653e-07
0.16 0.03 0 1.341502072702788e-07
0.16 0.04 0 1.789483600327555e-07
0.16 0.05 0 4.833367761371636e-07
0.16 0.06 0 3.221715044071407e-07
0.16 0.07 0 4.2495642307088216e-07
0.16 0.08 0 5.719685499653617e-07
0.16 0.09 0 8.005905195524902e-07
0.16 0.1 0 2.3697242154645444e-06
0.16 0.11 0 1.8585117794088786e-06
0.16 0.12 0 2.6910280154508386e-06
0.16 0.13 0 2.788033053066619e-06
0.16 0.14 0 8.149431941621162e-07
0.16 0.15 0 4.865651914081997e-07
0.16 0.16 0 2.635004342880278e-07
0.16 0.17 0 4.663628067842211e-07
0.16 0.18 0 8.994559841963337e-07
0.16 0.19 0 6.354728253609811e-07
0.16 0.2 0 1.4420759695216877e-06
0.16 0.21 0 2.945564707933877e-06
0.16 0.22 0 5.89774135866178e-06
0.16 0.23 0 8.435742977503195e-06
0.16 0.24 0 5.9266482464524e-06
0.16 0.25 0 1.4276784358987113e-05
0.16 0.26 0 2.1873541891228618e-05
0.16 0.27 0 1.9451609397670266e-05
0.16 0.28 0 2.748290907723541e-05
0.16 0.29 0 2.823839333387074e-05
0.16 0.3 0 2.294120898553385e-05
0.16 0.31 0 5.191685312950896e-06
0.16 0.32 0 1.405279669204809e-06
0.16 0.33 0 2.0532241744912057e-06
0.16 0.34 0 3.123414690781448e-06
0.16 0.35000000000000003 0 3.991764084244594e-06
0.16 0.36 0 4.121020683190549e-06
0.16 0.37 0 4.603663656569182e-06
0.16 0.38 0 5.768430712800969e-06
0.16 0.39 0 4.174175310415558e-06
0.16 0.4 0 4.7280510072961815e-06
0.16 0.41000000000000003 0 9.684718739642205e-06
0.16 0.42 0 1.4808220860535623e-05
0.16 0.43 0 1.1117296048169646e-05
0.16 0.44 0 6.76470739452647e-06
0.16 0.45 0 8.778180717530714e-06
0.16 0.46 0 1.6913846400982707e-05
0.16 0.47000000000000003 0 2.4192626496193456e-05
0.16 0.48 0 2.7201642199168324e-05
0.16 0.49 0 4.7560565097226566e-05
0.16 0.5 0 7.953662571609948e-05
0.17 0.0 0 1.6666500657808126e-06
0.17 0.01 0 2.0678296994197965e-06
0.17 0.02 0 4.382346180879732e-06
0.17 0.03 0 5.199800755039089e-06
0.17 0.04 0 9.315158774453356e-06
0.17 0.05 0 4.666708529498923e-06
0.17 0.06 0 1.849976837913003e-06
0.17 0.07 0 1.763516205691192e-06
0.17 0.08 0 6.823858978781994e-07
0.17 0.09 0 6.069849685989086e-07
0.17 0.1 0 7.178812833220329e-07
0.17 0.11 0 1.6909049831704946e-06
0.17 0.12 0 9.230335602093836e-06
0.17 0.13 0 6.812297525672566e-06
0.17 0.14 0 6.295689849714146e-06
0.17 0.15 0 6.506428495409868e-06
0.17 0.16 0 4.071517292236381e-06
0.17 0.17 0 5.6378714382712434e-06
0.17 0.18 0 3.851800370652926e-06
0.17 0.19 0 7.4502089317451854e-06
0.17 0.2 0 1.237013737540769e-05
0.17 0.21 0 4.729541592979324e-06
0.17 0.22 0 4.711162673779124e-06
0.17 0.23 0 2.5531199439965777e-06
0.17 0.24 0 1.7985289640680661e-06
0.17 0.25 0 1.4588714092949405e-06
0.17 0.26 0 5.326580962293346e-07
0.17 0.27 0 9.521869001442639e-07
0.17 0.28 0 1.3898162277454512e-06
0.17 0.29 0 2.4743929213934295e-06
0.17 0.3 0 7.631596942998676e-06
0.17 0.31 0 7.056291493533803e-06
0.17 0.32 0 1.095231715263715e-05
0.17 0.33 0 8.47098454718906e-06
0.17 0.34 0 6.813897500564822e-06
0.17 0.35000000000000003 0 1.7647245633666618e-05
0.17 0.36 0 1.674980894955366e-05
0.17 0.37 0 2.0949989799564344e-05
0.17 0.38 0 1.7716390566073902e-05
0.17 0.39 0 9.708713745999728e-06
0.17 0.4 0 1.1275748587572452e-05
0.17 0.41000000000000003 0 8.390879004155539e-06
0.17 0.42 0 1.821718167039761e-05
0.17 0.43 0 4.0588045099692466e-05
0.17 0.44 0 3.0150240407861933e-05
0.17 0.45 0 4.101997664502276e-05
0.17 0.46 0 5.480917815234683e-05
0.17 0.47000000000000003 0 0.00012505342541330918
0.17 0.48 0 0.00025968834254094694
0.17 0.49 0 0.0002556453397833211
0.17 0.5 0 0.0004022614555987852
0.18 0.0 0 1.3217455632849313e-06
0.18 0.01 0 2.841472097116602e-06
0.18 0.02 0 5.65847117760252e-06
0.18 0.03 0 8.180351470577761e-06
0.18 0.04 0 7.991652610740847e-06
0.18 0.05 0 4.788896245533283e-06
0.18 0.06 0 5.4163829102068924e-06
0.18 0.07 0 9.185883072141081e-06
0.18 0.08 0 2.1629991490400326e-05
0.18 0.09 0 4.578672306960084e-05
0.18 0.1 0 3.879810598522341e-05
0.18 0.11 0 5.800942314681861e-05
0.18 0.12 0 7.792988563312138e-05
0.18 0.13 0 6.215665162355907e-05
0.18 0.14 0 5.115706754631445e-05
0.18 0.15 0 2.1139713367577844e-05
0.18 0.16 0 1.506197837894491e-05
0.18 0.17 0 7.696484542701237e-06
0.18 0.18 0 2.8927008037989455e-06
0.18 0.19 0 3.7225510543360877e-06
0.18 0.2 0 3.3848260111819696e-06
0.18 0.21 0 3.734572869215926e-06
0.18 0.22 0 2.827137870948992e-06
0.18 0.23 0 1.7161952254135377e-06
0.18 0.24 0 5.300480724655801e-06
0.18 0.25 0 6.740895590289479e-06
0.18 0.26 0 5.207657507423961e-06
0.18 0.27 0 4.282716932624172e-06
0.18 0.28 0 2.4901762910967676e-06
0.18 0.29 0 4.133084953959808e-06
0.18 0.3 0 2.83837030163456e-06
0.18 0.31 0 3.618532250539045e-06
0.18 0.32 0 1.3667635751155474e-05
0.18 0.33 0 9.600779800586269e-06
0.18 0.34 0 5.644846787602119e-06
0.18 0.35000000000000003 0 2.0337463922494455e-06
0.18 0.36 0 1.5962093960271881e-06
0.18 0.37 0 3.960476470357342e-06
0.18 0.38 0 2.810581572901133e-06
0.18 0.39 0 6.704630907814722e-06
0.18 0.4 0 2.4856328390703096e-05
0.18 0.41000000000000003 0 6.264199713410512e-05
0.18 0.42 0 0.00019760692580483445
0.18 0.43 0 0.00013601856914187307
0.18 0.44 0 0.00018986546596514212
0.18 0.45 0 0.00018118740332669957
0.18 0.46 0 4.417642091423546e-05
0.18 0.47000000000000003 0 3.495071599404133e-05
0.18 0.48 0 3.095164311911394e-05
0.18 0.49 0 6.346763910485848e-05
0.18 0.5 0 7.808113566487963e-05
0.19 0.0 0 1.6273920897377534e-05
0.19 0.01 0 1.0449916924899893e-05
0.19 0.02 0 2.2396807097885233e-05
0.19 0.03 0 3.534205701325886e-05
0.19 0.04 0 5.408504952420997e-05
0.19 0.05 0 5.062791984877617e-05
0.19 0.06 0 4.260356939494368e-05
0.19 0.07 0 3.881994334403491e-05
0.19 0.08 0 1.8811156615077467e-05
0.19 0.09 0 1.5508117098694817e-05
0.19 0.1 0 2.5468577987846905e-05
0.19 0.11 0 4.24026551842151e-05
0.19 0.12 0 4.854531921183046e-05
0.19 0.13 0 4.913464081378712e-05
0.19 0.14 0 0.00010384254028489291
0.19 0.15 0 0.00023153034741071757
0.19 0.16 0 0.00025255240491509247
0.19 0.17 0 0.00019531664202262995
0.19 0.18 0 0.0002030251391998114
0.19 0.19 0 0.0002133467962593678
0.19 0.2 0 0.00016049323642634519
0.19 0.21 0 0.0001455006019408586
0.19 0.22 0 0.0001262541530037251
0.19 0.23 0 9.978072153076516e-05
0.19 0.24 0 5.735221631161307e-05
0.19 0.25 0 3.1279585666090626e-05
0.19 0.26 0 3.717412283095066e-05
0.19 0.27 0 3.6427608900170704e-05
0.19 0.28 0 3.59186448874524e-05
0.19 0.29 0 3.911489829066998e-05
0.19 0.3 0 3.885744402718868e-05
0.19 0.31 0 8.440396110019995e-05
0.19 0.32 0 0.00011487535737616185
0.19 0.33 0 0.00013821575554922585
0.19 0.34 0 0.00014573617817940983
0.19 0.35000000000000003 0 4.091358890326992e-05
0.19 0.36 0 1.4373521594260336e-05
0.19 0.37 0 5.1359523162556175e-06
0.19 0.38 0 3.4604792074423848e-06
0.19 0.39 0 4.584444142741441e-06
0.19 0.4 0 2.491974859941471e-06
0.19 0.41000000000000003 0 3.141915947176691e-06
0.19 0.42 0 2.9839219821160586e-06
0.19 0.43 0 1.5621569144876426e-06
0.19 0.44 0 1.7407707873375356e-06
0.19 0.45 0 1.1683203945711e-06
0.19 0.46 0 1.6790998599369313e-06
0.19 0.47000000000000003 0 1.9161972210432202e-06
0.19 0.48 0 1.7137376572940466e-06
0.19 0.49 0 7.1048863718933455e-06
0.19 0.5 0 1.1965486994944898e-05
0.2 0.0 0 3.323245590202676e-05
0.2 0.01 0 5.2170850789046903e-05
0.2 0.02 0 6.0499534392590886e-05
0.2 0.03 0 0.00010816156148197221
0.2 0.04 0 0.00046116790274093643
0.2 0.05 0 0.0007649570605851646
0.2 0.06 0 0.0020553553823387367
0.2 0.07 0 0.001913398170693927
0.2 0.08 0 0.0008626824661565072
0.2 0.09 0 0.0006712599012353705
0.2 0.1 0 0.0002854406969105334
0.2 0.11 0 0.00026764320819775913
0.2 0.12 0 0.00016811786842992223
0.2 0.13 0 7.68879065597217e-05
0.2 0.14 0 0.00010568128344095969
0.2 0.15 0 8.196715622039991e-05
0.2 0.16 0 6.949420081010373e-05
0.2 0.17 0 4.438839513121184e-05
0.2 0.18 0 2.247019540625503e-05
0.2 0.19 0 3.0215838978851833e-05
0.2 0.2 0 2.752755666332962e-05
0.2 0.21 0 3.5284406315037323e-05
0.2 0.22 0 7.641210483167965e-05
0.2 0.23 0 0.00013469968801503037
0.2 0.24 0 0.0002030969415803662
0.2 0.25 0 9.712082666250901e-05
0.2 0.26 0 5.8449100127098116e-05
0.2 0.27 0 9.184549288180948e-05
0.2 0.28 0 0.00010583295889234202
0.2 0.29 0 8.258218172675246e-05
0.2 0.3 0 5.5877111373843234e-05
0.2 0.31 0 5.962244008616208e-05
0.2 0.32 0 5.401362303292935e-05
0.2 0.33 0 2.2486102975094114e-05
0.2 0.34 0 1.2780489004636991e-05
0.2 0.35000000000000003 0 1.4163467639360901e-05
0.2 0.36 0 1.5605120519581278e-05
0.2 0.37 0 1.1294198687079317e-05
0.2 0.38 0 1.220945991290766e-05
0.2 0.39 0 2.657123618273302e-05
0.2 0.4 0 4.860400951793781e-05
0.2 0.41000000000000003 0 3.526080422283597e-05
0.2 0.42 0 1.1869117322053022e-05
0.2 0.43 0 7.56144019061352e-06
0.2 0.44 0 6.675989491705821e-06
0.2 0.45 0 5.04891798957149e-06
0.2 0.46 0 5.98020101715839e-06
0.2 0.47000000000000003 0 7.646085627319518e-06
0.2 0.48 0 1.1119933768832943e-05
0.2 0.49 0 7.113708938572882e-06
0.2 0.5 0 3.667506547549997e-06
0.21 0.0 0 4.909111496478592e-05
0.21 0.01 0 0.00011569692530753055
0.21 0.02 0 9.445282906671168e-05
0.21 0.03 0 0.00011876789316935634
0.21 0.04 0 5.9633755431003915e-05
0.21 0.05 0 4.323032729557997e-05
0.21 0.06 0 4.73757299959833e-05
0.21 0.07 0 1.1612594305724977e-05
0.21 0.08 0 7.756120591017559e-06
0.21 0.09 0 6.053808786688945e-06
0.21 0.1 0 6.8418657787919545e-06
0.21 0.11 0 1.2552465744266492e-05
0.21 0.12 0 5.6346488392030576e-06
0.21 0.13 0 6.165454807448657e-06
0.21 0.14 0 3.88127239260726e-06
0.21 0.15 0 1.2614622488458464e-06
0.21 0.16 0 1.7766638782582287e-06
0.21 0.17 0 2.2524447199718788e-06
0.21 0.18 0 5.889338740339757e-06
0.21 0.19 0 5.98570450313753e-06
0.21 0.2 0 1.8197266201017438e-06
0.21 0.21 0 1.5950181518528485e-06
0.21 0.22 0 6.854481070255659e-07
0.21 0.23 0 5.86785015142194e-07
0.21 0.24 0 9.588409752956184e-07
0.21 0.25 0 1.1244998018633822e-06
0.21 0.26 0 3.447584719540724e-06
0.21 0.27 0 4.057249935850633e-06
0.21 0.28 0 5.708255015329606e-06
0.21 0.29 0 1.3606267429828621e-05
0.21 0.3 0 1.1630335305796463e-05
0.21 0.31 0 1.2304001743402041e-05
0.21 0.32 0 5.947696875522241e-06
0.21 0.33 0 3.5762868897883752e-06
0.21 0.34 0 4.340750475599501e-06
0.21 0.35000000000000003 0 2.272988729096503e-06
0.21 0.36 0 2.0789999465548336e-06
0.21 0.37 0 1.3910197873516046e-06
0.21 0.38 0 5.932365225137126e-07
0.21 0.39 0 4.167136721319173e-07
0.21 0.4 0 2.8337725129041575e-07
0.21 0.41000000000000003 0 4.431682567344041e-07
0.21 0.42 0 5.281196327872105e-07
0.21 0.43 0 4.0078577689771057e-07
0.21 0.44 0 5.899333065217188e-07
0.21 0.45 0 7.173906041789449e-07
0.21 0.46 0 1.1231897755536042e-06
0.21 0.47000000000000003 0 2.364163987286263e-06
0.21 0.48 0 5.155739064144582e-06
0.21 0.49 0 1.040294037823906e-05
0.21 0.5 0 8.439770710818348e-06
0.22 0.0 0 1.5804239487936836e-05
0.22 0.01 0 1.78170950589937e-05
0.22 0.02 0 1.226246068771974e-05
0.22 0.03 0 5.723103291014636e-06
0.22 0.04 0 1.6256324723966469e-06
0.22 0.05 0 1.109375319364964e-06
0.22 0.06 0 7.013248054413734e-07
0.22 0.07 0 8.258654349145496e-07
0.22 0.08 0 1.9003137366201729e-06
0.22 0.09 0 2.224450877041651e-06
0.22 0.1 0 3.5279494810883887e-06
0.22 0.11 0 2.2512749013576646e-06
0.22 0.12 0 1.5983327159914112e-06
0.22 0.13 0 3.227939006924583e-06
0.22 0.14 0 2.927699347149723e-06
0.22 0.15 0 3.826305743479768e-06
0.22 0.16 0 3.086133871273432e-06
0.22 0.17 0 2.7083453690884333e-06
0.22 0.18 0 6.940733026475823e-06
0.22 0.19 0 5.234151800390534e-06
0.22 0.2 0 4.672992925333195e-06
0.22 0.21 0 2.873410128744056e-06
0.22 0.22 0 1.1126580188920594e-06
0.22 0.23 0 1.1137263886464513e-06
0.22 0.24 0 4.2514890020965145e-07
0.22 0.25 0 4.693653116324209e-07
0.22 0.26 0 1.0281055579279363e-06
0.22 0.27 0 7.039131774080565e-07
0.22 0.28 0 6.126498944254526e-07
0.22 0.29 0 2.423221146184325e-07
0.22 0.3 0 2.6843893066740465e-07
0.22 0.31 0 4.315570500896221e-07
0.22 0.32 0 1.4430362907253611e-07
0.22 0.33 0 1.4725481617642547e-07
0.22 0.34 0 1.3993130696658147e-07
0.22 0.35000000000000003 0 1.649153547518133e-07
0.22 0.36 0 3.186261821223122e-07
0.22 0.37 0 2.9480974612463307e-07
0.22 0.38 0 1.0761521567324803e-06
0.22 0.39 0 1.8294059712664642e-06
0.22 0.4 0 1.2430547651433636e-06
0.22 0.41000000000000003 0 1.908114331802025e-06
0.22 0.42 0 1.954246363718217e-06
0.22 0.43 0 4.270619956471934e-06
0.22 0.44 0 3.433232956524826e-06
0.22 0.45 0 1.2264533516676173e-06
0.22 0.46 0 1.719990131402882e-06
0.22 0.47000000000000003 0 1.2951286136467974e-06
0.22 0.48 0 1.2062238780493954e-06
0.22 0.49 0 1.2659831347696809e-06
0.22 0.5 0 1.2330097502040715e-06
0.23 0.0 0 3.6802398163956596e-05
0.23 0.01 0 8.770347485468968e-05
0.23 0.02 0 9.941540561288196e-05
0.23 0.03 0 7.979292959079401e-05
0.23 0.04 0 4.3349635447248065e-05
0.23 0.05 0 1.869995630424073e-05
0.23 0.06 0 7.465559988584938e-06
0.23 0.07 0 4.380040358852686e-06
0.23 0.08 0 5.302243162567502e-06
0.23 0.09 0 7.30980258194382e-06
0.23 0.1 0 5.759328804092306e-06
0.23 0.11 0 3.159306098392933e-06
0.23 0.12 0 3.7234355410150783e-06
0.23 0.13 0 6.351844555328608e-06
0.23 0.14 0 9.792470130332066e-06
0.23 0.15 0 1.76171340642706e-05
0.23 0.16 0 2.615131931448202e-05
0.23 0.17 0 3.383941557250695e-05
0.23 0.18 0 1.7389748777800244e-05
0.23 0.19 0 7.758092159415447e-06
0.23 0.2 0 9.002929681892589e-06
0.23 0.21 0 7.912882641771817e-06
0.23 0.22 0 7.550747105441534e-06
0.23 0.23 0 5.337209071484662e-06
0.23 0.24 0 3.157607982003712e-06
0.23 0.25 0 3.129711434623266e-06
0.23 0.26 0 1.1303809110958002e-06
0.23 0.27 0 4.756102005454523e-07
0.23 0.28 0 2.6096437543902434e-07
0.23 0.29 0 1.281093531793104e-07
0.23 0.3 0 1.7423799134766462e-07
0.23 0.31 0 1.5585121574866203e-07
0.23 0.32 0 2.3676869458114258e-07
0.23 0.33 0 3.541282456463865e-07
0.23 0.34 0 1.2440079436089353e-07
0.23 0.35000000000000003 0 7.882075371060046e-08
0.23 0.36 0 3.952527268357466e-08
0.23 0.37 0 3.979765751859178e-08
0.23 0.38 0 1.180638045518672e-07
0.23 0.39 0 2.2926779968755686e-07
0.23 0.4 0 1.0542535375681466e-06
0.23 0.41000000000000003 0 1.427539299433986e-06
0.23 0.42 0 9.836748337299887e-07
0.23 0.43 0 1.609227935803657e-06
0.23 0.44 0 1.0308952596684913e-06
0.23 0.45 0 1.302457803305158e-06
0.23 0.46 0 1.3704505582928786e-06
0.23 0.47000000000000003 0 1.3789961657069576e-06
0.23 0.48 0 3.4305547573788845e-06
0.23 0.49 0 1.6734772961327559e-06
0.23 0.5 0 1.0126566707312232e-06
0.24 0.0 0 1.6535460933341252e-06
0.24 0.01 0 5.306294361786709e-07
0.24 0.02 0 3.2162494541537446e-07
0.24 0.03 0 6.423531787123636e-07
0.24 0.04 0 8.100762820295854e-07
0.24 0.05 0 1.4307735118179917e-06
0.24 0.06 0 1.0252035337117588e-06
0.24 0.07 0 7.179362834503874e-07
0.24 0.08 0 9.907101181816985e-07
0.24 0.09 0 8.331810147717191e-07
0.24 0.1 0 1.249153327404031e-06
0.24 0.11 0 1.6366714019407345e-06
0.24 0.12 0 2.0559460905683902e-06
0.24 0.13 0 3.2917413543032302e-06
0.24 0.14 0 2.378636285558226e-06
0.24 0.15 0 2.1001818357106802e-06
0.24 0.16 0 1.424718412910691e-06
0.24 0.17 0 5.347115398247947e-07
0.24 0.18 0 2.2522537026730157e-07
0.24 0.19 0 1.167127506207772e-07
0.24 0.2 0 2.227894835215475e-07
0.24 0.21 0 1.1039631495640543e-06
0.24 0.22 0 4.294062151488625e-06
0.24 0.23 0 7.011618578651008e-06
0.24 0.24 0 3.95772399711939e-06
0.24 0.25 0 1.6895832586147792e-06
0.24 0.26 0 6.879270497208401e-07
0.24 0.27 0 3.4864200705861347e-07
0.24 0.28 0 3.986593117475351e-07
0.24 0.29 0 1.0166187226323036e-06
0.24 0.3 0 2.029704039509936e-06
0.24 0.31 0 1.7679412494663836e-06
0.24 0.32 0 1.7905677597986728e-06
0.24 0.33 0 2.0789173925478034e-06
0.24 0.34 0 1.8337020989284348e-06
0.24 0.35000000000000003 0 9.237704363501875e-07
0.24 0.36 0 4.2785685351324515e-07
0.24 0.37 0 6.035359920848792e-07
0.24 0.38 0 8.135679445660876e-07
0.24 0.39 0 8.529080871190385e-07
0.24 0.4 0 1.0247958972703464e-06
0.24 0.41000000000000003 0 9.282973214403573e-07
0.24 0.42 0 1.124242819153239e-06
0.24 0.43 0 6.347749508886944e-07
0.24 0.44 0 4.958650520966947e-07
0.24 0.45 0 1.7990282587291104e-06
0.24 0.46 0 4.706080282290729e-06
0.24 0.47000000000000003 0 1.0171815631799357e-05
0.24 0.48 0 1.0554327557963468e-05
0.24 0.49 0 1.1191648991971954e-05
0.24 0.5 0 2.1217322274296578e-05
0.25 0.0 0 2.146078994013768e-06
0.25 0.01 0 1.0129899058404591e-06
0.25 0.02 0 1.605232692194998e-06
0.25 0.03 0 1.5306092755797126e-06
0.25 0.04 0 2.2517434640539434e-06
0.25 0.05 0 2.9542314216684627e-06
0.25 0.06 0 8.652972378272808e-07
0.25 0.07 0 6.121340760755758e-07
0.25 0.08 0 2.1024725773327308e-07
0.25 0.09 0 7.977447590180961e-08
0.25 0.1 0 9.537630085613646e-08
0.25 0.11 0 1.0299945803242006e-07
0.25 0.12 0 2.9576736242707594e-07
0.25 0.13 0 1.8574516406244402e-07
0.25 0.14 0 4.7849234291118e-08
0.25 0.15 0 3.8402055456411094e-08
0.25 0.16 0 2.0862711267242604e-08
0.25 0.17 0 2.8052361359631526e-08
0.25 0.18 0 3.664085077420801e-08
0.25 0.19 0 4.4554262237356334e-08
0.25 0.2 0 1.1637230472409761e-07
0.25 0.21 0 9.429000071517794e-08
0.25 0.22 0 1.2155279362133527e-07
0.25 0.23 0 1.9176083871954405e-07
0.25 0.24 0 1.5002382383392108e-07
0.25 0.25 0 1.3182283537005746e-07
0.25 0.26 0 4.2791736033725714e-08
0.25 0.27 0 3.048822013866127e-08
0.25 0.28 0 6.492092416168314e-08
0.25 0.29 0 1.3437075578816185e-07
0.25 0.3 0 5.083893933523957e-07
0.25 0.31 0 9.724390847234266e-07
0.25 0.32 0 1.3051578516458704e-06
0.25 0.33 0 1.5233329427447003e-06
0.25 0.34 0 1.3076186596608026e-06
0.25 0.35000000000000003 0 2.8626411255135437e-06
0.25 0.36 0 5.11532257416574e-06
0.25 0.37 0 5.4397038656472235e-06
0.25 0.38 0 5.278999778886326e-06
0.25 0.39 0 3.2625583994623625e-06
0.25 0.4 0 2.017470816879733e-06
0.25 0.41000000000000003 0 1.1288732829781157e-06
0.25 0.42 0 8.767557893205627e-07
0.25 0.43 0 1.0015287730479623e-06
0.25 0.44 0 9.287623723763276e-07
0.25 0.45 0 1.030597946936885e-06
0.25 0.46 0 1.580738182360862e-06
0.25 0.47000000000000003 0 2.270491080213722e-06
0.25 0.48 0 1.7614390476475714e-06
0.25 0.49 0 9.717377660848057e-07
0.25 0.5 0 6.113411195467608e-07
0.26 0.0 0 6.215977540066596e-08
0.26 0.01 0 7.588435329465925e-08
0.26 0.02 0 1.255293142375657e-07
0.26 0.03 0 1.0367610989605665e-07
0.26 0.04 0 1.6690608857600596e-07
0.26 0.05 0 1.716445239256739e-07
0.26 0.06 0 3.3960339845222304e-07
0.26 0.07 0 5.795849408315924e-07
0.26 0.08 0 1.7905123088474465e-07
0.26 0.09 0 8.041133289703206e-08
0.26 0.1 0 2.354994377765122e-08
0.26 0.11 0 1.4452485539373094e-08
0.26 0.12 0 1.9137114525651555e-08
0.26 0.13 0 9.486789443731656e-09
0.26 0.14 0 1.2169600098666195e-08
0.26 0.15 0 8.217223671048689e-09
0.26 0.16 0 4.408321433975283e-09
0.26 0.17 0 6.7123718547963284e-09
0.26 0.18 0 6.8776570757571365e-09
0.26 0.19 0 2.6150890666775672e-08
0.26 0.2 0 5.8797508772773294e-08
0.26 0.21 0 4.971936609127659e-08
0.26 0.22 0 7.370875595792364e-08
0.26 0.23 0 4.7848569289513425e-08
0.26 0.24 0 1.0786564573752598e-07
0.26 0.25 0 2.5030380090910906e-07
0.26 0.26 0 2.2130624541134805e-07
0.26 0.27 0 5.286479760203623e-07
0.26 0.28 0 5.673367269105176e-07
0.26 0.29 0 7.361704984459205e-07
0.26 0.3 0 7.803587601552446e-07
0.26 0.31 0 4.6131910943471605e-07
0.26 0.32 0 1.1714352184483144e-06
0.26 0.33 0 1.128665782201445e-06
0.26 0.34 0 9.582872448308941e-07
0.26 0.35000000000000003 0 1.8315045170697762e-06
0.26 0.36 0 2.5819383405193493e-06
0.26 0.37 0 6.781620644007937e-06
0.26 0.38 0 3.965978995846911e-06
0.26 0.39 0 1.410476752804211e-06
0.26 0.4 0 1.2708640349527759e-06
0.26 0.41000000000000003 0 6.958895172471088e-07
0.26 0.42 0 7.993221189222711e-07
0.26 0.43 0 8.614943288667178e-07
0.26 0.44 0 1.200965129204737e-06
0.26 0.45 0 2.6441087914477205e-06
0.26 0.46 0 1.2125984373824705e-06
0.26 0.47000000000000003 0 7.730140330542136e-07
0.26 0.48 0 9.766127371200403e-07
0.26 0.49 0 1.3398025354734053e-06
0.26 0.5 0 2.3604248898011134e-06
0.27 0.0 0 2.811893268336899e-06
0.27 0.01 0 1.0473230738260332e-05
0.27 0.02 0 2.710848377633721e-05
0.27 0.03 0 3.545450967880045e-05
0.27 0.04 0 1.7094346155787474e-05
0.27 0.05 0 4.908077937141395e-06
0.27 0.06 0 3.583666269435551e-06
0.27 0.07 0 4.287608453452747e-06
0.27 0.08 0 5.562296042475778e-06
0.27 0.09 0 4.586896734539462e-06
0.27 0.1 0 2.1780810875916297e-06
0.27 0.11 0 1.5901437944760372e-06
0.27 0.12 0 7.388124023133736e-07
0.27 0.13 0 5.819412263763995e-07
0.27 0.14 0 1.3776011236682549e-06
0.27 0.15 0 2.2268484824307776e-06
0.27 0.16 0 3.1541918349767425e-06
0.27 0.17 0 1.7888118953933824e-06
0.27 0.18 0 1.1983526934108244e-06
0.27 0.19 0 1.6041314323106622e-06
0.27 0.2 0 8.175590435930057e-07
0.27 0.21 0 6.514604903056074e-07
0.27 0.22 0 4.590435816808776e-07
0.27 0.23 0 3.707262259795482e-07
0.27 0.24 0 8.64399593226678e-07
0.27 0.25 0 1.1815063322290944e-06
0.27 0.26 0 3.8083085911092287e-06
0.27 0.27 0 8.083755080456814e-06
0.27 0.28 0 4.467550671512521e-06
0.27 0.29 0 3.571095010512358e-06
0.27 0.3 0 1.7021846922271562e-06
0.27 0.31 0 2.6559922489082005e-06
0.27 0.32 0 5.365480487410952e-06
0.27 0.33 0 4.017993900884983e-06
0.27 0.34 0 6.847325680571438e-06
0.27 0.35000000000000003 0 3.8110079591619834e-06
0.27 0.36 0 2.3483555559454748e-06
0.27 0.37 0 3.060989173319225e-06
0.27 0.38 0 2.821100503900351e-06
0.27 0.39 0 8.46350533695183e-06
0.27 0.4 0 1.0076474718449453e-05
0.27 0.41000000000000003 0 1.1218627611911102e-05
0.27 0.42 0 2.227722925238222e-05
0.27 0.43 0 1.2325540872550621e-05
0.27 0.44 0 1.661213862395922e-05
0.27 0.45 0 1.6110516466924898e-05
0.27 0.46 0 1.2593863398381057e-05
0.27 0.47000000000000003 0 2.169094466158124e-05
0.27 0.48 0 1.6086802222445477e-05
0.27 0.49 0 3.8111709953206814e-05
0.27 0.5 0 7.097507918150508e-05
0.28 0.0 0 5.63584946672105e-07
0.28 0.01 0 7.210479322924284e-07
0.28 0.02 0 1.3774688311288441e-06
0.28 0.03 0 1.4267622634573502e-06
0.28 0.04 0 2.4403995916764476e-06
0.28 0.05 0 2.4983557368960673e-06
0.28 0.06 0 1.4529500012359532e-06
0.28 0.07 0 5.41330496410904e-07
0.28 0.08 0 1.7127482687575206e-07
0.28 0.09 0 1.7647889742939536e-07
0.28 0.1 0 2.3844511471710967e-07
0.28 0.11 0 2.462881220514274e-07
0.28 0.12 0 2.584411557302481e-07
0.28 0.13 0 3.5364802253107385e-07
0.28 0.14 0 8.427296283003701e-07
0.28 0.15 0 1.525506946048986e-06
0.28 0.16 0 1.761020468880517e-06
0.28 0.17 0 1.7653823499831116e-06
0.28 0.18 0 1.8395607455099392e-06
0.28 0.19 0 2.4742128154617735e-06
0.28 0.2 0 5.162818832559945e-06
0.28 0.21 0 1.5541432195240377e-05
0.28 0.22 0 3.207735359505573e-05
0.28 0.23 0 3.714218042594601e-05
0.28 0.24 0 1.6959738996480666e-05
0.28 0.25 0 5.527821749214868e-06
0.28 0.26 0 4.9417918224742555e-06
0.28 0.27 0 9.420216778640872e-06
0.28 0.28 0 2.7254905253082314e-05
0.28 0.29 0 3.4298082732414814e-05
0.28 0.3 0 1.9367941088452517e-05
0.28 0.31 0 1.5581799606315956e-05
0.28 0.32 0 7.716499723667258e-06
0.28 0.33 0 5.9490828624439615e-06
0.28 0.34 0 8.058185058420598e-06
0.28 0.35000000000000003 0 1.08526497382439e-05
0.28 0.36 0 2.1841287911109673e-05
0.28 0.37 0 1.710004959826808e-05
0.28 0.38 0 2.2015684509839732e-05
0.28 0.39 0 6.92994500493435e-05
0.28 0.4 0 0.0001292970874576375
0.28 0.41000000000000003 0 0.00028116338430542995
0.28 0.42 0 0.0002181955218015049
0.28 0.43 0 0.00021071210239266897
0.28 0.44 0 0.00035509858568550116
0.28 0.45 0 0.0002034409401865578
0.28 0.46 0 0.00031456936633931923
0.28 0.47000000000000003 0 0.0005683721421417212
0.28 0.48 0 0.0009189630879372231
0.28 0.49 0 0.0016361835290858427
0.28 0.5 0 0.0009478270708648823
0.29 0.0 0 1.8184914403171398e-06
0.29 0.01 0 2.3684770144217594e-06
0.29 0.02 0 1.311995025938982e-06
0.29 0.03 0 1.2961151055017584e-06
0.29 0.04 0 1.5485232363610295e-06
0.29 0.05 0 9.421232728609569e-07
0.29 0.06 0 1.4428773205891797e-06
0.29 0.07 0 7.238161571303705e-07
0.29 0.08 0 4.525497395691878e-07
0.29 0.09 0 8.770586238737543e-07
0.29 0.1 0 1.403508201016874e-06
0.29 0.11 0 3.896756967053829e-06
0.29 0.12 0 3.4346379711657477e-06
0.29 0.13 0 2.6723249101058797e-06
0.29 0.14 0 3.636951584342087e-06
0.29 0.15 0 2.0557117922486335e-06
0.29 0.16 0 2.7949534304093708e-06
0.29 0.17 0 4.422603673428229e-06
0.29 0.18 0 5.382617877501634e-06
0.29 0.19 0 6.125412141023323e-06
0.29 0.2 0 2.99918816565452e-06
0.29 0.21 0 4.233505250925037e-06
0.29 0.22 0 9.651046755466175e-06
0.29 0.23 0 1.3248767100215969e-05
0.29 0.24 0 1.3872968643873435e-05
0.29 0.25 0 5.6479958145112244e-06
0.29 0.26 0 2.9090997844804353e-06
0.29 0.27 0 1.8367284471361829e-06
0.29 0.28 0 1.3857551862131836e-06
0.29 0.29 0 3.0922799357135547e-06
0.29 0.3 0 6.9141662406192854e-06
0.29 0.31 0 7.94634133740383e-06
0.29 0.32 0 3.749709133346788e-06
0.29 0.33 0 1.2897072942287723e-06
0.29 0.34 0 7.883164342366898e-07
0.29 0.35000000000000003 0 6.473361875967739e-07
0.29 0.36 0 8.137531993121308e-07
0.29 0.37 0 1.563032443090993e-06
0.29 0.38 0 3.293849410760095e-06
0.29 0.39 0 6.106201412096615e-06
0.29 0.4 0 1.181718636724829e-05
0.29 0.41000000000000003 0 2.3216994559880774e-05
0.29 0.42 0 2.99796324373165e-05
0.29 0.43 0 3.7054808147388325e-05
0.29 0.44 0 4.0760476489223426e-05
0.29 0.45 0 4.867850194345417e-05
0.29 0.46 0 6.433475455411727e-05
0.29 0.47000000000000003 0 6.249099168638838e-05
0.29 0.48 0 8.296272250821101e-05
0.29 0.49 0 6.15954517372729e-05
0.29 0.5 0 2.5819041557242793e-05
0.3 0.0 0 7.607362713731506e-06
0.3 0.01 0 1.0227324665269137e-05
0.3 0.02 0 6.4152278446874085e-06
0.3 0.03 0 1.4983354383612354e-05
0.3 0.04 0 2.3764111607224115e-05
0.3 0.05 0 4.9625616512230176e-05
0.3 0.06 0 4.3530597710334784e-05
0.3 0.07 0 1.0006946071131054e-05
0.3 0.08 0 7.70022964069742e-06
0.3 0.09 0 3.614269616561411e-06
0.3 0.1 0 3.4235352035807802e-06
0.3 0.11 0 8.127229139852072e-06
0.3 0.12 0 1.0873961867923453e-05
0.3 0.13 0 2.2444174676772667e-05
0.3 0.14 0 6.225808838375035e-06
0.3 0.15 0 1.1744460784864017e-06
0.3 0.16 0 1.031133946489055e-06
0.3 0.17 0 1.18085593655896e-06
0.3 0.18 0 7.626432081894154e-06
0.3 0.19 0 3.165448696442761e-05
0.3 0.2 0 6.0532791373800796e-05
0.3 0.21 0 0.00010618527670118749
0.3 0.22 0 3.678306223697486e-05
0.3 0.23 0 2.7797112256128717e-05
0.3 0.24 0 2.1799374537721108e-05
0.3 0.25 0 1.4437743322518615e-05
0.3 0.26 0 2.4955787708941952e-05
0.3 0.27 0 1.3766131342446666e-05
0.3 0.28 0 1.2082316284349243e-05
0.3 0.29 0 1.6064179434318695e-05
0.3 0.3 0 1.8379427546221176e-05
0.3 0.31 0 4.4171861251963153e-05
0.3 0.32 0 3.490001073338483e-05
0.3 0.33 0 3.999942786107577e-05
0.3 0.34 0 7.378384194410205e-05
0.3 0.35000000000000003 0 6.309279600693395e-05
0.3 0.36 0 7.478937454299959e-05
0.3 0.37 0 3.766002899021947e-05
0.3 0.38 0 1.7826564979990917e-05
0.3 0.39 0 9.990293863667169e-06
0.3 0.4 0 3.0553808295666217e-06
0.3 0.41000000000000003 0 3.0197987080874924e-06
0.3 0.42 0 5.279246979680447e-06
0.3 0.43 0 1.0053060979785088e-05
0.3 0.44 0 1.2988201590624343e-05
0.3 0.45 0 6.346905667542759e-06
0.3 0.46 0 6.270412427884386e-06
0.3 0.47000000000000003 0 7.431896171128689e-06
0.3 0.48 0 7.258601913956295e-06
0.3 0.49 0 1.3079945459493878e-05
0.3 0.5 0 3.293158163069968e-05
#STOP
