#MEDIUM_PROPERTIES_DISTRIBUTED
$MSH_TYPE
	 GROUNDWATER_FLOW	
$MMP_TYPE
	 PERMEABILITY	
$DIS_TYPE
	 NEAREST_VALUE	
;hj
$CONVERSION_FACTOR
	 1.0	
$DATA
0.0 0.0 0 1.0415936057360767e-08
0.0 0.01 0 9.003254923099366e-09
0.0 0.02 0 1.5029777423091307e-08
0.0 0.03 0 6.276681764932859e-09
0.0 0.04 0 3.311152472568188e-09
0.0 0.05 0 4.316671718549034e-09
0.0 0.06 0 2.8610135900143234e-09
0.0 0.07 0 4.886010419394513e-09
0.0 0.08 0 1.119843800451003e-08
0.0 0.09 0 9.025779608970488e-09
0.0 0.1 0 8.917889011746443e-09
0.0 0.11 0 9.422716919360389e-09
0.0 0.12 0 9.270759851927454e-09
0.0 0.13 0 1.5824992012672812e-08
0.0 0.14 0 2.1494672477623694e-08
0.0 0.15 0 2.444173715674363e-08
0.0 0.16 0 2.572661580909889e-08
0.0 0.17 0 2.1755568870705292e-08
0.0 0.18 0 2.6261220386970658e-08
0.0 0.19 0 2.8509118222373514e-08
0.0 0.2 0 3.679789868072041e-08
0.0 0.21 0 5.323374772286507e-08
0.0 0.22 0 6.157156584357536e-08
0.0 0.23 0 6.253799906941099e-08
0.0 0.24 0 3.8400671027986636e-08
0.0 0.25 0 3.304545509032481e-08
0.0 0.26 0 3.4617076687556955e-08
0.0 0.27 0 4.232509433240032e-08
0.0 0.28 0 8.053349431988505e-08
0.0 0.29 0 1.4172456509020275e-07
0.0 0.3 0 2.524031672403148e-07
0.0 0.31 0 3.8314407292847477e-07
0.0 0.32 0 6.532828442837922e-07
0.0 0.33 0 4.5830550720464987e-07
0.0 0.34 0 2.0264221501676935e-07
0.0 0.35000000000000003 0 2.2199173311230543e-07
0.0 0.36 0 1.1682599843205497e-07
0.0 0.37 0 9.599901725398421e-08
0.0 0.38 0 1.8739433648257811e-07
0.0 0.39 0 1.2648042164287635e-07
0.0 0.4 0 1.5404720545039238e-07
0.0 0.41000000000000003 0 3.212634309523613e-07
0.0 0.42 0 2.139618077447706e-07
0.0 0.43 0 1.6298321562592904e-07
0.0 0.44 0 1.7231354206784434e-07
0.0 0.45 0 1.57371463683455e-07
0.0 0.46 0 2.5824393868050765e-07
0.0 0.47000000000000003 0 4.0744331750092127e-07
0.0 0.48 0 4.420878915611999e-07
0.0 0.49 0 2.933338581850676e-07
0.0 0.5 0 2.139734367499948e-07
0.01 0.0 0 2.4748364222850045e-08
0.01 0.01 0 2.5742767131263772e-08
0.01 0.02 0 4.303986581574482e-08
0.01 0.03 0 4.5319579926042996e-08
0.01 0.04 0 3.9994256188796725e-08
0.01 0.05 0 4.0187212622541664e-08
0.01 0.06 0 5.747916977738324e-08
0.01 0.07 0 4.6742902437620736e-08
0.01 0.08 0 3.856952022836316e-08
0.01 0.09 0 4.23836492501503e-08
0.01 0.1 0 2.004959893267913e-08
0.01 0.11 0 2.997620805115231e-08
0.01 0.12 0 4.76642603028424e-08
0.01 0.13 0 2.7447706957009913e-08
0.01 0.14 0 3.2781435532767204e-08
0.01 0.15 0 2.3776814998167e-08
0.01 0.16 0 2.026121365752272e-08
0.01 0.17 0 3.081955283875144e-08
0.01 0.18 0 2.3539620266518175e-08
0.01 0.19 0 2.2056038808351598e-08
0.01 0.2 0 2.394166656855567e-08
0.01 0.21 0 2.2578134845907394e-08
0.01 0.22 0 3.453312271732654e-08
0.01 0.23 0 5.4399392303521567e-08
0.01 0.24 0 7.778910824327474e-08
0.01 0.25 0 1.8103762439789468e-07
0.01 0.26 0 3.415006689000222e-07
0.01 0.27 0 3.253482784679618e-07
0.01 0.28 0 2.2948822613545862e-07
0.01 0.29 0 1.790579075574172e-07
0.01 0.3 0 1.8693609914057178e-07
0.01 0.31 0 2.377525039974219e-07
0.01 0.32 0 3.8746368760617673e-07
0.01 0.33 0 2.922375210712393e-07
0.01 0.34 0 1.4803072688624186e-07
0.01 0.35000000000000003 0 1.4145719206980158e-07
0.01 0.36 0 1.217388130534438e-07
0.01 0.37 0 1.049766320174763e-07
0.01 0.38 0 1.33053531433982e-07
0.01 0.39 0 2.2533884931428044e-07
0.01 0.4 0 2.64837782542416e-07
0.01 0.41000000000000003 0 4.45221152744331e-07
0.01 0.42 0 8.74361518746101e-07
0.01 0.43 0 4.5124049352668387e-07
0.01 0.44 0 6.24441442911764e-07
0.01 0.45 0 1.1545419161299223e-06
0.01 0.46 0 6.821348044871394e-07
0.01 0.47000000000000003 0 9.073599844695915e-07
0.01 0.48 0 7.542737654871744e-07
0.01 0.49 0 4.3701940759875637e-07
0.01 0.5 0 6.249445260930524e-07
0.02 0.0 0 5.415236771335656e-08
0.02 0.01 0 3.8296096204072324e-08
0.02 0.02 0 5.3041269308052934e-08
0.02 0.03 0 5.741824272743191e-08
0.02 0.04 0 4.345226272545058e-08
0.02 0.05 0 8.481863237984465e-08
0.02 0.06 0 1.8913676434764778e-07
0.02 0.07 0 2.3787327902585945e-07
0.02 0.08 0 1.9802733656131098e-07
0.02 0.09 0 1.1891198554867811e-07
0.02 0.1 0 6.865472960885325e-08
0.02 0.11 0 5.027391246680004e-08
0.02 0.12 0 4.795845897156681e-08
0.02 0.13 0 4.401937388351299e-08
0.02 0.14 0 3.128116989627818e-08
0.02 0.15 0 4.23993205303728e-08
0.02 0.16 0 7.327285923676247e-08
0.02 0.17 0 8.124171334090569e-08
0.02 0.18 0 1.7056541180663432e-07
0.02 0.19 0 2.1109490913859588e-07
0.02 0.2 0 2.2036178800120384e-07
0.02 0.21 0 3.285903301056634e-07
0.02 0.22 0 1.6076001313747327e-07
0.02 0.23 0 1.6709473117759277e-07
0.02 0.24 0 2.553845950822038e-07
0.02 0.25 0 3.614736101884718e-07
0.02 0.26 0 1.3553917817730776e-06
0.02 0.27 0 1.8122677259686191e-06
0.02 0.28 0 1.4116808981823488e-06
0.02 0.29 0 1.7693579501572746e-06
0.02 0.3 0 1.5248555486711526e-06
0.02 0.31 0 1.186518405995305e-06
0.02 0.32 0 1.0732538102299173e-06
0.02 0.33 0 7.480809398744884e-07
0.02 0.34 0 4.486440301158406e-07
0.02 0.35000000000000003 0 4.948576253803917e-07
0.02 0.36 0 5.793104213316595e-07
0.02 0.37 0 3.838027331652936e-07
0.02 0.38 0 3.1373078375128754e-07
0.02 0.39 0 4.067891741469181e-07
0.02 0.4 0 4.4007718707648387e-07
0.02 0.41000000000000003 0 5.708789728031955e-07
0.02 0.42 0 9.600654259080184e-07
0.02 0.43 0 7.879967339162385e-07
0.02 0.44 0 6.403075321118103e-07
0.02 0.45 0 8.33950904348671e-07
0.02 0.46 0 6.930185062673067e-07
0.02 0.47000000000000003 0 3.8107473514337894e-07
0.02 0.48 0 3.981629644314706e-07
0.02 0.49 0 4.0310034842480237e-07
0.02 0.5 0 2.3675462685085351e-07
0.03 0.0 0 5.993533537447734e-07
0.03 0.01 0 3.082640463649611e-07
0.03 0.02 0 2.151221807010254e-07
0.03 0.03 0 2.1130222998201461e-07
0.03 0.04 0 1.2443391192528467e-07
0.03 0.05 0 1.241915552187823e-07
0.03 0.06 0 1.607255882523702e-07
0.03 0.07 0 1.3055295219714356e-07
0.03 0.08 0 8.166695841749676e-08
0.03 0.09 0 1.0259371541480106e-07
0.03 0.1 0 1.2931333597166592e-07
0.03 0.11 0 1.5920817478269288e-07
0.03 0.12 0 2.544598252162231e-07
0.03 0.13 0 2.1208263109329424e-07
0.03 0.14 0 1.932461727608422e-07
0.03 0.15 0 1.9198791754374097e-07
0.03 0.16 0 1.906068039340166e-07
0.03 0.17 0 2.3617558891336357e-07
0.03 0.18 0 2.48130282467268e-07
0.03 0.19 0 3.695367326083456e-07
0.03 0.2 0 5.106220939632711e-07
0.03 0.21 0 4.589169255624488e-07
0.03 0.22 0 4.3772225984351286e-07
0.03 0.23 0 3.699102102218272e-07
0.03 0.24 0 4.2143756876497426e-07
0.03 0.25 0 6.790306207177126e-07
0.03 0.26 0 6.170122607477288e-07
0.03 0.27 0 5.764273818312196e-07
0.03 0.28 0 4.2154323362840885e-07
0.03 0.29 0 2.892505993382312e-07
0.03 0.3 0 7.516474879889023e-07
0.03 0.31 0 9.182630538768924e-07
0.03 0.32 0 8.116824332190913e-07
0.03 0.33 0 1.2482449468241302e-06
0.03 0.34 0 5.474395269415661e-07
0.03 0.35000000000000003 0 4.799620146151754e-07
0.03 0.36 0 7.559223558167356e-07
0.03 0.37 0 5.358467540742716e-07
0.03 0.38 0 5.1111078488431e-07
0.03 0.39 0 5.71212080374223e-07
0.03 0.4 0 5.157212467725542e-07
0.03 0.41000000000000003 0 4.151271531204334e-07
0.03 0.42 0 5.583357490166142e-07
0.03 0.43 0 7.098159372789281e-07
0.03 0.44 0 6.002953959741858e-07
0.03 0.45 0 7.436742685935028e-07
0.03 0.46 0 5.889324923358721e-07
0.03 0.47000000000000003 0 2.7126509470900984e-07
0.03 0.48 0 2.018351834290751e-07
0.03 0.49 0 2.2461247379948197e-07
0.03 0.5 0 1.9410489731408953e-07
0.04 0.0 0 7.545384052742343e-08
0.04 0.01 0 1.3157472928286518e-07
0.04 0.02 0 1.1885036671590845e-07
0.04 0.03 0 1.895509490682087e-07
0.04 0.04 0 3.582427891012718e-07
0.04 0.05 0 2.2533889854652946e-07
0.04 0.06 0 2.2607844113676653e-07
0.04 0.07 0 2.2237065504304147e-07
0.04 0.08 0 1.0969005387393545e-07
0.04 0.09 0 1.7815089207991094e-07
0.04 0.1 0 3.015611901270127e-07
0.04 0.11 0 3.0914641192370684e-07
0.04 0.12 0 4.581337266161513e-07
0.04 0.13 0 5.188027041974999e-07
0.04 0.14 0 6.527821110501602e-07
0.04 0.15 0 9.357260954922718e-07
0.04 0.16 0 1.1175042887342795e-06
0.04 0.17 0 7.842312368988372e-07
0.04 0.18 0 4.51325363214917e-07
0.04 0.19 0 3.068716515946547e-07
0.04 0.2 0 2.0806539286541393e-07
0.04 0.21 0 2.40078593014534e-07
0.04 0.22 0 1.960748912508219e-07
0.04 0.23 0 1.6801758326742536e-07
0.04 0.24 0 2.0182383320265054e-07
0.04 0.25 0 1.4403604710466388e-07
0.04 0.26 0 1.5736033147727107e-07
0.04 0.27 0 1.5527263483372263e-07
0.04 0.28 0 1.257656318681994e-07
0.04 0.29 0 1.3758619480993337e-07
0.04 0.3 0 1.3526609807050538e-07
0.04 0.31 0 1.587314857614049e-07
0.04 0.32 0 1.5174562073560596e-07
0.04 0.33 0 2.0942379812349438e-07
0.04 0.34 0 5.439396252774345e-07
0.04 0.35000000000000003 0 7.93800277590129e-07
0.04 0.36 0 1.5398195479530522e-06
0.04 0.37 0 3.17341376352921e-06
0.04 0.38 0 1.6035873850425107e-06
0.04 0.39 0 1.4204740676003645e-06
0.04 0.4 0 1.5842369273905532e-06
0.04 0.41000000000000003 0 6.778082844523695e-07
0.04 0.42 0 1.0772015058640093e-06
0.04 0.43 0 1.730402547262307e-06
0.04 0.44 0 1.1607880217148334e-06
0.04 0.45 0 1.0636156315651638e-06
0.04 0.46 0 6.246459414101434e-07
0.04 0.47000000000000003 0 3.7402992844216144e-07
0.04 0.48 0 3.6831292685939213e-07
0.04 0.49 0 6.36765134568418e-07
0.04 0.5 0 7.907602139074425e-07
0.05 0.0 0 7.678019566416438e-08
0.05 0.01 0 6.603458693917665e-08
0.05 0.02 0 4.510115678692926e-08
0.05 0.03 0 5.4426569291956276e-08
0.05 0.04 0 5.8351115286954994e-08
0.05 0.05 0 6.810386864727281e-08
0.05 0.06 0 4.379610457068599e-08
0.05 0.07 0 4.01446988078441e-08
0.05 0.08 0 4.109315285029042e-08
0.05 0.09 0 3.053756133928739e-08
0.05 0.1 0 5.977769039969038e-08
0.05 0.11 0 6.723941839772643e-08
0.05 0.12 0 4.415425875893513e-08
0.05 0.13 0 5.857546000318933e-08
0.05 0.14 0 5.3626934250902336e-08
0.05 0.15 0 5.200121150137034e-08
0.05 0.16 0 9.103451444348312e-08
0.05 0.17 0 9.508575969231226e-08
0.05 0.18 0 1.0468112460085232e-07
0.05 0.19 0 1.4191869427400093e-07
0.05 0.2 0 1.3128604962744537e-07
0.05 0.21 0 1.9471127400006325e-07
0.05 0.22 0 2.988417114221362e-07
0.05 0.23 0 3.857892526694723e-07
0.05 0.24 0 6.14630716822279e-07
0.05 0.25 0 7.883758790114159e-07
0.05 0.26 0 9.737047259981961e-07
0.05 0.27 0 1.8797785396813194e-06
0.05 0.28 0 4.6296634404543996e-06
0.05 0.29 0 5.413992095306579e-06
0.05 0.3 0 5.952673606186402e-06
0.05 0.31 0 4.96239845453263e-06
0.05 0.32 0 1.997939192230792e-06
0.05 0.33 0 1.8291832599682533e-06
0.05 0.34 0 1.500868366766083e-06
0.05 0.35000000000000003 0 9.965593003378777e-07
0.05 0.36 0 1.0345673654974482e-06
0.05 0.37 0 1.1834104882728902e-06
0.05 0.38 0 1.5930785740483855e-06
0.05 0.39 0 1.2178666152144579e-06
0.05 0.4 0 1.2433577619739983e-06
0.05 0.41000000000000003 0 1.0933617157967123e-06
0.05 0.42 0 5.851630159896249e-07
0.05 0.43 0 1.08000699066003e-06
0.05 0.44 0 1.2723453940716416e-06
0.05 0.45 0 7.430615019265376e-07
0.05 0.46 0 1.2754098615133166e-06
0.05 0.47000000000000003 0 1.2804138443291152e-06
0.05 0.48 0 8.83926332951434e-07
0.05 0.49 0 1.6129257369030403e-06
0.05 0.5 0 1.6303691778816435e-06
0.06 0.0 0 4.860910875154563e-07
0.06 0.01 0 1.1124277669715371e-06
0.06 0.02 0 1.4285696757830976e-06
0.06 0.03 0 1.3011297849284927e-06
0.06 0.04 0 1.9472701581949924e-06
0.06 0.05 0 1.1884307005979406e-06
0.06 0.06 0 6.195037700861305e-07
0.06 0.07 0 8.88430337966611e-07
0.06 0.08 0 8.992833535787647e-07
0.06 0.09 0 9.784228289661216e-07
0.06 0.1 0 8.799702858063586e-07
0.06 0.11 0 4.552348133422668e-07
0.06 0.12 0 3.086954489787984e-07
0.06 0.13 0 1.6175651280072493e-07
0.06 0.14 0 1.5226397818632474e-07
0.06 0.15 0 1.2273718599780958e-07
0.06 0.16 0 7.332185261705252e-08
0.06 0.17 0 9.67245647925436e-08
0.06 0.18 0 6.312213703699835e-08
0.06 0.19 0 5.337718756743841e-08
0.06 0.2 0 7.91097973556294e-08
0.06 0.21 0 1.0949257325317395e-07
0.06 0.22 0 3.679748009715702e-07
0.06 0.23 0 8.258862202075091e-07
0.06 0.24 0 8.018486528278845e-07
0.06 0.25 0 7.186527369780312e-07
0.06 0.26 0 4.539841728980001e-07
0.06 0.27 0 4.196220244303034e-07
0.06 0.28 0 8.03378331187644e-07
0.06 0.29 0 8.234873801885184e-07
0.06 0.3 0 6.058379162074443e-07
0.06 0.31 0 6.647609960005033e-07
0.06 0.32 0 4.644705931506055e-07
0.06 0.33 0 3.3816494787659694e-07
0.06 0.34 0 4.0593287694386246e-07
0.06 0.35000000000000003 0 3.6613096990774994e-07
0.06 0.36 0 3.5479350543019864e-07
0.06 0.37 0 8.615082952222159e-07
0.06 0.38 0 1.650090364891826e-06
0.06 0.39 0 1.9554459725458258e-06
0.06 0.4 0 4.408569833191244e-06
0.06 0.41000000000000003 0 5.88073879121721e-06
0.06 0.42 0 5.0492592860275345e-06
0.06 0.43 0 4.156404987489996e-06
0.06 0.44 0 2.299137419189151e-06
0.06 0.45 0 1.5601094777236817e-06
0.06 0.46 0 1.420030769203533e-06
0.06 0.47000000000000003 0 2.9516781927040213e-06
0.06 0.48 0 2.8844711551090044e-06
0.06 0.49 0 1.4498945777688967e-06
0.06 0.5 0 1.9137376688811432e-06
0.07 0.0 0 7.031257922403586e-07
0.07 0.01 0 6.061596523607819e-07
0.07 0.02 0 6.85254451697048e-07
0.07 0.03 0 5.079307182262096e-07
0.07 0.04 0 4.0793241148926067e-07
0.07 0.05 0 3.992052872313373e-07
0.07 0.06 0 2.078410700517351e-07
0.07 0.07 0 1.811489055214057e-07
0.07 0.08 0 2.80936574887546e-07
0.07 0.09 0 1.6474661666145276e-07
0.07 0.1 0 1.4791749280387712e-07
0.07 0.11 0 2.2105324488634862e-07
0.07 0.12 0 2.3434043610260892e-07
0.07 0.13 0 3.841323322659469e-07
0.07 0.14 0 5.03566130244391e-07
0.07 0.15 0 4.3190635424934243e-07
0.07 0.16 0 6.123234793379997e-07
0.07 0.17 0 7.623884802865278e-07
0.07 0.18 0 8.351763572448689e-07
0.07 0.19 0 8.043842436467444e-07
0.07 0.2 0 4.3140448598714175e-07
0.07 0.21 0 4.324449540640704e-07
0.07 0.22 0 4.0456464795782696e-07
0.07 0.23 0 2.9714438084910387e-07
0.07 0.24 0 3.1087475852085954e-07
0.07 0.25 0 2.159332614576853e-07
0.07 0.26 0 3.0236590232355604e-07
0.07 0.27 0 3.655221422160821e-07
0.07 0.28 0 2.731997661234315e-07
0.07 0.29 0 2.5778950612639864e-07
0.07 0.3 0 1.1866003593452193e-07
0.07 0.31 0 1.4255698845525764e-07
0.07 0.32 0 3.081369251146315e-07
0.07 0.33 0 2.875013645079106e-07
0.07 0.34 0 3.6747894273408204e-07
0.07 0.35000000000000003 0 3.937164256253441e-07
0.07 0.36 0 2.30932669826246e-07
0.07 0.37 0 2.30439574120435e-07
0.07 0.38 0 3.3035608190860613e-07
0.07 0.39 0 2.6577678277732443e-07
0.07 0.4 0 3.448305712402537e-07
0.07 0.41000000000000003 0 6.542534292359653e-07
0.07 0.42 0 4.084140546001427e-07
0.07 0.43 0 2.2109957506709423e-07
0.07 0.44 0 1.769915358755843e-07
0.07 0.45 0 1.271148551614126e-07
0.07 0.46 0 1.8536582982696587e-07
0.07 0.47000000000000003 0 4.78168163394804e-07
0.07 0.48 0 5.585387553681594e-07
0.07 0.49 0 4.899567352158638e-07
0.07 0.5 0 5.91774757248273e-07
0.08 0.0 0 9.156824622876777e-08
0.08 0.01 0 5.3953053343253485e-08
0.08 0.02 0 5.8767273140888185e-08
0.08 0.03 0 5.506596028190828e-08
0.08 0.04 0 2.8856968952139983e-08
0.08 0.05 0 4.190437942166501e-08
0.08 0.06 0 5.4376468866436997e-08
0.08 0.07 0 6.171413174712636e-08
0.08 0.08 0 1.3223171478586278e-07
0.08 0.09 0 1.3966671310663236e-07
0.08 0.1 0 1.275326126747108e-07
0.08 0.11 0 1.9080604153983706e-07
0.08 0.12 0 2.5584856444576044e-07
0.08 0.13 0 1.7609409564000678e-07
0.08 0.14 0 1.3081269323132083e-07
0.08 0.15 0 1.0851950516515475e-07
0.08 0.16 0 7.142660784722588e-08
0.08 0.17 0 1.0591697281681652e-07
0.08 0.18 0 1.0673250966973688e-07
0.08 0.19 0 8.361891088534943e-08
0.08 0.2 0 1.2082355801982836e-07
0.08 0.21 0 1.1803079901811395e-07
0.08 0.22 0 1.6954218345765373e-07
0.08 0.23 0 2.1794061938754343e-07
0.08 0.24 0 1.4597630877038095e-07
0.08 0.25 0 1.9011635204367364e-07
0.08 0.26 0 2.5855226781469864e-07
0.08 0.27 0 2.5664675337034963e-07
0.08 0.28 0 3.277389939798697e-07
0.08 0.29 0 2.443830093990107e-07
0.08 0.3 0 1.674604120808518e-07
0.08 0.31 0 1.8660664035272155e-07
0.08 0.32 0 2.1105336739548777e-07
0.08 0.33 0 3.0159799750107726e-07
0.08 0.34 0 2.9342772375330663e-07
0.08 0.35000000000000003 0 3.8377182357489815e-07
0.08 0.36 0 5.057137638214018e-07
0.08 0.37 0 2.5764937685846704e-07
0.08 0.38 0 3.1255644201869184e-07
0.08 0.39 0 2.6592857497911727e-07
0.08 0.4 0 1.6379361316049815e-07
0.08 0.41000000000000003 0 3.7414618540048123e-07
0.08 0.42 0 4.5488537891524926e-07
0.08 0.43 0 3.662325054729415e-07
0.08 0.44 0 5.423639571278893e-07
0.08 0.45 0 6.707504866138823e-07
0.08 0.46 0 5.584341164850934e-07
0.08 0.47000000000000003 0 6.472554360728465e-07
0.08 0.48 0 6.250878894271248e-07
0.08 0.49 0 2.9587652839768057e-07
0.08 0.5 0 3.1250909404746585e-07
0.09 0.0 0 3.5392714130585354e-07
0.09 0.01 0 3.22687817695989e-07
0.09 0.02 0 3.903034310392707e-07
0.09 0.03 0 2.2512668075191287e-07
0.09 0.04 0 1.377089148667264e-07
0.09 0.05 0 1.4687214891586237e-07
0.09 0.06 0 2.3135839974638467e-07
0.09 0.07 0 2.9703265103771757e-07
0.09 0.08 0 2.715890222014613e-07
0.09 0.09 0 2.6949916439817426e-07
0.09 0.1 0 2.245013879407812e-07
0.09 0.11 0 2.7548329375976527e-07
0.09 0.12 0 7.945906399599023e-07
0.09 0.13 0 1.1608482249785422e-06
0.09 0.14 0 1.2521419518265276e-06
0.09 0.15 0 1.5272606021933342e-06
0.09 0.16 0 9.501262509509627e-07
0.09 0.17 0 7.893634432421159e-07
0.09 0.18 0 7.437815011035343e-07
0.09 0.19 0 5.827682553899052e-07
0.09 0.2 0 5.199006096806209e-07
0.09 0.21 0 4.817201537264416e-07
0.09 0.22 0 4.0917788840683604e-07
0.09 0.23 0 3.351706314106582e-07
0.09 0.24 0 3.734436865171678e-07
0.09 0.25 0 2.9833915059024956e-07
0.09 0.26 0 3.3970698044219267e-07
0.09 0.27 0 3.42240098466528e-07
0.09 0.28 0 1.5841077923991241e-07
0.09 0.29 0 1.9029544285807382e-07
0.09 0.3 0 1.7312923554334378e-07
0.09 0.31 0 1.597970561211519e-07
0.09 0.32 0 4.1248384164193266e-07
0.09 0.33 0 5.105644172639475e-07
0.09 0.34 0 6.372867067355265e-07
0.09 0.35000000000000003 0 1.1364156976539873e-06
0.09 0.36 0 1.1634122729945384e-06
0.09 0.37 0 9.95067124896878e-07
0.09 0.38 0 8.301618246707579e-07
0.09 0.39 0 7.245727293660657e-07
0.09 0.4 0 5.494443621781473e-07
0.09 0.41000000000000003 0 3.6284800676428436e-07
0.09 0.42 0 3.6463574166130316e-07
0.09 0.43 0 2.258534474296734e-07
0.09 0.44 0 1.436737937399189e-07
0.09 0.45 0 3.140609206212425e-07
0.09 0.46 0 2.934718509842064e-07
0.09 0.47000000000000003 0 2.2926991393775332e-07
0.09 0.48 0 3.182978658237011e-07
0.09 0.49 0 1.3599292700288965e-07
0.09 0.5 0 8.650633796387467e-08
0.1 0.0 0 1.220311764638465e-06
0.1 0.01 0 8.854167432771106e-07
0.1 0.02 0 6.786725168681762e-07
0.1 0.03 0 1.1526931544539478e-06
0.1 0.04 0 5.206625607518635e-07
0.1 0.05 0 4.2506392479411146e-07
0.1 0.06 0 7.604671933759771e-07
0.1 0.07 0 5.021866876239761e-07
0.1 0.08 0 6.673705167997443e-07
0.1 0.09 0 7.20820452293507e-07
0.1 0.1 0 5.091448304630149e-07
0.1 0.11 0 5.210580522218864e-07
0.1 0.12 0 4.771611972219246e-07
0.1 0.13 0 6.042227591873841e-07
0.1 0.14 0 6.396000158384038e-07
0.1 0.15 0 7.239908535340922e-07
0.1 0.16 0 1.0042298772973741e-06
0.1 0.17 0 9.384310463757126e-07
0.1 0.18 0 1.0710566058408693e-06
0.1 0.19 0 1.296639566101359e-06
0.1 0.2 0 1.015557045196623e-06
0.1 0.21 0 8.058277352401943e-07
0.1 0.22 0 5.858424304941077e-07
0.1 0.23 0 3.942323579037071e-07
0.1 0.24 0 4.250265388053179e-07
0.1 0.25 0 3.9488111512231576e-07
0.1 0.26 0 3.4195341914668157e-07
0.1 0.27 0 3.2333394157895906e-07
0.1 0.28 0 2.2830562154309308e-07
0.1 0.29 0 2.5453467958858564e-07
0.1 0.3 0 3.9231479524737986e-07
0.1 0.31 0 3.9874927522930443e-07
0.1 0.32 0 3.2493976786075043e-07
0.1 0.33 0 3.8252267564549906e-07
0.1 0.34 0 3.084831541909611e-07
0.1 0.35000000000000003 0 2.890335569058462e-07
0.1 0.36 0 6.623594702677519e-07
0.1 0.37 0 4.3351416098135736e-07
0.1 0.38 0 2.864819362470189e-07
0.1 0.39 0 3.030588195956725e-07
0.1 0.4 0 1.0564938447215813e-07
0.1 0.41000000000000003 0 7.690240253321076e-08
0.1 0.42 0 8.085946509106102e-08
0.1 0.43 0 6.573923630127919e-08
0.1 0.44 0 6.22767501725376e-08
0.1 0.45 0 4.3903549486720046e-08
0.1 0.46 0 2.9545277252061103e-08
0.1 0.47000000000000003 0 1.4698325295481297e-08
0.1 0.48 0 1.4807791630335266e-08
0.1 0.49 0 3.3367976465720576e-08
0.1 0.5 0 4.088338168965342e-08
0.11 0.0 0 5.259853583125098e-06
0.11 0.01 0 5.15944201014472e-06
0.11 0.02 0 3.138878781634915e-06
0.11 0.03 0 2.6842618555944093e-06
0.11 0.04 0 2.587048149466076e-06
0.11 0.05 0 1.5809910821736771e-06
0.11 0.06 0 1.8562150360737434e-06
0.11 0.07 0 2.598076744759267e-06
0.11 0.08 0 1.7529130666449056e-06
0.11 0.09 0 2.1691871467096057e-06
0.11 0.1 0 2.4892760183473306e-06
0.11 0.11 0 9.483255714766315e-07
0.11 0.12 0 7.749521068706064e-07
0.11 0.13 0 5.589481281199772e-07
0.11 0.14 0 2.3985170406212633e-07
0.11 0.15 0 2.0878804820730204e-07
0.11 0.16 0 8.30062585955543e-08
0.11 0.17 0 4.364951389770865e-08
0.11 0.18 0 4.460205391717284e-08
0.11 0.19 0 4.13677838588998e-08
0.11 0.2 0 7.004558941631604e-08
0.11 0.21 0 5.8682968599458544e-08
0.11 0.22 0 3.952320316633988e-08
0.11 0.23 0 3.490313195827347e-08
0.11 0.24 0 2.6295668750911823e-08
0.11 0.25 0 2.845606485302128e-08
0.11 0.26 0 2.6500822821498616e-08
0.11 0.27 0 2.8362336918603023e-08
0.11 0.28 0 3.570026206538196e-08
0.11 0.29 0 4.294199919307522e-08
0.11 0.3 0 6.65371090226078e-08
0.11 0.31 0 7.514749481929279e-08
0.11 0.32 0 6.310810742437594e-08
0.11 0.33 0 7.721911649360236e-08
0.11 0.34 0 8.278499449061524e-08
0.11 0.35000000000000003 0 5.520703874858809e-08
0.11 0.36 0 6.475652505753592e-08
0.11 0.37 0 8.281266198032878e-08
0.11 0.38 0 6.719666539029602e-08
0.11 0.39 0 8.285470923203808e-08
0.11 0.4 0 7.953857863091448e-08
0.11 0.41000000000000003 0 3.761151104958423e-08
0.11 0.42 0 4.904049700242165e-08
0.11 0.43 0 1.244344855231181e-07
0.11 0.44 0 1.2074995338497738e-07
0.11 0.45 0 1.8221573031170714e-07
0.11 0.46 0 2.1527161851417032e-07
0.11 0.47000000000000003 0 1.1165617491476772e-07
0.11 0.48 0 1.6729668127612551e-07
0.11 0.49 0 1.7537709756615203e-07
0.11 0.5 0 1.2063398471578388e-07
0.12 0.0 0 1.13253747026483e-06
0.12 0.01 0 1.4170469781480905e-06
0.12 0.02 0 1.134234564910465e-06
0.12 0.03 0 1.660917525236547e-06
0.12 0.04 0 3.4171672272973605e-06
0.12 0.05 0 2.8341278278798715e-06
0.12 0.06 0 2.495529050893914e-06
0.12 0.07 0 2.2315667024928636e-06
0.12 0.08 0 1.9261006263219183e-06
0.12 0.09 0 1.9236825250526375e-06
0.12 0.1 0 2.0924811656605485e-06
0.12 0.11 0 1.472969644663857e-06
0.12 0.12 0 6.121435670632108e-07
0.12 0.13 0 5.762538828195332e-07
0.12 0.14 0 4.5587113842824473e-07
0.12 0.15 0 2.4958547069440595e-07
0.12 0.16 0 2.7103099738441503e-07
0.12 0.17 0 1.9549595239171754e-07
0.12 0.18 0 1.5737227434607307e-07
0.12 0.19 0 2.1159113890587143e-07
0.12 0.2 0 1.2971178141484173e-07
0.12 0.21 0 1.0165434768380915e-07
0.12 0.22 0 1.3281962747832678e-07
0.12 0.23 0 1.2318480292707462e-07
0.12 0.24 0 2.0570818468974503e-07
0.12 0.25 0 1.6792529680280375e-07
0.12 0.26 0 7.11782481699391e-08
0.12 0.27 0 7.481756733698167e-08
0.12 0.28 0 5.5659111105040954e-08
0.12 0.29 0 5.902916023509643e-08
0.12 0.3 0 8.337199360050455e-08
0.12 0.31 0 7.417675522765323e-08
0.12 0.32 0 8.297399106421348e-08
0.12 0.33 0 7.59494550649155e-08
0.12 0.34 0 7.035620365586486e-08
0.12 0.35000000000000003 0 4.245735938701224e-08
0.12 0.36 0 3.538605307673741e-08
0.12 0.37 0 8.88393102703571e-08
0.12 0.38 0 1.564564874197415e-07
0.12 0.39 0 2.529316367544241e-07
0.12 0.4 0 3.5778370490896626e-07
0.12 0.41000000000000003 0 2.399952697296545e-07
0.12 0.42 0 2.0512342873612835e-07
0.12 0.43 0 4.110314472447348e-07
0.12 0.44 0 5.528333263301276e-07
0.12 0.45 0 4.7337529988359646e-07
0.12 0.46 0 9.362987179890704e-07
0.12 0.47000000000000003 0 1.3775768173765644e-06
0.12 0.48 0 1.4831392303706922e-06
0.12 0.49 0 2.7945144093531854e-06
0.12 0.5 0 1.9686191288989616e-06
0.13 0.0 0 1.502073878039488e-06
0.13 0.01 0 1.8606270173513206e-06
0.13 0.02 0 1.3381496916378093e-06
0.13 0.03 0 2.283214200439767e-06
0.13 0.04 0 6.266341236531151e-06
0.13 0.05 0 7.319673277601582e-06
0.13 0.06 0 7.424860236530593e-06
0.13 0.07 0 8.689981960817859e-06
0.13 0.08 0 1.0552898495721824e-05
0.13 0.09 0 8.994208243704543e-06
0.13 0.1 0 8.184691390347682e-06
0.13 0.11 0 6.6602488912294525e-06
0.13 0.12 0 3.973063476303912e-06
0.13 0.13 0 4.362403848968765e-06
0.13 0.14 0 3.850980100121693e-06
0.13 0.15 0 2.602757751973739e-06
0.13 0.16 0 2.1616367565921185e-06
0.13 0.17 0 2.5655397259954474e-06
0.13 0.18 0 3.722041971710223e-06
0.13 0.19 0 3.614125105010962e-06
0.13 0.2 0 3.840338582663851e-06
0.13 0.21 0 2.407269733686653e-06
0.13 0.22 0 1.7454463233231383e-06
0.13 0.23 0 2.0284261859661583e-06
0.13 0.24 0 1.1709293073299394e-06
0.13 0.25 0 1.0025971375727533e-06
0.13 0.26 0 7.417848070954126e-07
0.13 0.27 0 4.7499698366561974e-07
0.13 0.28 0 6.755173648470546e-07
0.13 0.29 0 4.3421940071622393e-07
0.13 0.3 0 2.6036224298846534e-07
0.13 0.31 0 3.8626336513365084e-07
0.13 0.32 0 3.5260924349600686e-07
0.13 0.33 0 4.812536023296259e-07
0.13 0.34 0 9.212176255747808e-07
0.13 0.35000000000000003 0 5.386996339383025e-07
0.13 0.36 0 4.4784539839558176e-07
0.13 0.37 0 5.609257484771606e-07
0.13 0.38 0 5.265306214734599e-07
0.13 0.39 0 6.614642275873489e-07
0.13 0.4 0 8.511703347644696e-07
0.13 0.41000000000000003 0 1.2981858337650932e-06
0.13 0.42 0 1.251464296993316e-06
0.13 0.43 0 1.2858718829636564e-06
0.13 0.44 0 1.3136102028812092e-06
0.13 0.45 0 5.311024189363958e-07
0.13 0.46 0 5.421476820031824e-07
0.13 0.47000000000000003 0 8.724650687550128e-07
0.13 0.48 0 8.661321812452297e-07
0.13 0.49 0 1.267792103700886e-06
0.13 0.5 0 1.8372884909690459e-06
0.14 0.0 0 3.8437502507250374e-05
0.14 0.01 0 1.821718818471436e-05
0.14 0.02 0 1.9743629588223387e-05
0.14 0.03 0 1.0649253617463432e-05
0.14 0.04 0 1.7475591283244424e-05
0.14 0.05 0 1.9207881260897848e-05
0.14 0.06 0 6.555888565243582e-06
0.14 0.07 0 5.756228194650504e-06
0.14 0.08 0 5.331461953538516e-06
0.14 0.09 0 3.961776606161849e-06
0.14 0.1 0 5.944651800502456e-06
0.14 0.11 0 8.871117121538817e-06
0.14 0.12 0 1.0063121103207254e-05
0.14 0.13 0 1.3251944226630272e-05
0.14 0.14 0 1.4631661450560348e-05
0.14 0.15 0 1.4695214062350608e-05
0.14 0.16 0 1.6472593243943964e-05
0.14 0.17 0 2.1920777351428273e-05
0.14 0.18 0 2.5185812508967768e-05
0.14 0.19 0 1.7936652609111444e-05
0.14 0.2 0 1.2186552181413739e-05
0.14 0.21 0 7.286746493191471e-06
0.14 0.22 0 5.100971930530088e-06
0.14 0.23 0 3.5974133172141418e-06
0.14 0.24 0 2.2075608943754144e-06
0.14 0.25 0 1.536692787184362e-06
0.14 0.26 0 9.596598370494762e-07
0.14 0.27 0 9.177644690568842e-07
0.14 0.28 0 8.772156645100289e-07
0.14 0.29 0 8.797401582594294e-07
0.14 0.3 0 9.159344652003857e-07
0.14 0.31 0 9.168306796471e-07
0.14 0.32 0 1.867669290375707e-06
0.14 0.33 0 1.9450798820736553e-06
0.14 0.34 0 2.6181212547900664e-06
0.14 0.35000000000000003 0 5.248636686327414e-06
0.14 0.36 0 3.1888438597056473e-06
0.14 0.37 0 4.309641843488372e-06
0.14 0.38 0 5.228331356648189e-06
0.14 0.39 0 2.0932966622090133e-06
0.14 0.4 0 2.2153905414487092e-06
0.14 0.41000000000000003 0 2.7559993362812692e-06
0.14 0.42 0 2.462637542872784e-06
0.14 0.43 0 4.613986741563001e-06
0.14 0.44 0 7.3448488865173695e-06
0.14 0.45 0 6.8712347694240634e-06
0.14 0.46 0 7.37037955198562e-06
0.14 0.47000000000000003 0 8.09128445668689e-06
0.14 0.48 0 7.685759721026488e-06
0.14 0.49 0 5.2832667853246025e-06
0.14 0.5 0 5.675966094243812e-06
0.15 0.0 0 4.772803944253916e-05
0.15 0.01 0 5.8115634028092304e-05
0.15 0.02 0 7.818558565551827e-05
0.15 0.03 0 9.84492903119284e-05
0.15 0.04 0 0.00012993058020820204
0.15 0.05 0 0.00022558726423971886
0.15 0.06 0 0.0004020331026033296
0.15 0.07 0 0.00034718200404437613
0.15 0.08 0 0.0005871295883394337
0.15 0.09 0 0.000634218938868171
0.15 0.1 0 0.00027034301367478617
0.15 0.11 0 0.0003382940548855058
0.15 0.12 0 0.00018411912710115927
0.15 0.13 0 8.961668898390013e-05
0.15 0.14 0 0.00011573824314629945
0.15 0.15 0 7.941487480934157e-05
0.15 0.16 0 7.229840554191075e-05
0.15 0.17 0 6.330827315288304e-05
0.15 0.18 0 3.232512294480063e-05
0.15 0.19 0 2.0719446993342526e-05
0.15 0.2 0 1.7136947908492754e-05
0.15 0.21 0 2.0180047507371162e-05
0.15 0.22 0 3.0555641954474585e-05
0.15 0.23 0 3.575069484266698e-05
0.15 0.24 0 2.685105204143615e-05
0.15 0.25 0 2.076413864938835e-05
0.15 0.26 0 1.6857751048993306e-05
0.15 0.27 0 1.449446160095396e-05
0.15 0.28 0 1.4946508086875672e-05
0.15 0.29 0 1.2084071980917227e-05
0.15 0.3 0 6.037510188361046e-06
0.15 0.31 0 3.1203662854533293e-06
0.15 0.32 0 1.99941260819889e-06
0.15 0.33 0 1.0974063463459988e-06
0.15 0.34 0 8.745030404651306e-07
0.15 0.35000000000000003 0 8.520738825424782e-07
0.15 0.36 0 6.553351440368033e-07
0.15 0.37 0 4.7006670458613196e-07
0.15 0.38 0 4.82363397215314e-07
0.15 0.39 0 6.742098282534935e-07
0.15 0.4 0 6.572273320467113e-07
0.15 0.41000000000000003 0 1.6012043235739948e-06
0.15 0.42 0 2.6363546913644587e-06
0.15 0.43 0 1.3809951908869702e-06
0.15 0.44 0 2.4327550292059976e-06
0.15 0.45 0 2.118293550742438e-06
0.15 0.46 0 1.364486501322084e-06
0.15 0.47000000000000003 0 2.8593369206857494e-06
0.15 0.48 0 2.774240486151352e-06
0.15 0.49 0 2.896081390769778e-06
0.15 0.5 0 4.905410897569511e-06
0.16 0.0 0 0.0002338521242680384
0.16 0.01 0 0.00026007434405998987
0.16 0.02 0 0.0006318777485140908
0.16 0.03 0 0.0006408799078059809
0.16 0.04 0 0.00051631903422493
0.16 0.05 0 0.000743316945481605
0.16 0.06 0 0.0006625085766205723
0.16 0.07 0 0.000518086665095442
0.16 0.08 0 0.0004311656656436178
0.16 0.09 0 0.00033729352978064715
0.16 0.1 0 0.00023777096872988819
0.16 0.11 0 0.0001586449268834503
0.16 0.12 0 0.00013029203495667818
0.16 0.13 0 7.374786889722764e-05
0.16 0.14 0 3.824536212082139e-05
0.16 0.15 0 4.83103404276898e-05
0.16 0.16 0 4.03981372898505e-05
0.16 0.17 0 2.993030159304898e-05
0.16 0.18 0 3.760319997327225e-05
0.16 0.19 0 1.833971132953629e-05
0.16 0.2 0 1.6581546718375574e-05
0.16 0.21 0 2.142483480012858e-05
0.16 0.22 0 1.554767562794283e-05
0.16 0.23 0 2.4776628879169163e-05
0.16 0.24 0 2.296827286501012e-05
0.16 0.25 0 2.1288168783873532e-05
0.16 0.26 0 3.207198143615095e-05
0.16 0.27 0 2.6881955518947418e-05
0.16 0.28 0 3.186503027311985e-05
0.16 0.29 0 4.595535542909578e-05
0.16 0.3 0 4.614143794799063e-05
0.16 0.31 0 3.807761046570784e-05
0.16 0.32 0 3.601235169800717e-05
0.16 0.33 0 2.9434796670772815e-05
0.16 0.34 0 2.4155933339034838e-05
0.16 0.35000000000000003 0 3.405899179569324e-05
0.16 0.36 0 2.611546566339102e-05
0.16 0.37 0 1.1448182427166463e-05
0.16 0.38 0 7.5633412840911055e-06
0.16 0.39 0 5.932679763867846e-06
0.16 0.4 0 4.769621178274554e-06
0.16 0.41000000000000003 0 5.185198117829327e-06
0.16 0.42 0 5.3950334748858365e-06
0.16 0.43 0 3.7226962421575952e-06
0.16 0.44 0 3.6899441661679844e-06
0.16 0.45 0 5.689153462780508e-06
0.16 0.46 0 4.124215668277945e-06
0.16 0.47000000000000003 0 1.9452645907187124e-06
0.16 0.48 0 1.9975379971984776e-06
0.16 0.49 0 1.411657599715754e-06
0.16 0.5 0 1.4263328108013086e-06
0.17 0.0 0 0.0006473747760428969
0.17 0.01 0 0.0007018114831336828
0.17 0.02 0 0.0012008024796208736
0.17 0.03 0 0.0012069205035043894
0.17 0.04 0 0.0005567792235127626
0.17 0.05 0 0.0004049985388466095
0.17 0.06 0 0.0004958417250874901
0.17 0.07 0 0.00037175691451441536
0.17 0.08 0 0.00029774803567929125
0.17 0.09 0 0.0003906659876904619
0.17 0.1 0 0.00022226517885689766
0.17 0.11 0 0.00016670061865248177
0.17 0.12 0 0.00015901924385601556
0.17 0.13 0 0.00011204941239563394
0.17 0.14 0 0.00014923558541913147
0.17 0.15 0 0.00017312558959677155
0.17 0.16 0 0.00017188743131498762
0.17 0.17 0 0.0001176473610711665
0.17 0.18 0 7.085496631621271e-05
0.17 0.19 0 8.495662668632372e-05
0.17 0.2 0 8.1659967654579e-05
0.17 0.21 0 7.870426864236356e-05
0.17 0.22 0 7.50090722093271e-05
0.17 0.23 0 4.283603212053519e-05
0.17 0.24 0 4.2885718057073735e-05
0.17 0.25 0 4.971411632276418e-05
0.17 0.26 0 3.830759819873616e-05
0.17 0.27 0 4.657526843952439e-05
0.17 0.28 0 3.5725386464422436e-05
0.17 0.29 0 2.9045062839737737e-05
0.17 0.3 0 3.278345685589556e-05
0.17 0.31 0 8.845131332105971e-06
0.17 0.32 0 3.5871100773588607e-06
0.17 0.33 0 2.5114431426614533e-06
0.17 0.34 0 1.4129269809946927e-06
0.17 0.35000000000000003 0 2.5402594530414363e-06
0.17 0.36 0 3.529816082582968e-06
0.17 0.37 0 2.6149061549432417e-06
0.17 0.38 0 2.9790110046470572e-06
0.17 0.39 0 4.924262139290653e-06
0.17 0.4 0 5.837100628702212e-06
0.17 0.41000000000000003 0 5.1053671543056446e-06
0.17 0.42 0 6.150865117727487e-06
0.17 0.43 0 4.549143258990362e-06
0.17 0.44 0 4.771743476677618e-06
0.17 0.45 0 9.839248709069304e-06
0.17 0.46 0 1.1264329804065743e-05
0.17 0.47000000000000003 0 1.0886451020650078e-05
0.17 0.48 0 1.235847565221405e-05
0.17 0.49 0 1.1602890698787519e-05
0.17 0.5 0 6.481791459717874e-06
0.18 0.0 0 5.592163464440563e-05
0.18 0.01 0 8.96008299081879e-05
0.18 0.02 0 6.792761078525876e-05
0.18 0.03 0 0.0001047800117794945
0.18 0.04 0 0.0001302759864734789
0.18 0.05 0 0.00011651960937207991
0.18 0.06 0 0.00024139585540855322
0.18 0.07 0 0.00026495486941675986
0.18 0.08 0 0.00018286510385821732
0.18 0.09 0 0.0003190323162407927
0.18 0.1 0 0.00033748328057678166
0.18 0.11 0 0.00023203209943002315
0.18 0.12 0 0.00022958672584592386
0.18 0.13 0 0.00021314038691269026
0.18 0.14 0 0.00019106779714480395
0.18 0.15 0 0.00020972369099795535
0.18 0.16 0 0.00019245719638143845
0.18 0.17 0 0.0001171475325914217
0.18 0.18 0 0.00014684128670701638
0.18 0.19 0 0.00020546995126419492
0.18 0.2 0 0.00020816307685915796
0.18 0.21 0 0.00017780937487874165
0.18 0.22 0 6.786638466243824e-05
0.18 0.23 0 4.843863960672671e-05
0.18 0.24 0 4.39139454866763e-05
0.18 0.25 0 3.3393341423554695e-05
0.18 0.26 0 3.0477080538834262e-05
0.18 0.27 0 1.2560793999240107e-05
0.18 0.28 0 6.96010252894878e-06
0.18 0.29 0 5.18039946445666e-06
0.18 0.3 0 3.8684196639757345e-06
0.18 0.31 0 3.7675452859118807e-06
0.18 0.32 0 2.1210796670528463e-06
0.18 0.33 0 1.5956500291897122e-06
0.18 0.34 0 1.136977122788144e-06
0.18 0.35000000000000003 0 4.019563791012192e-07
0.18 0.36 0 3.57949498485841e-07
0.18 0.37 0 4.4480734197247547e-07
0.18 0.38 0 5.13544898391574e-07
0.18 0.39 0 2.031868398098759e-06
0.18 0.4 0 3.2656460462477636e-06
0.18 0.41000000000000003 0 1.56225253684221e-06
0.18 0.42 0 1.4004259774861879e-06
0.18 0.43 0 6.938286836825488e-07
0.18 0.44 0 3.327916822230493e-07
0.18 0.45 0 3.232262203845804e-07
0.18 0.46 0 2.805358216446062e-07
0.18 0.47000000000000003 0 2.2844131367517848e-07
0.18 0.48 0 2.543101189029402e-07
0.18 0.49 0 3.5380197151499456e-07
0.18 0.5 0 2.267490792375658e-07
0.19 0.0 0 9.945245090531186e-05
0.19 0.01 0 8.243519990007068e-05
0.19 0.02 0 6.692147821577415e-05
0.19 0.03 0 5.835677734592091e-05
0.19 0.04 0 5.072034165014337e-05
0.19 0.05 0 3.806028366927972e-05
0.19 0.06 0 1.755126243009504e-05
0.19 0.07 0 1.4847872851397602e-05
0.19 0.08 0 7.884835829734436e-06
0.19 0.09 0 5.293357846002709e-06
0.19 0.1 0 8.202019317065692e-06
0.19 0.11 0 5.412686567328194e-06
0.19 0.12 0 4.987866298866079e-06
0.19 0.13 0 8.735395097459556e-06
0.19 0.14 0 7.896770154349678e-06
0.19 0.15 0 6.810965551356858e-06
0.19 0.16 0 6.891721973819054e-06
0.19 0.17 0 4.942691623172342e-06
0.19 0.18 0 5.999595360368839e-06
0.19 0.19 0 1.0768275821411266e-05
0.19 0.2 0 1.1515503104831528e-05
0.19 0.21 0 1.0646213965560214e-05
0.19 0.22 0 8.618673556592643e-06
0.19 0.23 0 6.812582851448061e-06
0.19 0.24 0 7.208730866196904e-06
0.19 0.25 0 7.0065514841159255e-06
0.19 0.26 0 4.35177374229792e-06
0.19 0.27 0 3.0728316015647976e-06
0.19 0.28 0 1.951381476893103e-06
0.19 0.29 0 8.93355643412326e-07
0.19 0.3 0 8.710316007315416e-07
0.19 0.31 0 6.460355512975646e-07
0.19 0.32 0 5.14845785425096e-07
0.19 0.33 0 8.156900899889622e-07
0.19 0.34 0 6.215913488622878e-07
0.19 0.35000000000000003 0 4.530136265542857e-07
0.19 0.36 0 2.749280039444112e-07
0.19 0.37 0 1.7512079523863967e-07
0.19 0.38 0 1.326646141721566e-07
0.19 0.39 0 7.400856842933083e-08
0.19 0.4 0 8.706090842468248e-08
0.19 0.41000000000000003 0 5.955322291908789e-08
0.19 0.42 0 4.345532737345327e-08
0.19 0.43 0 9.737316331712407e-08
0.19 0.44 0 7.477695772108366e-08
0.19 0.45 0 5.2272732297149734e-08
0.19 0.46 0 7.330602377438678e-08
0.19 0.47000000000000003 0 4.45384222030738e-08
0.19 0.48 0 4.3080418281821004e-08
0.19 0.49 0 9.651258103109436e-08
0.19 0.5 0 9.648026967083962e-08
0.2 0.0 0 5.6037957831362414e-05
0.2 0.01 0 6.687826250203877e-05
0.2 0.02 0 2.9525800335644193e-05
0.2 0.03 0 2.4108376774509104e-05
0.2 0.04 0 4.234829845483111e-05
0.2 0.05 0 2.7917670658403782e-05
0.2 0.06 0 2.2685865648392727e-05
0.2 0.07 0 2.0689367101166046e-05
0.2 0.08 0 8.834776853555594e-06
0.2 0.09 0 5.9853956136230524e-06
0.2 0.1 0 4.5771399472059424e-06
0.2 0.11 0 4.91035545718682e-06
0.2 0.12 0 6.6351202995974135e-06
0.2 0.13 0 7.541332755162713e-06
0.2 0.14 0 1.0667063035596408e-05
0.2 0.15 0 5.053552330001752e-06
0.2 0.16 0 2.988288924645687e-06
0.2 0.17 0 3.118755423889604e-06
0.2 0.18 0 1.9236660385083665e-06
0.2 0.19 0 2.4762290209520323e-06
0.2 0.2 0 2.1784667935290857e-06
0.2 0.21 0 1.1046570121323467e-06
0.2 0.22 0 8.748299544499277e-07
0.2 0.23 0 6.492241606419859e-07
0.2 0.24 0 6.47128123245532e-07
0.2 0.25 0 8.722959282046761e-07
0.2 0.26 0 8.847162431277522e-07
0.2 0.27 0 7.528476749348248e-07
0.2 0.28 0 6.941339144539389e-07
0.2 0.29 0 4.357030330793774e-07
0.2 0.3 0 3.191578945545902e-07
0.2 0.31 0 3.8605316139808227e-07
0.2 0.32 0 2.9342797746540254e-07
0.2 0.33 0 2.548174848392934e-07
0.2 0.34 0 3.137155724271443e-07
0.2 0.35000000000000003 0 2.1634695276760615e-07
0.2 0.36 0 1.9092211570471771e-07
0.2 0.37 0 2.895604980051287e-07
0.2 0.38 0 1.8244610110614542e-07
0.2 0.39 0 1.0211544243988421e-07
0.2 0.4 0 7.179247334564935e-08
0.2 0.41000000000000003 0 2.950805141221987e-08
0.2 0.42 0 2.2139940811662627e-08
0.2 0.43 0 2.5599382095750936e-08
0.2 0.44 0 3.631511593961149e-08
0.2 0.45 0 4.758365775140084e-08
0.2 0.46 0 6.280979336268329e-08
0.2 0.47000000000000003 0 1.5744381922563083e-07
0.2 0.48 0 1.5858286379104305e-07
0.2 0.49 0 2.632098583004692e-07
0.2 0.5 0 7.042197147980733e-07
0.21 0.0 0 4.451493512516674e-05
0.21 0.01 0 3.492653988963609e-05
0.21 0.02 0 2.3876288932494053e-05
0.21 0.03 0 1.0772116268093273e-05
0.21 0.04 0 7.361013773779758e-06
0.21 0.05 0 6.0256709375413986e-06
0.21 0.06 0 2.202649163209629e-06
0.21 0.07 0 2.2238680963601257e-06
0.21 0.08 0 2.7996210405945154e-06
0.21 0.09 0 1.5240199280423868e-06
0.21 0.1 0 2.0575676567498846e-06
0.21 0.11 0 2.13758498302815e-06
0.21 0.12 0 1.4322574518268659e-06
0.21 0.13 0 1.9776758148677174e-06
0.21 0.14 0 2.123806709084514e-06
0.21 0.15 0 1.961740951113408e-06
0.21 0.16 0 1.9562742368293104e-06
0.21 0.17 0 1.0978322344958825e-06
0.21 0.18 0 5.490751463706308e-07
0.21 0.19 0 2.0560693048676335e-07
0.21 0.2 0 8.461835695842758e-08
0.21 0.21 0 7.011486076670409e-08
0.21 0.22 0 4.471826769523089e-08
0.21 0.23 0 4.5758532798036984e-08
0.21 0.24 0 4.643127127811978e-08
0.21 0.25 0 3.125436431834983e-08
0.21 0.26 0 4.10686092837354e-08
0.21 0.27 0 3.634030334745997e-08
0.21 0.28 0 4.727184835998594e-08
0.21 0.29 0 8.675171585791435e-08
0.21 0.3 0 1.0668508146134121e-07
0.21 0.31 0 2.4627452815048743e-07
0.21 0.32 0 3.247088178337905e-07
0.21 0.33 0 2.2092670620979968e-07
0.21 0.34 0 2.0532964561448893e-07
0.21 0.35000000000000003 0 1.8616627039102381e-07
0.21 0.36 0 1.539658519846786e-07
0.21 0.37 0 1.9831215405232193e-07
0.21 0.38 0 2.1861206198054075e-07
0.21 0.39 0 9.75761561914174e-08
0.21 0.4 0 9.654278805628642e-08
0.21 0.41000000000000003 0 1.5073911567959386e-07
0.21 0.42 0 1.3717344058194545e-07
0.21 0.43 0 2.3366314632738744e-07
0.21 0.44 0 2.8995305870312274e-07
0.21 0.45 0 1.5957558609041416e-07
0.21 0.46 0 1.5681979253461078e-07
0.21 0.47000000000000003 0 1.9766162890258517e-07
0.21 0.48 0 2.1397527306942175e-07
0.21 0.49 0 3.7650818180482254e-07
0.21 0.5 0 7.191973973697283e-07
0.22 0.0 0 1.5970132209123585e-06
0.22 0.01 0 1.2153421702634583e-06
0.22 0.02 0 1.4525057439626884e-06
0.22 0.03 0 1.0771539274962913e-06
0.22 0.04 0 8.975719883255406e-07
0.22 0.05 0 1.4754866216108363e-06
0.22 0.06 0 1.1753805052993191e-06
0.22 0.07 0 1.0749284919703393e-06
0.22 0.08 0 1.3824046393806758e-06
0.22 0.09 0 1.0490144586707948e-06
0.22 0.1 0 8.348516915012164e-07
0.22 0.11 0 1.045599317208925e-06
0.22 0.12 0 9.397912078172489e-07
0.22 0.13 0 4.7223823780515745e-07
0.22 0.14 0 5.553563930522476e-07
0.22 0.15 0 5.693966999382735e-07
0.22 0.16 0 5.291715389397081e-07
0.22 0.17 0 1.003461987778165e-06
0.22 0.18 0 6.277641933429862e-07
0.22 0.19 0 4.2870782479880996e-07
0.22 0.2 0 4.737171743086659e-07
0.22 0.21 0 3.9672615028810507e-07
0.22 0.22 0 5.751333704493991e-07
0.22 0.23 0 4.763027063341411e-07
0.22 0.24 0 2.895831303345495e-07
0.22 0.25 0 2.866756629355616e-07
0.22 0.26 0 2.0886191566364377e-07
0.22 0.27 0 1.5883777714207805e-07
0.22 0.28 0 1.1226383631091983e-07
0.22 0.29 0 4.955168578899167e-08
0.22 0.3 0 3.463901634583976e-08
0.22 0.31 0 3.268046159998748e-08
0.22 0.32 0 3.624468624962097e-08
0.22 0.33 0 4.819306048254287e-08
0.22 0.34 0 5.290086061899628e-08
0.22 0.35000000000000003 0 1.2602358496645434e-07
0.22 0.36 0 2.1980442614096816e-07
0.22 0.37 0 2.3232961316001563e-07
0.22 0.38 0 3.95445442030522e-07
0.22 0.39 0 2.522148413705481e-07
0.22 0.4 0 2.0937320322704996e-07
0.22 0.41000000000000003 0 3.703233201460996e-07
0.22 0.42 0 2.9932855027309766e-07
0.22 0.43 0 2.3454648329104094e-07
0.22 0.44 0 3.085064423868494e-07
0.22 0.45 0 3.0585991514002516e-07
0.22 0.46 0 1.8679007546861876e-07
0.22 0.47000000000000003 0 1.9544158007543013e-07
0.22 0.48 0 1.353308574539318e-07
0.22 0.49 0 8.370893986372458e-08
0.22 0.5 0 2.0840085104515737e-07
0.23 0.0 0 1.0399041777440018e-06
0.23 0.01 0 1.3735730295143546e-06
0.23 0.02 0 1.9231004111421145e-06
0.23 0.03 0 1.3784881353724284e-06
0.23 0.04 0 8.499617942491418e-07
0.23 0.05 0 7.392235595930611e-07
0.23 0.06 0 6.99592327552745e-07
0.23 0.07 0 5.243192049068231e-07
0.23 0.08 0 5.779964583652848e-07
0.23 0.09 0 8.021285648885712e-07
0.23 0.1 0 8.861159139726118e-07
0.23 0.11 0 1.335936028560414e-06
0.23 0.12 0 1.6078267571324671e-06
0.23 0.13 0 7.347868110773054e-07
0.23 0.14 0 5.795459391883545e-07
0.23 0.15 0 9.498623742574732e-07
0.23 0.16 0 1.4579457719878369e-06
0.23 0.17 0 2.52236469168411e-06
0.23 0.18 0 2.9545312861920537e-06
0.23 0.19 0 2.0639370739040886e-06
0.23 0.2 0 1.7966409073734752e-06
0.23 0.21 0 2.553323483871569e-06
0.23 0.22 0 2.0660038873185467e-06
0.23 0.23 0 1.355040624281586e-06
0.23 0.24 0 9.070854092640933e-07
0.23 0.25 0 3.7395904261977534e-07
0.23 0.26 0 3.8532087617648923e-07
0.23 0.27 0 3.2242121655028487e-07
0.23 0.28 0 2.509502770567407e-07
0.23 0.29 0 5.025350665009395e-07
0.23 0.3 0 4.134665185561457e-07
0.23 0.31 0 3.9715212240211783e-07
0.23 0.32 0 3.878541425023716e-07
0.23 0.33 0 1.8370600036909915e-07
0.23 0.34 0 2.1418926154579823e-07
0.23 0.35000000000000003 0 3.6829663232805654e-07
0.23 0.36 0 5.003417711256117e-07
0.23 0.37 0 5.474555257430906e-07
0.23 0.38 0 4.992056667031435e-07
0.23 0.39 0 5.343831682211022e-07
0.23 0.4 0 4.6517344978693606e-07
0.23 0.41000000000000003 0 4.2255369752191454e-07
0.23 0.42 0 4.1789393293199704e-07
0.23 0.43 0 2.1614762351933458e-07
0.23 0.44 0 2.499874315242053e-07
0.23 0.45 0 6.596475222885285e-07
0.23 0.46 0 6.1954008835503e-07
0.23 0.47000000000000003 0 8.231850178289518e-07
0.23 0.48 0 1.1838867589206226e-06
0.23 0.49 0 7.590838190909465e-07
0.23 0.5 0 9.594288702041794e-07
0.24 0.0 0 2.4750265424090803e-07
0.24 0.01 0 1.7860977638424442e-07
0.24 0.02 0 2.4172503053457637e-07
0.24 0.03 0 3.4176176779607493e-07
0.24 0.04 0 1.5216274086472018e-07
0.24 0.05 0 2.94225320663955e-07
0.24 0.06 0 5.446529205346934e-07
0.24 0.07 0 4.534719828997351e-07
0.24 0.08 0 7.861555958367605e-07
0.24 0.09 0 9.93013434476106e-07
0.24 0.1 0 1.364822546097833e-06
0.24 0.11 0 1.8220928567028445e-06
0.24 0.12 0 1.6633324562823339e-06
0.24 0.13 0 1.0548627121534785e-06
0.24 0.14 0 4.957334663686376e-07
0.24 0.15 0 4.5224953780675733e-07
0.24 0.16 0 3.93432360507308e-07
0.24 0.17 0 2.9166637113811484e-07
0.24 0.18 0 3.6183922222249364e-07
0.24 0.19 0 5.384984212853899e-07
0.24 0.2 0 9.562107144151327e-07
0.24 0.21 0 2.237159860108308e-06
0.24 0.22 0 4.0366334514513e-06
0.24 0.23 0 5.168668406081207e-06
0.24 0.24 0 7.85262315555233e-06
0.24 0.25 0 9.820011184365341e-06
0.24 0.26 0 9.325322493312375e-06
0.24 0.27 0 8.064573644991346e-06
0.24 0.28 0 5.703365259090568e-06
0.24 0.29 0 5.042881853692121e-06
0.24 0.3 0 6.341110851696216e-06
0.24 0.31 0 5.772437392118114e-06
0.24 0.32 0 5.533205600328457e-06
0.24 0.33 0 8.794488879872273e-06
0.24 0.34 0 6.774416283349435e-06
0.24 0.35000000000000003 0 7.126921630865376e-06
0.24 0.36 0 7.879487595402157e-06
0.24 0.37 0 2.5619070209797127e-06
0.24 0.38 0 3.0465578615011895e-06
0.24 0.39 0 5.4688434293375316e-06
0.24 0.4 0 6.068588785341402e-06
0.24 0.41000000000000003 0 1.0833177348794292e-05
0.24 0.42 0 7.363588818601801e-06
0.24 0.43 0 3.1904414880095504e-06
0.24 0.44 0 1.6662961232450308e-06
0.24 0.45 0 1.3841967944795283e-06
0.24 0.46 0 1.5173349245341209e-06
0.24 0.47000000000000003 0 1.0331916174929944e-06
0.24 0.48 0 1.0859013921392565e-06
0.24 0.49 0 7.806098101228588e-07
0.24 0.5 0 3.134870083338247e-07
0.25 0.0 0 7.448995718630933e-07
0.25 0.01 0 7.246349191372023e-07
0.25 0.02 0 6.827280350971725e-07
0.25 0.03 0 1.2410006218900674e-06
0.25 0.04 0 2.0245881567008595e-06
0.25 0.05 0 1.8629438405699843e-06
0.25 0.06 0 3.0488169124447845e-06
0.25 0.07 0 2.6252473908807928e-06
0.25 0.08 0 1.3255586065816527e-06
0.25 0.09 0 2.396705997171867e-06
0.25 0.1 0 2.9736861549569782e-06
0.25 0.11 0 2.196018785870445e-06
0.25 0.12 0 3.847052131311168e-06
0.25 0.13 0 2.922302974098748e-06
0.25 0.14 0 2.3364094519545382e-06
0.25 0.15 0 3.6774354848326856e-06
0.25 0.16 0 2.9226420974051353e-06
0.25 0.17 0 3.2474720582662105e-06
0.25 0.18 0 3.1542206314289254e-06
0.25 0.19 0 2.9099989192900627e-06
0.25 0.2 0 3.0898475346443772e-06
0.25 0.21 0 2.0049740000220686e-06
0.25 0.22 0 1.8941496774700492e-06
0.25 0.23 0 1.6056424074297012e-06
0.25 0.24 0 1.5602240600252824e-06
0.25 0.25 0 1.9852161660279034e-06
0.25 0.26 0 1.9919787981762e-06
0.25 0.27 0 2.4165026274943644e-06
0.25 0.28 0 2.6573536775683957e-06
0.25 0.29 0 3.360069806234315e-06
0.25 0.3 0 4.804984522071295e-06
0.25 0.31 0 6.173060067413337e-06
0.25 0.32 0 9.360624824989515e-06
0.25 0.33 0 1.9821289704153823e-05
0.25 0.34 0 4.2518961935702576e-05
0.25 0.35000000000000003 0 6.351023242233037e-05
0.25 0.36 0 0.00010799465855964671
0.25 0.37 0 0.00010829129082570416
0.25 0.38 0 5.9499851336279766e-05
0.25 0.39 0 6.232336726439688e-05
0.25 0.4 0 5.0038420589751026e-05
0.25 0.41000000000000003 0 2.4447335673391255e-05
0.25 0.42 0 3.321033953077053e-05
0.25 0.43 0 3.301447527069171e-05
0.25 0.44 0 1.9491724959870344e-05
0.25 0.45 0 3.8408675289328364e-05
0.25 0.46 0 4.063000354681864e-05
0.25 0.47000000000000003 0 3.3010850772888565e-05
0.25 0.48 0 5.3968698604569324e-05
0.25 0.49 0 3.936495698884407e-05
0.25 0.5 0 2.8035094700888602e-05
0.26 0.0 0 1.4135400489132914e-05
0.26 0.01 0 1.2597992125073232e-05
0.26 0.02 0 6.310072257418201e-06
0.26 0.03 0 6.960611010208247e-06
0.26 0.04 0 6.621868124150218e-06
0.26 0.05 0 5.755926602237236e-06
0.26 0.06 0 9.20504787773437e-06
0.26 0.07 0 1.1777733241399205e-05
0.26 0.08 0 1.1797688424287266e-05
0.26 0.09 0 9.576286388117603e-06
0.26 0.1 0 1.1455110900912725e-05
0.26 0.11 0 1.0687907640100886e-05
0.26 0.12 0 1.1346185176729883e-05
0.26 0.13 0 3.182464707785088e-05
0.26 0.14 0 3.312254368115258e-05
0.26 0.15 0 2.9902145744557217e-05
0.26 0.16 0 4.0529521837870744e-05
0.26 0.17 0 2.2104780342618248e-05
0.26 0.18 0 2.0702404174162816e-05
0.26 0.19 0 2.7393690046044346e-05
0.26 0.2 0 1.72025653597103e-05
0.26 0.21 0 1.52884663427832e-05
0.26 0.22 0 9.972223784235971e-06
0.26 0.23 0 4.1308597743459356e-06
0.26 0.24 0 3.0745724417627316e-06
0.26 0.25 0 1.7323821714512932e-06
0.26 0.26 0 1.789607091069354e-06
0.26 0.27 0 3.845057585936748e-06
0.26 0.28 0 5.995992516603325e-06
0.26 0.29 0 1.3217191655158775e-05
0.26 0.3 0 2.0090316196154728e-05
0.26 0.31 0 2.4120423304613068e-05
0.26 0.32 0 3.155506611434903e-05
0.26 0.33 0 4.02753163714219e-05
0.26 0.34 0 5.595101740228028e-05
0.26 0.35000000000000003 0 4.096690137608326e-05
0.26 0.36 0 3.756713387642903e-05
0.26 0.37 0 3.291811855995412e-05
0.26 0.38 0 1.8094037138370382e-05
0.26 0.39 0 1.4585319344329978e-05
0.26 0.4 0 1.0852947970410666e-05
0.26 0.41000000000000003 0 5.756305919251769e-06
0.26 0.42 0 3.3896179059065935e-06
0.26 0.43 0 3.0668290294444473e-06
0.26 0.44 0 1.5937904902633003e-06
0.26 0.45 0 9.290577698701136e-07
0.26 0.46 0 1.6504657769297822e-06
0.26 0.47000000000000003 0 1.6133565723121946e-06
0.26 0.48 0 2.0571275711658905e-06
0.26 0.49 0 5.495370183003693e-06
0.26 0.5 0 5.208902901686634e-06
0.27 0.0 0 2.447527073675068e-06
0.27 0.01 0 4.3585794904477814e-06
0.27 0.02 0 3.6501247927847347e-06
0.27 0.03 0 4.62204843988107e-06
0.27 0.04 0 5.263278298119486e-06
0.27 0.05 0 3.2517513083740984e-06
0.27 0.06 0 3.0783520414595717e-06
0.27 0.07 0 4.423190264048733e-06
0.27 0.08 0 4.010963496124481e-06
0.27 0.09 0 2.523422277687404e-06
0.27 0.1 0 2.0804507971530796e-06
0.27 0.11 0 1.3025994166815302e-06
0.27 0.12 0 1.2172640658267816e-06
0.27 0.13 0 2.3315619929531704e-06
0.27 0.14 0 3.294077514462242e-06
0.27 0.15 0 3.968082460956011e-06
0.27 0.16 0 4.325886201989067e-06
0.27 0.17 0 6.008952333320345e-06
0.27 0.18 0 5.76976986169702e-06
0.27 0.19 0 5.150114850983528e-06
0.27 0.2 0 6.615018289154016e-06
0.27 0.21 0 4.382403041269824e-06
0.27 0.22 0 6.82609263369711e-06
0.27 0.23 0 1.2256737131038377e-05
0.27 0.24 0 1.0429643813498662e-05
0.27 0.25 0 1.420572692960323e-05
0.27 0.26 0 9.265323145881564e-06
0.27 0.27 0 6.613717261300185e-06
0.27 0.28 0 8.730793585876568e-06
0.27 0.29 0 6.2788790878655256e-06
0.27 0.3 0 8.138393160304923e-06
0.27 0.31 0 1.4275207175759507e-05
0.27 0.32 0 1.2141855418632585e-05
0.27 0.33 0 1.3466227539042739e-05
0.27 0.34 0 9.503330681346599e-06
0.27 0.35000000000000003 0 3.141909441524779e-06
0.27 0.36 0 2.079326335252808e-06
0.27 0.37 0 1.5602725009159155e-06
0.27 0.38 0 1.0028301077443776e-06
0.27 0.39 0 7.424684105095928e-07
0.27 0.4 0 7.332028420544355e-07
0.27 0.41000000000000003 0 1.0567484891897201e-06
0.27 0.42 0 1.5981943197380194e-06
0.27 0.43 0 4.457166971033796e-06
0.27 0.44 0 7.055106419399784e-06
0.27 0.45 0 6.143530017341983e-06
0.27 0.46 0 1.1135605595935494e-05
0.27 0.47000000000000003 0 1.3958565097878834e-05
0.27 0.48 0 1.1996142195488913e-05
0.27 0.49 0 1.4024649183502875e-05
0.27 0.5 0 1.9376653448546126e-05
0.28 0.0 0 2.6780944275340022e-06
0.28 0.01 0 5.044081601494829e-06
0.28 0.02 0 6.615811957848713e-06
0.28 0.03 0 3.826913401202925e-06
0.28 0.04 0 5.529436042078135e-06
0.28 0.05 0 3.5934295066770113e-06
0.28 0.06 0 2.566468197665951e-06
0.28 0.07 0 6.026115542567718e-06
0.28 0.08 0 7.981587848888206e-06
0.28 0.09 0 4.845896398623966e-06
0.28 0.1 0 3.1185444151220936e-06
0.28 0.11 0 1.8178616751909487e-06
0.28 0.12 0 1.2293458240183828e-06
0.28 0.13 0 1.818422829950806e-06
0.28 0.14 0 2.4876252382030084e-06
0.28 0.15 0 2.1429618355838338e-06
0.28 0.16 0 2.151905013947957e-06
0.28 0.17 0 2.511435361632997e-06
0.28 0.18 0 2.4410190633823606e-06
0.28 0.19 0 2.287909904805808e-06
0.28 0.2 0 2.185107763503086e-06
0.28 0.21 0 1.9696243762270375e-06
0.28 0.22 0 2.0700360691619963e-06
0.28 0.23 0 2.1224354281144583e-06
0.28 0.24 0 2.5241829915926903e-06
0.28 0.25 0 2.959727399550716e-06
0.28 0.26 0 4.509891139932052e-06
0.28 0.27 0 7.60418519703366e-06
0.28 0.28 0 5.5047491308743745e-06
0.28 0.29 0 3.891769482093015e-06
0.28 0.3 0 1.823014894953592e-06
0.28 0.31 0 1.149253081595324e-06
0.28 0.32 0 1.3234864645820492e-06
0.28 0.33 0 5.560922962812453e-07
0.28 0.34 0 4.4364105026556496e-07
0.28 0.35000000000000003 0 3.5197678239148865e-07
0.28 0.36 0 2.006346580797843e-07
0.28 0.37 0 4.125701382359212e-07
0.28 0.38 0 3.6537119656194447e-07
0.28 0.39 0 1.8870236681853224e-07
0.28 0.4 0 2.699623178441079e-07
0.28 0.41000000000000003 0 3.674953951207815e-07
0.28 0.42 0 5.522263916858536e-07
0.28 0.43 0 1.265391865679894e-06
0.28 0.44 0 1.7852562456234125e-06
0.28 0.45 0 1.838561814715217e-06
0.28 0.46 0 2.712491743593613e-06
0.28 0.47000000000000003 0 3.906597174801646e-06
0.28 0.48 0 2.9689659389939137e-06
0.28 0.49 0 1.8227443451590463e-06
0.28 0.5 0 2.026388203630546e-06
0.29 0.0 0 3.891780255463237e-06
0.29 0.01 0 4.6138958494628456e-06
0.29 0.02 0 6.1648101966640475e-06
0.29 0.03 0 7.192337259850395e-06
0.29 0.04 0 6.0118126628760135e-06
0.29 0.05 0 6.553097772695838e-06
0.29 0.06 0 5.32637810803259e-06
0.29 0.07 0 3.7867789046634814e-06
0.29 0.08 0 7.127873154852126e-06
0.29 0.09 0 4.638848052688848e-06
0.29 0.1 0 3.354049895341742e-06
0.29 0.11 0 7.400294581849851e-06
0.29 0.12 0 5.222200046203026e-06
0.29 0.13 0 4.782158339316555e-06
0.29 0.14 0 4.971034949577458e-06
0.29 0.15 0 3.021007921064793e-06
0.29 0.16 0 4.052031791972355e-06
0.29 0.17 0 7.506434609010264e-06
0.29 0.18 0 1.095247924122179e-05
0.29 0.19 0 1.1951270256728522e-05
0.29 0.2 0 1.2588288318273706e-05
0.29 0.21 0 1.0398311092031133e-05
0.29 0.22 0 6.6929552381177475e-06
0.29 0.23 0 3.8007642439463002e-06
0.29 0.24 0 1.7436689546572761e-06
0.29 0.25 0 1.2913176483934283e-06
0.29 0.26 0 1.2029762128893343e-06
0.29 0.27 0 1.0775751733258484e-06
0.29 0.28 0 9.957189740907999e-07
0.29 0.29 0 7.745159639394552e-07
0.29 0.3 0 8.725341897187164e-07
0.29 0.31 0 1.6866380698433956e-06
0.29 0.32 0 2.4291812800707622e-06
0.29 0.33 0 1.9892946867913966e-06
0.29 0.34 0 1.2692202010112653e-06
0.29 0.35000000000000003 0 8.909298233261065e-07
0.29 0.36 0 1.0037886473671136e-06
0.29 0.37 0 1.2239705731685343e-06
0.29 0.38 0 1.8728974796088648e-06
0.29 0.39 0 1.5166677834183396e-06
0.29 0.4 0 5.832391043512868e-07
0.29 0.41000000000000003 0 5.519977824056751e-07
0.29 0.42 0 2.1120490434242372e-07
0.29 0.43 0 8.254580755292657e-08
0.29 0.44 0 1.1828060129686895e-07
0.29 0.45 0 5.570354444514381e-08
0.29 0.46 0 4.0750727931187386e-08
0.29 0.47000000000000003 0 4.7540773845043623e-08
0.29 0.48 0 2.3539269435405682e-08
0.29 0.49 0 2.16527571440755e-08
0.29 0.5 0 3.408948256555145e-08
0.3 0.0 0 9.024635762582238e-05
0.3 0.01 0 9.49912737701594e-05
0.3 0.02 0 0.00017545839670627032
0.3 0.03 0 9.282812736282746e-05
0.3 0.04 0 6.66713238442431e-05
0.3 0.05 0 5.9175138393823055e-05
0.3 0.06 0 3.388996210386061e-05
0.3 0.07 0 2.364909927406812e-05
0.3 0.08 0 1.6706098530007096e-05
0.3 0.09 0 1.3657504694913191e-05
0.3 0.1 0 1.1899334577738914e-05
0.3 0.11 0 1.5138139838040583e-05
0.3 0.12 0 2.3488576267221048e-05
0.3 0.13 0 1.4944895921406288e-05
0.3 0.14 0 1.1388561275229224e-05
0.3 0.15 0 1.5240631989500178e-05
0.3 0.16 0 9.579129259859746e-06
0.3 0.17 0 9.816321832221545e-06
0.3 0.18 0 9.306024552511945e-06
0.3 0.19 0 3.094247251248748e-06
0.3 0.2 0 2.4129090102799678e-06
0.3 0.21 0 1.4787412748497684e-06
0.3 0.22 0 6.909274122165269e-07
0.3 0.23 0 5.508845899940909e-07
0.3 0.24 0 2.863873142688246e-07
0.3 0.25 0 2.3344794421374582e-07
0.3 0.26 0 2.1924798543386873e-07
0.3 0.27 0 1.5989829808727027e-07
0.3 0.28 0 1.3212160448524987e-07
0.3 0.29 0 1.1699135728771773e-07
0.3 0.3 0 1.1565233221301035e-07
0.3 0.31 0 1.2867368583225333e-07
0.3 0.32 0 2.0282108638993274e-07
0.3 0.33 0 1.8492117271372998e-07
0.3 0.34 0 1.5399822421291903e-07
0.3 0.35000000000000003 0 1.6740325199042484e-07
0.3 0.36 0 9.482641829475852e-08
0.3 0.37 0 6.992307287974353e-08
0.3 0.38 0 7.438625039237631e-08
0.3 0.39 0 7.209624467757774e-08
0.3 0.4 0 8.167853608729901e-08
0.3 0.41000000000000003 0 1.0664587210832025e-07
0.3 0.42 0 1.289699130699162e-07
0.3 0.43 0 1.080792410572394e-07
0.3 0.44 0 1.1674128082424354e-07
0.3 0.45 0 1.6513566709629154e-07
0.3 0.46 0 1.0909213430353024e-07
0.3 0.47000000000000003 0 9.731515863057792e-08
0.3 0.48 0 1.5334911485326205e-07
0.3 0.49 0 7.834192771788966e-08
0.3 0.5 0 6.87426844443486e-08
#STOP
