#MEDIUM_PROPERTIES_DISTRIBUTED
$MSH_TYPE
	 GROUNDWATER_FLOW	
$MMP_TYPE
	 PERMEABILITY	
$DIS_TYPE
	 NEAREST_VALUE	
;hj
$CONVERSION_FACTOR
	 1.0	
$DATA
0.0 0.0 0 5.467121237408997e-06
0.0 0.01 0 6.163768255799974e-06
0.0 0.02 0 9.178859835631066e-06
0.0 0.03 0 5.286401421357008e-06
0.0 0.04 0 4.655122375622464e-06
0.0 0.05 0 5.021111827091412e-06
0.0 0.06 0 4.489631228854083e-06
0.0 0.07 0 1.1060504267203532e-05
0.0 0.08 0 5.71424205570502e-06
0.0 0.09 0 6.159526351880393e-06
0.0 0.1 0 1.2163876619799686e-05
0.0 0.11 0 2.0575825567621107e-05
0.0 0.12 0 2.692723931312416e-05
0.0 0.13 0 8.774574703457095e-06
0.0 0.14 0 6.126990320408026e-06
0.0 0.15 0 6.895139607803633e-06
0.0 0.16 0 1.4703227109046509e-05
0.0 0.17 0 2.906624606212398e-05
0.0 0.18 0 1.3790314955330954e-05
0.0 0.19 0 8.726251343598052e-06
0.0 0.2 0 6.971883328636696e-06
0.0 0.21 0 6.646687596938982e-06
0.0 0.22 0 4.628221045549828e-06
0.0 0.23 0 2.1675348309359082e-06
0.0 0.24 0 5.532513597765078e-06
0.0 0.25 0 1.850870584612682e-05
0.0 0.26 0 1.93578848554249e-05
0.0 0.27 0 9.960052348085511e-06
0.0 0.28 0 9.863409430334292e-06
0.0 0.29 0 7.708977305302584e-06
0.0 0.3 0 5.6427289364932986e-06
0.0 0.31 0 3.9133350419651795e-06
0.0 0.32 0 3.837547108747117e-06
0.0 0.33 0 5.777471062050938e-06
0.0 0.34 0 7.431722332590514e-06
0.0 0.35000000000000003 0 7.237443624783162e-06
0.0 0.36 0 8.258726613723337e-06
0.0 0.37 0 5.405868439841969e-06
0.0 0.38 0 6.616992039283915e-06
0.0 0.39 0 7.372608705271454e-06
0.0 0.4 0 5.474186193631934e-06
0.0 0.41000000000000003 0 4.66477414377646e-06
0.0 0.42 0 5.573886866228744e-06
0.0 0.43 0 7.452307937735979e-06
0.0 0.44 0 4.442819008534268e-06
0.0 0.45 0 3.817625807661131e-06
0.0 0.46 0 5.573033164128759e-06
0.0 0.47000000000000003 0 5.529690668067958e-06
0.0 0.48 0 4.911860737253227e-06
0.0 0.49 0 4.257711975765316e-06
0.0 0.5 0 3.652020921718149e-06
0.01 0.0 0 7.053983709437797e-06
0.01 0.01 0 5.1894442594115474e-06
0.01 0.02 0 4.095313236325343e-06
0.01 0.03 0 5.167843612118613e-06
0.01 0.04 0 8.107380874988074e-06
0.01 0.05 0 6.668046233382624e-06
0.01 0.06 0 2.4300136780605873e-06
0.01 0.07 0 2.893775296888392e-06
0.01 0.08 0 6.618994406790565e-06
0.01 0.09 0 8.845075049261548e-06
0.01 0.1 0 5.597087730034349e-06
0.01 0.11 0 7.13221063288508e-06
0.01 0.12 0 1.4567894900084815e-05
0.01 0.13 0 2.4006796753120176e-05
0.01 0.14 0 2.9036658091093455e-05
0.01 0.15 0 3.409523694841227e-05
0.01 0.16 0 4.3293633692553117e-05
0.01 0.17 0 5.7809835467272426e-05
0.01 0.18 0 1.493245780341628e-05
0.01 0.19 0 6.402721507473725e-06
0.01 0.2 0 5.144204220367148e-06
0.01 0.21 0 4.354013602299385e-06
0.01 0.22 0 8.355753871291502e-06
0.01 0.23 0 8.865973323318126e-06
0.01 0.24 0 1.0089180526525245e-05
0.01 0.25 0 1.071420606466627e-05
0.01 0.26 0 1.0929265215794355e-05
0.01 0.27 0 1.5730034732782768e-05
0.01 0.28 0 1.4272522497418502e-05
0.01 0.29 0 1.0135352775861314e-05
0.01 0.3 0 8.094135613553062e-06
0.01 0.31 0 1.1343878969270354e-05
0.01 0.32 0 1.1748882302151834e-05
0.01 0.33 0 6.725578845953589e-06
0.01 0.34 0 7.669801873682677e-06
0.01 0.35000000000000003 0 7.343521599573103e-06
0.01 0.36 0 1.0026222209548127e-05
0.01 0.37 0 9.645026553282102e-06
0.01 0.38 0 8.082983518733548e-06
0.01 0.39 0 7.875741102136576e-06
0.01 0.4 0 6.989847941545852e-06
0.01 0.41000000000000003 0 4.992086126411705e-06
0.01 0.42 0 3.0482554505472617e-06
0.01 0.43 0 2.714740025312618e-06
0.01 0.44 0 2.721613870188808e-06
0.01 0.45 0 1.998774402630234e-06
0.01 0.46 0 1.8872731271798437e-06
0.01 0.47000000000000003 0 2.8786087959286874e-06
0.01 0.48 0 5.841440203726879e-06
0.01 0.49 0 5.419278895299104e-06
0.01 0.5 0 1.6389499675310939e-06
0.02 0.0 0 3.8048889100869488e-06
0.02 0.01 0 4.0808773204571615e-06
0.02 0.02 0 2.948123752114213e-06
0.02 0.03 0 3.811120567243865e-06
0.02 0.04 0 4.681408583421076e-06
0.02 0.05 0 7.043804012174486e-06
0.02 0.06 0 7.697003870556129e-06
0.02 0.07 0 7.899472336454963e-06
0.02 0.08 0 5.709026880470687e-06
0.02 0.09 0 2.927593351397079e-06
0.02 0.1 0 3.4509808328175655e-06
0.02 0.11 0 3.9213503973843046e-06
0.02 0.12 0 5.244819033282898e-06
0.02 0.13 0 9.2577071922172e-06
0.02 0.14 0 1.5188206494462352e-05
0.02 0.15 0 2.2354556431994197e-05
0.02 0.16 0 1.268354767960252e-05
0.02 0.17 0 1.9481902955338903e-05
0.02 0.18 0 1.294311710948813e-05
0.02 0.19 0 5.052445004634277e-06
0.02 0.2 0 8.700654168015342e-06
0.02 0.21 0 1.3845342692832474e-05
0.02 0.22 0 1.5612795694675807e-05
0.02 0.23 0 7.749109463765455e-06
0.02 0.24 0 5.260073269568397e-06
0.02 0.25 0 1.3081723717288152e-05
0.02 0.26 0 2.501963698873366e-05
0.02 0.27 0 2.7592789827652052e-05
0.02 0.28 0 1.3873584251012883e-05
0.02 0.29 0 8.886574049953578e-06
0.02 0.3 0 1.0626285118128693e-05
0.02 0.31 0 7.702267639029591e-06
0.02 0.32 0 7.168754162844984e-06
0.02 0.33 0 4.090266813470307e-06
0.02 0.34 0 7.233392682255729e-06
0.02 0.35000000000000003 0 1.3403137339747168e-05
0.02 0.36 0 1.4123799384686902e-05
0.02 0.37 0 9.40597395051256e-06
0.02 0.38 0 5.051041961663891e-06
0.02 0.39 0 7.497751441464497e-06
0.02 0.4 0 5.826023686142353e-06
0.02 0.41000000000000003 0 3.006456989960302e-06
0.02 0.42 0 3.218772723127729e-06
0.02 0.43 0 2.87646099811913e-06
0.02 0.44 0 5.50841632098389e-06
0.02 0.45 0 3.5179391781366e-06
0.02 0.46 0 4.443350222380018e-06
0.02 0.47000000000000003 0 5.53520889074868e-06
0.02 0.48 0 2.2618036442890315e-06
0.02 0.49 0 2.572307374868126e-06
0.02 0.5 0 3.2292855828705057e-06
0.03 0.0 0 5.197147634194378e-06
0.03 0.01 0 6.866740953523407e-06
0.03 0.02 0 7.534005654741788e-06
0.03 0.03 0 8.167372749839448e-06
0.03 0.04 0 6.9776072925026654e-06
0.03 0.05 0 9.459462774552068e-06
0.03 0.06 0 9.436966347764084e-06
0.03 0.07 0 5.861406583328679e-06
0.03 0.08 0 9.964342703903506e-06
0.03 0.09 0 2.1578920134564505e-05
0.03 0.1 0 2.7815512228161346e-05
0.03 0.11 0 1.8127830050932882e-05
0.03 0.12 0 1.2825662955615721e-05
0.03 0.13 0 3.5450840430128236e-05
0.03 0.14 0 1.9621366836182735e-05
0.03 0.15 0 7.801361007510044e-06
0.03 0.16 0 4.299505479254575e-06
0.03 0.17 0 6.174358083019083e-06
0.03 0.18 0 8.61110858102942e-06
0.03 0.19 0 4.254068179695304e-06
0.03 0.2 0 4.728951976806501e-06
0.03 0.21 0 5.896976680829743e-06
0.03 0.22 0 6.5086815402656765e-06
0.03 0.23 0 1.1365637746095649e-05
0.03 0.24 0 9.719743189864804e-06
0.03 0.25 0 1.2281730548234472e-05
0.03 0.26 0 2.474662548920407e-05
0.03 0.27 0 7.359440133890527e-05
0.03 0.28 0 6.831692792767938e-05
0.03 0.29 0 2.5678745087053362e-05
0.03 0.3 0 9.271498618320723e-06
0.03 0.31 0 5.940420779577339e-06
0.03 0.32 0 8.063077338182161e-06
0.03 0.33 0 6.544124764027159e-06
0.03 0.34 0 5.8039304036171345e-06
0.03 0.35000000000000003 0 4.098725567338053e-06
0.03 0.36 0 6.197671445631296e-06
0.03 0.37 0 7.367425940141026e-06
0.03 0.38 0 3.5194660490897926e-06
0.03 0.39 0 3.3494519587609836e-06
0.03 0.4 0 2.6253921697328543e-06
0.03 0.41000000000000003 0 2.643664025901629e-06
0.03 0.42 0 4.445430200813658e-06
0.03 0.43 0 3.0512037354514675e-06
0.03 0.44 0 5.231884579848357e-06
0.03 0.45 0 1.1143237584244309e-05
0.03 0.46 0 1.1700146973661787e-05
0.03 0.47000000000000003 0 6.349799464617107e-06
0.03 0.48 0 3.209219514482641e-06
0.03 0.49 0 4.139282321142267e-06
0.03 0.5 0 5.759355103312505e-06
0.04 0.0 0 9.117339486206761e-06
0.04 0.01 0 1.015322516902808e-05
0.04 0.02 0 1.0093646057855347e-05
0.04 0.03 0 9.625993960112206e-06
0.04 0.04 0 1.0737529229188465e-05
0.04 0.05 0 1.4810986987667087e-05
0.04 0.06 0 1.7804560968691703e-05
0.04 0.07 0 1.0313639698678481e-05
0.04 0.08 0 7.22005662022749e-06
0.04 0.09 0 7.912291054235698e-06
0.04 0.1 0 1.5126658841256674e-05
0.04 0.11 0 2.3504680414213894e-05
0.04 0.12 0 2.195676613194509e-05
0.04 0.13 0 1.7286727631874844e-05
0.04 0.14 0 1.1234211217950978e-05
0.04 0.15 0 1.6395098794929443e-05
0.04 0.16 0 1.0989492306666163e-05
0.04 0.17 0 5.250928869028406e-06
0.04 0.18 0 6.592451564751262e-06
0.04 0.19 0 8.325164065446917e-06
0.04 0.2 0 9.8629599763946e-06
0.04 0.21 0 1.1773919019092281e-05
0.04 0.22 0 1.1269643199656308e-05
0.04 0.23 0 2.1661902728750877e-05
0.04 0.24 0 1.930176883571423e-05
0.04 0.25 0 1.5083784340946995e-05
0.04 0.26 0 1.7398015538259293e-05
0.04 0.27 0 2.2700893965251844e-05
0.04 0.28 0 3.6589691961679116e-05
0.04 0.29 0 2.5770798965741066e-05
0.04 0.3 0 2.0422044273834726e-05
0.04 0.31 0 1.7158583182077845e-05
0.04 0.32 0 1.2694207484319062e-05
0.04 0.33 0 9.991593994620622e-06
0.04 0.34 0 5.2779077272368995e-06
0.04 0.35000000000000003 0 5.558146051997187e-06
0.04 0.36 0 5.113066216518832e-06
0.04 0.37 0 2.4446455168458583e-06
0.04 0.38 0 1.4928297783537715e-06
0.04 0.39 0 1.4079726371811713e-06
0.04 0.4 0 2.068225390018931e-06
0.04 0.41000000000000003 0 1.3679488513086458e-06
0.04 0.42 0 2.9208216636585096e-06
0.04 0.43 0 4.592082246981575e-06
0.04 0.44 0 5.0915564019730725e-06
0.04 0.45 0 4.573213128780203e-06
0.04 0.46 0 2.1854451326283054e-06
0.04 0.47000000000000003 0 1.8384167845240865e-06
0.04 0.48 0 2.0179031628211358e-06
0.04 0.49 0 2.2876270241731192e-06
0.04 0.5 0 1.9010639789212382e-06
0.05 0.0 0 7.20620074386902e-06
0.05 0.01 0 6.5669177727672995e-06
0.05 0.02 0 1.3412724881035957e-05
0.05 0.03 0 8.393738159527053e-06
0.05 0.04 0 8.530339952490989e-06
0.05 0.05 0 9.505452165197968e-06
0.05 0.06 0 1.3435143570921898e-05
0.05 0.07 0 2.304596585241535e-05
0.05 0.08 0 9.698031474472626e-06
0.05 0.09 0 8.631633091045495e-06
0.05 0.1 0 1.9398093990501163e-05
0.05 0.11 0 3.0348798057734563e-05
0.05 0.12 0 1.5321440558724106e-05
0.05 0.13 0 1.2996064952014706e-05
0.05 0.14 0 2.585733229922569e-05
0.05 0.15 0 4.309415830779979e-05
0.05 0.16 0 3.904527486669735e-05
0.05 0.17 0 1.3697907208055282e-05
0.05 0.18 0 1.2844030438908698e-05
0.05 0.19 0 1.4783141442839673e-05
0.05 0.2 0 7.3204251526506975e-06
0.05 0.21 0 8.096047784568076e-06
0.05 0.22 0 5.699755356014016e-06
0.05 0.23 0 1.2722900840218265e-05
0.05 0.24 0 1.73282204544176e-05
0.05 0.25 0 1.600719065831999e-05
0.05 0.26 0 1.459212222062961e-05
0.05 0.27 0 1.3647513617906586e-05
0.05 0.28 0 2.5869381799751278e-05
0.05 0.29 0 2.3896744926325458e-05
0.05 0.3 0 2.565146668153542e-05
0.05 0.31 0 3.818856901912033e-05
0.05 0.32 0 2.3572112488321965e-05
0.05 0.33 0 2.2806248942981146e-05
0.05 0.34 0 1.3035504526683035e-05
0.05 0.35000000000000003 0 6.032838064003808e-06
0.05 0.36 0 4.912780363108255e-06
0.05 0.37 0 6.054999917970428e-06
0.05 0.38 0 5.371285330181249e-06
0.05 0.39 0 2.61141688555653e-06
0.05 0.4 0 1.8220783300043633e-06
0.05 0.41000000000000003 0 1.7659891389478632e-06
0.05 0.42 0 2.8050119112842985e-06
0.05 0.43 0 1.8247061844292774e-06
0.05 0.44 0 1.1682078904683672e-06
0.05 0.45 0 2.9932821003064693e-06
0.05 0.46 0 4.136220164465529e-06
0.05 0.47000000000000003 0 2.631571963287253e-06
0.05 0.48 0 2.694535396272114e-06
0.05 0.49 0 2.211914826624587e-06
0.05 0.5 0 1.7644211117920317e-06
0.06 0.0 0 2.414422672451592e-05
0.06 0.01 0 2.221517598233376e-05
0.06 0.02 0 3.670542208859277e-05
0.06 0.03 0 2.56337388254685e-05
0.06 0.04 0 2.138123378070095e-05
0.06 0.05 0 1.6300601730930352e-05
0.06 0.06 0 1.2378058653408054e-05
0.06 0.07 0 1.0589101074546425e-05
0.06 0.08 0 7.819416935093391e-06
0.06 0.09 0 7.038799473363431e-06
0.06 0.1 0 9.613999896822027e-06
0.06 0.11 0 1.1864860408463137e-05
0.06 0.12 0 1.5607091631316035e-05
0.06 0.13 0 1.9681769001462155e-05
0.06 0.14 0 1.6669855129404508e-05
0.06 0.15 0 1.4771280834916242e-05
0.06 0.16 0 2.7171417370045525e-05
0.06 0.17 0 2.6609694536379342e-05
0.06 0.18 0 1.1220890222735242e-05
0.06 0.19 0 1.1129298212238155e-05
0.06 0.2 0 1.877384540154153e-05
0.06 0.21 0 2.8104591394915587e-05
0.06 0.22 0 1.6971078889847248e-05
0.06 0.23 0 8.810971102992706e-06
0.06 0.24 0 9.334098206557364e-06
0.06 0.25 0 1.1844267292137265e-05
0.06 0.26 0 1.0193901246464307e-05
0.06 0.27 0 7.92984453330757e-06
0.06 0.28 0 1.2998663804054331e-05
0.06 0.29 0 3.331546448869945e-05
0.06 0.3 0 2.5739297545599987e-05
0.06 0.31 0 1.3834007240942856e-05
0.06 0.32 0 1.0892014633033002e-05
0.06 0.33 0 2.6002842114966063e-05
0.06 0.34 0 4.236210497686377e-05
0.06 0.35000000000000003 0 1.954430281212459e-05
0.06 0.36 0 8.951115135815567e-06
0.06 0.37 0 1.094226694036225e-05
0.06 0.38 0 1.2117617680232882e-05
0.06 0.39 0 5.6212729321921455e-06
0.06 0.4 0 6.975512588993153e-06
0.06 0.41000000000000003 0 5.082350991933588e-06
0.06 0.42 0 3.6838946304047367e-06
0.06 0.43 0 4.681425197659131e-06
0.06 0.44 0 2.574159994439926e-06
0.06 0.45 0 2.1089404279183697e-06
0.06 0.46 0 1.5025536312636158e-06
0.06 0.47000000000000003 0 1.0438708778072169e-06
0.06 0.48 0 2.05778917072612e-06
0.06 0.49 0 1.180381312459533e-06
0.06 0.5 0 6.581591943004287e-07
0.07 0.0 0 3.752205355393814e-06
0.07 0.01 0 3.358359003609274e-06
0.07 0.02 0 4.587309061956654e-06
0.07 0.03 0 6.875602785683925e-06
0.07 0.04 0 1.1759026398231026e-05
0.07 0.05 0 1.281659284509821e-05
0.07 0.06 0 5.6720042820597355e-06
0.07 0.07 0 5.02063989109129e-06
0.07 0.08 0 6.2427584157565734e-06
0.07 0.09 0 5.5663904706891495e-06
0.07 0.1 0 6.113006886305303e-06
0.07 0.11 0 8.62425093799493e-06
0.07 0.12 0 1.7959496959957437e-05
0.07 0.13 0 9.512645073871469e-06
0.07 0.14 0 5.590136232312049e-06
0.07 0.15 0 8.853548572748357e-06
0.07 0.16 0 2.020652339258434e-05
0.07 0.17 0 2.0741164074087917e-05
0.07 0.18 0 6.768185447364426e-06
0.07 0.19 0 1.114964509153907e-05
0.07 0.2 0 1.644458333699877e-05
0.07 0.21 0 1.944161280828865e-05
0.07 0.22 0 2.603687272685257e-05
0.07 0.23 0 2.2146518346203468e-05
0.07 0.24 0 2.8882642001627457e-05
0.07 0.25 0 2.9494448797805674e-05
0.07 0.26 0 2.819238820448683e-05
0.07 0.27 0 3.61562884332917e-05
0.07 0.28 0 2.5528503178648904e-05
0.07 0.29 0 3.059159484528608e-05
0.07 0.3 0 1.6360589990124192e-05
0.07 0.31 0 1.0836550359553545e-05
0.07 0.32 0 9.447064604028588e-06
0.07 0.33 0 9.516059266317011e-06
0.07 0.34 0 1.311636408321526e-05
0.07 0.35000000000000003 0 9.555239426941566e-06
0.07 0.36 0 5.4108472107083684e-06
0.07 0.37 0 5.36096567020704e-06
0.07 0.38 0 5.312543376001807e-06
0.07 0.39 0 5.843576576317211e-06
0.07 0.4 0 4.638050769880268e-06
0.07 0.41000000000000003 0 4.082391141782675e-06
0.07 0.42 0 2.5740357494484665e-06
0.07 0.43 0 2.14463002912805e-06
0.07 0.44 0 1.373570165350284e-06
0.07 0.45 0 8.213571831869302e-07
0.07 0.46 0 1.6318181716123614e-06
0.07 0.47000000000000003 0 1.5981926291954972e-06
0.07 0.48 0 1.481552274841773e-06
0.07 0.49 0 1.147728615846543e-06
0.07 0.5 0 1.142729835527267e-06
0.08 0.0 0 7.1907903665467266e-06
0.08 0.01 0 3.323570155872547e-06
0.08 0.02 0 1.8484082995622915e-06
0.08 0.03 0 2.6453800877603302e-06
0.08 0.04 0 2.574207608890326e-06
0.08 0.05 0 2.743959053045804e-06
0.08 0.06 0 2.981091657892375e-06
0.08 0.07 0 4.0604733754390655e-06
0.08 0.08 0 7.026998219485828e-06
0.08 0.09 0 3.882291205453913e-06
0.08 0.1 0 3.3264343989233846e-06
0.08 0.11 0 3.0471607643661886e-06
0.08 0.12 0 4.116612011604694e-06
0.08 0.13 0 5.898078102113937e-06
0.08 0.14 0 8.300489620262135e-06
0.08 0.15 0 8.844494147550637e-06
0.08 0.16 0 7.4549173471679e-06
0.08 0.17 0 9.699191710116103e-06
0.08 0.18 0 1.1456822838180791e-05
0.08 0.19 0 1.405801524236543e-05
0.08 0.2 0 1.6956397578205877e-05
0.08 0.21 0 2.2333667286133082e-05
0.08 0.22 0 6.153041956596979e-05
0.08 0.23 0 3.867613748134252e-05
0.08 0.24 0 2.7088285274362545e-05
0.08 0.25 0 4.4030790020018354e-05
0.08 0.26 0 6.65722803763901e-05
0.08 0.27 0 6.531403248255453e-05
0.08 0.28 0 1.2311353770938067e-05
0.08 0.29 0 8.206161375550139e-06
0.08 0.3 0 6.41868215250285e-06
0.08 0.31 0 4.856999870784509e-06
0.08 0.32 0 4.303686581703106e-06
0.08 0.33 0 2.4055651611693905e-06
0.08 0.34 0 4.563047425120931e-06
0.08 0.35000000000000003 0 6.232090501613589e-06
0.08 0.36 0 5.792046184911271e-06
0.08 0.37 0 9.001779299531746e-06
0.08 0.38 0 7.1694149455458185e-06
0.08 0.39 0 4.829231220180047e-06
0.08 0.4 0 2.7714988044715144e-06
0.08 0.41000000000000003 0 2.534353248831957e-06
0.08 0.42 0 2.4672467185471635e-06
0.08 0.43 0 2.3472196742955897e-06
0.08 0.44 0 1.4588925390735448e-06
0.08 0.45 0 1.2046216964151423e-06
0.08 0.46 0 1.9336452112712574e-06
0.08 0.47000000000000003 0 1.780129450506101e-06
0.08 0.48 0 2.1466335873558558e-06
0.08 0.49 0 1.8567183489026256e-06
0.08 0.5 0 1.638576749700963e-06
0.09 0.0 0 6.583506380922591e-06
0.09 0.01 0 7.066427987534516e-06
0.09 0.02 0 2.9327168024095816e-06
0.09 0.03 0 2.6393863119845094e-06
0.09 0.04 0 2.821476628012166e-06
0.09 0.05 0 4.586079193828629e-06
0.09 0.06 0 8.19060041907946e-06
0.09 0.07 0 6.103017650692892e-06
0.09 0.08 0 1.0327460135491017e-05
0.09 0.09 0 1.4418472878584622e-05
0.09 0.1 0 8.545516774805611e-06
0.09 0.11 0 3.6064020672464716e-06
0.09 0.12 0 4.827733695829849e-06
0.09 0.13 0 8.93120995351865e-06
0.09 0.14 0 6.989837698290517e-06
0.09 0.15 0 3.931218202638804e-06
0.09 0.16 0 3.729873881023308e-06
0.09 0.17 0 5.235299005820842e-06
0.09 0.18 0 6.67740408965354e-06
0.09 0.19 0 9.405569410988266e-06
0.09 0.2 0 8.756893434519975e-06
0.09 0.21 0 8.750466986897739e-06
0.09 0.22 0 1.484381413903206e-05
0.09 0.23 0 1.1397943674397154e-05
0.09 0.24 0 1.2382024347931927e-05
0.09 0.25 0 1.965719643128907e-05
0.09 0.26 0 2.4600014301701196e-05
0.09 0.27 0 3.985022972233773e-05
0.09 0.28 0 2.6352418427220645e-05
0.09 0.29 0 2.0820125774168533e-05
0.09 0.3 0 1.6893312870152108e-05
0.09 0.31 0 1.1777330856068966e-05
0.09 0.32 0 9.946114125640136e-06
0.09 0.33 0 7.4827658624268095e-06
0.09 0.34 0 7.456171737127941e-06
0.09 0.35000000000000003 0 1.1098560797155468e-05
0.09 0.36 0 6.6557676583885155e-06
0.09 0.37 0 4.94386535235119e-06
0.09 0.38 0 2.560623332594561e-06
0.09 0.39 0 1.9048070613228261e-06
0.09 0.4 0 1.6697365830394763e-06
0.09 0.41000000000000003 0 1.5657143178101288e-06
0.09 0.42 0 1.4391613556100802e-06
0.09 0.43 0 1.4649979732357971e-06
0.09 0.44 0 2.2233968265515496e-06
0.09 0.45 0 1.9043479381462076e-06
0.09 0.46 0 2.10613509016348e-06
0.09 0.47000000000000003 0 2.7314033446921556e-06
0.09 0.48 0 1.4271260231426932e-06
0.09 0.49 0 1.2018672651161613e-06
0.09 0.5 0 6.845471074760476e-07
0.1 0.0 0 3.5570520613909644e-06
0.1 0.01 0 3.0070940278961096e-06
0.1 0.02 0 1.1962105534752337e-06
0.1 0.03 0 1.3903850166736152e-06
0.1 0.04 0 5.174987009839574e-06
0.1 0.05 0 8.808606163213854e-06
0.1 0.06 0 6.942816980142483e-06
0.1 0.07 0 4.5488685443052216e-06
0.1 0.08 0 4.774534877792377e-06
0.1 0.09 0 2.556007499106539e-06
0.1 0.1 0 1.811870983962597e-06
0.1 0.11 0 2.951045991625859e-06
0.1 0.12 0 4.645460235350501e-06
0.1 0.13 0 8.531307873653009e-06
0.1 0.14 0 1.2667380862607114e-05
0.1 0.15 0 1.1929219088774231e-05
0.1 0.16 0 1.1768659399674657e-05
0.1 0.17 0 5.748041816188205e-06
0.1 0.18 0 7.388579837846006e-06
0.1 0.19 0 4.972910177073312e-06
0.1 0.2 0 3.112002597915648e-06
0.1 0.21 0 4.036283300682137e-06
0.1 0.22 0 1.2578644635678515e-05
0.1 0.23 0 1.976114331932849e-05
0.1 0.24 0 6.639705876034387e-06
0.1 0.25 0 7.555816360781212e-06
0.1 0.26 0 1.2307887326320631e-05
0.1 0.27 0 2.545820973431554e-05
0.1 0.28 0 4.2891628712914744e-05
0.1 0.29 0 1.36301708549732e-05
0.1 0.3 0 1.2941117472105996e-05
0.1 0.31 0 1.784292942194398e-05
0.1 0.32 0 1.2916026611789039e-05
0.1 0.33 0 5.008761281877158e-06
0.1 0.34 0 2.9707819140478953e-06
0.1 0.35000000000000003 0 6.4577139631213535e-06
0.1 0.36 0 6.826543055439366e-06
0.1 0.37 0 5.143343942061859e-06
0.1 0.38 0 1.9812934957169547e-06
0.1 0.39 0 1.596918706516784e-06
0.1 0.4 0 1.6899764525126517e-06
0.1 0.41000000000000003 0 1.0680931043057276e-06
0.1 0.42 0 1.3131467091113303e-06
0.1 0.43 0 2.367851665082528e-06
0.1 0.44 0 2.9429131061085216e-06
0.1 0.45 0 1.4036182550844566e-06
0.1 0.46 0 8.20506997199217e-07
0.1 0.47000000000000003 0 8.511117891565144e-07
0.1 0.48 0 3.547940358962687e-07
0.1 0.49 0 3.279314457709345e-07
0.1 0.5 0 5.662825283263419e-07
0.11 0.0 0 2.1756272723842233e-06
0.11 0.01 0 2.3591232271628388e-06
0.11 0.02 0 1.6736646244298287e-06
0.11 0.03 0 1.2413779735188391e-06
0.11 0.04 0 1.1816482922028624e-06
0.11 0.05 0 7.854674991629502e-07
0.11 0.06 0 1.2299683679209616e-06
0.11 0.07 0 1.296408557085956e-06
0.11 0.08 0 1.0836609867943837e-06
0.11 0.09 0 1.8591968539722334e-06
0.11 0.1 0 4.177116935996246e-06
0.11 0.11 0 5.371835694006186e-06
0.11 0.12 0 3.2362015130057195e-06
0.11 0.13 0 7.302291711940058e-06
0.11 0.14 0 2.192853598742244e-05
0.11 0.15 0 1.8138390132150928e-05
0.11 0.16 0 1.3986867320587066e-05
0.11 0.17 0 9.974587299991447e-06
0.11 0.18 0 9.166054347452421e-06
0.11 0.19 0 7.595272174968226e-06
0.11 0.2 0 8.14648426304088e-06
0.11 0.21 0 6.205975421175878e-06
0.11 0.22 0 5.125704658745853e-06
0.11 0.23 0 5.401604667664013e-06
0.11 0.24 0 5.83028994992329e-06
0.11 0.25 0 9.97911503834813e-06
0.11 0.26 0 9.443534730853388e-06
0.11 0.27 0 7.277395176064786e-06
0.11 0.28 0 1.5114639497166169e-05
0.11 0.29 0 2.463783726381758e-05
0.11 0.3 0 3.8666909486919165e-05
0.11 0.31 0 4.6951004719699286e-05
0.11 0.32 0 2.2365976180439956e-05
0.11 0.33 0 1.1444499583417828e-05
0.11 0.34 0 6.620445785217751e-06
0.11 0.35000000000000003 0 4.431209381905588e-06
0.11 0.36 0 1.3972382411909706e-06
0.11 0.37 0 9.579500504346775e-07
0.11 0.38 0 1.090128649297752e-06
0.11 0.39 0 6.57881852722324e-07
0.11 0.4 0 5.182183297545634e-07
0.11 0.41000000000000003 0 4.782999355155394e-07
0.11 0.42 0 4.6710364799017573e-07
0.11 0.43 0 1.0410632808410142e-06
0.11 0.44 0 1.412909433158372e-06
0.11 0.45 0 1.34181362893012e-06
0.11 0.46 0 1.1927894946720269e-06
0.11 0.47000000000000003 0 9.671797215757032e-07
0.11 0.48 0 4.611860850110304e-07
0.11 0.49 0 8.299200780026536e-07
0.11 0.5 0 8.074984905291101e-07
0.12 0.0 0 1.3996851163132338e-06
0.12 0.01 0 2.9930292861738426e-06
0.12 0.02 0 5.710715030933105e-06
0.12 0.03 0 2.415022428925086e-06
0.12 0.04 0 9.395203765429937e-07
0.12 0.05 0 7.148426694472792e-07
0.12 0.06 0 6.971315603793505e-07
0.12 0.07 0 1.1446998690552529e-06
0.12 0.08 0 1.500657210927878e-06
0.12 0.09 0 1.5591455391202411e-06
0.12 0.1 0 1.1825750421104368e-06
0.12 0.11 0 8.888593191983616e-07
0.12 0.12 0 1.5356077476470934e-06
0.12 0.13 0 2.3676445609657144e-06
0.12 0.14 0 5.109235965547182e-06
0.12 0.15 0 7.0763259568087446e-06
0.12 0.16 0 1.1897941416854352e-05
0.12 0.17 0 1.4035878413846822e-05
0.12 0.18 0 8.702282058777734e-06
0.12 0.19 0 1.066004088198976e-05
0.12 0.2 0 2.1821116151812618e-05
0.12 0.21 0 2.0533827227956987e-05
0.12 0.22 0 1.8897925579882265e-05
0.12 0.23 0 1.551969528966727e-05
0.12 0.24 0 9.45277846901699e-06
0.12 0.25 0 7.977038178671631e-06
0.12 0.26 0 6.8787307904776495e-06
0.12 0.27 0 3.825842280814691e-06
0.12 0.28 0 1.3100516365204017e-05
0.12 0.29 0 2.4211630428134673e-05
0.12 0.3 0 2.190843019675788e-05
0.12 0.31 0 2.279675902492931e-05
0.12 0.32 0 1.655582134515124e-05
0.12 0.33 0 1.027897343915821e-05
0.12 0.34 0 2.2149359621010277e-06
0.12 0.35000000000000003 0 9.553583960753076e-07
0.12 0.36 0 1.2959527650860482e-06
0.12 0.37 0 1.0489144431625187e-06
0.12 0.38 0 6.058186642109616e-07
0.12 0.39 0 3.231696076740157e-07
0.12 0.4 0 7.130754566349189e-07
0.12 0.41000000000000003 0 1.5618923787019833e-06
0.12 0.42 0 4.427361357329793e-07
0.12 0.43 0 3.5564447699166214e-07
0.12 0.44 0 7.057114286557946e-07
0.12 0.45 0 9.69703845357437e-07
0.12 0.46 0 9.127183023062977e-07
0.12 0.47000000000000003 0 6.999029319397948e-07
0.12 0.48 0 5.230835955517273e-07
0.12 0.49 0 6.803127309682406e-07
0.12 0.5 0 1.0649787406904898e-06
0.13 0.0 0 1.2704040110288088e-06
0.13 0.01 0 1.541430350564137e-06
0.13 0.02 0 3.0922288874888097e-06
0.13 0.03 0 1.9516558605742204e-06
0.13 0.04 0 1.2212510041585449e-06
0.13 0.05 0 1.3111999103792403e-06
0.13 0.06 0 1.1445096755504122e-06
0.13 0.07 0 1.8547530188984058e-06
0.13 0.08 0 1.2638956231351687e-06
0.13 0.09 0 1.6689473781216246e-06
0.13 0.1 0 2.7146134287487354e-06
0.13 0.11 0 3.500676805602968e-06
0.13 0.12 0 3.2673100947843284e-06
0.13 0.13 0 1.6209545141634856e-06
0.13 0.14 0 3.072248337804819e-06
0.13 0.15 0 4.078820930394139e-06
0.13 0.16 0 2.7698895322067778e-06
0.13 0.17 0 3.6100824339823525e-06
0.13 0.18 0 2.759863747487877e-06
0.13 0.19 0 3.565026773946252e-06
0.13 0.2 0 8.30344683117754e-06
0.13 0.21 0 1.0765321726698418e-05
0.13 0.22 0 1.1832957352349225e-05
0.13 0.23 0 1.1238369224722067e-05
0.13 0.24 0 1.5592820615311315e-05
0.13 0.25 0 1.2728556015579526e-05
0.13 0.26 0 1.1397298393533318e-05
0.13 0.27 0 8.542807674769044e-06
0.13 0.28 0 1.2427979824190076e-05
0.13 0.29 0 2.2225936896644367e-05
0.13 0.3 0 1.053539118527562e-05
0.13 0.31 0 1.1297411507066599e-05
0.13 0.32 0 9.18987119090578e-06
0.13 0.33 0 2.4911047020053025e-06
0.13 0.34 0 1.3059702133388315e-06
0.13 0.35000000000000003 0 8.199639238794758e-07
0.13 0.36 0 4.1882109489979795e-07
0.13 0.37 0 1.1760479827394586e-07
0.13 0.38 0 1.351661048130284e-07
0.13 0.39 0 3.41767579082401e-07
0.13 0.4 0 4.771910183606545e-07
0.13 0.41000000000000003 0 6.267553082422037e-07
0.13 0.42 0 5.010442606178227e-07
0.13 0.43 0 1.5822784178298712e-06
0.13 0.44 0 2.832550266936237e-06
0.13 0.45 0 2.432092765310871e-06
0.13 0.46 0 2.042716336201611e-06
0.13 0.47000000000000003 0 1.7872381021386235e-06
0.13 0.48 0 1.471772707219713e-06
0.13 0.49 0 1.5377521839045958e-06
0.13 0.5 0 1.9825048912822036e-06
0.14 0.0 0 1.0415152658948027e-06
0.14 0.01 0 1.6275660098597034e-06
0.14 0.02 0 3.5550138327401916e-06
0.14 0.03 0 3.0817588037681535e-06
0.14 0.04 0 2.086620284555848e-06
0.14 0.05 0 3.4837101592466605e-06
0.14 0.06 0 5.227709280534462e-06
0.14 0.07 0 6.736380608446987e-06
0.14 0.08 0 4.86427142371995e-06
0.14 0.09 0 4.8117306046825405e-06
0.14 0.1 0 5.430098466505021e-06
0.14 0.11 0 3.2599099518221197e-06
0.14 0.12 0 2.4116451324920103e-06
0.14 0.13 0 1.6037248240610061e-06
0.14 0.14 0 2.037313943961125e-06
0.14 0.15 0 2.1195132709603844e-06
0.14 0.16 0 1.3780965757241756e-06
0.14 0.17 0 2.233061160385718e-06
0.14 0.18 0 2.9995555243004338e-06
0.14 0.19 0 4.574101214231926e-06
0.14 0.2 0 7.643098759081545e-06
0.14 0.21 0 1.0558770415217176e-05
0.14 0.22 0 2.2544885660872924e-05
0.14 0.23 0 2.3119168560336218e-05
0.14 0.24 0 1.6954611300457815e-05
0.14 0.25 0 7.446457743229429e-06
0.14 0.26 0 1.1803571016657502e-05
0.14 0.27 0 1.7854914786569963e-05
0.14 0.28 0 1.2550004048523564e-05
0.14 0.29 0 1.0344448484568764e-05
0.14 0.3 0 1.1187816479063055e-05
0.14 0.31 0 1.2712763436742126e-05
0.14 0.32 0 8.3764583664515e-06
0.14 0.33 0 2.9936869370555355e-06
0.14 0.34 0 1.983297048032932e-06
0.14 0.35000000000000003 0 1.4128836771742514e-06
0.14 0.36 0 9.92556095216343e-07
0.14 0.37 0 5.042595963374841e-07
0.14 0.38 0 3.6496181698520004e-07
0.14 0.39 0 2.326526062950874e-07
0.14 0.4 0 2.043571594713634e-07
0.14 0.41000000000000003 0 4.706838091627511e-07
0.14 0.42 0 4.6479809376216527e-07
0.14 0.43 0 3.126279554804755e-07
0.14 0.44 0 8.699299912492511e-07
0.14 0.45 0 2.4674776577892423e-06
0.14 0.46 0 2.2707615656904896e-06
0.14 0.47000000000000003 0 1.185840197470186e-06
0.14 0.48 0 6.879321967013919e-07
0.14 0.49 0 8.373917144105042e-07
0.14 0.5 0 9.207910814731204e-07
0.15 0.0 0 1.1002321872332064e-06
0.15 0.01 0 1.183855028152939e-06
0.15 0.02 0 1.6123595806834778e-06
0.15 0.03 0 2.253446917530348e-06
0.15 0.04 0 3.088634044459948e-06
0.15 0.05 0 4.045494966392502e-06
0.15 0.06 0 2.6018433938408216e-06
0.15 0.07 0 3.6440279034151684e-06
0.15 0.08 0 4.219817106126975e-06
0.15 0.09 0 3.4865446008324216e-06
0.15 0.1 0 2.7373536742174894e-06
0.15 0.11 0 2.49979832933151e-06
0.15 0.12 0 2.1366511061386298e-06
0.15 0.13 0 2.628750738631628e-06
0.15 0.14 0 4.124485362639356e-06
0.15 0.15 0 5.366463346730254e-06
0.15 0.16 0 3.6083160778318092e-06
0.15 0.17 0 4.072734288204164e-06
0.15 0.18 0 4.965376592702446e-06
0.15 0.19 0 4.263947571419418e-06
0.15 0.2 0 5.604767768073452e-06
0.15 0.21 0 5.783623883910314e-06
0.15 0.22 0 6.289135053604416e-06
0.15 0.23 0 9.01934986604475e-06
0.15 0.24 0 1.0718628352180037e-05
0.15 0.25 0 9.564683281377213e-06
0.15 0.26 0 7.2550720578993465e-06
0.15 0.27 0 8.050163716553798e-06
0.15 0.28 0 1.1321870230702929e-05
0.15 0.29 0 1.93720934740353e-05
0.15 0.3 0 1.347916207295213e-05
0.15 0.31 0 5.423887245887159e-06
0.15 0.32 0 5.9037337926932e-06
0.15 0.33 0 3.4959626785178454e-06
0.15 0.34 0 4.294799400305442e-06
0.15 0.35000000000000003 0 2.1335935204996126e-06
0.15 0.36 0 7.903590522263485e-07
0.15 0.37 0 5.118328733097602e-07
0.15 0.38 0 1.6130083956476808e-07
0.15 0.39 0 1.8908101225969688e-07
0.15 0.4 0 1.76865622241991e-07
0.15 0.41000000000000003 0 1.6945737601404086e-07
0.15 0.42 0 2.2507915922237187e-07
0.15 0.43 0 1.5024747596639107e-07
0.15 0.44 0 2.776521471078511e-07
0.15 0.45 0 2.583326002580574e-07
0.15 0.46 0 2.482813265459449e-07
0.15 0.47000000000000003 0 5.764299988654286e-07
0.15 0.48 0 6.035043790296832e-07
0.15 0.49 0 5.679648384748698e-07
0.15 0.5 0 4.5553131007425286e-07
0.16 0.0 0 1.5594164315367248e-06
0.16 0.01 0 1.436492726280138e-06
0.16 0.02 0 1.5411663515268244e-06
0.16 0.03 0 2.123767224344442e-06
0.16 0.04 0 1.8699094928480096e-06
0.16 0.05 0 2.6562934322293056e-06
0.16 0.06 0 5.127962391067715e-06
0.16 0.07 0 6.354347364888288e-06
0.16 0.08 0 6.2523929302282475e-06
0.16 0.09 0 2.058910359268005e-06
0.16 0.1 0 1.543276254377159e-06
0.16 0.11 0 2.490038243528487e-06
0.16 0.12 0 2.0231366044510475e-06
0.16 0.13 0 3.4426375671952736e-06
0.16 0.14 0 2.883250810228487e-06
0.16 0.15 0 4.483516983241421e-06
0.16 0.16 0 7.057451441078646e-06
0.16 0.17 0 4.996740663016247e-06
0.16 0.18 0 3.5086704995091335e-06
0.16 0.19 0 2.6257033393220322e-06
0.16 0.2 0 4.77644245191699e-06
0.16 0.21 0 5.001724029800919e-06
0.16 0.22 0 5.177613297228859e-06
0.16 0.23 0 1.1244393004689218e-05
0.16 0.24 0 1.1040851005059408e-05
0.16 0.25 0 3.782649810858601e-06
0.16 0.26 0 2.3853951644915733e-06
0.16 0.27 0 3.046529016562073e-06
0.16 0.28 0 2.7643842612533168e-06
0.16 0.29 0 2.9756462129899218e-06
0.16 0.3 0 3.1673930089451257e-06
0.16 0.31 0 2.0206503966818675e-06
0.16 0.32 0 2.3779501734703243e-06
0.16 0.33 0 1.6447436789073247e-06
0.16 0.34 0 2.0996996675705717e-06
0.16 0.35000000000000003 0 1.9803962176015283e-06
0.16 0.36 0 1.4484862380494265e-06
0.16 0.37 0 1.7304491480714197e-06
0.16 0.38 0 1.0777660066512398e-06
0.16 0.39 0 3.236035781483575e-07
0.16 0.4 0 1.266690788066654e-07
0.16 0.41000000000000003 0 1.1906933806635161e-07
0.16 0.42 0 2.766127848654432e-07
0.16 0.43 0 1.9382193828770706e-07
0.16 0.44 0 1.7679156143089226e-07
0.16 0.45 0 2.6135016196146784e-07
0.16 0.46 0 5.095273577364093e-07
0.16 0.47000000000000003 0 6.574749904463259e-07
0.16 0.48 0 2.755371732383515e-07
0.16 0.49 0 3.6772339503382647e-07
0.16 0.5 0 1.3389072946275254e-06
0.17 0.0 0 2.0800492619055234e-06
0.17 0.01 0 9.829608095103928e-07
0.17 0.02 0 8.685827093827452e-07
0.17 0.03 0 7.953771501729862e-07
0.17 0.04 0 6.5523018451058e-07
0.17 0.05 0 1.4680182151828107e-06
0.17 0.06 0 1.393485701738137e-06
0.17 0.07 0 1.3787462260079869e-06
0.17 0.08 0 2.545321894138342e-06
0.17 0.09 0 2.5398308769684945e-06
0.17 0.1 0 2.3856227652063313e-06
0.17 0.11 0 4.293279688095729e-06
0.17 0.12 0 4.473302903766298e-06
0.17 0.13 0 4.1296603762421564e-06
0.17 0.14 0 3.3103088573620614e-06
0.17 0.15 0 3.021666701978282e-06
0.17 0.16 0 2.1413884350017326e-06
0.17 0.17 0 1.574217573254017e-06
0.17 0.18 0 1.6963422625434197e-06
0.17 0.19 0 3.2073938321220833e-06
0.17 0.2 0 4.030925956019962e-06
0.17 0.21 0 2.480359313866114e-06
0.17 0.22 0 1.4523101995528994e-06
0.17 0.23 0 2.9573888640489662e-06
0.17 0.24 0 4.0712415690915545e-06
0.17 0.25 0 4.504663244676323e-06
0.17 0.26 0 4.463926317221097e-06
0.17 0.27 0 2.295159425412762e-06
0.17 0.28 0 2.5907037508581806e-06
0.17 0.29 0 4.589486708034688e-06
0.17 0.3 0 2.8847130605659684e-06
0.17 0.31 0 6.483046878598393e-07
0.17 0.32 0 4.73703624554041e-07
0.17 0.33 0 6.697175006784499e-07
0.17 0.34 0 4.90664754849313e-07
0.17 0.35000000000000003 0 2.7900511063244727e-07
0.17 0.36 0 2.719262277297421e-07
0.17 0.37 0 7.780974025020174e-07
0.17 0.38 0 1.163871957341144e-06
0.17 0.39 0 3.535206341640944e-07
0.17 0.4 0 9.69963246364609e-08
0.17 0.41000000000000003 0 5.889144747649837e-08
0.17 0.42 0 1.0866230859092376e-07
0.17 0.43 0 1.0452989069012023e-07
0.17 0.44 0 1.389520435856508e-07
0.17 0.45 0 2.187581982628257e-07
0.17 0.46 0 2.2151123779662407e-07
0.17 0.47000000000000003 0 2.5022137136523475e-07
0.17 0.48 0 2.623706390482719e-07
0.17 0.49 0 5.975723790121896e-07
0.17 0.5 0 1.622746040851929e-06
0.18 0.0 0 2.6270893815662527e-06
0.18 0.01 0 1.6112117256106989e-06
0.18 0.02 0 1.3650976927357273e-06
0.18 0.03 0 7.315245135316326e-07
0.18 0.04 0 4.342890670809817e-07
0.18 0.05 0 4.5608847225599725e-07
0.18 0.06 0 4.89656921828682e-07
0.18 0.07 0 7.901480994443816e-07
0.18 0.08 0 1.950480656964947e-06
0.18 0.09 0 2.315179409752146e-06
0.18 0.1 0 1.5919731961230158e-06
0.18 0.11 0 3.3873112413883796e-06
0.18 0.12 0 3.1835315908992383e-06
0.18 0.13 0 1.3880202816009314e-06
0.18 0.14 0 8.512054000697856e-07
0.18 0.15 0 9.267220992899137e-07
0.18 0.16 0 1.6202584442366705e-06
0.18 0.17 0 1.9856752915056835e-06
0.18 0.18 0 1.7794875638524937e-06
0.18 0.19 0 1.2713821271643437e-06
0.18 0.2 0 1.3769080598226102e-06
0.18 0.21 0 2.0062733460860575e-06
0.18 0.22 0 1.0005326187479017e-06
0.18 0.23 0 2.0838295954790464e-06
0.18 0.24 0 5.612046375191917e-06
0.18 0.25 0 4.119946886085315e-06
0.18 0.26 0 2.6670957004507045e-06
0.18 0.27 0 1.1665367659004191e-06
0.18 0.28 0 1.2708425710658995e-06
0.18 0.29 0 2.685075807328327e-06
0.18 0.3 0 2.3425408734038547e-06
0.18 0.31 0 1.2071996561690223e-06
0.18 0.32 0 8.014494021342767e-07
0.18 0.33 0 4.544236961020539e-07
0.18 0.34 0 1.5867576234355508e-07
0.18 0.35000000000000003 0 1.3021448744985162e-07
0.18 0.36 0 1.840498251814097e-07
0.18 0.37 0 1.9756667703188468e-07
0.18 0.38 0 3.9663032868074757e-07
0.18 0.39 0 1.657745215976069e-07
0.18 0.4 0 1.2288758278528973e-07
0.18 0.41000000000000003 0 1.5051743102012555e-07
0.18 0.42 0 1.1843339835313108e-07
0.18 0.43 0 7.742051995427549e-08
0.18 0.44 0 4.9753316780460734e-08
0.18 0.45 0 8.36131207666538e-08
0.18 0.46 0 1.048640398522697e-07
0.18 0.47000000000000003 0 1.108717115521961e-07
0.18 0.48 0 1.9282022057730802e-07
0.18 0.49 0 1.7070877680562972e-07
0.18 0.5 0 3.988989173435293e-07
0.19 0.0 0 1.869035025770805e-06
0.19 0.01 0 5.435015879062088e-07
0.19 0.02 0 4.4037154821627273e-07
0.19 0.03 0 5.40713282328982e-07
0.19 0.04 0 4.977033634543699e-07
0.19 0.05 0 3.87173913090625e-07
0.19 0.06 0 3.972746091011565e-07
0.19 0.07 0 6.45219814788766e-07
0.19 0.08 0 1.2931897290329077e-06
0.19 0.09 0 2.449855586685393e-06
0.19 0.1 0 1.7752158440805095e-06
0.19 0.11 0 2.007027640774244e-06
0.19 0.12 0 2.5789538366845683e-06
0.19 0.13 0 1.6182892770584186e-06
0.19 0.14 0 1.2627678587299248e-06
0.19 0.15 0 8.93169752069849e-07
0.19 0.16 0 1.0313792393620047e-06
0.19 0.17 0 2.5491710084204154e-06
0.19 0.18 0 1.7692893840352704e-06
0.19 0.19 0 9.001223313281422e-07
0.19 0.2 0 2.9737873045221843e-07
0.19 0.21 0 2.791068257628318e-07
0.19 0.22 0 3.6248360928657937e-07
0.19 0.23 0 6.7756871750653e-07
0.19 0.24 0 1.513573161451494e-06
0.19 0.25 0 1.7170665536726091e-06
0.19 0.26 0 2.7761814483864065e-06
0.19 0.27 0 3.4986721630800514e-06
0.19 0.28 0 1.743749437539068e-06
0.19 0.29 0 1.9529133122645453e-06
0.19 0.3 0 3.609884123349524e-06
0.19 0.31 0 2.352590457250197e-06
0.19 0.32 0 7.871254155207063e-07
0.19 0.33 0 5.827107395480451e-07
0.19 0.34 0 3.627993733975684e-07
0.19 0.35000000000000003 0 5.374605124408322e-07
0.19 0.36 0 4.960337283179777e-07
0.19 0.37 0 1.6875198775972424e-07
0.19 0.38 0 2.4271454667903313e-07
0.19 0.39 0 3.0712102587924124e-07
0.19 0.4 0 3.352426123688018e-07
0.19 0.41000000000000003 0 2.593463636308463e-07
0.19 0.42 0 2.2165968909683148e-07
0.19 0.43 0 3.3247822611837205e-07
0.19 0.44 0 3.671603219187531e-07
0.19 0.45 0 2.78648612470181e-07
0.19 0.46 0 1.764971695481599e-07
0.19 0.47000000000000003 0 2.2282401382136973e-07
0.19 0.48 0 4.0910234918249306e-07
0.19 0.49 0 2.244221421087724e-07
0.19 0.5 0 3.1357208841860895e-07
0.2 0.0 0 1.7821190205815377e-06
0.2 0.01 0 1.3861399541295266e-06
0.2 0.02 0 7.556381993858747e-07
0.2 0.03 0 4.935810337251389e-07
0.2 0.04 0 6.121143849309565e-07
0.2 0.05 0 5.585810153085816e-07
0.2 0.06 0 4.548596959175035e-07
0.2 0.07 0 3.19187530406449e-07
0.2 0.08 0 5.251808144119608e-07
0.2 0.09 0 1.7258265564020269e-06
0.2 0.1 0 1.391258042337197e-06
0.2 0.11 0 1.4501527388858256e-06
0.2 0.12 0 3.956870328961959e-06
0.2 0.13 0 4.771443887080434e-06
0.2 0.14 0 4.085317969303789e-06
0.2 0.15 0 2.3229003086188246e-06
0.2 0.16 0 1.8153968096018313e-06
0.2 0.17 0 2.672457272756054e-06
0.2 0.18 0 2.055278405491884e-06
0.2 0.19 0 1.0568616566650873e-06
0.2 0.2 0 7.333049381442042e-07
0.2 0.21 0 1.3871596039440647e-06
0.2 0.22 0 1.6261871011288624e-06
0.2 0.23 0 8.622929296271532e-07
0.2 0.24 0 7.328963016506185e-07
0.2 0.25 0 1.381862773706514e-06
0.2 0.26 0 3.195681080612365e-06
0.2 0.27 0 3.7846109056680432e-06
0.2 0.28 0 1.3403325757469594e-06
0.2 0.29 0 1.6166407562658213e-06
0.2 0.3 0 3.549970325783015e-06
0.2 0.31 0 2.5985220947754486e-06
0.2 0.32 0 9.447532766054808e-07
0.2 0.33 0 3.6327192029589135e-07
0.2 0.34 0 2.9723949869310314e-07
0.2 0.35000000000000003 0 3.7352914913447873e-07
0.2 0.36 0 4.4357246489571647e-07
0.2 0.37 0 2.454468152561208e-07
0.2 0.38 0 3.7389413861891824e-07
0.2 0.39 0 1.093174608530235e-06
0.2 0.4 0 7.336047665377264e-07
0.2 0.41000000000000003 0 3.222848342255239e-07
0.2 0.42 0 1.9225424333913646e-07
0.2 0.43 0 2.3215543296650777e-07
0.2 0.44 0 3.076650617418596e-07
0.2 0.45 0 2.4071831396863487e-07
0.2 0.46 0 2.811431628154868e-07
0.2 0.47000000000000003 0 1.2945452502037232e-07
0.2 0.48 0 1.2413423206186283e-07
0.2 0.49 0 7.774383927520618e-08
0.2 0.5 0 1.1615402839146626e-07
0.21 0.0 0 4.1321377726654747e-07
0.21 0.01 0 1.654029277539942e-07
0.21 0.02 0 1.2048367660710986e-07
0.21 0.03 0 3.941445878606722e-07
0.21 0.04 0 7.968695774312171e-07
0.21 0.05 0 3.8611459692348763e-07
0.21 0.06 0 3.6784117240904005e-07
0.21 0.07 0 7.39291934835452e-07
0.21 0.08 0 1.6531012221779518e-06
0.21 0.09 0 1.7938138918968895e-06
0.21 0.1 0 1.5251548118919974e-06
0.21 0.11 0 2.1406495839545158e-06
0.21 0.12 0 5.500523148083622e-06
0.21 0.13 0 8.009289228862593e-06
0.21 0.14 0 5.223956644764303e-06
0.21 0.15 0 2.756147410027661e-06
0.21 0.16 0 1.3693155783062527e-06
0.21 0.17 0 2.145905014932956e-06
0.21 0.18 0 2.0144032276347954e-06
0.21 0.19 0 1.306663120242176e-06
0.21 0.2 0 7.219167466834088e-07
0.21 0.21 0 7.744980435303065e-07
0.21 0.22 0 1.6448761838536428e-06
0.21 0.23 0 9.186171682451247e-07
0.21 0.24 0 7.790888631850194e-07
0.21 0.25 0 9.870807027357495e-07
0.21 0.26 0 1.0930570327340052e-06
0.21 0.27 0 3.5656783349830817e-06
0.21 0.28 0 1.9018695792376353e-06
0.21 0.29 0 1.4780586726807262e-06
0.21 0.3 0 1.6046518433746905e-06
0.21 0.31 0 1.7684303693937522e-06
0.21 0.32 0 2.0898007081326334e-06
0.21 0.33 0 1.1592647360052584e-06
0.21 0.34 0 6.194784111605701e-07
0.21 0.35000000000000003 0 5.01553450126471e-07
0.21 0.36 0 4.6681848394392584e-07
0.21 0.37 0 2.050984581844413e-07
0.21 0.38 0 1.0366232898714182e-07
0.21 0.39 0 2.419823780063391e-07
0.21 0.4 0 3.295562378310337e-07
0.21 0.41000000000000003 0 2.5642712869809516e-07
0.21 0.42 0 1.6029442755333455e-07
0.21 0.43 0 1.539544056207011e-07
0.21 0.44 0 2.8271975867469007e-07
0.21 0.45 0 2.60606372024716e-07
0.21 0.46 0 2.0075227742366475e-07
0.21 0.47000000000000003 0 1.5928269175636975e-07
0.21 0.48 0 3.085322279831263e-07
0.21 0.49 0 4.850524006746088e-07
0.21 0.5 0 4.1541781868953085e-07
0.22 0.0 0 1.0143282888840797e-06
0.22 0.01 0 6.811623409855653e-07
0.22 0.02 0 4.869520076894487e-07
0.22 0.03 0 4.892658830907393e-07
0.22 0.04 0 3.249851775987209e-07
0.22 0.05 0 3.907906087702771e-07
0.22 0.06 0 9.55193434662533e-07
0.22 0.07 0 5.88279571862297e-07
0.22 0.08 0 4.1721551310260126e-07
0.22 0.09 0 8.966300345631833e-07
0.22 0.1 0 1.8394696144249427e-06
0.22 0.11 0 1.5117732775496236e-06
0.22 0.12 0 1.5714410955337352e-06
0.22 0.13 0 1.5353593214770584e-06
0.22 0.14 0 2.3410555582484765e-06
0.22 0.15 0 2.3025577057345482e-06
0.22 0.16 0 1.8131830023023342e-06
0.22 0.17 0 2.5019032004398145e-06
0.22 0.18 0 2.448330683271727e-06
0.22 0.19 0 1.6486266416414622e-06
0.22 0.2 0 7.959175906277782e-07
0.22 0.21 0 4.4848643044656396e-07
0.22 0.22 0 5.314283784990047e-07
0.22 0.23 0 6.977581350570692e-07
0.22 0.24 0 8.762506040997061e-07
0.22 0.25 0 1.1653307283086187e-06
0.22 0.26 0 9.05353639704312e-07
0.22 0.27 0 8.136743997366079e-07
0.22 0.28 0 9.637865630987222e-07
0.22 0.29 0 1.69497103468727e-06
0.22 0.3 0 3.0916388879298655e-06
0.22 0.31 0 3.980295017520482e-06
0.22 0.32 0 3.1435390885469503e-06
0.22 0.33 0 2.3551523806758975e-06
0.22 0.34 0 2.1384476957242158e-06
0.22 0.35000000000000003 0 2.031966071586441e-06
0.22 0.36 0 1.658546435739747e-06
0.22 0.37 0 9.162827955199083e-07
0.22 0.38 0 4.6096298253891977e-07
0.22 0.39 0 6.585958418089711e-07
0.22 0.4 0 4.7264947432004466e-07
0.22 0.41000000000000003 0 3.2955964913292244e-07
0.22 0.42 0 3.522078117845225e-07
0.22 0.43 0 2.813376413414429e-07
0.22 0.44 0 3.342810442921326e-07
0.22 0.45 0 1.7979137531922709e-07
0.22 0.46 0 1.793121490940909e-07
0.22 0.47000000000000003 0 1.9287953502871981e-07
0.22 0.48 0 2.306039993871015e-07
0.22 0.49 0 4.965728783592326e-07
0.22 0.5 0 6.409884931475454e-07
0.23 0.0 0 9.594381080196353e-07
0.23 0.01 0 1.3255585975735964e-06
0.23 0.02 0 9.73002657279404e-07
0.23 0.03 0 3.519679055320881e-07
0.23 0.04 0 2.6559550798165597e-07
0.23 0.05 0 5.054985443048004e-07
0.23 0.06 0 1.0605197498940886e-06
0.23 0.07 0 8.831486068326943e-07
0.23 0.08 0 7.669717442391592e-07
0.23 0.09 0 1.228034455466168e-06
0.23 0.1 0 1.8864488563336088e-06
0.23 0.11 0 2.3300364512858756e-06
0.23 0.12 0 2.703807720215885e-06
0.23 0.13 0 2.094455718994678e-06
0.23 0.14 0 1.5683432484484394e-06
0.23 0.15 0 1.255081319690476e-06
0.23 0.16 0 6.094024780791292e-07
0.23 0.17 0 4.718183667563533e-07
0.23 0.18 0 1.2416148875271232e-06
0.23 0.19 0 1.2362517117566952e-06
0.23 0.2 0 1.0614987711245293e-06
0.23 0.21 0 1.5866300420290578e-06
0.23 0.22 0 1.907471334848445e-06
0.23 0.23 0 2.131291290587118e-06
0.23 0.24 0 1.304774287680271e-06
0.23 0.25 0 9.081571465770206e-07
0.23 0.26 0 5.61443480160054e-07
0.23 0.27 0 8.261146278817569e-07
0.23 0.28 0 2.3923872341529214e-06
0.23 0.29 0 4.623080237603457e-06
0.23 0.3 0 3.979175512483441e-06
0.23 0.31 0 2.727121244575376e-06
0.23 0.32 0 2.2889058090863296e-06
0.23 0.33 0 2.0928162459880593e-06
0.23 0.34 0 1.1175241424723763e-06
0.23 0.35000000000000003 0 1.2042736617754283e-06
0.23 0.36 0 1.5677415411660365e-06
0.23 0.37 0 1.5388556621210652e-06
0.23 0.38 0 6.442924129878788e-07
0.23 0.39 0 2.976827631233121e-07
0.23 0.4 0 1.7583347644110645e-07
0.23 0.41000000000000003 0 1.5514487815177452e-07
0.23 0.42 0 1.4045878379702503e-07
0.23 0.43 0 9.707325731557022e-08
0.23 0.44 0 1.722941074977236e-07
0.23 0.45 0 3.693007506582756e-07
0.23 0.46 0 3.0698780307662863e-07
0.23 0.47000000000000003 0 4.0987482845835223e-07
0.23 0.48 0 4.790457891890921e-07
0.23 0.49 0 1.023716890156947e-06
0.23 0.5 0 1.1401235554013129e-06
0.24 0.0 0 7.488611808566309e-07
0.24 0.01 0 7.1453170658832e-07
0.24 0.02 0 5.509432758654305e-07
0.24 0.03 0 6.28339488717202e-07
0.24 0.04 0 6.021829435037204e-07
0.24 0.05 0 4.5978942461049856e-07
0.24 0.06 0 1.2104837702465828e-06
0.24 0.07 0 1.239409002986782e-06
0.24 0.08 0 8.403763723053429e-07
0.24 0.09 0 1.4643929743437044e-06
0.24 0.1 0 3.7010820391955814e-06
0.24 0.11 0 3.4793720179174685e-06
0.24 0.12 0 1.7092564862564411e-06
0.24 0.13 0 1.1250757423520194e-06
0.24 0.14 0 1.987004831053159e-06
0.24 0.15 0 2.6120519873115586e-06
0.24 0.16 0 1.5627327590587862e-06
0.24 0.17 0 6.282955074924256e-07
0.24 0.18 0 6.794446172379701e-07
0.24 0.19 0 7.782061762372962e-07
0.24 0.2 0 1.2233945248193657e-06
0.24 0.21 0 1.7545110822291172e-06
0.24 0.22 0 1.276970315847241e-06
0.24 0.23 0 2.152087101639736e-06
0.24 0.24 0 3.197296579159875e-06
0.24 0.25 0 1.612983854959141e-06
0.24 0.26 0 7.791979627748595e-07
0.24 0.27 0 9.69102109919992e-07
0.24 0.28 0 3.482730068545409e-06
0.24 0.29 0 2.562660698046604e-06
0.24 0.3 0 1.3478813833434928e-06
0.24 0.31 0 1.0713846258813463e-06
0.24 0.32 0 5.84537277349002e-07
0.24 0.33 0 8.658850934202594e-07
0.24 0.34 0 6.081163418449448e-07
0.24 0.35000000000000003 0 5.081139570662153e-07
0.24 0.36 0 5.517821734265669e-07
0.24 0.37 0 5.405847942718782e-07
0.24 0.38 0 5.885444256399197e-07
0.24 0.39 0 4.697003497924077e-07
0.24 0.4 0 3.229633211724588e-07
0.24 0.41000000000000003 0 2.94538611779851e-07
0.24 0.42 0 3.8460887007634036e-07
0.24 0.43 0 3.477389728771371e-07
0.24 0.44 0 3.4366273571858756e-07
0.24 0.45 0 3.609081908429748e-07
0.24 0.46 0 2.866812307963413e-07
0.24 0.47000000000000003 0 6.16146800899753e-07
0.24 0.48 0 1.2372618579685608e-06
0.24 0.49 0 1.50191558784842e-06
0.24 0.5 0 7.544486404916435e-07
0.25 0.0 0 4.812178034400072e-07
0.25 0.01 0 5.800933176249475e-07
0.25 0.02 0 1.0661630583222402e-06
0.25 0.03 0 8.601496620640977e-07
0.25 0.04 0 4.074535884376474e-07
0.25 0.05 0 2.8285235185057627e-07
0.25 0.06 0 6.313909101155232e-07
0.25 0.07 0 1.0355461514358979e-06
0.25 0.08 0 5.882876604799873e-07
0.25 0.09 0 9.189144954536329e-07
0.25 0.1 0 1.8004537739339225e-06
0.25 0.11 0 1.615848683922645e-06
0.25 0.12 0 2.21978542620486e-06
0.25 0.13 0 1.4464096763665107e-06
0.25 0.14 0 7.988051379982667e-07
0.25 0.15 0 1.4833904194493723e-06
0.25 0.16 0 1.963946915720442e-06
0.25 0.17 0 9.33042920267484e-07
0.25 0.18 0 1.2173838387496271e-06
0.25 0.19 0 1.2780662814574398e-06
0.25 0.2 0 1.1679954379519506e-06
0.25 0.21 0 9.373084386884935e-07
0.25 0.22 0 6.546042800787152e-07
0.25 0.23 0 1.0500569195832351e-06
0.25 0.24 0 1.361766282768747e-06
0.25 0.25 0 1.8225721501795988e-06
0.25 0.26 0 3.108823945598847e-06
0.25 0.27 0 3.971723525199758e-06
0.25 0.28 0 4.004749677542777e-06
0.25 0.29 0 2.4901006673793497e-06
0.25 0.3 0 1.8753788974047302e-06
0.25 0.31 0 1.2120869872927108e-06
0.25 0.32 0 5.730664988091648e-07
0.25 0.33 0 1.0798881174260049e-06
0.25 0.34 0 1.8269414277447208e-06
0.25 0.35000000000000003 0 1.6074355449167813e-06
0.25 0.36 0 1.4537906823847836e-06
0.25 0.37 0 1.1365943867152723e-06
0.25 0.38 0 5.80949545647129e-07
0.25 0.39 0 4.186343868068767e-07
0.25 0.4 0 4.087698487535925e-07
0.25 0.41000000000000003 0 8.230027899612926e-07
0.25 0.42 0 1.1563198152574832e-06
0.25 0.43 0 1.1836375739047729e-06
0.25 0.44 0 8.013922465079212e-07
0.25 0.45 0 1.055893490277273e-06
0.25 0.46 0 1.225437769732479e-06
0.25 0.47000000000000003 0 1.3965412537433046e-06
0.25 0.48 0 1.8241894477609367e-06
0.25 0.49 0 1.996746568683418e-06
0.25 0.5 0 3.320518500861854e-06
0.26 0.0 0 6.194587958735575e-07
0.26 0.01 0 8.124247865715599e-07
0.26 0.02 0 7.315486382733534e-07
0.26 0.03 0 4.344878224304145e-07
0.26 0.04 0 3.851388077102342e-07
0.26 0.05 0 2.3153804442435286e-07
0.26 0.06 0 2.211564250636615e-07
0.26 0.07 0 4.1441893654976677e-07
0.26 0.08 0 5.850740786373944e-07
0.26 0.09 0 6.884426983212663e-07
0.26 0.1 0 9.700027823491156e-07
0.26 0.11 0 1.1263915111287593e-06
0.26 0.12 0 1.9629276271318456e-06
0.26 0.13 0 1.9255268302771887e-06
0.26 0.14 0 1.1865304918827538e-06
0.26 0.15 0 1.1951910608561716e-06
0.26 0.16 0 1.6947822646586965e-06
0.26 0.17 0 1.3987953449179562e-06
0.26 0.18 0 1.5691002858638095e-06
0.26 0.19 0 1.98445379944821e-06
0.26 0.2 0 1.5729022508715782e-06
0.26 0.21 0 1.4580167280744897e-06
0.26 0.22 0 1.6386853985061234e-06
0.26 0.23 0 1.000638484637811e-06
0.26 0.24 0 2.1167783195467594e-06
0.26 0.25 0 2.6351263055521626e-06
0.26 0.26 0 2.594458270985417e-06
0.26 0.27 0 3.3807446389645313e-06
0.26 0.28 0 4.207743786036772e-06
0.26 0.29 0 2.748784299953669e-06
0.26 0.3 0 8.985323093599636e-07
0.26 0.31 0 8.497253203623042e-07
0.26 0.32 0 7.670667213409885e-07
0.26 0.33 0 8.436551822076401e-07
0.26 0.34 0 1.0435283414019528e-06
0.26 0.35000000000000003 0 6.610111119981559e-07
0.26 0.36 0 1.1078218512304514e-06
0.26 0.37 0 1.6341848040917283e-06
0.26 0.38 0 2.3454707976509745e-06
0.26 0.39 0 3.2473962443493024e-06
0.26 0.4 0 2.0133548541934754e-06
0.26 0.41000000000000003 0 1.120221744004783e-06
0.26 0.42 0 5.574626773766539e-07
0.26 0.43 0 4.542718647746901e-07
0.26 0.44 0 2.3170149543039262e-07
0.26 0.45 0 4.5642174450532983e-07
0.26 0.46 0 1.329548299872348e-06
0.26 0.47000000000000003 0 1.6535103209692669e-06
0.26 0.48 0 2.90639353127721e-06
0.26 0.49 0 2.698750363192016e-06
0.26 0.5 0 2.125016427513333e-06
0.27 0.0 0 7.775417953356309e-07
0.27 0.01 0 3.4915206322350605e-07
0.27 0.02 0 1.8447465421965775e-07
0.27 0.03 0 1.881174614977218e-07
0.27 0.04 0 2.703337332549973e-07
0.27 0.05 0 3.371119427677759e-07
0.27 0.06 0 3.141243625703318e-07
0.27 0.07 0 7.740001436136505e-07
0.27 0.08 0 9.744877171146787e-07
0.27 0.09 0 7.728695094504299e-07
0.27 0.1 0 6.224413920553805e-07
0.27 0.11 0 6.806478141157106e-07
0.27 0.12 0 2.124779715541208e-06
0.27 0.13 0 2.7342740695043176e-06
0.27 0.14 0 2.3675890588530027e-06
0.27 0.15 0 2.644806038498145e-06
0.27 0.16 0 2.783532838518646e-06
0.27 0.17 0 1.3695429564989612e-06
0.27 0.18 0 5.757790621813086e-07
0.27 0.19 0 7.840294190346601e-07
0.27 0.2 0 9.471758980794009e-07
0.27 0.21 0 7.878935646810576e-07
0.27 0.22 0 9.225433723204145e-07
0.27 0.23 0 1.0252835809731383e-06
0.27 0.24 0 1.5301524098817397e-06
0.27 0.25 0 1.6861473455168842e-06
0.27 0.26 0 3.8246461557593655e-06
0.27 0.27 0 8.921614331974444e-06
0.27 0.28 0 7.96210619575872e-06
0.27 0.29 0 3.722795505452431e-06
0.27 0.3 0 2.458585420358984e-06
0.27 0.31 0 3.301391867912641e-06
0.27 0.32 0 1.942109541599697e-06
0.27 0.33 0 7.887041048346696e-07
0.27 0.34 0 9.036187672063775e-07
0.27 0.35000000000000003 0 7.988783369468466e-07
0.27 0.36 0 6.79630180424441e-07
0.27 0.37 0 1.2042630265657125e-06
0.27 0.38 0 1.3243033459810197e-06
0.27 0.39 0 1.336134626178303e-06
0.27 0.4 0 1.3992278668262603e-06
0.27 0.41000000000000003 0 1.6113348740661698e-06
0.27 0.42 0 1.0248853427224125e-06
0.27 0.43 0 6.133185030560956e-07
0.27 0.44 0 3.69470498590043e-07
0.27 0.45 0 5.289175376335605e-07
0.27 0.46 0 9.272396564050919e-07
0.27 0.47000000000000003 0 1.0635046235686227e-06
0.27 0.48 0 1.9907027374226135e-06
0.27 0.49 0 3.323844997184299e-06
0.27 0.5 0 2.9414594634202123e-06
0.28 0.0 0 4.981554464542067e-07
0.28 0.01 0 2.346160694441328e-07
0.28 0.02 0 1.6416238038057496e-07
0.28 0.03 0 9.611177525178061e-08
0.28 0.04 0 1.0147253928792351e-07
0.28 0.05 0 1.257836524658852e-07
0.28 0.06 0 1.223241345744733e-07
0.28 0.07 0 1.9546346585863066e-07
0.28 0.08 0 2.2762320497089952e-07
0.28 0.09 0 2.0774499883178752e-07
0.28 0.1 0 2.3994474364849045e-07
0.28 0.11 0 4.957758163856755e-07
0.28 0.12 0 8.618214619387137e-07
0.28 0.13 0 1.3839530449543136e-06
0.28 0.14 0 1.4209507185653659e-06
0.28 0.15 0 9.108867019946898e-07
0.28 0.16 0 1.3794289328723512e-06
0.28 0.17 0 2.0947450897506736e-06
0.28 0.18 0 3.663081010378042e-06
0.28 0.19 0 2.8271092899624553e-06
0.28 0.2 0 1.088552319543897e-06
0.28 0.21 0 1.0556638396890767e-06
0.28 0.22 0 1.5740429614532655e-06
0.28 0.23 0 9.728286705923016e-07
0.28 0.24 0 1.246467443729773e-06
0.28 0.25 0 2.496228766123381e-06
0.28 0.26 0 7.580829623407958e-06
0.28 0.27 0 1.0276899302632128e-05
0.28 0.28 0 4.8374994903368865e-06
0.28 0.29 0 3.3577776095213774e-06
0.28 0.3 0 2.416522013001586e-06
0.28 0.31 0 1.7696476480538908e-06
0.28 0.32 0 2.12283870880221e-06
0.28 0.33 0 1.3412176144361492e-06
0.28 0.34 0 1.6663618871311488e-06
0.28 0.35000000000000003 0 1.1864983067007063e-06
0.28 0.36 0 9.874827335203177e-07
0.28 0.37 0 1.4085119023893469e-06
0.28 0.38 0 7.963035867622707e-07
0.28 0.39 0 5.730303543299339e-07
0.28 0.4 0 7.527728981743783e-07
0.28 0.41000000000000003 0 1.3309798508277644e-06
0.28 0.42 0 2.015376710156258e-06
0.28 0.43 0 1.717437392726166e-06
0.28 0.44 0 1.2756491505119392e-06
0.28 0.45 0 1.0340767532119785e-06
0.28 0.46 0 1.3193284267903482e-06
0.28 0.47000000000000003 0 2.032109759131376e-06
0.28 0.48 0 1.376383965921248e-06
0.28 0.49 0 1.0537434534074588e-06
0.28 0.5 0 1.378693936877536e-06
0.29 0.0 0 5.04636891408325e-07
0.29 0.01 0 4.075815549561345e-07
0.29 0.02 0 1.1379086380291261e-07
0.29 0.03 0 1.2387551735020496e-07
0.29 0.04 0 2.3092009732250114e-07
0.29 0.05 0 4.71961917049704e-07
0.29 0.06 0 2.847209496366091e-07
0.29 0.07 0 1.0658527452003601e-07
0.29 0.08 0 1.6313447902119986e-07
0.29 0.09 0 3.045638898610134e-07
0.29 0.1 0 2.998130929597423e-07
0.29 0.11 0 3.197621667226577e-07
0.29 0.12 0 5.308728957769515e-07
0.29 0.13 0 2.0870894657011947e-06
0.29 0.14 0 2.260525492274056e-06
0.29 0.15 0 1.1549941522132055e-06
0.29 0.16 0 1.6198156959364235e-06
0.29 0.17 0 3.449871093776486e-06
0.29 0.18 0 3.6064581606525745e-06
0.29 0.19 0 2.56951884941308e-06
0.29 0.2 0 2.751626656814956e-06
0.29 0.21 0 2.736147361184801e-06
0.29 0.22 0 1.7189328496417962e-06
0.29 0.23 0 1.2821740610791826e-06
0.29 0.24 0 2.151209500366692e-06
0.29 0.25 0 3.700549327242524e-06
0.29 0.26 0 5.2705248387829145e-06
0.29 0.27 0 7.966951398646219e-06
0.29 0.28 0 1.2234011343864135e-05
0.29 0.29 0 1.3870630714113638e-05
0.29 0.3 0 1.1951011681185034e-05
0.29 0.31 0 4.296339025460444e-06
0.29 0.32 0 2.931950726013033e-06
0.29 0.33 0 2.9459847771091097e-06
0.29 0.34 0 3.1862378928408016e-06
0.29 0.35000000000000003 0 2.3284425791456808e-06
0.29 0.36 0 7.713714624457365e-07
0.29 0.37 0 6.841980639448696e-07
0.29 0.38 0 7.870385315912372e-07
0.29 0.39 0 1.1012400175774441e-06
0.29 0.4 0 2.231401710642469e-06
0.29 0.41000000000000003 0 2.681124645706935e-06
0.29 0.42 0 4.4527922557502e-06
0.29 0.43 0 5.437327405641859e-06
0.29 0.44 0 5.123605041429118e-06
0.29 0.45 0 3.1478094530533652e-06
0.29 0.46 0 1.6109696790500058e-06
0.29 0.47000000000000003 0 1.4183281709322529e-06
0.29 0.48 0 9.081515285948231e-07
0.29 0.49 0 1.3101975953236456e-06
0.29 0.5 0 1.4168706224417902e-06
0.3 0.0 0 3.7681362736474644e-07
0.3 0.01 0 5.19217849720969e-07
0.3 0.02 0 4.6061329126765354e-07
0.3 0.03 0 4.977207010522475e-07
0.3 0.04 0 3.555382659692672e-07
0.3 0.05 0 2.685065139500053e-07
0.3 0.06 0 2.7628184384445823e-07
0.3 0.07 0 3.193743224233602e-07
0.3 0.08 0 2.490529398349305e-07
0.3 0.09 0 1.6679079739694566e-07
0.3 0.1 0 2.0069794082478e-07
0.3 0.11 0 4.907855627550156e-07
0.3 0.12 0 7.433459780479037e-07
0.3 0.13 0 8.480953245312024e-07
0.3 0.14 0 7.917366292164949e-07
0.3 0.15 0 1.7630412811500763e-06
0.3 0.16 0 4.040285034051483e-06
0.3 0.17 0 2.1681694981559396e-06
0.3 0.18 0 1.4184916710697767e-06
0.3 0.19 0 1.281907008516153e-06
0.3 0.2 0 1.38982688528012e-06
0.3 0.21 0 2.3311089669106935e-06
0.3 0.22 0 4.10915946433801e-06
0.3 0.23 0 5.3462366658800665e-06
0.3 0.24 0 4.921688068342926e-06
0.3 0.25 0 5.535522559263227e-06
0.3 0.26 0 9.085629210570396e-06
0.3 0.27 0 9.077782707257397e-06
0.3 0.28 0 5.260067112729863e-06
0.3 0.29 0 3.4778155053182407e-06
0.3 0.3 0 5.551861248230105e-06
0.3 0.31 0 5.966176074253523e-06
0.3 0.32 0 8.914780588183467e-06
0.3 0.33 0 7.775280140331205e-06
0.3 0.34 0 5.197655166744838e-06
0.3 0.35000000000000003 0 4.683937745856536e-06
0.3 0.36 0 5.434177507331061e-06
0.3 0.37 0 3.0723057914731375e-06
0.3 0.38 0 1.7349599154240392e-06
0.3 0.39 0 2.7902299828996156e-06
0.3 0.4 0 6.142427058281835e-06
0.3 0.41000000000000003 0 7.188728129264351e-06
0.3 0.42 0 6.435447852723277e-06
0.3 0.43 0 4.820824482220269e-06
0.3 0.44 0 3.363479189509957e-06
0.3 0.45 0 1.3815121037078966e-06
0.3 0.46 0 9.82332733361375e-07
0.3 0.47000000000000003 0 1.4411444679662811e-06
0.3 0.48 0 1.7290033622561714e-06
0.3 0.49 0 1.7964850125950213e-06
0.3 0.5 0 2.0866416844427133e-06
#STOP
