#MEDIUM_PROPERTIES_DISTRIBUTED
$MSH_TYPE
	 GROUNDWATER_FLOW	
$MMP_TYPE
	 PERMEABILITY	
$DIS_TYPE
	 NEAREST_VALUE	
;hj
$CONVERSION_FACTOR
	 1.0	
$DATA
0.0 0.0 0 2.584794471018765e-06
0.0 0.01 0 2.620269855225879e-06
0.0 0.02 0 2.6972028423386685e-06
0.0 0.03 0 2.8670575374109207e-06
0.0 0.04 0 2.9942476063137352e-06
0.0 0.05 0 3.113237351851092e-06
0.0 0.06 0 3.3144273672723696e-06
0.0 0.07 0 3.4730549542460403e-06
0.0 0.08 0 3.588626310556105e-06
0.0 0.09 0 3.796536830591737e-06
0.0 0.1 0 3.984682019792229e-06
0.0 0.11 0 4.052385769816478e-06
0.0 0.12 0 4.104406774600956e-06
0.0 0.13 0 4.084654466848449e-06
0.0 0.14 0 3.922743179334538e-06
0.0 0.15 0 3.7758788825604533e-06
0.0 0.16 0 3.704238953275968e-06
0.0 0.17 0 3.6330904633718286e-06
0.0 0.18 0 3.5635828119239805e-06
0.0 0.19 0 3.4786004439800396e-06
0.0 0.2 0 3.314719363580314e-06
0.0 0.21 0 3.115491748296761e-06
0.0 0.22 0 2.9825150267554876e-06
0.0 0.23 0 2.962539409698339e-06
0.0 0.24 0 3.0336702579846773e-06
0.0 0.25 0 3.1333698765152433e-06
0.0 0.26 0 3.215820761836986e-06
0.0 0.27 0 3.2393608916511163e-06
0.0 0.28 0 3.1764770834523677e-06
0.0 0.29 0 3.1033024277451345e-06
0.0 0.3 0 3.0595849926470553e-06
0.0 0.31 0 2.9422260515118808e-06
0.0 0.32 0 2.7430702082955768e-06
0.0 0.33 0 2.5520110632162787e-06
0.0 0.34 0 2.360602782390707e-06
0.0 0.35000000000000003 0 2.2090024906800123e-06
0.0 0.36 0 2.1967696129787463e-06
0.0 0.37 0 2.2605534970839797e-06
0.0 0.38 0 2.2913749620689157e-06
0.0 0.39 0 2.3310330220538814e-06
0.0 0.4 0 2.3567017846895152e-06
0.0 0.41000000000000003 0 2.281287358354181e-06
0.0 0.42 0 2.194821722877719e-06
0.0 0.43 0 2.1394812149259737e-06
0.0 0.44 0 2.022391643982806e-06
0.0 0.45 0 1.8967879290103752e-06
0.0 0.46 0 1.8413874161209768e-06
0.0 0.47000000000000003 0 1.7875780323032337e-06
0.0 0.48 0 1.7301732281784045e-06
0.0 0.49 0 1.7289273330394436e-06
0.0 0.5 0 1.7271602566106947e-06
0.01 0.0 0 3.0039868623398245e-06
0.01 0.01 0 3.1927618320517742e-06
0.01 0.02 0 3.3217539569740476e-06
0.01 0.03 0 3.5953429100326914e-06
0.01 0.04 0 3.926547498528555e-06
0.01 0.05 0 4.157449975299806e-06
0.01 0.06 0 4.333178919388398e-06
0.01 0.07 0 4.348784751509876e-06
0.01 0.08 0 4.167346679106494e-06
0.01 0.09 0 4.081744361915402e-06
0.01 0.1 0 4.174905965223058e-06
0.01 0.11 0 4.279062472720118e-06
0.01 0.12 0 4.38047874407878e-06
0.01 0.13 0 4.469753197680725e-06
0.01 0.14 0 4.424706235090948e-06
0.01 0.15 0 4.304055937715108e-06
0.01 0.16 0 4.189072705867654e-06
0.01 0.17 0 3.9696950910070545e-06
0.01 0.18 0 3.601664673492689e-06
0.01 0.19 0 3.191145266468042e-06
0.01 0.2 0 2.8342216354655608e-06
0.01 0.21 0 2.585845369535578e-06
0.01 0.22 0 2.458777378021462e-06
0.01 0.23 0 2.4223181248810898e-06
0.01 0.24 0 2.41717911324966e-06
0.01 0.25 0 2.3882996522880493e-06
0.01 0.26 0 2.3629451207396025e-06
0.01 0.27 0 2.402644319438775e-06
0.01 0.28 0 2.4797318493373236e-06
0.01 0.29 0 2.558402237869051e-06
0.01 0.3 0 2.658836401061885e-06
0.01 0.31 0 2.719505301607456e-06
0.01 0.32 0 2.6952360553636673e-06
0.01 0.33 0 2.6902401401400192e-06
0.01 0.34 0 2.7010724304841738e-06
0.01 0.35000000000000003 0 2.628784656724228e-06
0.01 0.36 0 2.554260489272328e-06
0.01 0.37 0 2.541071433384157e-06
0.01 0.38 0 2.518381726965449e-06
0.01 0.39 0 2.5405683077728293e-06
0.01 0.4 0 2.659339723613373e-06
0.01 0.41000000000000003 0 2.717432846391471e-06
0.01 0.42 0 2.6816530926922425e-06
0.01 0.43 0 2.688171065449968e-06
0.01 0.44 0 2.6899795660641105e-06
0.01 0.45 0 2.6325341122953615e-06
0.01 0.46 0 2.5790707139928213e-06
0.01 0.47000000000000003 0 2.4313129682750375e-06
0.01 0.48 0 2.1251091561103565e-06
0.01 0.49 0 1.8408487014846688e-06
0.01 0.5 0 1.6643986502736862e-06
0.02 0.0 0 2.5021868269726808e-06
0.02 0.01 0 2.53606586599817e-06
0.02 0.02 0 2.5518405894138264e-06
0.02 0.03 0 2.672172925159786e-06
0.02 0.04 0 2.87935986625757e-06
0.02 0.05 0 3.0110418255485225e-06
0.02 0.06 0 3.111977469707596e-06
0.02 0.07 0 3.241615916519135e-06
0.02 0.08 0 3.284751511169057e-06
0.02 0.09 0 3.2602569430735484e-06
0.02 0.1 0 3.24098695758102e-06
0.02 0.11 0 3.1472276499308e-06
0.02 0.12 0 2.9980290371585075e-06
0.02 0.13 0 2.8971548831659387e-06
0.02 0.14 0 2.800892894138506e-06
0.02 0.15 0 2.655184992374696e-06
0.02 0.16 0 2.510160371990188e-06
0.02 0.17 0 2.4051496580820707e-06
0.02 0.18 0 2.3615838844954875e-06
0.02 0.19 0 2.402343821329912e-06
0.02 0.2 0 2.491688043721015e-06
0.02 0.21 0 2.5271100535629494e-06
0.02 0.22 0 2.4196675822455458e-06
0.02 0.23 0 2.2041069312087335e-06
0.02 0.24 0 2.000747698242634e-06
0.02 0.25 0 1.8632116088475757e-06
0.02 0.26 0 1.7891165377891665e-06
0.02 0.27 0 1.7800004088966436e-06
0.02 0.28 0 1.7848455182726563e-06
0.02 0.29 0 1.7481392120678092e-06
0.02 0.3 0 1.7296309700658494e-06
0.02 0.31 0 1.7721545155859224e-06
0.02 0.32 0 1.8199864943487477e-06
0.02 0.33 0 1.8761892081930451e-06
0.02 0.34 0 1.968780349420871e-06
0.02 0.35000000000000003 0 2.035820789699674e-06
0.02 0.36 0 2.110452549801533e-06
0.02 0.37 0 2.305736096185241e-06
0.02 0.38 0 2.544897329303383e-06
0.02 0.39 0 2.704589513609822e-06
0.02 0.4 0 2.8257533319359984e-06
0.02 0.41000000000000003 0 2.855472490952309e-06
0.02 0.42 0 2.7458981798716906e-06
0.02 0.43 0 2.6640860147051316e-06
0.02 0.44 0 2.62206463510875e-06
0.02 0.45 0 2.4810426947294878e-06
0.02 0.46 0 2.3105781683063836e-06
0.02 0.47000000000000003 0 2.198663217964647e-06
0.02 0.48 0 2.107557155408757e-06
0.02 0.49 0 2.0811516232961825e-06
0.02 0.5 0 2.1476752245873688e-06
0.03 0.0 0 1.6843272828965306e-06
0.03 0.01 0 1.8084615881683448e-06
0.03 0.02 0 1.9359200928230577e-06
0.03 0.03 0 2.0546993610092086e-06
0.03 0.04 0 2.2065673077203497e-06
0.03 0.05 0 2.294660858685378e-06
0.03 0.06 0 2.277043572006551e-06
0.03 0.07 0 2.215625741794489e-06
0.03 0.08 0 2.081682932423847e-06
0.03 0.09 0 1.9092855974468927e-06
0.03 0.1 0 1.8359694208289159e-06
0.03 0.11 0 1.8948616879406702e-06
0.03 0.12 0 2.0412807047375244e-06
0.03 0.13 0 2.2479243776128604e-06
0.03 0.14 0 2.437889371145487e-06
0.03 0.15 0 2.5122762809653524e-06
0.03 0.16 0 2.5000538474761625e-06
0.03 0.17 0 2.482501960088158e-06
0.03 0.18 0 2.4685377659057724e-06
0.03 0.19 0 2.4098138492112864e-06
0.03 0.2 0 2.2641800052311714e-06
0.03 0.21 0 2.0523580170085835e-06
0.03 0.22 0 1.830106930987386e-06
0.03 0.23 0 1.653803540630925e-06
0.03 0.24 0 1.5769486767358864e-06
0.03 0.25 0 1.5905717964184758e-06
0.03 0.26 0 1.6248391626854416e-06
0.03 0.27 0 1.6622539452915115e-06
0.03 0.28 0 1.7183233995118184e-06
0.03 0.29 0 1.757277036901595e-06
0.03 0.3 0 1.802300781646662e-06
0.03 0.31 0 1.92819784589092e-06
0.03 0.32 0 2.096731327921257e-06
0.03 0.33 0 2.2681591509451185e-06
0.03 0.34 0 2.5080006309428043e-06
0.03 0.35000000000000003 0 2.7357787460958815e-06
0.03 0.36 0 2.7834069733958144e-06
0.03 0.37 0 2.7071295443808835e-06
0.03 0.38 0 2.5424550072246134e-06
0.03 0.39 0 2.2739091894426176e-06
0.03 0.4 0 2.0665710811507056e-06
0.03 0.41000000000000003 0 1.9887377948358464e-06
0.03 0.42 0 1.9212446810424386e-06
0.03 0.43 0 1.8389908377663524e-06
0.03 0.44 0 1.7752438857479667e-06
0.03 0.45 0 1.676480614667198e-06
0.03 0.46 0 1.5803683286895797e-06
0.03 0.47000000000000003 0 1.5875640620680156e-06
0.03 0.48 0 1.668231481194824e-06
0.03 0.49 0 1.7572917012486048e-06
0.03 0.5 0 1.8619465807253875e-06
0.04 0.0 0 1.4488466529984677e-06
0.04 0.01 0 1.444344001041135e-06
0.04 0.02 0 1.4475916391865185e-06
0.04 0.03 0 1.4230885028577975e-06
0.04 0.04 0 1.4285288792547392e-06
0.04 0.05 0 1.4587798593695493e-06
0.04 0.06 0 1.4839366578181593e-06
0.04 0.07 0 1.5594129188299008e-06
0.04 0.08 0 1.7030069629444717e-06
0.04 0.09 0 1.8520688386840158e-06
0.04 0.1 0 1.986696549540796e-06
0.04 0.11 0 2.08890297919529e-06
0.04 0.12 0 2.0948397286838113e-06
0.04 0.13 0 2.0262965387842868e-06
0.04 0.14 0 1.958364458003244e-06
0.04 0.15 0 1.909266330142667e-06
0.04 0.16 0 1.8730370651271329e-06
0.04 0.17 0 1.8462742618044453e-06
0.04 0.18 0 1.8189928080774214e-06
0.04 0.19 0 1.7784380813588124e-06
0.04 0.2 0 1.7190789341155635e-06
0.04 0.21 0 1.6637064798099468e-06
0.04 0.22 0 1.6284340748124542e-06
0.04 0.23 0 1.5918371355737533e-06
0.04 0.24 0 1.5673449400185047e-06
0.04 0.25 0 1.5922926943104488e-06
0.04 0.26 0 1.632562913925191e-06
0.04 0.27 0 1.6533839759477063e-06
0.04 0.28 0 1.68075090204644e-06
0.04 0.29 0 1.6838596730477452e-06
0.04 0.3 0 1.6385331439571696e-06
0.04 0.31 0 1.6372111518553085e-06
0.04 0.32 0 1.7110041906966039e-06
0.04 0.33 0 1.7973271428103142e-06
0.04 0.34 0 1.9157252536139593e-06
0.04 0.35000000000000003 0 2.0678899201174377e-06
0.04 0.36 0 2.1401405788163522e-06
0.04 0.37 0 2.1621046192452918e-06
0.04 0.38 0 2.2373954960399043e-06
0.04 0.39 0 2.2949735977364294e-06
0.04 0.4 0 2.3081425717748064e-06
0.04 0.41000000000000003 0 2.351340726818767e-06
0.04 0.42 0 2.340448492075105e-06
0.04 0.43 0 2.217833389513734e-06
0.04 0.44 0 2.0976082311417107e-06
0.04 0.45 0 1.982494089495215e-06
0.04 0.46 0 1.8298454345363517e-06
0.04 0.47000000000000003 0 1.7180646894412642e-06
0.04 0.48 0 1.6615695812143302e-06
0.04 0.49 0 1.5909211223981852e-06
0.04 0.5 0 1.5124067405511828e-06
0.05 0.0 0 1.8853725399235736e-06
0.05 0.01 0 1.8679818107109917e-06
0.05 0.02 0 1.843481216581247e-06
0.05 0.03 0 1.6954207839627957e-06
0.05 0.04 0 1.4954446683354862e-06
0.05 0.05 0 1.346743861835438e-06
0.05 0.06 0 1.2583423405410446e-06
0.05 0.07 0 1.2528220439804848e-06
0.05 0.08 0 1.3411917182530085e-06
0.05 0.09 0 1.4593340697088761e-06
0.05 0.1 0 1.557355313580268e-06
0.05 0.11 0 1.6562317877418926e-06
0.05 0.12 0 1.7675686035192085e-06
0.05 0.13 0 1.8922677348366595e-06
0.05 0.14 0 2.041836107921255e-06
0.05 0.15 0 2.193183499556666e-06
0.05 0.16 0 2.296206985098575e-06
0.05 0.17 0 2.3254383395741004e-06
0.05 0.18 0 2.3039483617815116e-06
0.05 0.19 0 2.2703415936759913e-06
0.05 0.2 0 2.2253786849761945e-06
0.05 0.21 0 2.184365544215933e-06
0.05 0.22 0 2.1965713099643744e-06
0.05 0.23 0 2.2339350354577223e-06
0.05 0.24 0 2.233587737620971e-06
0.05 0.25 0 2.214069168779556e-06
0.05 0.26 0 2.158955600004793e-06
0.05 0.27 0 2.031145191653663e-06
0.05 0.28 0 1.9294056479792988e-06
0.05 0.29 0 1.910871387242602e-06
0.05 0.3 0 1.891801357944025e-06
0.05 0.31 0 1.854902743515016e-06
0.05 0.32 0 1.8258804952981349e-06
0.05 0.33 0 1.7471801503341485e-06
0.05 0.34 0 1.6655478308570824e-06
0.05 0.35000000000000003 0 1.705339008760857e-06
0.05 0.36 0 1.840038725650397e-06
0.05 0.37 0 1.9963981893976576e-06
0.05 0.38 0 2.1958269716909124e-06
0.05 0.39 0 2.3653184954815347e-06
0.05 0.4 0 2.403213349982058e-06
0.05 0.41000000000000003 0 2.4224688602922706e-06
0.05 0.42 0 2.4640933459865513e-06
0.05 0.43 0 2.413727216235206e-06
0.05 0.44 0 2.312073338768617e-06
0.05 0.45 0 2.235517164129549e-06
0.05 0.46 0 2.1534139121342624e-06
0.05 0.47000000000000003 0 2.1177996725331064e-06
0.05 0.48 0 2.183200835546529e-06
0.05 0.49 0 2.2394918091940355e-06
0.05 0.5 0 2.193140049419193e-06
0.06 0.0 0 1.8167076331843357e-06
0.06 0.01 0 1.79860571809406e-06
0.06 0.02 0 1.8063873046940047e-06
0.06 0.03 0 1.7760825375853295e-06
0.06 0.04 0 1.6930142883554947e-06
0.06 0.05 0 1.61634001383441e-06
0.06 0.06 0 1.5286851723165357e-06
0.06 0.07 0 1.4222713093921673e-06
0.06 0.08 0 1.3544742612480206e-06
0.06 0.09 0 1.3357457152547014e-06
0.06 0.1 0 1.3373657899760845e-06
0.06 0.11 0 1.3540242253169256e-06
0.06 0.12 0 1.3794737942843705e-06
0.06 0.13 0 1.4055009217073898e-06
0.06 0.14 0 1.4535038813134263e-06
0.06 0.15 0 1.5502920008101434e-06
0.06 0.16 0 1.687560888455501e-06
0.06 0.17 0 1.803325008123591e-06
0.06 0.18 0 1.838032124820306e-06
0.06 0.19 0 1.8234318665179168e-06
0.06 0.2 0 1.8238242310170416e-06
0.06 0.21 0 1.8764307972257982e-06
0.06 0.22 0 2.017584301308606e-06
0.06 0.23 0 2.1888267063909855e-06
0.06 0.24 0 2.206547368244048e-06
0.06 0.25 0 2.048689157922655e-06
0.06 0.26 0 1.8588247670612727e-06
0.06 0.27 0 1.7045168368056099e-06
0.06 0.28 0 1.648833180449241e-06
0.06 0.29 0 1.7391304325067278e-06
0.06 0.3 0 1.8662962797694521e-06
0.06 0.31 0 1.908856720474131e-06
0.06 0.32 0 1.9200073699325238e-06
0.06 0.33 0 1.9193365425376603e-06
0.06 0.34 0 1.886125837899276e-06
0.06 0.35000000000000003 0 1.901042949819676e-06
0.06 0.36 0 1.9465076593115835e-06
0.06 0.37 0 1.9010041872352468e-06
0.06 0.38 0 1.8200798743023645e-06
0.06 0.39 0 1.7939391963661645e-06
0.06 0.4 0 1.785784732392326e-06
0.06 0.41000000000000003 0 1.818291911299755e-06
0.06 0.42 0 1.9380962057348386e-06
0.06 0.43 0 2.0548597655262756e-06
0.06 0.44 0 2.118197588156055e-06
0.06 0.45 0 2.194734444296633e-06
0.06 0.46 0 2.24605354952311e-06
0.06 0.47000000000000003 0 2.2162062670958935e-06
0.06 0.48 0 2.174250887400421e-06
0.06 0.49 0 2.147552212439878e-06
0.06 0.5 0 2.12397980107594e-06
0.07 0.0 0 1.3897947951848585e-06
0.07 0.01 0 1.2976759301575996e-06
0.07 0.02 0 1.2831138680746915e-06
0.07 0.03 0 1.3240560090043344e-06
0.07 0.04 0 1.3331203707931417e-06
0.07 0.05 0 1.3007020008207001e-06
0.07 0.06 0 1.2519841305223149e-06
0.07 0.07 0 1.2047365806170553e-06
0.07 0.08 0 1.201009335360066e-06
0.07 0.09 0 1.2455206446906943e-06
0.07 0.1 0 1.2743676143289388e-06
0.07 0.11 0 1.240071920599044e-06
0.07 0.12 0 1.1660815182305635e-06
0.07 0.13 0 1.1088216856881364e-06
0.07 0.14 0 1.1124863909458638e-06
0.07 0.15 0 1.189122376326164e-06
0.07 0.16 0 1.3197843607971248e-06
0.07 0.17 0 1.4456314228790542e-06
0.07 0.18 0 1.4950241355456024e-06
0.07 0.19 0 1.484774009741815e-06
0.07 0.2 0 1.4838337021856454e-06
0.07 0.21 0 1.5023126570668994e-06
0.07 0.22 0 1.5464943007518292e-06
0.07 0.23 0 1.6365564069626142e-06
0.07 0.24 0 1.7133828300365564e-06
0.07 0.25 0 1.7346980095657314e-06
0.07 0.26 0 1.7630697536757806e-06
0.07 0.27 0 1.7834590112317571e-06
0.07 0.28 0 1.7325173638514237e-06
0.07 0.29 0 1.6647189155510354e-06
0.07 0.3 0 1.5949710084302096e-06
0.07 0.31 0 1.4769796295469937e-06
0.07 0.32 0 1.3804182554667952e-06
0.07 0.33 0 1.3601674995040141e-06
0.07 0.34 0 1.369187235869413e-06
0.07 0.35000000000000003 0 1.4250907589251146e-06
0.07 0.36 0 1.580814474276356e-06
0.07 0.37 0 1.7602609982652698e-06
0.07 0.38 0 1.8829825170940952e-06
0.07 0.39 0 1.967644904582447e-06
0.07 0.4 0 1.959398207332025e-06
0.07 0.41000000000000003 0 1.855396903309786e-06
0.07 0.42 0 1.802130559182244e-06
0.07 0.43 0 1.8365603960289535e-06
0.07 0.44 0 1.893584305067043e-06
0.07 0.45 0 1.9708050266437354e-06
0.07 0.46 0 2.038548859781188e-06
0.07 0.47000000000000003 0 2.023960753860884e-06
0.07 0.48 0 1.9791270120609415e-06
0.07 0.49 0 1.9764353022544447e-06
0.07 0.5 0 1.9801867924771693e-06
0.08 0.0 0 1.652415150276412e-06
0.08 0.01 0 1.6277432607419756e-06
0.08 0.02 0 1.6188854664200452e-06
0.08 0.03 0 1.6176704803830673e-06
0.08 0.04 0 1.5487126965938758e-06
0.08 0.05 0 1.4243492409354043e-06
0.08 0.06 0 1.3227932911747717e-06
0.08 0.07 0 1.2724264967906399e-06
0.08 0.08 0 1.2881418415418631e-06
0.08 0.09 0 1.3850118187660155e-06
0.08 0.1 0 1.5328235371898037e-06
0.08 0.11 0 1.6630888447489848e-06
0.08 0.12 0 1.7204428255097678e-06
0.08 0.13 0 1.7007223655949608e-06
0.08 0.14 0 1.6415416009140519e-06
0.08 0.15 0 1.5789541346118476e-06
0.08 0.16 0 1.5471345879686472e-06
0.08 0.17 0 1.5609012969868885e-06
0.08 0.18 0 1.5711729211685386e-06
0.08 0.19 0 1.5431170387992343e-06
0.08 0.2 0 1.5222384875510027e-06
0.08 0.21 0 1.529344926249938e-06
0.08 0.22 0 1.5629870489366115e-06
0.08 0.23 0 1.6693196746093687e-06
0.08 0.24 0 1.8198234639361305e-06
0.08 0.25 0 1.8858449425669333e-06
0.08 0.26 0 1.8696424751882428e-06
0.08 0.27 0 1.8427594165196987e-06
0.08 0.28 0 1.7973505392691483e-06
0.08 0.29 0 1.795258529489362e-06
0.08 0.3 0 1.8944443392108102e-06
0.08 0.31 0 1.97033064626284e-06
0.08 0.32 0 1.9333360855251042e-06
0.08 0.33 0 1.8584248251630234e-06
0.08 0.34 0 1.7491351630734245e-06
0.08 0.35000000000000003 0 1.6216636369930389e-06
0.08 0.36 0 1.579188684785169e-06
0.08 0.37 0 1.6037480363187787e-06
0.08 0.38 0 1.6083031876539867e-06
0.08 0.39 0 1.6258082319211533e-06
0.08 0.4 0 1.6816559178427855e-06
0.08 0.41000000000000003 0 1.727294887522315e-06
0.08 0.42 0 1.7963485983152732e-06
0.08 0.43 0 1.921562339121556e-06
0.08 0.44 0 2.017390972945974e-06
0.08 0.45 0 2.052852128675964e-06
0.08 0.46 0 2.0787028467365147e-06
0.08 0.47000000000000003 0 2.0806543879130745e-06
0.08 0.48 0 2.06229866952991e-06
0.08 0.49 0 2.0803993286874745e-06
0.08 0.5 0 2.1308479320053293e-06
0.09 0.0 0 1.594507065733442e-06
0.09 0.01 0 1.5371443059282756e-06
0.09 0.02 0 1.4787502954657683e-06
0.09 0.03 0 1.4852044732696968e-06
0.09 0.04 0 1.528188087846303e-06
0.09 0.05 0 1.5412755106776199e-06
0.09 0.06 0 1.5188292613919284e-06
0.09 0.07 0 1.4747892275773887e-06
0.09 0.08 0 1.4255810814258514e-06
0.09 0.09 0 1.4009034427118334e-06
0.09 0.1 0 1.4048582199607493e-06
0.09 0.11 0 1.4097660649766264e-06
0.09 0.12 0 1.390788615420127e-06
0.09 0.13 0 1.3622100081785297e-06
0.09 0.14 0 1.3694874771868766e-06
0.09 0.15 0 1.4269326203770019e-06
0.09 0.16 0 1.5152153104610618e-06
0.09 0.17 0 1.6275936778238286e-06
0.09 0.18 0 1.7263206351036316e-06
0.09 0.19 0 1.7540885025392157e-06
0.09 0.2 0 1.7606420980827993e-06
0.09 0.21 0 1.8026207201921783e-06
0.09 0.22 0 1.8298719888332105e-06
0.09 0.23 0 1.834380415360996e-06
0.09 0.24 0 1.8416674743181077e-06
0.09 0.25 0 1.7818507446186583e-06
0.09 0.26 0 1.6660139020781592e-06
0.09 0.27 0 1.605317415569669e-06
0.09 0.28 0 1.5930447453150967e-06
0.09 0.29 0 1.6030589800690849e-06
0.09 0.3 0 1.7007555022081374e-06
0.09 0.31 0 1.856828578988921e-06
0.09 0.32 0 1.953321990743633e-06
0.09 0.33 0 2.006744146682341e-06
0.09 0.34 0 2.0255668740201497e-06
0.09 0.35000000000000003 0 1.9414930868479495e-06
0.09 0.36 0 1.8388605185759958e-06
0.09 0.37 0 1.7940828709156418e-06
0.09 0.38 0 1.723376720653941e-06
0.09 0.39 0 1.601539767990168e-06
0.09 0.4 0 1.4757939330687406e-06
0.09 0.41000000000000003 0 1.334901200302901e-06
0.09 0.42 0 1.2170533468743209e-06
0.09 0.43 0 1.2011799200796393e-06
0.09 0.44 0 1.2822476051368602e-06
0.09 0.45 0 1.409709691749839e-06
0.09 0.46 0 1.5615861852830288e-06
0.09 0.47000000000000003 0 1.7045295020557543e-06
0.09 0.48 0 1.813176994738133e-06
0.09 0.49 0 1.94020554359929e-06
0.09 0.5 0 2.126166082350496e-06
0.1 0.0 0 1.3066467097062525e-06
0.1 0.01 0 1.2600480621861354e-06
0.1 0.02 0 1.2138711075649547e-06
0.1 0.03 0 1.2040028105926536e-06
0.1 0.04 0 1.2437836692958925e-06
0.1 0.05 0 1.3013159207560657e-06
0.1 0.06 0 1.3558128100817386e-06
0.1 0.07 0 1.3930758668240703e-06
0.1 0.08 0 1.388124228463245e-06
0.1 0.09 0 1.3424708875043728e-06
0.1 0.1 0 1.2929514795645384e-06
0.1 0.11 0 1.279798109231904e-06
0.1 0.12 0 1.30715648684029e-06
0.1 0.13 0 1.339507155325041e-06
0.1 0.14 0 1.3502884842457217e-06
0.1 0.15 0 1.324572514841811e-06
0.1 0.16 0 1.254641555842007e-06
0.1 0.17 0 1.1955179667751658e-06
0.1 0.18 0 1.202296711286093e-06
0.1 0.19 0 1.2442893084959207e-06
0.1 0.2 0 1.2867525104579878e-06
0.1 0.21 0 1.342231802789392e-06
0.1 0.22 0 1.382579398241509e-06
0.1 0.23 0 1.4020423010550191e-06
0.1 0.24 0 1.4784529377487407e-06
0.1 0.25 0 1.6009544826074283e-06
0.1 0.26 0 1.672832441585579e-06
0.1 0.27 0 1.7100753256330446e-06
0.1 0.28 0 1.7374543421514538e-06
0.1 0.29 0 1.7158495835283702e-06
0.1 0.3 0 1.7121776596391315e-06
0.1 0.31 0 1.7662290841011014e-06
0.1 0.32 0 1.7598987456491608e-06
0.1 0.33 0 1.6724303549095398e-06
0.1 0.34 0 1.6008794913742838e-06
0.1 0.35000000000000003 0 1.5480380333075001e-06
0.1 0.36 0 1.5253041520491172e-06
0.1 0.37 0 1.5784980292681755e-06
0.1 0.38 0 1.6268362318403076e-06
0.1 0.39 0 1.576403152240627e-06
0.1 0.4 0 1.4959258605509447e-06
0.1 0.41000000000000003 0 1.4533780732208707e-06
0.1 0.42 0 1.4628168978951732e-06
0.1 0.43 0 1.5594729260656117e-06
0.1 0.44 0 1.715263560475505e-06
0.1 0.45 0 1.8064274342849118e-06
0.1 0.46 0 1.7844186161975787e-06
0.1 0.47000000000000003 0 1.7078472302794273e-06
0.1 0.48 0 1.6308578644579913e-06
0.1 0.49 0 1.5930701640858225e-06
0.1 0.5 0 1.6073419200095383e-06
0.11 0.0 0 1.726019135189652e-06
0.11 0.01 0 1.6910936700426819e-06
0.11 0.02 0 1.5779820473959989e-06
0.11 0.03 0 1.4596975959698676e-06
0.11 0.04 0 1.4124059120385585e-06
0.11 0.05 0 1.4264180939330412e-06
0.11 0.06 0 1.4479269159329878e-06
0.11 0.07 0 1.43755642788801e-06
0.11 0.08 0 1.3967867829860497e-06
0.11 0.09 0 1.365945831006095e-06
0.11 0.1 0 1.3872233045495322e-06
0.11 0.11 0 1.4818482966398663e-06
0.11 0.12 0 1.6194253689438768e-06
0.11 0.13 0 1.6951036296759486e-06
0.11 0.14 0 1.6546249901664547e-06
0.11 0.15 0 1.5665052004999828e-06
0.11 0.16 0 1.4824143790664605e-06
0.11 0.17 0 1.4289592963223885e-06
0.11 0.18 0 1.4393544852326017e-06
0.11 0.19 0 1.4579884086976768e-06
0.11 0.2 0 1.4007887958985439e-06
0.11 0.21 0 1.3133755836550498e-06
0.11 0.22 0 1.2449252094260012e-06
0.11 0.23 0 1.1817801210403273e-06
0.11 0.24 0 1.1636098682702208e-06
0.11 0.25 0 1.2158435684078804e-06
0.11 0.26 0 1.2763651767564191e-06
0.11 0.27 0 1.3369808813897816e-06
0.11 0.28 0 1.4440811962654117e-06
0.11 0.29 0 1.536929779858412e-06
0.11 0.3 0 1.5627640060604152e-06
0.11 0.31 0 1.5719882505818747e-06
0.11 0.32 0 1.5408156658641317e-06
0.11 0.33 0 1.4486275447615599e-06
0.11 0.34 0 1.3802945218193139e-06
0.11 0.35000000000000003 0 1.3374531902076553e-06
0.11 0.36 0 1.2583138308701087e-06
0.11 0.37 0 1.1734142351827284e-06
0.11 0.38 0 1.1117612801630374e-06
0.11 0.39 0 1.0556303131425153e-06
0.11 0.4 0 1.0337747161056353e-06
0.11 0.41000000000000003 0 1.0712056833693457e-06
0.11 0.42 0 1.1282660562538513e-06
0.11 0.43 0 1.1780441320381436e-06
0.11 0.44 0 1.231702104732424e-06
0.11 0.45 0 1.2769978904288922e-06
0.11 0.46 0 1.3042994333924193e-06
0.11 0.47000000000000003 0 1.3283055670953918e-06
0.11 0.48 0 1.3451688112300763e-06
0.11 0.49 0 1.3423997776784776e-06
0.11 0.5 0 1.3271420530986232e-06
0.12 0.0 0 1.302112034422732e-06
0.12 0.01 0 1.2860822514354714e-06
0.12 0.02 0 1.306953566895042e-06
0.12 0.03 0 1.340499601090995e-06
0.12 0.04 0 1.3768208961920119e-06
0.12 0.05 0 1.3971232616327073e-06
0.12 0.06 0 1.3806640852140825e-06
0.12 0.07 0 1.3349407089798242e-06
0.12 0.08 0 1.2903199517346075e-06
0.12 0.09 0 1.270729264402017e-06
0.12 0.1 0 1.2656255404736889e-06
0.12 0.11 0 1.2601393922572055e-06
0.12 0.12 0 1.2673418749487552e-06
0.12 0.13 0 1.2798197513288694e-06
0.12 0.14 0 1.2803414920980445e-06
0.12 0.15 0 1.3007399603015103e-06
0.12 0.16 0 1.3472147478725238e-06
0.12 0.17 0 1.373773874928272e-06
0.12 0.18 0 1.3971595810741926e-06
0.12 0.19 0 1.4425840933098397e-06
0.12 0.2 0 1.4519461142746123e-06
0.12 0.21 0 1.4244516141800645e-06
0.12 0.22 0 1.4144853296871627e-06
0.12 0.23 0 1.3917960887418462e-06
0.12 0.24 0 1.360134846998116e-06
0.12 0.25 0 1.3929451909860095e-06
0.12 0.26 0 1.4544426855727863e-06
0.12 0.27 0 1.465752481898575e-06
0.12 0.28 0 1.4558862638359941e-06
0.12 0.29 0 1.4233547079473461e-06
0.12 0.3 0 1.344724155985346e-06
0.12 0.31 0 1.3068615538979423e-06
0.12 0.32 0 1.34863343835213e-06
0.12 0.33 0 1.3937975958330139e-06
0.12 0.34 0 1.413900186668315e-06
0.12 0.35000000000000003 0 1.41190062367e-06
0.12 0.36 0 1.3398048523784394e-06
0.12 0.37 0 1.2327840174148425e-06
0.12 0.38 0 1.1697080252587823e-06
0.12 0.39 0 1.1381624927880175e-06
0.12 0.4 0 1.1125594919067073e-06
0.12 0.41000000000000003 0 1.1065266372521669e-06
0.12 0.42 0 1.1064291540319789e-06
0.12 0.43 0 1.0965818586445868e-06
0.12 0.44 0 1.102434482349215e-06
0.12 0.45 0 1.1344254749830952e-06
0.12 0.46 0 1.171939670480532e-06
0.12 0.47000000000000003 0 1.1996844020530133e-06
0.12 0.48 0 1.2079560992374992e-06
0.12 0.49 0 1.1861484093379783e-06
0.12 0.5 0 1.1306989373922382e-06
0.13 0.0 0 1.2433177368624047e-06
0.13 0.01 0 1.2864652042148294e-06
0.13 0.02 0 1.3267513887835624e-06
0.13 0.03 0 1.3239429679428451e-06
0.13 0.04 0 1.2828905596527735e-06
0.13 0.05 0 1.2443881576831385e-06
0.13 0.06 0 1.2370690638276294e-06
0.13 0.07 0 1.2545782778960104e-06
0.13 0.08 0 1.269280082490604e-06
0.13 0.09 0 1.2683431262459724e-06
0.13 0.1 0 1.239833246564073e-06
0.13 0.11 0 1.1720728035297961e-06
0.13 0.12 0 1.0999533894050699e-06
0.13 0.13 0 1.050769416411896e-06
0.13 0.14 0 1.003591471833026e-06
0.13 0.15 0 9.690153256444857e-07
0.13 0.16 0 9.783688157554844e-07
0.13 0.17 0 1.0086063722607504e-06
0.13 0.18 0 1.0449173169896975e-06
0.13 0.19 0 1.1144527320283332e-06
0.13 0.2 0 1.1822822548646911e-06
0.13 0.21 0 1.1992778262344976e-06
0.13 0.22 0 1.2062474864347086e-06
0.13 0.23 0 1.2034484591886856e-06
0.13 0.24 0 1.1481925508327096e-06
0.13 0.25 0 1.0904887654190323e-06
0.13 0.26 0 1.0636559551342127e-06
0.13 0.27 0 1.0364010411166898e-06
0.13 0.28 0 1.0408256997833102e-06
0.13 0.29 0 1.11600818212489e-06
0.13 0.3 0 1.2105925516884447e-06
0.13 0.31 0 1.295504193268472e-06
0.13 0.32 0 1.3951099515644888e-06
0.13 0.33 0 1.4553799772239282e-06
0.13 0.34 0 1.438645368203902e-06
0.13 0.35000000000000003 0 1.4001701769311998e-06
0.13 0.36 0 1.3365432139520788e-06
0.13 0.37 0 1.2355429529999667e-06
0.13 0.38 0 1.1617693137350645e-06
0.13 0.39 0 1.14025312009556e-06
0.13 0.4 0 1.1410481081801495e-06
0.13 0.41000000000000003 0 1.1505249818393003e-06
0.13 0.42 0 1.142104871381372e-06
0.13 0.43 0 1.0749045138302408e-06
0.13 0.44 0 9.702258061678557e-07
0.13 0.45 0 8.832480710904307e-07
0.13 0.46 0 8.392755987272535e-07
0.13 0.47000000000000003 0 8.339724509716203e-07
0.13 0.48 0 8.457415791616124e-07
0.13 0.49 0 8.510920017316035e-07
0.13 0.5 0 8.373480194835528e-07
0.14 0.0 0 1.37010469546864e-06
0.14 0.01 0 1.255081804855371e-06
0.14 0.02 0 1.1894411030702067e-06
0.14 0.03 0 1.1710805792049458e-06
0.14 0.04 0 1.175970280973604e-06
0.14 0.05 0 1.1801733525029096e-06
0.14 0.06 0 1.1801282709434179e-06
0.14 0.07 0 1.182054813911819e-06
0.14 0.08 0 1.1790877462183874e-06
0.14 0.09 0 1.1759404993889983e-06
0.14 0.1 0 1.1770086422721849e-06
0.14 0.11 0 1.1498994295556595e-06
0.14 0.12 0 1.0982218418649886e-06
0.14 0.13 0 1.0768741214250363e-06
0.14 0.14 0 1.0860269649355708e-06
0.14 0.15 0 1.092847648601077e-06
0.14 0.16 0 1.0950676328293859e-06
0.14 0.17 0 1.0528071461624918e-06
0.14 0.18 0 9.345828537810045e-07
0.14 0.19 0 8.184634651765775e-07
0.14 0.2 0 7.560091588983627e-07
0.14 0.21 0 7.261675190474735e-07
0.14 0.22 0 7.293976058310537e-07
0.14 0.23 0 7.64288419249432e-07
0.14 0.24 0 7.825033590309792e-07
0.14 0.25 0 7.866099911668271e-07
0.14 0.26 0 8.305279719007805e-07
0.14 0.27 0 9.035501320840366e-07
0.14 0.28 0 9.729183721604803e-07
0.14 0.29 0 1.0436372532883668e-06
0.14 0.3 0 1.0768947309490176e-06
0.14 0.31 0 1.0485629574454902e-06
0.14 0.32 0 1.0359782940379114e-06
0.14 0.33 0 1.0732427042815504e-06
0.14 0.34 0 1.1179959440796849e-06
0.14 0.35000000000000003 0 1.1563406499184243e-06
0.14 0.36 0 1.1736174619780145e-06
0.14 0.37 0 1.1340626227242329e-06
0.14 0.38 0 1.0762976921081268e-06
0.14 0.39 0 1.0560593566218578e-06
0.14 0.4 0 1.0640264655856456e-06
0.14 0.41000000000000003 0 1.081294245310452e-06
0.14 0.42 0 1.107957850233893e-06
0.14 0.43 0 1.1347540110223122e-06
0.14 0.44 0 1.1582219195277917e-06
0.14 0.45 0 1.1876152565756285e-06
0.14 0.46 0 1.2183165572205056e-06
0.14 0.47000000000000003 0 1.2274344816580691e-06
0.14 0.48 0 1.1956026745974172e-06
0.14 0.49 0 1.1408457548366878e-06
0.14 0.5 0 1.098023916277422e-06
0.15 0.0 0 1.5929245584269632e-06
0.15 0.01 0 1.5882878533310332e-06
0.15 0.02 0 1.6332784072622895e-06
0.15 0.03 0 1.670871594399774e-06
0.15 0.04 0 1.641201292726116e-06
0.15 0.05 0 1.5373310585640152e-06
0.15 0.06 0 1.4270484184049996e-06
0.15 0.07 0 1.3819797699705653e-06
0.15 0.08 0 1.3856369833914323e-06
0.15 0.09 0 1.3736375759548294e-06
0.15 0.1 0 1.321702589212654e-06
0.15 0.11 0 1.2181023840224983e-06
0.15 0.12 0 1.0810753998082743e-06
0.15 0.13 0 9.904893640015832e-07
0.15 0.14 0 9.72041670269293e-07
0.15 0.15 0 9.778956861937215e-07
0.15 0.16 0 9.972959127288273e-07
0.15 0.17 0 1.0411047736641953e-06
0.15 0.18 0 1.07350790602107e-06
0.15 0.19 0 1.1045249464582898e-06
0.15 0.2 0 1.1804460266796375e-06
0.15 0.21 0 1.2480999895311663e-06
0.15 0.22 0 1.2517154658448094e-06
0.15 0.23 0 1.237177549881862e-06
0.15 0.24 0 1.2056526152166544e-06
0.15 0.25 0 1.1473545987161597e-06
0.15 0.26 0 1.1289530115098916e-06
0.15 0.27 0 1.1536552463256e-06
0.15 0.28 0 1.159473072181633e-06
0.15 0.29 0 1.1621368957195521e-06
0.15 0.3 0 1.1804621342739335e-06
0.15 0.31 0 1.1702973061956998e-06
0.15 0.32 0 1.148470427763163e-06
0.15 0.33 0 1.1592129213472888e-06
0.15 0.34 0 1.1821656438582177e-06
0.15 0.35000000000000003 0 1.2181486857820455e-06
0.15 0.36 0 1.299921063058204e-06
0.15 0.37 0 1.392992622306282e-06
0.15 0.38 0 1.4452887811462864e-06
0.15 0.39 0 1.4690494293991517e-06
0.15 0.4 0 1.483612293464887e-06
0.15 0.41000000000000003 0 1.5051572458160587e-06
0.15 0.42 0 1.5644832812855194e-06
0.15 0.43 0 1.6533674780480874e-06
0.15 0.44 0 1.71271132122438e-06
0.15 0.45 0 1.6961170517093592e-06
0.15 0.46 0 1.629291680956944e-06
0.15 0.47000000000000003 0 1.5857166766361146e-06
0.15 0.48 0 1.6003951033369161e-06
0.15 0.49 0 1.6601075320716812e-06
0.15 0.5 0 1.7397852440339998e-06
0.16 0.0 0 1.6547211964491897e-06
0.16 0.01 0 1.7780358700942632e-06
0.16 0.02 0 1.9080418120585857e-06
0.16 0.03 0 1.966000389162597e-06
0.16 0.04 0 1.929244456289369e-06
0.16 0.05 0 1.815586567099812e-06
0.16 0.06 0 1.666307193612587e-06
0.16 0.07 0 1.555664967641965e-06
0.16 0.08 0 1.5018582725544837e-06
0.16 0.09 0 1.4558455109482646e-06
0.16 0.1 0 1.4137951793607207e-06
0.16 0.11 0 1.3842624300409423e-06
0.16 0.12 0 1.3229119604358216e-06
0.16 0.13 0 1.2495894760377235e-06
0.16 0.14 0 1.2307724419614504e-06
0.16 0.15 0 1.2482170234606085e-06
0.16 0.16 0 1.2772644480430524e-06
0.16 0.17 0 1.3430402664655215e-06
0.16 0.18 0 1.3909143970932828e-06
0.16 0.19 0 1.3574128352193654e-06
0.16 0.2 0 1.319919832250397e-06
0.16 0.21 0 1.3239276783113792e-06
0.16 0.22 0 1.3375860962367661e-06
0.16 0.23 0 1.3878285961415757e-06
0.16 0.24 0 1.4646917945779973e-06
0.16 0.25 0 1.46440407961265e-06
0.16 0.26 0 1.4086212804050967e-06
0.16 0.27 0 1.3972888037439313e-06
0.16 0.28 0 1.4301138135106996e-06
0.16 0.29 0 1.5097402136609155e-06
0.16 0.3 0 1.6567790050382606e-06
0.16 0.31 0 1.7701718464777517e-06
0.16 0.32 0 1.7604711395259343e-06
0.16 0.33 0 1.7042224864983437e-06
0.16 0.34 0 1.6568086380621645e-06
0.16 0.35000000000000003 0 1.6214749009063158e-06
0.16 0.36 0 1.627091726993092e-06
0.16 0.37 0 1.6501579840615877e-06
0.16 0.38 0 1.6286165428377804e-06
0.16 0.39 0 1.5802288908647799e-06
0.16 0.4 0 1.5604694844880455e-06
0.16 0.41000000000000003 0 1.5876299940640611e-06
0.16 0.42 0 1.6566659464703566e-06
0.16 0.43 0 1.7460643031689607e-06
0.16 0.44 0 1.824902893245482e-06
0.16 0.45 0 1.8733342252005989e-06
0.16 0.46 0 1.9056987400136647e-06
0.16 0.47000000000000003 0 1.9799491832259567e-06
0.16 0.48 0 2.1152032786910666e-06
0.16 0.49 0 2.2407865889083715e-06
0.16 0.5 0 2.3078423669941595e-06
0.17 0.0 0 1.4841796263059137e-06
0.17 0.01 0 1.53015776461837e-06
0.17 0.02 0 1.614614294853058e-06
0.17 0.03 0 1.6931507087012017e-06
0.17 0.04 0 1.7357250338189549e-06
0.17 0.05 0 1.7323191890201242e-06
0.17 0.06 0 1.6671082440578404e-06
0.17 0.07 0 1.5888069081052178e-06
0.17 0.08 0 1.5629362570395222e-06
0.17 0.09 0 1.5526804412450128e-06
0.17 0.1 0 1.515202764759261e-06
0.17 0.11 0 1.483505115523789e-06
0.17 0.12 0 1.4532786320341089e-06
0.17 0.13 0 1.427082091812956e-06
0.17 0.14 0 1.4912590904675868e-06
0.17 0.15 0 1.654829613469607e-06
0.17 0.16 0 1.8061420338234188e-06
0.17 0.17 0 1.9043705278961054e-06
0.17 0.18 0 1.9344791328148033e-06
0.17 0.19 0 1.8370639969913225e-06
0.17 0.2 0 1.7203855224561644e-06
0.17 0.21 0 1.7096225779631512e-06
0.17 0.22 0 1.7452865100168875e-06
0.17 0.23 0 1.7705533918489511e-06
0.17 0.24 0 1.7929399813612084e-06
0.17 0.25 0 1.7253992398511907e-06
0.17 0.26 0 1.5544428315258191e-06
0.17 0.27 0 1.4167703401280188e-06
0.17 0.28 0 1.3530344428654212e-06
0.17 0.29 0 1.3402262185608113e-06
0.17 0.3 0 1.4031239802841363e-06
0.17 0.31 0 1.509522539276655e-06
0.17 0.32 0 1.5529473066148433e-06
0.17 0.33 0 1.5218566284493533e-06
0.17 0.34 0 1.4670434726066427e-06
0.17 0.35000000000000003 0 1.406072330071346e-06
0.17 0.36 0 1.3755901673322877e-06
0.17 0.37 0 1.3965703335347634e-06
0.17 0.38 0 1.4208159248701764e-06
0.17 0.39 0 1.4020435155798858e-06
0.17 0.4 0 1.3542350911130175e-06
0.17 0.41000000000000003 0 1.3204140901181263e-06
0.17 0.42 0 1.337567876352906e-06
0.17 0.43 0 1.4146173681603756e-06
0.17 0.44 0 1.5264432948853617e-06
0.17 0.45 0 1.6103470038650809e-06
0.17 0.46 0 1.5957925878050378e-06
0.17 0.47000000000000003 0 1.5134734338490341e-06
0.17 0.48 0 1.466328864902298e-06
0.17 0.49 0 1.4914678242686246e-06
0.17 0.5 0 1.5918186853381233e-06
0.18 0.0 0 1.7273889448740597e-06
0.18 0.01 0 1.5867902299098246e-06
0.18 0.02 0 1.4696322024750002e-06
0.18 0.03 0 1.386439898619281e-06
0.18 0.04 0 1.3540391989585488e-06
0.18 0.05 0 1.4086083109899052e-06
0.18 0.06 0 1.5276476051312965e-06
0.18 0.07 0 1.651885159561902e-06
0.18 0.08 0 1.7786543177530875e-06
0.18 0.09 0 1.878748932387827e-06
0.18 0.1 0 1.8878596298389732e-06
0.18 0.11 0 1.8655551563928466e-06
0.18 0.12 0 1.8563099182335508e-06
0.18 0.13 0 1.7921903804932798e-06
0.18 0.14 0 1.7077050927131166e-06
0.18 0.15 0 1.6799531664563923e-06
0.18 0.16 0 1.6628331610776182e-06
0.18 0.17 0 1.647171316556737e-06
0.18 0.18 0 1.678713178573355e-06
0.18 0.19 0 1.677566845125155e-06
0.18 0.2 0 1.5955023228226517e-06
0.18 0.21 0 1.5399623845056094e-06
0.18 0.22 0 1.5408142929848076e-06
0.18 0.23 0 1.5633256674754177e-06
0.18 0.24 0 1.6418221660413134e-06
0.18 0.25 0 1.7414090068472335e-06
0.18 0.26 0 1.7511064180441593e-06
0.18 0.27 0 1.7182957688665387e-06
0.18 0.28 0 1.7326779102032604e-06
0.18 0.29 0 1.7630694236096025e-06
0.18 0.3 0 1.7831131103872997e-06
0.18 0.31 0 1.7691363837929925e-06
0.18 0.32 0 1.6448117585338952e-06
0.18 0.33 0 1.4538897128342374e-06
0.18 0.34 0 1.333936585687124e-06
0.18 0.35000000000000003 0 1.3402075887960207e-06
0.18 0.36 0 1.4695644936495734e-06
0.18 0.37 0 1.6950252515256687e-06
0.18 0.38 0 1.919344169245154e-06
0.18 0.39 0 2.0220815892803663e-06
0.18 0.4 0 1.997238785170668e-06
0.18 0.41000000000000003 0 1.943688736915399e-06
0.18 0.42 0 1.944296511311324e-06
0.18 0.43 0 1.9958099950979267e-06
0.18 0.44 0 2.0511320178734504e-06
0.18 0.45 0 2.082479681425411e-06
0.18 0.46 0 2.0535782556692574e-06
0.18 0.47000000000000003 0 1.9657856807014043e-06
0.18 0.48 0 1.907039698279644e-06
0.18 0.49 0 1.9036962427095184e-06
0.18 0.5 0 1.907945381720536e-06
0.19 0.0 0 1.6086839154522046e-06
0.19 0.01 0 1.6340322412797742e-06
0.19 0.02 0 1.6920896318636319e-06
0.19 0.03 0 1.807997752906257e-06
0.19 0.04 0 1.9249696192509236e-06
0.19 0.05 0 1.994768183137446e-06
0.19 0.06 0 1.963327907521817e-06
0.19 0.07 0 1.7908415367460605e-06
0.19 0.08 0 1.6085648840065258e-06
0.19 0.09 0 1.5527132716998808e-06
0.19 0.1 0 1.6033304549739673e-06
0.19 0.11 0 1.722668483112416e-06
0.19 0.12 0 1.8978470568632302e-06
0.19 0.13 0 2.0055618698613363e-06
0.19 0.14 0 1.9839066107729356e-06
0.19 0.15 0 1.9722723901647858e-06
0.19 0.16 0 2.0016254171039816e-06
0.19 0.17 0 2.000191099326267e-06
0.19 0.18 0 2.0062823115719345e-06
0.19 0.19 0 2.0057966658100583e-06
0.19 0.2 0 1.9177160266039025e-06
0.19 0.21 0 1.827982355897135e-06
0.19 0.22 0 1.8053843153535664e-06
0.19 0.23 0 1.7638817324103197e-06
0.19 0.24 0 1.6914534156301033e-06
0.19 0.25 0 1.6408170684306128e-06
0.19 0.26 0 1.5805576723582964e-06
0.19 0.27 0 1.5251003582650278e-06
0.19 0.28 0 1.5417810470386994e-06
0.19 0.29 0 1.5976063631254564e-06
0.19 0.3 0 1.6361669419691257e-06
0.19 0.31 0 1.6858260251293753e-06
0.19 0.32 0 1.7579460759840866e-06
0.19 0.33 0 1.834853102160359e-06
0.19 0.34 0 1.9414620732439073e-06
0.19 0.35000000000000003 0 2.0747527147613647e-06
0.19 0.36 0 2.1781145650431827e-06
0.19 0.37 0 2.2367529693906045e-06
0.19 0.38 0 2.28413033973225e-06
0.19 0.39 0 2.3460511177126337e-06
0.19 0.4 0 2.4214175719425542e-06
0.19 0.41000000000000003 0 2.500399949480329e-06
0.19 0.42 0 2.598942225274731e-06
0.19 0.43 0 2.7142457297432405e-06
0.19 0.44 0 2.8116032280923657e-06
0.19 0.45 0 2.906575455869101e-06
0.19 0.46 0 2.9766916056133545e-06
0.19 0.47000000000000003 0 2.9162277914711124e-06
0.19 0.48 0 2.7832394442683e-06
0.19 0.49 0 2.7246881488540956e-06
0.19 0.5 0 2.7280745748001163e-06
0.2 0.0 0 1.5042080749676845e-06
0.2 0.01 0 1.4305054842191373e-06
0.2 0.02 0 1.4020429993077867e-06
0.2 0.03 0 1.4355317179903694e-06
0.2 0.04 0 1.4595584975807542e-06
0.2 0.05 0 1.432038714743243e-06
0.2 0.06 0 1.3883651253026338e-06
0.2 0.07 0 1.3242910470870333e-06
0.2 0.08 0 1.2488824557409099e-06
0.2 0.09 0 1.2193682286087474e-06
0.2 0.1 0 1.2112697322453622e-06
0.2 0.11 0 1.169237610933603e-06
0.2 0.12 0 1.1307954304062556e-06
0.2 0.13 0 1.1098334120405998e-06
0.2 0.14 0 1.068882931773397e-06
0.2 0.15 0 1.0447830666226344e-06
0.2 0.16 0 1.0704322423006696e-06
0.2 0.17 0 1.1044012903292512e-06
0.2 0.18 0 1.155456597136926e-06
0.2 0.19 0 1.2607576589756104e-06
0.2 0.2 0 1.3547587233224225e-06
0.2 0.21 0 1.386859793841172e-06
0.2 0.22 0 1.4036461197186595e-06
0.2 0.23 0 1.4007689215199605e-06
0.2 0.24 0 1.3810713157125208e-06
0.2 0.25 0 1.4172526252354643e-06
0.2 0.26 0 1.494879013332879e-06
0.2 0.27 0 1.527248474962638e-06
0.2 0.28 0 1.5141811434222581e-06
0.2 0.29 0 1.4816939683588136e-06
0.2 0.3 0 1.4339832004182625e-06
0.2 0.31 0 1.4224470879405792e-06
0.2 0.32 0 1.4749665985260238e-06
0.2 0.33 0 1.5381123207903704e-06
0.2 0.34 0 1.5619991767325952e-06
0.2 0.35000000000000003 0 1.5478821384931765e-06
0.2 0.36 0 1.515878024616e-06
0.2 0.37 0 1.4957173090594383e-06
0.2 0.38 0 1.5111203341088127e-06
0.2 0.39 0 1.5642517587125494e-06
0.2 0.4 0 1.6310101303569565e-06
0.2 0.41000000000000003 0 1.676598951578435e-06
0.2 0.42 0 1.7141744706322821e-06
0.2 0.43 0 1.7772250692991776e-06
0.2 0.44 0 1.8405644245388442e-06
0.2 0.45 0 1.892401793731419e-06
0.2 0.46 0 1.967244089844235e-06
0.2 0.47000000000000003 0 2.03309743756945e-06
0.2 0.48 0 2.070117850226144e-06
0.2 0.49 0 2.152190499009898e-06
0.2 0.5 0 2.246485527225293e-06
0.21 0.0 0 1.4202205590604848e-06
0.21 0.01 0 1.50375797144088e-06
0.21 0.02 0 1.534346174284895e-06
0.21 0.03 0 1.5470303013150972e-06
0.21 0.04 0 1.5392734529068473e-06
0.21 0.05 0 1.4869534960935145e-06
0.21 0.06 0 1.4394163103584654e-06
0.21 0.07 0 1.398102419860857e-06
0.21 0.08 0 1.3100551464807546e-06
0.21 0.09 0 1.2196888894988416e-06
0.21 0.1 0 1.1692256597136727e-06
0.21 0.11 0 1.1168143850464738e-06
0.21 0.12 0 1.0684922714246075e-06
0.21 0.13 0 1.050117495567415e-06
0.21 0.14 0 1.0097383116969904e-06
0.21 0.15 0 9.381088883895548e-07
0.21 0.16 0 8.902971163302449e-07
0.21 0.17 0 8.556602564109312e-07
0.21 0.18 0 8.167589317881656e-07
0.21 0.19 0 8.091077186661365e-07
0.21 0.2 0 8.274889679090736e-07
0.21 0.21 0 8.421746427841354e-07
0.21 0.22 0 8.822293284616892e-07
0.21 0.23 0 9.629844549427405e-07
0.21 0.24 0 1.0450674689525274e-06
0.21 0.25 0 1.125404678751536e-06
0.21 0.26 0 1.2106676516632962e-06
0.21 0.27 0 1.2509995786932907e-06
0.21 0.28 0 1.2380411192359955e-06
0.21 0.29 0 1.210415527251254e-06
0.21 0.3 0 1.1671800982748955e-06
0.21 0.31 0 1.1164333262331657e-06
0.21 0.32 0 1.092799255245639e-06
0.21 0.33 0 1.1005636205815316e-06
0.21 0.34 0 1.1242600186188952e-06
0.21 0.35000000000000003 0 1.1571990015128628e-06
0.21 0.36 0 1.195897054432829e-06
0.21 0.37 0 1.2394026756735424e-06
0.21 0.38 0 1.291137763533318e-06
0.21 0.39 0 1.3637292298935859e-06
0.21 0.4 0 1.4621762535088954e-06
0.21 0.41000000000000003 0 1.539123207160053e-06
0.21 0.42 0 1.5474322468802507e-06
0.21 0.43 0 1.5139379010929369e-06
0.21 0.44 0 1.4593593114052577e-06
0.21 0.45 0 1.3942114290984834e-06
0.21 0.46 0 1.3736276267020274e-06
0.21 0.47000000000000003 0 1.3955841466572456e-06
0.21 0.48 0 1.3918113288292063e-06
0.21 0.49 0 1.3795670176628801e-06
0.21 0.5 0 1.4045423749879755e-06
0.22 0.0 0 1.2413074125763046e-06
0.22 0.01 0 1.2473708000548372e-06
0.22 0.02 0 1.2398348961077584e-06
0.22 0.03 0 1.2455177671671183e-06
0.22 0.04 0 1.2784403453771292e-06
0.22 0.05 0 1.2861955340791207e-06
0.22 0.06 0 1.2772231032335777e-06
0.22 0.07 0 1.2979724744689081e-06
0.22 0.08 0 1.3053793274557835e-06
0.22 0.09 0 1.2768009755461686e-06
0.22 0.1 0 1.256034003505205e-06
0.22 0.11 0 1.2168807080453354e-06
0.22 0.12 0 1.1483193922451838e-06
0.22 0.13 0 1.124426948498943e-06
0.22 0.14 0 1.1423167849619837e-06
0.22 0.15 0 1.137839370050349e-06
0.22 0.16 0 1.122464759376027e-06
0.22 0.17 0 1.0986999934640204e-06
0.22 0.18 0 1.0324882169270863e-06
0.22 0.19 0 9.710120147860483e-07
0.22 0.2 0 9.512236800665593e-07
0.22 0.21 0 9.241576454973966e-07
0.22 0.22 0 8.714318909694361e-07
0.22 0.23 0 8.185432961468195e-07
0.22 0.24 0 7.629640019767901e-07
0.22 0.25 0 7.226637970405414e-07
0.22 0.26 0 7.353872354151207e-07
0.22 0.27 0 7.925000145088522e-07
0.22 0.28 0 8.596318922225295e-07
0.22 0.29 0 9.269275154940115e-07
0.22 0.3 0 9.884100172641192e-07
0.22 0.31 0 1.0390703141654963e-06
0.22 0.32 0 1.098548853823876e-06
0.22 0.33 0 1.175563710883082e-06
0.22 0.34 0 1.2457334246621546e-06
0.22 0.35000000000000003 0 1.2831806130071629e-06
0.22 0.36 0 1.2925006009011626e-06
0.22 0.37 0 1.3046836270228097e-06
0.22 0.38 0 1.3331956793175627e-06
0.22 0.39 0 1.369262487185253e-06
0.22 0.4 0 1.4183002091369359e-06
0.22 0.41000000000000003 0 1.4685991267337847e-06
0.22 0.42 0 1.4918272193524398e-06
0.22 0.43 0 1.5254867328669511e-06
0.22 0.44 0 1.6032413214286665e-06
0.22 0.45 0 1.6694438635129816e-06
0.22 0.46 0 1.7072740247485285e-06
0.22 0.47000000000000003 0 1.7504511176994618e-06
0.22 0.48 0 1.7516643566697155e-06
0.22 0.49 0 1.7082092848541523e-06
0.22 0.5 0 1.6965295850178756e-06
0.23 0.0 0 1.1660751996242356e-06
0.23 0.01 0 1.2150138145825123e-06
0.23 0.02 0 1.262579474459746e-06
0.23 0.03 0 1.2534224433337559e-06
0.23 0.04 0 1.2149574288362832e-06
0.23 0.05 0 1.1456550036574672e-06
0.23 0.06 0 1.055159913938818e-06
0.23 0.07 0 1.0006124272797698e-06
0.23 0.08 0 9.635870159626057e-07
0.23 0.09 0 8.953651352347812e-07
0.23 0.1 0 8.32913608627872e-07
0.23 0.11 0 8.017261492086652e-07
0.23 0.12 0 7.790341318639319e-07
0.23 0.13 0 7.822094046563688e-07
0.23 0.14 0 8.220663145150961e-07
0.23 0.15 0 8.491277638473201e-07
0.23 0.16 0 8.591722418976935e-07
0.23 0.17 0 8.956220852580105e-07
0.23 0.18 0 9.421235628746996e-07
0.23 0.19 0 9.788979139281783e-07
0.23 0.2 0 1.0243669629277943e-06
0.23 0.21 0 1.0459318607819363e-06
0.23 0.22 0 1.0155128846838402e-06
0.23 0.23 0 9.843153763420034e-07
0.23 0.24 0 9.730613827814975e-07
0.23 0.25 0 9.591513768059975e-07
0.23 0.26 0 9.501782636266939e-07
0.23 0.27 0 9.494333763611965e-07
0.23 0.28 0 9.398432331025049e-07
0.23 0.29 0 9.348762484824979e-07
0.23 0.3 0 9.563738435563043e-07
0.23 0.31 0 9.99194485014614e-07
0.23 0.32 0 1.0564242706808187e-06
0.23 0.33 0 1.1362876598498983e-06
0.23 0.34 0 1.251843533730072e-06
0.23 0.35000000000000003 0 1.4010634063692503e-06
0.23 0.36 0 1.5501767595853147e-06
0.23 0.37 0 1.6574053794642043e-06
0.23 0.38 0 1.6844089952997612e-06
0.23 0.39 0 1.6116528094467984e-06
0.23 0.4 0 1.510397734016599e-06
0.23 0.41000000000000003 0 1.4629867602430703e-06
0.23 0.42 0 1.44863940556502e-06
0.23 0.43 0 1.4347446450168727e-06
0.23 0.44 0 1.4374491706096596e-06
0.23 0.45 0 1.4354102798848017e-06
0.23 0.46 0 1.4332177555740982e-06
0.23 0.47000000000000003 0 1.5173824280133737e-06
0.23 0.48 0 1.6821821908816789e-06
0.23 0.49 0 1.8044698868883032e-06
0.23 0.5 0 1.8491515909989766e-06
0.24 0.0 0 1.0156385297689024e-06
0.24 0.01 0 1.040004631150807e-06
0.24 0.02 0 1.0565441605918855e-06
0.24 0.03 0 1.0173864256839882e-06
0.24 0.04 0 9.61569972388473e-07
0.24 0.05 0 9.164729837858981e-07
0.24 0.06 0 8.626088484719762e-07
0.24 0.07 0 8.346091742968464e-07
0.24 0.08 0 8.661161047429201e-07
0.24 0.09 0 9.244414578141883e-07
0.24 0.1 0 9.988017120555907e-07
0.24 0.11 0 1.1007723324706944e-06
0.24 0.12 0 1.1604591926034027e-06
0.24 0.13 0 1.1422520885632474e-06
0.24 0.14 0 1.1186755457646172e-06
0.24 0.15 0 1.1022309372703116e-06
0.24 0.16 0 1.0749268173911933e-06
0.24 0.17 0 1.0686213837630267e-06
0.24 0.18 0 1.063092095643585e-06
0.24 0.19 0 1.0141644716383312e-06
0.24 0.2 0 9.69392296358526e-07
0.24 0.21 0 9.717683963673257e-07
0.24 0.22 0 1.0025277813843734e-06
0.24 0.23 0 1.0570112195801836e-06
0.24 0.24 0 1.127878166975763e-06
0.24 0.25 0 1.1678746618817557e-06
0.24 0.26 0 1.1787610303676364e-06
0.24 0.27 0 1.2173307738480739e-06
0.24 0.28 0 1.3045360807165822e-06
0.24 0.29 0 1.4283511894042685e-06
0.24 0.3 0 1.5667640906473277e-06
0.24 0.31 0 1.6775532869900509e-06
0.24 0.32 0 1.7269037561060977e-06
0.24 0.33 0 1.7189715380928321e-06
0.24 0.34 0 1.6813804666155484e-06
0.24 0.35000000000000003 0 1.624455514154385e-06
0.24 0.36 0 1.5260606030137514e-06
0.24 0.37 0 1.406252048700128e-06
0.24 0.38 0 1.333357000497762e-06
0.24 0.39 0 1.3321464899724892e-06
0.24 0.4 0 1.4046010406197213e-06
0.24 0.41000000000000003 0 1.5681945995340798e-06
0.24 0.42 0 1.7565702479236215e-06
0.24 0.43 0 1.836036950321025e-06
0.24 0.44 0 1.8189332439802385e-06
0.24 0.45 0 1.7707848808125575e-06
0.24 0.46 0 1.693901947257813e-06
0.24 0.47000000000000003 0 1.6579264011116787e-06
0.24 0.48 0 1.700427885918929e-06
0.24 0.49 0 1.7179624685732064e-06
0.24 0.5 0 1.6808118304159366e-06
0.25 0.0 0 1.0345528469158123e-06
0.25 0.01 0 1.0240813992269202e-06
0.25 0.02 0 1.0656182931258485e-06
0.25 0.03 0 1.1114792999056422e-06
0.25 0.04 0 1.153769822595091e-06
0.25 0.05 0 1.237643873958527e-06
0.25 0.06 0 1.3413394064719464e-06
0.25 0.07 0 1.4556690836518178e-06
0.25 0.08 0 1.6322709792241403e-06
0.25 0.09 0 1.7959635907946921e-06
0.25 0.1 0 1.8191997307343163e-06
0.25 0.11 0 1.7600973272539123e-06
0.25 0.12 0 1.676101804625849e-06
0.25 0.13 0 1.5801808198235364e-06
0.25 0.14 0 1.5706330481429667e-06
0.25 0.15 0 1.6672913844115729e-06
0.25 0.16 0 1.746130304784716e-06
0.25 0.17 0 1.7530088508274524e-06
0.25 0.18 0 1.708932249078287e-06
0.25 0.19 0 1.595193892613572e-06
0.25 0.2 0 1.4752442914527115e-06
0.25 0.21 0 1.4384870865545576e-06
0.25 0.22 0 1.4629189621062785e-06
0.25 0.23 0 1.5038212814928287e-06
0.25 0.24 0 1.5602769319385036e-06
0.25 0.25 0 1.6010856197257214e-06
0.25 0.26 0 1.5967448923643765e-06
0.25 0.27 0 1.5836448180818002e-06
0.25 0.28 0 1.5946513191214214e-06
0.25 0.29 0 1.629502119467415e-06
0.25 0.3 0 1.6860830206505165e-06
0.25 0.31 0 1.7612459622219913e-06
0.25 0.32 0 1.8460045811413948e-06
0.25 0.33 0 1.9239464653946113e-06
0.25 0.34 0 1.998594715666478e-06
0.25 0.35000000000000003 0 2.1070511319110373e-06
0.25 0.36 0 2.231618039047622e-06
0.25 0.37 0 2.2976941129842314e-06
0.25 0.38 0 2.298511114188073e-06
0.25 0.39 0 2.2337956914212755e-06
0.25 0.4 0 2.0830714149892696e-06
0.25 0.41000000000000003 0 1.9480527449260888e-06
0.25 0.42 0 1.9141851481137774e-06
0.25 0.43 0 1.9222281907999146e-06
0.25 0.44 0 1.9489198531559574e-06
0.25 0.45 0 2.028283803013201e-06
0.25 0.46 0 2.0834126983732645e-06
0.25 0.47000000000000003 0 2.0814996627368045e-06
0.25 0.48 0 2.1160669258641546e-06
0.25 0.49 0 2.137084328828182e-06
0.25 0.5 0 2.047605183925863e-06
0.26 0.0 0 1.7786526570684063e-06
0.26 0.01 0 1.8138401926886666e-06
0.26 0.02 0 1.824776102794288e-06
0.26 0.03 0 1.7752028810891269e-06
0.26 0.04 0 1.6506330220212009e-06
0.26 0.05 0 1.5647875227047683e-06
0.26 0.06 0 1.5335176456332026e-06
0.26 0.07 0 1.4900614859953557e-06
0.26 0.08 0 1.469081302138878e-06
0.26 0.09 0 1.4844191647679385e-06
0.26 0.1 0 1.4659686884830326e-06
0.26 0.11 0 1.4427049934028848e-06
0.26 0.12 0 1.471174435096347e-06
0.26 0.13 0 1.5040885401470596e-06
0.26 0.14 0 1.5449027784603801e-06
0.26 0.15 0 1.6586279290403593e-06
0.26 0.16 0 1.7995403060997548e-06
0.26 0.17 0 1.9056189046205298e-06
0.26 0.18 0 2.010220922910327e-06
0.26 0.19 0 2.090273967764413e-06
0.26 0.2 0 2.1156254125804784e-06
0.26 0.21 0 2.16961795413473e-06
0.26 0.22 0 2.271040386379155e-06
0.26 0.23 0 2.3269132659946397e-06
0.26 0.24 0 2.299182668155792e-06
0.26 0.25 0 2.207100014402981e-06
0.26 0.26 0 2.091622878745784e-06
0.26 0.27 0 2.047782773910616e-06
0.26 0.28 0 2.15286689670725e-06
0.26 0.29 0 2.3956622551531797e-06
0.26 0.3 0 2.6652375753968205e-06
0.26 0.31 0 2.8097516763575853e-06
0.26 0.32 0 2.79075752113345e-06
0.26 0.33 0 2.6930087918823725e-06
0.26 0.34 0 2.614729609085483e-06
0.26 0.35000000000000003 0 2.6509432171090134e-06
0.26 0.36 0 2.7973552879493996e-06
0.26 0.37 0 2.883561658832797e-06
0.26 0.38 0 2.821628946842163e-06
0.26 0.39 0 2.691945888755455e-06
0.26 0.4 0 2.517792830698556e-06
0.26 0.41000000000000003 0 2.3583067650212053e-06
0.26 0.42 0 2.3273301413976245e-06
0.26 0.43 0 2.3687394507126813e-06
0.26 0.44 0 2.381899161551715e-06
0.26 0.45 0 2.434946339609389e-06
0.26 0.46 0 2.5315379423735174e-06
0.26 0.47000000000000003 0 2.573986765351849e-06
0.26 0.48 0 2.635313575376343e-06
0.26 0.49 0 2.7618977591916787e-06
0.26 0.5 0 2.8203704462002554e-06
0.27 0.0 0 1.6805859834330385e-06
0.27 0.01 0 1.6203226326125648e-06
0.27 0.02 0 1.641563129593912e-06
0.27 0.03 0 1.7704709625743755e-06
0.27 0.04 0 1.8868673411271734e-06
0.27 0.05 0 1.9502745312602558e-06
0.27 0.06 0 1.9935428545757028e-06
0.27 0.07 0 1.9633440160829837e-06
0.27 0.08 0 1.908868145889163e-06
0.27 0.09 0 1.9369115338022307e-06
0.27 0.1 0 1.9718739006473575e-06
0.27 0.11 0 1.9401637018990603e-06
0.27 0.12 0 1.9223719774407933e-06
0.27 0.13 0 1.930982924822557e-06
0.27 0.14 0 1.9458393864022644e-06
0.27 0.15 0 2.037726549946711e-06
0.27 0.16 0 2.1801811217738496e-06
0.27 0.17 0 2.2428517360981897e-06
0.27 0.18 0 2.2483451560890876e-06
0.27 0.19 0 2.281262617316377e-06
0.27 0.2 0 2.338136831277136e-06
0.27 0.21 0 2.430671274010028e-06
0.27 0.22 0 2.535818823596425e-06
0.27 0.23 0 2.5197309603179527e-06
0.27 0.24 0 2.3399795777113124e-06
0.27 0.25 0 2.1129937081804832e-06
0.27 0.26 0 1.941508434929864e-06
0.27 0.27 0 1.862803122215357e-06
0.27 0.28 0 1.8673460150150876e-06
0.27 0.29 0 1.914559847205535e-06
0.27 0.3 0 1.953869457131389e-06
0.27 0.31 0 1.950179455878489e-06
0.27 0.32 0 1.933220779967793e-06
0.27 0.33 0 1.9544272712254283e-06
0.27 0.34 0 1.9917117502279645e-06
0.27 0.35000000000000003 0 2.0227197112854376e-06
0.27 0.36 0 2.081902658525905e-06
0.27 0.37 0 2.137075047217066e-06
0.27 0.38 0 2.14151700410051e-06
0.27 0.39 0 2.157619208992927e-06
0.27 0.4 0 2.1910884678400626e-06
0.27 0.41000000000000003 0 2.1916327277095973e-06
0.27 0.42 0 2.2541724143625234e-06
0.27 0.43 0 2.442623002536256e-06
0.27 0.44 0 2.633623037055692e-06
0.27 0.45 0 2.768367426734818e-06
0.27 0.46 0 2.8497443992187194e-06
0.27 0.47000000000000003 0 2.7685646816601992e-06
0.27 0.48 0 2.6257578667486308e-06
0.27 0.49 0 2.65874342724439e-06
0.27 0.5 0 2.8346703258809714e-06
0.28 0.0 0 1.5448274615166539e-06
0.28 0.01 0 1.5741767599096852e-06
0.28 0.02 0 1.6409021561384463e-06
0.28 0.03 0 1.7657772875489497e-06
0.28 0.04 0 1.8467449668842447e-06
0.28 0.05 0 1.8371185016974122e-06
0.28 0.06 0 1.8642195911290367e-06
0.28 0.07 0 1.9493594497196927e-06
0.28 0.08 0 2.0300621528432045e-06
0.28 0.09 0 2.1441670098691234e-06
0.28 0.1 0 2.259214691357538e-06
0.28 0.11 0 2.27126124683208e-06
0.28 0.12 0 2.26667143948832e-06
0.28 0.13 0 2.3273138486764972e-06
0.28 0.14 0 2.366940476896491e-06
0.28 0.15 0 2.369991254686321e-06
0.28 0.16 0 2.3754838575553704e-06
0.28 0.17 0 2.3256076094343854e-06
0.28 0.18 0 2.235191766571092e-06
0.28 0.19 0 2.1887070308214807e-06
0.28 0.2 0 2.1610537707299245e-06
0.28 0.21 0 2.110286968708427e-06
0.28 0.22 0 2.068196388334619e-06
0.28 0.23 0 2.044099461092238e-06
0.28 0.24 0 2.0168555167396293e-06
0.28 0.25 0 1.9779228351662697e-06
0.28 0.26 0 1.910939343414751e-06
0.28 0.27 0 1.802053411437705e-06
0.28 0.28 0 1.669649179606362e-06
0.28 0.29 0 1.5660878262888029e-06
0.28 0.3 0 1.5388184690261862e-06
0.28 0.31 0 1.5745535471632534e-06
0.28 0.32 0 1.6326683861263197e-06
0.28 0.33 0 1.7132614163582638e-06
0.28 0.34 0 1.8045087070422716e-06
0.28 0.35000000000000003 0 1.880417353137483e-06
0.28 0.36 0 1.993904937741563e-06
0.28 0.37 0 2.1585249063517238e-06
0.28 0.38 0 2.262059864574868e-06
0.28 0.39 0 2.297267580098277e-06
0.28 0.4 0 2.353945050754283e-06
0.28 0.41000000000000003 0 2.420900212393187e-06
0.28 0.42 0 2.5462962863809573e-06
0.28 0.43 0 2.8257839053368515e-06
0.28 0.44 0 3.0986265068283204e-06
0.28 0.45 0 3.159565941630849e-06
0.28 0.46 0 3.1006572078526993e-06
0.28 0.47000000000000003 0 2.970229627669397e-06
0.28 0.48 0 2.7911292552197375e-06
0.28 0.49 0 2.749269614768783e-06
0.28 0.5 0 2.854208728213288e-06
0.29 0.0 0 1.8979568784721014e-06
0.29 0.01 0 1.9368055165027424e-06
0.29 0.02 0 1.9040609416922402e-06
0.29 0.03 0 1.8810719421267277e-06
0.29 0.04 0 1.8854688726719321e-06
0.29 0.05 0 1.8417154416645552e-06
0.29 0.06 0 1.8015525253958906e-06
0.29 0.07 0 1.7977235408631103e-06
0.29 0.08 0 1.744602070284918e-06
0.29 0.09 0 1.6599032708986022e-06
0.29 0.1 0 1.5993517207678185e-06
0.29 0.11 0 1.5052733477935212e-06
0.29 0.12 0 1.3795567228790942e-06
0.29 0.13 0 1.2986055094682975e-06
0.29 0.14 0 1.2652536489023594e-06
0.29 0.15 0 1.2809491132449624e-06
0.29 0.16 0 1.3925450286483619e-06
0.29 0.17 0 1.58045459818222e-06
0.29 0.18 0 1.7554017403303601e-06
0.29 0.19 0 1.8741333305387527e-06
0.29 0.2 0 1.9198864480657675e-06
0.29 0.21 0 1.8848504072654154e-06
0.29 0.22 0 1.8226980947822589e-06
0.29 0.23 0 1.7781751961703159e-06
0.29 0.24 0 1.7418914920250282e-06
0.29 0.25 0 1.7008920811396728e-06
0.29 0.26 0 1.6706645170286715e-06
0.29 0.27 0 1.6866327574808778e-06
0.29 0.28 0 1.7628949093313342e-06
0.29 0.29 0 1.880901462462234e-06
0.29 0.3 0 2.0282277964573397e-06
0.29 0.31 0 2.160624402268878e-06
0.29 0.32 0 2.192844236636879e-06
0.29 0.33 0 2.150741837612744e-06
0.29 0.34 0 2.1130275071864843e-06
0.29 0.35000000000000003 0 2.0616215191715336e-06
0.29 0.36 0 2.0167048133078906e-06
0.29 0.37 0 2.045047116970623e-06
0.29 0.38 0 2.0889697875936e-06
0.29 0.39 0 2.097109913931337e-06
0.29 0.4 0 2.138085008724258e-06
0.29 0.41000000000000003 0 2.17961309785403e-06
0.29 0.42 0 2.153467446932368e-06
0.29 0.43 0 2.163151359385142e-06
0.29 0.44 0 2.2504299533404363e-06
0.29 0.45 0 2.3326399127227493e-06
0.29 0.46 0 2.4568216832957914e-06
0.29 0.47000000000000003 0 2.6535183869838496e-06
0.29 0.48 0 2.770790075673461e-06
0.29 0.49 0 2.8098246884557905e-06
0.29 0.5 0 2.8886532171319012e-06
0.3 0.0 0 1.3631548461654512e-06
0.3 0.01 0 1.3716639377820516e-06
0.3 0.02 0 1.4080332479905175e-06
0.3 0.03 0 1.4744133148100418e-06
0.3 0.04 0 1.5840042568339888e-06
0.3 0.05 0 1.6315409816447946e-06
0.3 0.06 0 1.5854719248074699e-06
0.3 0.07 0 1.5382424484494155e-06
0.3 0.08 0 1.4878261227867734e-06
0.3 0.09 0 1.4257575127217246e-06
0.3 0.1 0 1.4165083548255345e-06
0.3 0.11 0 1.4473382839497102e-06
0.3 0.12 0 1.4683177807956787e-06
0.3 0.13 0 1.5137061838083272e-06
0.3 0.14 0 1.5886427704191933e-06
0.3 0.15 0 1.6326729586924304e-06
0.3 0.16 0 1.6539358016507806e-06
0.3 0.17 0 1.6841893972536447e-06
0.3 0.18 0 1.7061215230461547e-06
0.3 0.19 0 1.7326864103515475e-06
0.3 0.2 0 1.791667388463358e-06
0.3 0.21 0 1.8595074403049304e-06
0.3 0.22 0 1.9101093218306877e-06
0.3 0.23 0 1.9536227137664593e-06
0.3 0.24 0 2.00883355897605e-06
0.3 0.25 0 2.077703447364863e-06
0.3 0.26 0 2.142063385848358e-06
0.3 0.27 0 2.202994457164856e-06
0.3 0.28 0 2.2715500940022086e-06
0.3 0.29 0 2.3278918420094893e-06
0.3 0.3 0 2.3975584384558803e-06
0.3 0.31 0 2.53259221575662e-06
0.3 0.32 0 2.658481389588287e-06
0.3 0.33 0 2.688190797332337e-06
0.3 0.34 0 2.6670974682088393e-06
0.3 0.35000000000000003 0 2.5788604850652653e-06
0.3 0.36 0 2.3977091809885215e-06
0.3 0.37 0 2.238321505101141e-06
0.3 0.38 0 2.1117998496909866e-06
0.3 0.39 0 1.936524369628576e-06
0.3 0.4 0 1.7879388596006797e-06
0.3 0.41000000000000003 0 1.7384764607131144e-06
0.3 0.42 0 1.74235369030763e-06
0.3 0.43 0 1.8258046311696411e-06
0.3 0.44 0 2.0388870384357246e-06
0.3 0.45 0 2.2657751730926718e-06
0.3 0.46 0 2.424668811860067e-06
0.3 0.47000000000000003 0 2.5986450022014003e-06
0.3 0.48 0 2.7402777954740626e-06
0.3 0.49 0 2.7777974755113844e-06
0.3 0.5 0 2.8059363945481614e-06
#STOP
