#MEDIUM_PROPERTIES_DISTRIBUTED
$MSH_TYPE
	 GROUNDWATER_FLOW	
$MMP_TYPE
	 PERMEABILITY	
$DIS_TYPE
	 NEAREST_VALUE	
;hj
$CONVERSION_FACTOR
	 1.0	
$DATA
0.0 0.0 0 2.5887418823139415e-08
0.0 0.01 0 2.0226106120044202e-08
0.0 0.02 0 2.372499513557509e-08
0.0 0.03 0 8.746080597022441e-08
0.0 0.04 0 4.7753343362829625e-08
0.0 0.05 0 2.780433575124374e-08
0.0 0.06 0 2.5817780297264545e-08
0.0 0.07 0 4.0436050591644515e-08
0.0 0.08 0 3.8023580709017745e-08
0.0 0.09 0 7.680057265680945e-09
0.0 0.1 0 3.2374575233174064e-09
0.0 0.11 0 1.1083811834699537e-09
0.0 0.12 0 3.560902189386564e-10
0.0 0.13 0 2.8478042894751423e-10
0.0 0.14 0 1.566503238390548e-09
0.0 0.15 0 5.425084665176975e-09
0.0 0.16 0 3.945882725199704e-09
0.0 0.17 0 2.0505628581168414e-09
0.0 0.18 0 1.0093437981822668e-09
0.0 0.19 0 1.923775172839294e-09
0.0 0.2 0 3.4231443343674047e-09
0.0 0.21 0 3.6696140387395016e-09
0.0 0.22 0 2.317396135660548e-08
0.0 0.23 0 2.4160137478506547e-08
0.0 0.24 0 3.402355728988518e-08
0.0 0.25 0 3.110266041365871e-08
0.0 0.26 0 1.1155298498489936e-08
0.0 0.27 0 1.431642272585136e-08
0.0 0.28 0 2.000164000804666e-08
0.0 0.29 0 4.07411807185534e-08
0.0 0.3 0 5.4757288432230554e-08
0.0 0.31 0 3.940642998790935e-07
0.0 0.32 0 2.8339637750894445e-07
0.0 0.33 0 1.6114580767873006e-07
0.0 0.34 0 1.3848598884750445e-07
0.0 0.35000000000000003 0 1.6750433511023995e-07
0.0 0.36 0 3.3737955374814586e-07
0.0 0.37 0 3.5439155837162557e-07
0.0 0.38 0 1.2895548037911846e-06
0.0 0.39 0 2.6938040324983766e-06
0.0 0.4 0 6.350380345892176e-06
0.0 0.41000000000000003 0 1.0754259329070686e-05
0.0 0.42 0 1.7968141755978312e-05
0.0 0.43 0 4.6996834404425154e-05
0.0 0.44 0 2.9537341375532184e-05
0.0 0.45 0 4.712525022565581e-06
0.0 0.46 0 1.3736681929674726e-05
0.0 0.47000000000000003 0 2.9142189855033008e-05
0.0 0.48 0 1.52485330804352e-05
0.0 0.49 0 2.4951974422923367e-05
0.0 0.5 0 3.303890290140517e-05
0.01 0.0 0 1.0275426276876835e-07
0.01 0.01 0 7.535996927517749e-08
0.01 0.02 0 3.476159814768675e-08
0.01 0.03 0 1.749102963036608e-08
0.01 0.04 0 2.4635045242262623e-08
0.01 0.05 0 1.1386173377012068e-08
0.01 0.06 0 1.0525448318924479e-08
0.01 0.07 0 5.917381358633481e-09
0.01 0.08 0 9.317290833037193e-10
0.01 0.09 0 3.6564423747369214e-10
0.01 0.1 0 1.141136558194032e-09
0.01 0.11 0 1.1573093554761114e-09
0.01 0.12 0 5.280798213353249e-10
0.01 0.13 0 4.230558173192816e-09
0.01 0.14 0 1.3855727562038191e-08
0.01 0.15 0 5.76350575480935e-09
0.01 0.16 0 3.9707359064061365e-09
0.01 0.17 0 3.5795937054825473e-09
0.01 0.18 0 8.374381389831284e-09
0.01 0.19 0 2.742019481186004e-08
0.01 0.2 0 4.984497780044666e-09
0.01 0.21 0 5.02203739057218e-09
0.01 0.22 0 2.2614328470510294e-08
0.01 0.23 0 2.4776855905335086e-08
0.01 0.24 0 8.916594093454605e-09
0.01 0.25 0 1.23887940099283e-08
0.01 0.26 0 2.0831217568035527e-08
0.01 0.27 0 4.665419655425931e-09
0.01 0.28 0 2.554418809669769e-09
0.01 0.29 0 2.62626601255923e-09
0.01 0.3 0 6.506897679227358e-09
0.01 0.31 0 2.5722595379792535e-08
0.01 0.32 0 1.4261941663820305e-07
0.01 0.33 0 2.88257856902929e-07
0.01 0.34 0 7.772951179026921e-07
0.01 0.35000000000000003 0 4.073116534139996e-06
0.01 0.36 0 5.545389936545888e-06
0.01 0.37 0 7.413416872699303e-06
0.01 0.38 0 1.9430398556580593e-05
0.01 0.39 0 9.397777300965123e-06
0.01 0.4 0 1.63300804586819e-05
0.01 0.41000000000000003 0 1.704987408528272e-05
0.01 0.42 0 9.311194923405117e-06
0.01 0.43 0 3.8749408567829326e-05
0.01 0.44 0 3.196821772439621e-05
0.01 0.45 0 1.1376884867486906e-05
0.01 0.46 0 6.550943627044202e-06
0.01 0.47000000000000003 0 6.192932509669483e-05
0.01 0.48 0 6.740983882669105e-05
0.01 0.49 0 2.8189647888146944e-05
0.01 0.5 0 9.44555015764813e-06
0.02 0.0 0 1.263979079749574e-07
0.02 0.01 0 2.5576777638598375e-07
0.02 0.02 0 1.3277587991536265e-07
0.02 0.03 0 4.776750712455183e-08
0.02 0.04 0 9.059757922501546e-08
0.02 0.05 0 5.630090977705332e-08
0.02 0.06 0 2.5832408026897512e-08
0.02 0.07 0 4.4442258449800956e-08
0.02 0.08 0 6.058878185455794e-08
0.02 0.09 0 2.2822341786538645e-08
0.02 0.1 0 1.2210414110211263e-08
0.02 0.11 0 1.4394389976070517e-08
0.02 0.12 0 3.3818731891325144e-08
0.02 0.13 0 2.0162661338157514e-07
0.02 0.14 0 2.8707626482370227e-07
0.02 0.15 0 3.6788651554883945e-07
0.02 0.16 0 2.4711703957674543e-07
0.02 0.17 0 9.636354119276115e-08
0.02 0.18 0 6.870134695873786e-08
0.02 0.19 0 1.1086577172058361e-08
0.02 0.2 0 4.0072963401845475e-09
0.02 0.21 0 5.045970644992558e-09
0.02 0.22 0 1.0375312786443955e-08
0.02 0.23 0 5.682490864883855e-09
0.02 0.24 0 4.693734746717765e-09
0.02 0.25 0 6.756400616602836e-09
0.02 0.26 0 7.592106074373017e-09
0.02 0.27 0 3.155477036968592e-09
0.02 0.28 0 3.1986783869960254e-09
0.02 0.29 0 3.092355185530994e-08
0.02 0.3 0 1.709768929163487e-07
0.02 0.31 0 6.267990618639909e-07
0.02 0.32 0 8.957028850710139e-07
0.02 0.33 0 2.844973805191806e-06
0.02 0.34 0 4.486846630703153e-06
0.02 0.35000000000000003 0 1.7972008620095953e-06
0.02 0.36 0 1.0314608776205269e-06
0.02 0.37 0 7.4470360662071345e-06
0.02 0.38 0 1.4975174289908433e-05
0.02 0.39 0 1.1320410076060255e-05
0.02 0.4 0 2.660893110497099e-05
0.02 0.41000000000000003 0 1.661652937204135e-05
0.02 0.42 0 1.823685612425408e-05
0.02 0.43 0 2.9799103917752516e-05
0.02 0.44 0 2.7790373719471097e-05
0.02 0.45 0 3.536531485174411e-05
0.02 0.46 0 6.477306506347706e-05
0.02 0.47000000000000003 0 3.074172015560532e-05
0.02 0.48 0 1.249138725115097e-05
0.02 0.49 0 6.074707920069757e-06
0.02 0.5 0 3.758588772111219e-06
0.03 0.0 0 1.907568225649571e-06
0.03 0.01 0 2.5707613927889105e-06
0.03 0.02 0 7.7564435745128e-07
0.03 0.03 0 6.637082552483767e-07
0.03 0.04 0 5.506579401912865e-07
0.03 0.05 0 2.1880811461633294e-07
0.03 0.06 0 2.3249346119937464e-07
0.03 0.07 0 1.1035105303048374e-07
0.03 0.08 0 7.426921484653331e-08
0.03 0.09 0 1.270066688490945e-07
0.03 0.1 0 1.9327255415971474e-07
0.03 0.11 0 4.6406341236100116e-08
0.03 0.12 0 9.871879773374305e-08
0.03 0.13 0 4.1544887504606713e-07
0.03 0.14 0 1.9557645442451484e-07
0.03 0.15 0 3.398338612537656e-07
0.03 0.16 0 2.43452775553505e-07
0.03 0.17 0 9.878129594992146e-08
0.03 0.18 0 3.732129152147177e-08
0.03 0.19 0 3.079305935057942e-08
0.03 0.2 0 2.6695798882969963e-08
0.03 0.21 0 1.1820565508927336e-08
0.03 0.22 0 3.033220403119971e-08
0.03 0.23 0 2.091115448492213e-08
0.03 0.24 0 8.782447212134692e-09
0.03 0.25 0 2.894958361227943e-08
0.03 0.26 0 3.8490907401377213e-08
0.03 0.27 0 7.183859693348657e-08
0.03 0.28 0 1.7040464965090982e-07
0.03 0.29 0 3.9181548660238956e-07
0.03 0.3 0 2.642838781478453e-07
0.03 0.31 0 3.999810946542599e-07
0.03 0.32 0 3.735317633452811e-07
0.03 0.33 0 2.0260978492290396e-07
0.03 0.34 0 1.183354107438808e-06
0.03 0.35000000000000003 0 3.8746004269563645e-07
0.03 0.36 0 4.892196455784742e-07
0.03 0.37 0 1.7620793204571415e-06
0.03 0.38 0 4.287927503222131e-06
0.03 0.39 0 7.050342000419401e-06
0.03 0.4 0 1.8063907576123483e-05
0.03 0.41000000000000003 0 6.249169536506754e-05
0.03 0.42 0 3.408886703139626e-05
0.03 0.43 0 2.7605538171600563e-05
0.03 0.44 0 2.374616147090597e-05
0.03 0.45 0 1.1971510171708865e-05
0.03 0.46 0 4.816651167419193e-06
0.03 0.47000000000000003 0 4.380251683167162e-06
0.03 0.48 0 2.830403718815268e-06
0.03 0.49 0 2.3442904502554054e-06
0.03 0.5 0 2.166167353078401e-06
0.04 0.0 0 4.298634320150758e-06
0.04 0.01 0 2.47450254560291e-06
0.04 0.02 0 1.7539620434742058e-06
0.04 0.03 0 2.7655766315008623e-06
0.04 0.04 0 2.8881841289688322e-06
0.04 0.05 0 7.883561613968479e-07
0.04 0.06 0 7.087772106811051e-07
0.04 0.07 0 9.093657366392937e-07
0.04 0.08 0 8.2472439492961e-07
0.04 0.09 0 9.652425226164439e-07
0.04 0.1 0 3.3346341323186565e-07
0.04 0.11 0 8.308484966635407e-08
0.04 0.12 0 2.832083714110263e-08
0.04 0.13 0 3.1577012080345094e-08
0.04 0.14 0 3.0542541763944964e-08
0.04 0.15 0 2.3665447995517734e-08
0.04 0.16 0 7.745682389996857e-08
0.04 0.17 0 1.4691253101691806e-07
0.04 0.18 0 2.5825043365482532e-08
0.04 0.19 0 7.618336123209226e-09
0.04 0.2 0 1.1910957670402885e-08
0.04 0.21 0 1.1609205023053787e-08
0.04 0.22 0 7.4946097182032e-09
0.04 0.23 0 3.237014836040142e-09
0.04 0.24 0 8.671997435856272e-09
0.04 0.25 0 1.838076797395993e-08
0.04 0.26 0 1.647541930620148e-08
0.04 0.27 0 4.14684480578793e-08
0.04 0.28 0 2.2480478028898353e-07
0.04 0.29 0 3.1053546347268523e-07
0.04 0.3 0 3.617714238433744e-07
0.04 0.31 0 4.65868170454752e-07
0.04 0.32 0 1.274185556836458e-07
0.04 0.33 0 7.895909308188672e-08
0.04 0.34 0 4.3298532728373524e-08
0.04 0.35000000000000003 0 3.4667855380140935e-08
0.04 0.36 0 1.0965276967406614e-07
0.04 0.37 0 4.939610308861341e-07
0.04 0.38 0 1.42738034138802e-06
0.04 0.39 0 1.444525294366351e-06
0.04 0.4 0 4.349534255719648e-07
0.04 0.41000000000000003 0 5.492124536711774e-07
0.04 0.42 0 1.6177812920234153e-06
0.04 0.43 0 5.089062931168466e-06
0.04 0.44 0 4.237427348846986e-06
0.04 0.45 0 8.806184237891697e-06
0.04 0.46 0 3.765574697713277e-05
0.04 0.47000000000000003 0 1.9121793694614875e-05
0.04 0.48 0 8.220256598301171e-06
0.04 0.49 0 7.209485312726809e-06
0.04 0.5 0 8.7098874490437e-06
0.05 0.0 0 1.6974806609174082e-06
0.05 0.01 0 1.259180440540899e-06
0.05 0.02 0 1.934766204851213e-06
0.05 0.03 0 2.556864001749905e-06
0.05 0.04 0 1.9029582253037899e-06
0.05 0.05 0 1.0962510270749191e-06
0.05 0.06 0 3.0819654141391925e-06
0.05 0.07 0 2.8004279032519796e-06
0.05 0.08 0 4.966727048204192e-07
0.05 0.09 0 3.483117944158767e-07
0.05 0.1 0 2.839736551827862e-07
0.05 0.11 0 1.74253612996615e-07
0.05 0.12 0 7.310668437247723e-08
0.05 0.13 0 7.462877917780657e-08
0.05 0.14 0 6.085543468517719e-08
0.05 0.15 0 3.369168713073754e-08
0.05 0.16 0 3.869831297514185e-08
0.05 0.17 0 1.8243951981701053e-08
0.05 0.18 0 3.833338403642608e-08
0.05 0.19 0 5.998612026452722e-08
0.05 0.2 0 2.8442535293827794e-08
0.05 0.21 0 8.030402032724068e-08
0.05 0.22 0 5.6705606290037937e-08
0.05 0.23 0 7.541477709384711e-09
0.05 0.24 0 1.205134564589084e-08
0.05 0.25 0 8.216833588173935e-08
0.05 0.26 0 6.142708480440985e-08
0.05 0.27 0 2.1144378206336074e-07
0.05 0.28 0 2.6549104555786536e-06
0.05 0.29 0 3.219428304114703e-06
0.05 0.3 0 6.625042755037833e-07
0.05 0.31 0 3.9772590908299656e-07
0.05 0.32 0 3.123998923685296e-07
0.05 0.33 0 9.906955079955139e-08
0.05 0.34 0 2.1138656863948084e-08
0.05 0.35000000000000003 0 2.1684065704913863e-08
0.05 0.36 0 1.5739667379494298e-07
0.05 0.37 0 4.846778985568223e-07
0.05 0.38 0 5.592265646255798e-07
0.05 0.39 0 1.6811289260337526e-07
0.05 0.4 0 3.2204324218394845e-07
0.05 0.41000000000000003 0 1.244837925141762e-07
0.05 0.42 0 7.011588326836688e-08
0.05 0.43 0 6.143341388492817e-07
0.05 0.44 0 1.1690918882249975e-06
0.05 0.45 0 8.719728260004023e-07
0.05 0.46 0 1.2187495862595683e-06
0.05 0.47000000000000003 0 2.54520273996791e-06
0.05 0.48 0 3.7292167721426243e-06
0.05 0.49 0 2.0297593321921104e-05
0.05 0.5 0 2.327466096456233e-05
0.06 0.0 0 9.669652578620755e-07
0.06 0.01 0 5.894393539059272e-06
0.06 0.02 0 5.388460776440542e-06
0.06 0.03 0 8.183785142298134e-06
0.06 0.04 0 1.3843487890758153e-05
0.06 0.05 0 4.0358807585865e-06
0.06 0.06 0 1.9866102012414194e-06
0.06 0.07 0 3.3463846561364232e-06
0.06 0.08 0 3.970984077034626e-06
0.06 0.09 0 1.2126686266751161e-06
0.06 0.1 0 8.415975036694599e-07
0.06 0.11 0 1.0037117996574313e-06
0.06 0.12 0 8.755008821237918e-07
0.06 0.13 0 7.438181008265734e-07
0.06 0.14 0 1.2839473540661268e-07
0.06 0.15 0 1.7927395133594502e-07
0.06 0.16 0 2.131930647995565e-07
0.06 0.17 0 7.590615202931741e-08
0.06 0.18 0 1.3989635179025352e-07
0.06 0.19 0 1.5953311736330472e-07
0.06 0.2 0 1.8229441565052538e-07
0.06 0.21 0 1.446348125826368e-07
0.06 0.22 0 1.8263779146379231e-07
0.06 0.23 0 1.289586568231731e-07
0.06 0.24 0 4.567846392391253e-08
0.06 0.25 0 2.6329164374186307e-08
0.06 0.26 0 2.447867880663527e-08
0.06 0.27 0 6.063654735479427e-08
0.06 0.28 0 1.0037836818199871e-07
0.06 0.29 0 2.8444377445427293e-07
0.06 0.3 0 4.520074870121037e-07
0.06 0.31 0 1.9952076637964507e-07
0.06 0.32 0 4.0730607978215306e-07
0.06 0.33 0 2.9961506505272756e-07
0.06 0.34 0 1.3885098824011572e-07
0.06 0.35000000000000003 0 2.6299401426470976e-08
0.06 0.36 0 2.055782868847261e-08
0.06 0.37 0 6.294147672866152e-08
0.06 0.38 0 2.3851183963897823e-08
0.06 0.39 0 4.461907570342088e-08
0.06 0.4 0 7.667272277006612e-08
0.06 0.41000000000000003 0 7.93845204589674e-08
0.06 0.42 0 5.4715994527534194e-08
0.06 0.43 0 1.4112311774159885e-07
0.06 0.44 0 2.9853349158593867e-07
0.06 0.45 0 8.899935218355554e-07
0.06 0.46 0 2.475135124935617e-06
0.06 0.47000000000000003 0 1.5211497621963456e-06
0.06 0.48 0 2.5501476381706265e-06
0.06 0.49 0 1.6064535662896617e-06
0.06 0.5 0 8.529002892423026e-07
0.07 0.0 0 1.834978705031805e-06
0.07 0.01 0 4.6935943547182745e-06
0.07 0.02 0 2.033626597231023e-05
0.07 0.03 0 3.510065473262166e-05
0.07 0.04 0 3.928972009134757e-05
0.07 0.05 0 3.206233113880568e-05
0.07 0.06 0 4.0329470564153926e-05
0.07 0.07 0 8.07298026495881e-06
0.07 0.08 0 1.348406009250461e-06
0.07 0.09 0 1.6466342864805795e-06
0.07 0.1 0 1.189410040551102e-06
0.07 0.11 0 1.5164134226473212e-06
0.07 0.12 0 9.131830363547058e-06
0.07 0.13 0 9.53419432327795e-06
0.07 0.14 0 3.1287935075247973e-06
0.07 0.15 0 7.897990946863075e-06
0.07 0.16 0 6.310309730738e-06
0.07 0.17 0 1.227435882832667e-06
0.07 0.18 0 6.516964911962548e-07
0.07 0.19 0 2.5138072364971333e-07
0.07 0.2 0 1.3831054016775922e-07
0.07 0.21 0 5.849469066563947e-08
0.07 0.22 0 4.397544465126784e-08
0.07 0.23 0 1.0294594242297107e-07
0.07 0.24 0 1.594952949169835e-07
0.07 0.25 0 6.361273663612194e-08
0.07 0.26 0 2.0460999147544775e-08
0.07 0.27 0 1.4867698660506563e-07
0.07 0.28 0 2.800519735043917e-07
0.07 0.29 0 3.374389353745695e-08
0.07 0.3 0 9.133188904231256e-09
0.07 0.31 0 1.7621436450695825e-08
0.07 0.32 0 7.006449341332894e-09
0.07 0.33 0 2.77981817161698e-09
0.07 0.34 0 1.3814018486349023e-08
0.07 0.35000000000000003 0 2.1501050641097345e-08
0.07 0.36 0 2.9565298431723627e-08
0.07 0.37 0 1.432475287399047e-08
0.07 0.38 0 2.130819969030211e-09
0.07 0.39 0 4.9362835752536195e-09
0.07 0.4 0 2.6778999694499758e-08
0.07 0.41000000000000003 0 2.6710570327405616e-08
0.07 0.42 0 3.076184425958809e-08
0.07 0.43 0 5.826370769839888e-08
0.07 0.44 0 9.256212959258478e-08
0.07 0.45 0 6.014719209474079e-08
0.07 0.46 0 7.56455969871503e-08
0.07 0.47000000000000003 0 8.859175718397402e-08
0.07 0.48 0 3.438569763221567e-07
0.07 0.49 0 8.025655819969004e-07
0.07 0.5 0 1.1690141126311396e-06
0.08 0.0 0 2.845113036227673e-06
0.08 0.01 0 3.1697317269589523e-06
0.08 0.02 0 6.854289288078957e-06
0.08 0.03 0 1.551413707759699e-05
0.08 0.04 0 1.4038856627619491e-05
0.08 0.05 0 2.0866418928589945e-05
0.08 0.06 0 6.158932431354025e-05
0.08 0.07 0 8.081839766323048e-05
0.08 0.08 0 2.0646664131155627e-05
0.08 0.09 0 8.997419695276764e-05
0.08 0.1 0 0.00012959767601378934
0.08 0.11 0 6.961218446092467e-05
0.08 0.12 0 6.344260308642992e-05
0.08 0.13 0 4.200232447737448e-05
0.08 0.14 0 3.64109642792595e-05
0.08 0.15 0 6.751508644348057e-06
0.08 0.16 0 3.5882696259946355e-06
0.08 0.17 0 3.460602858428283e-06
0.08 0.18 0 2.10373591370163e-06
0.08 0.19 0 1.0024711478837448e-06
0.08 0.2 0 2.5449018821100654e-07
0.08 0.21 0 1.8929465576736063e-07
0.08 0.22 0 1.7583976154130342e-07
0.08 0.23 0 8.912840914822542e-08
0.08 0.24 0 4.331600189798729e-08
0.08 0.25 0 3.4754038583515465e-08
0.08 0.26 0 2.6206832069624593e-08
0.08 0.27 0 1.4182774393964728e-08
0.08 0.28 0 1.4218167570981e-08
0.08 0.29 0 1.3225373830316414e-08
0.08 0.3 0 5.4717867082089736e-08
0.08 0.31 0 1.829390821838193e-07
0.08 0.32 0 9.465071556301396e-08
0.08 0.33 0 5.84261239798496e-08
0.08 0.34 0 3.07274586281744e-08
0.08 0.35000000000000003 0 8.65473589548578e-09
0.08 0.36 0 3.5439741831008434e-09
0.08 0.37 0 8.05987125802445e-10
0.08 0.38 0 1.3759572126427888e-09
0.08 0.39 0 5.324438366069563e-09
0.08 0.4 0 6.225466145771535e-09
0.08 0.41000000000000003 0 3.0634505058263354e-08
0.08 0.42 0 2.4505671708633606e-07
0.08 0.43 0 1.0943625654503106e-06
0.08 0.44 0 6.453796349764613e-07
0.08 0.45 0 1.1390492079356081e-06
0.08 0.46 0 1.2774316658598452e-06
0.08 0.47000000000000003 0 1.3990878260254088e-06
0.08 0.48 0 2.2454727555492194e-06
0.08 0.49 0 2.3066102456212803e-06
0.08 0.5 0 3.921833265943386e-06
0.09 0.0 0 6.886188116103455e-07
0.09 0.01 0 8.84047896253762e-07
0.09 0.02 0 3.169810053937205e-06
0.09 0.03 0 5.3862067154592936e-06
0.09 0.04 0 2.612906091191028e-06
0.09 0.05 0 2.6503750398511888e-06
0.09 0.06 0 8.680461963575786e-06
0.09 0.07 0 6.582719134736456e-06
0.09 0.08 0 1.0513661172040082e-05
0.09 0.09 0 1.7767595651172637e-05
0.09 0.1 0 1.2601977846484559e-05
0.09 0.11 0 2.9165178588098143e-05
0.09 0.12 0 5.398634292322698e-05
0.09 0.13 0 6.338635725848085e-05
0.09 0.14 0 8.110582522153143e-05
0.09 0.15 0 8.884778496072912e-05
0.09 0.16 0 6.234728813553413e-05
0.09 0.17 0 1.983692494583724e-05
0.09 0.18 0 2.117908018067927e-05
0.09 0.19 0 1.3338853230262097e-05
0.09 0.2 0 6.591707294816495e-06
0.09 0.21 0 6.839568777126537e-06
0.09 0.22 0 2.0391184937316143e-06
0.09 0.23 0 6.849742444978346e-07
0.09 0.24 0 4.961594038563035e-07
0.09 0.25 0 2.1761594639833294e-07
0.09 0.26 0 6.208608386288657e-08
0.09 0.27 0 1.30122672735885e-07
0.09 0.28 0 3.697666554703092e-08
0.09 0.29 0 3.566159523892478e-09
0.09 0.3 0 1.1463416932781252e-08
0.09 0.31 0 3.00845584287099e-08
0.09 0.32 0 4.042321978896608e-08
0.09 0.33 0 9.501945568388988e-08
0.09 0.34 0 2.1935976415323458e-07
0.09 0.35000000000000003 0 5.562536906322381e-07
0.09 0.36 0 6.601571160870674e-07
0.09 0.37 0 5.475880711443782e-07
0.09 0.38 0 3.53964083581851e-07
0.09 0.39 0 4.974111293972343e-07
0.09 0.4 0 2.8646190596959095e-07
0.09 0.41000000000000003 0 1.5663108807386963e-07
0.09 0.42 0 8.026313645113263e-07
0.09 0.43 0 3.305027230895835e-06
0.09 0.44 0 2.1888498493372483e-06
0.09 0.45 0 1.2845993381072046e-06
0.09 0.46 0 5.612872251621955e-06
0.09 0.47000000000000003 0 1.713073606841588e-06
0.09 0.48 0 7.44083268529461e-07
0.09 0.49 0 2.7700468477277092e-06
0.09 0.5 0 6.2575624865915175e-06
0.1 0.0 0 1.3029246421271353e-08
0.1 0.01 0 2.3346863358941752e-08
0.1 0.02 0 1.894705239815833e-08
0.1 0.03 0 1.9570528994326096e-08
0.1 0.04 0 2.499251635869202e-08
0.1 0.05 0 6.197205899679297e-08
0.1 0.06 0 1.9168201310093962e-07
0.1 0.07 0 5.266787216561905e-07
0.1 0.08 0 9.340787233002493e-07
0.1 0.09 0 2.475133001584367e-06
0.1 0.1 0 2.338464106874726e-06
0.1 0.11 0 1.4360407600102228e-06
0.1 0.12 0 1.3116495475854566e-06
0.1 0.13 0 3.1348975077523577e-06
0.1 0.14 0 1.8864539650425366e-06
0.1 0.15 0 1.850974520770914e-06
0.1 0.16 0 2.8937696949238026e-06
0.1 0.17 0 1.7186010991275564e-06
0.1 0.18 0 1.6766479573732804e-06
0.1 0.19 0 1.9113098799970312e-07
0.1 0.2 0 6.193604902390525e-08
0.1 0.21 0 1.4185358871546097e-07
0.1 0.22 0 1.1166763406285809e-07
0.1 0.23 0 4.7022967805782466e-08
0.1 0.24 0 3.9281922555638005e-08
0.1 0.25 0 5.758118197698923e-08
0.1 0.26 0 1.4632558700648228e-08
0.1 0.27 0 3.959373886861547e-09
0.1 0.28 0 2.2130645319763172e-09
0.1 0.29 0 3.1740324427162297e-09
0.1 0.3 0 5.693388249874546e-09
0.1 0.31 0 3.7182346934600732e-09
0.1 0.32 0 2.252255320113727e-08
0.1 0.33 0 7.91667837033568e-08
0.1 0.34 0 3.805097902997345e-07
0.1 0.35000000000000003 0 1.7857316699928534e-06
0.1 0.36 0 2.9081439861526835e-06
0.1 0.37 0 5.271857495585586e-06
0.1 0.38 0 3.651047968325269e-06
0.1 0.39 0 6.172542861368613e-06
0.1 0.4 0 4.5791619385541805e-06
0.1 0.41000000000000003 0 1.9027954168588763e-06
0.1 0.42 0 2.1771681613096694e-06
0.1 0.43 0 2.206485914753309e-06
0.1 0.44 0 1.3022894843500537e-06
0.1 0.45 0 6.316828610664296e-07
0.1 0.46 0 7.995744242595615e-07
0.1 0.47000000000000003 0 1.1866399213562139e-06
0.1 0.48 0 1.1218773846107604e-06
0.1 0.49 0 6.051992986589905e-07
0.1 0.5 0 5.373950676689305e-07
0.11 0.0 0 8.79008208068878e-09
0.11 0.01 0 2.322420890315632e-08
0.11 0.02 0 7.721221103687565e-08
0.11 0.03 0 1.0086231495568272e-07
0.11 0.04 0 1.0815007277973419e-07
0.11 0.05 0 2.2376181155597455e-07
0.11 0.06 0 1.5426316679988543e-07
0.11 0.07 0 1.901897694871618e-07
0.11 0.08 0 1.6972530980873594e-07
0.11 0.09 0 8.235728026291988e-08
0.11 0.1 0 5.663106830179891e-08
0.11 0.11 0 1.1731477257520705e-07
0.11 0.12 0 5.593638946200737e-07
0.11 0.13 0 7.137375233632885e-08
0.11 0.14 0 5.998856374720208e-08
0.11 0.15 0 1.4038334994023793e-07
0.11 0.16 0 4.843934384338514e-08
0.11 0.17 0 3.5101499957823945e-08
0.11 0.18 0 8.824227866597889e-08
0.11 0.19 0 1.0612777871923345e-07
0.11 0.2 0 3.398963925998229e-08
0.11 0.21 0 2.220104935497559e-08
0.11 0.22 0 1.4383033604214745e-08
0.11 0.23 0 2.546014000100751e-08
0.11 0.24 0 1.621403550583914e-08
0.11 0.25 0 3.254248292065369e-09
0.11 0.26 0 4.243242917909119e-09
0.11 0.27 0 3.893022494351241e-09
0.11 0.28 0 1.8543313118243243e-09
0.11 0.29 0 6.0781448838381e-09
0.11 0.3 0 3.244235778282808e-08
0.11 0.31 0 2.035862109338409e-08
0.11 0.32 0 7.784054183257143e-09
0.11 0.33 0 5.2830055263704006e-08
0.11 0.34 0 3.2232042228273487e-07
0.11 0.35000000000000003 0 3.51052322668927e-07
0.11 0.36 0 1.982293447005583e-06
0.11 0.37 0 9.267207702862548e-06
0.11 0.38 0 4.063244807249768e-06
0.11 0.39 0 2.8823240725225715e-06
0.11 0.4 0 2.952156222581332e-06
0.11 0.41000000000000003 0 6.087319000593144e-06
0.11 0.42 0 9.799528558153204e-06
0.11 0.43 0 1.8215770980804256e-06
0.11 0.44 0 3.8816898054069064e-07
0.11 0.45 0 1.3365557410312933e-06
0.11 0.46 0 2.8656274205592273e-06
0.11 0.47000000000000003 0 8.675859242629734e-07
0.11 0.48 0 3.521140936877512e-06
0.11 0.49 0 9.725585342905694e-06
0.11 0.5 0 2.641678773406501e-05
0.12 0.0 0 4.971493946043094e-08
0.12 0.01 0 1.1789104721768505e-07
0.12 0.02 0 1.7750162806629795e-07
0.12 0.03 0 1.5478935607838267e-07
0.12 0.04 0 1.4086466789467185e-07
0.12 0.05 0 4.056721636934247e-07
0.12 0.06 0 6.476397052574454e-07
0.12 0.07 0 3.6246196588348243e-07
0.12 0.08 0 5.595378695701515e-07
0.12 0.09 0 3.9674945773244295e-06
0.12 0.1 0 6.38326953753962e-07
0.12 0.11 0 1.6393976713827373e-07
0.12 0.12 0 5.808244123093342e-07
0.12 0.13 0 5.626968693243179e-07
0.12 0.14 0 2.5071469560375935e-07
0.12 0.15 0 2.169223631319492e-07
0.12 0.16 0 4.283971251270849e-07
0.12 0.17 0 6.04320795848902e-07
0.12 0.18 0 2.518728990885139e-07
0.12 0.19 0 2.507320096002352e-07
0.12 0.2 0 2.7391809479959595e-07
0.12 0.21 0 9.267478552653947e-08
0.12 0.22 0 1.4059489571387423e-08
0.12 0.23 0 8.591414296545965e-09
0.12 0.24 0 1.3140563546616893e-08
0.12 0.25 0 9.848021083237967e-09
0.12 0.26 0 1.015605137667307e-08
0.12 0.27 0 1.5544002690538165e-08
0.12 0.28 0 3.2743384706268453e-08
0.12 0.29 0 3.4106674995143875e-08
0.12 0.3 0 2.086937717525565e-07
0.12 0.31 0 8.084908608448099e-07
0.12 0.32 0 2.816551404531308e-07
0.12 0.33 0 2.3242762897770837e-07
0.12 0.34 0 3.817236119849646e-07
0.12 0.35000000000000003 0 5.30262890920143e-07
0.12 0.36 0 6.61666732784704e-07
0.12 0.37 0 8.361146109816704e-07
0.12 0.38 0 1.7845131623191696e-06
0.12 0.39 0 1.7577974145361347e-06
0.12 0.4 0 7.359092743063309e-07
0.12 0.41000000000000003 0 1.2203553856921373e-06
0.12 0.42 0 2.4528680446473928e-06
0.12 0.43 0 8.404212062117571e-07
0.12 0.44 0 7.879317686057836e-07
0.12 0.45 0 2.5892482182279987e-06
0.12 0.46 0 5.6976188831544474e-06
0.12 0.47000000000000003 0 1.3690899204841656e-05
0.12 0.48 0 2.4343213425758133e-05
0.12 0.49 0 3.5451646307050104e-05
0.12 0.5 0 4.843382314278984e-05
0.13 0.0 0 3.545718336405967e-08
0.13 0.01 0 3.254934120332349e-08
0.13 0.02 0 7.71090391244633e-08
0.13 0.03 0 2.979306593700853e-07
0.13 0.04 0 1.583603488362321e-07
0.13 0.05 0 9.42338055039649e-08
0.13 0.06 0 7.051714351663905e-08
0.13 0.07 0 3.521653460055655e-08
0.13 0.08 0 4.209847855284186e-08
0.13 0.09 0 3.3281329802964815e-08
0.13 0.1 0 3.003127773197792e-08
0.13 0.11 0 5.8436765810865994e-08
0.13 0.12 0 3.063861970094633e-08
0.13 0.13 0 2.9199211928694355e-08
0.13 0.14 0 1.4838254537091613e-07
0.13 0.15 0 5.389170627831466e-08
0.13 0.16 0 1.931869011504509e-08
0.13 0.17 0 8.779830402889706e-09
0.13 0.18 0 5.1748797952967864e-09
0.13 0.19 0 2.371035000298769e-09
0.13 0.2 0 5.71132180302161e-09
0.13 0.21 0 1.4347645100575519e-08
0.13 0.22 0 2.5092995826032865e-09
0.13 0.23 0 2.0388695706337675e-09
0.13 0.24 0 6.308734521279264e-09
0.13 0.25 0 2.597873482655201e-08
0.13 0.26 0 3.8655183762445074e-08
0.13 0.27 0 1.1598587342131999e-07
0.13 0.28 0 2.949385089773604e-07
0.13 0.29 0 2.7888698178815673e-07
0.13 0.3 0 4.469934243726881e-07
0.13 0.31 0 1.9126063020880354e-07
0.13 0.32 0 8.502203293975507e-07
0.13 0.33 0 3.0014708803185443e-06
0.13 0.34 0 4.24001663234448e-07
0.13 0.35000000000000003 0 7.112403035089135e-07
0.13 0.36 0 2.9546786499108554e-06
0.13 0.37 0 4.516426301177591e-06
0.13 0.38 0 2.2982639231198875e-06
0.13 0.39 0 2.5067419448366582e-06
0.13 0.4 0 3.016643111449753e-06
0.13 0.41000000000000003 0 5.364265091527726e-06
0.13 0.42 0 1.223648819462181e-05
0.13 0.43 0 2.595112310201277e-06
0.13 0.44 0 3.1129971980431604e-06
0.13 0.45 0 7.986676741408617e-06
0.13 0.46 0 4.5893672806588124e-06
0.13 0.47000000000000003 0 1.4216989806730805e-06
0.13 0.48 0 3.086570154076647e-06
0.13 0.49 0 2.443107528307549e-05
0.13 0.5 0 9.423961609212857e-06
0.14 0.0 0 1.0354514728085774e-08
0.14 0.01 0 2.7393007315107556e-09
0.14 0.02 0 4.909030373541023e-09
0.14 0.03 0 2.681798013054513e-08
0.14 0.04 0 5.9307068967604095e-08
0.14 0.05 0 8.929114404183428e-08
0.14 0.06 0 5.4659601928943385e-08
0.14 0.07 0 6.517631930555599e-08
0.14 0.08 0 1.6665226009684627e-07
0.14 0.09 0 6.664743990537605e-08
0.14 0.1 0 3.014275950700757e-08
0.14 0.11 0 2.9528696621094242e-08
0.14 0.12 0 1.591822685074894e-08
0.14 0.13 0 2.7583147969847745e-09
0.14 0.14 0 1.4068154288542912e-09
0.14 0.15 0 4.162650646402402e-09
0.14 0.16 0 1.5039718054616692e-09
0.14 0.17 0 7.558920647433596e-10
0.14 0.18 0 1.837214832754792e-09
0.14 0.19 0 6.452885697016544e-09
0.14 0.2 0 7.95747708398457e-09
0.14 0.21 0 4.201976242453055e-08
0.14 0.22 0 1.8435880146363853e-07
0.14 0.23 0 3.2472259695084923e-07
0.14 0.24 0 5.084055471777733e-07
0.14 0.25 0 2.6705032097219297e-07
0.14 0.26 0 4.5128993227275375e-07
0.14 0.27 0 4.983831020193757e-07
0.14 0.28 0 2.0844181676185825e-07
0.14 0.29 0 2.1835913448341e-07
0.14 0.3 0 6.94952045379281e-07
0.14 0.31 0 9.95048577840804e-07
0.14 0.32 0 1.3881892330134862e-06
0.14 0.33 0 1.0465400430756076e-06
0.14 0.34 0 8.275166193150041e-07
0.14 0.35000000000000003 0 2.1019505434394807e-06
0.14 0.36 0 2.9488385480294536e-06
0.14 0.37 0 2.4196171171714287e-06
0.14 0.38 0 1.6557226510265718e-06
0.14 0.39 0 2.439515943733856e-06
0.14 0.4 0 4.2225701205165995e-06
0.14 0.41000000000000003 0 2.5761803075544197e-06
0.14 0.42 0 2.1002285711716485e-06
0.14 0.43 0 3.2397003803987918e-06
0.14 0.44 0 3.924682793523707e-06
0.14 0.45 0 1.9412202872617422e-06
0.14 0.46 0 2.1098056773852347e-06
0.14 0.47000000000000003 0 3.6393109173001158e-06
0.14 0.48 0 5.747665736376695e-06
0.14 0.49 0 3.7326258913281732e-06
0.14 0.5 0 1.1046563945669477e-06
0.15 0.0 0 2.3960963507653373e-07
0.15 0.01 0 1.5748465075954428e-07
0.15 0.02 0 6.372951586467329e-08
0.15 0.03 0 3.7179016265254505e-08
0.15 0.04 0 1.8095497510983786e-08
0.15 0.05 0 3.79840211186591e-08
0.15 0.06 0 1.5839536799053576e-08
0.15 0.07 0 2.5063458772535597e-08
0.15 0.08 0 1.2166991381818422e-08
0.15 0.09 0 2.3066028306271446e-09
0.15 0.1 0 1.9040526535822556e-09
0.15 0.11 0 1.7914633285683595e-09
0.15 0.12 0 3.808533588245241e-09
0.15 0.13 0 2.7652079282645886e-09
0.15 0.14 0 9.708593372319281e-09
0.15 0.15 0 3.70973936100451e-08
0.15 0.16 0 7.466256700259016e-08
0.15 0.17 0 3.3584717063939953e-07
0.15 0.18 0 7.800861962578896e-07
0.15 0.19 0 1.3215317430425581e-06
0.15 0.2 0 2.563294515077659e-06
0.15 0.21 0 1.1906997598548193e-06
0.15 0.22 0 5.591178126057823e-07
0.15 0.23 0 1.3275316728353656e-06
0.15 0.24 0 3.1045847033329064e-06
0.15 0.25 0 1.5778609008865297e-06
0.15 0.26 0 3.210969419501406e-06
0.15 0.27 0 1.9212658285998038e-06
0.15 0.28 0 6.802621611158478e-07
0.15 0.29 0 2.055310101250409e-06
0.15 0.3 0 1.0702527490019058e-06
0.15 0.31 0 5.498159262642338e-07
0.15 0.32 0 5.036728923496901e-07
0.15 0.33 0 5.9452891808943e-07
0.15 0.34 0 4.126512674932812e-07
0.15 0.35000000000000003 0 7.6008138348822e-07
0.15 0.36 0 3.396758953787893e-06
0.15 0.37 0 2.5465329489888345e-06
0.15 0.38 0 1.2114115549353714e-06
0.15 0.39 0 1.0959931006234625e-06
0.15 0.4 0 9.699776470191655e-07
0.15 0.41000000000000003 0 1.03350529145526e-06
0.15 0.42 0 1.3483689912320175e-06
0.15 0.43 0 1.5662098652227602e-06
0.15 0.44 0 3.4357599994492528e-06
0.15 0.45 0 4.7912726145123916e-06
0.15 0.46 0 1.0741270491318983e-06
0.15 0.47000000000000003 0 1.5131722275698157e-06
0.15 0.48 0 1.085322804798229e-05
0.15 0.49 0 2.8579605522771865e-06
0.15 0.5 0 1.6541003980739393e-06
0.16 0.0 0 1.2551574624638144e-06
0.16 0.01 0 8.665245125319846e-07
0.16 0.02 0 1.2261395377736976e-06
0.16 0.03 0 3.4041176828003266e-07
0.16 0.04 0 9.465960234914015e-08
0.16 0.05 0 2.9442180532831585e-08
0.16 0.06 0 2.145168588197329e-08
0.16 0.07 0 7.281787961770903e-09
0.16 0.08 0 1.59308301147405e-08
0.16 0.09 0 4.037892149875591e-08
0.16 0.1 0 3.508863149084523e-08
0.16 0.11 0 6.788394265205624e-08
0.16 0.12 0 1.0604438529013936e-07
0.16 0.13 0 8.5599540721717e-08
0.16 0.14 0 5.301053360520775e-07
0.16 0.15 0 1.6593830782342141e-06
0.16 0.16 0 8.03878200622955e-07
0.16 0.17 0 1.868427670725634e-06
0.16 0.18 0 3.984449519357789e-06
0.16 0.19 0 3.886938094369864e-06
0.16 0.2 0 1.7170586679111768e-06
0.16 0.21 0 1.8208904698962988e-06
0.16 0.22 0 1.277115364501525e-06
0.16 0.23 0 1.8755584995186063e-06
0.16 0.24 0 9.04317807498012e-07
0.16 0.25 0 6.848988701658226e-07
0.16 0.26 0 1.4472836925536148e-06
0.16 0.27 0 4.229468060744862e-07
0.16 0.28 0 1.3647586103314025e-07
0.16 0.29 0 7.544176669795133e-08
0.16 0.3 0 4.79080947002578e-07
0.16 0.31 0 1.200939938079195e-06
0.16 0.32 0 1.0232837656418512e-06
0.16 0.33 0 3.3847874851226025e-06
0.16 0.34 0 4.973691717544965e-06
0.16 0.35000000000000003 0 3.756000932919039e-06
0.16 0.36 0 1.8309057599352747e-06
0.16 0.37 0 1.1157499726493395e-06
0.16 0.38 0 1.0847804432380038e-06
0.16 0.39 0 8.833918250267486e-07
0.16 0.4 0 7.638094732476392e-07
0.16 0.41000000000000003 0 6.150867930403715e-07
0.16 0.42 0 1.0198192492623337e-06
0.16 0.43 0 6.847482607503916e-07
0.16 0.44 0 1.802175141683173e-06
0.16 0.45 0 4.680072721758962e-06
0.16 0.46 0 1.873129288889007e-06
0.16 0.47000000000000003 0 3.2716154366495597e-06
0.16 0.48 0 3.68169848939039e-06
0.16 0.49 0 5.316475103649904e-06
0.16 0.5 0 8.977465821168433e-06
0.17 0.0 0 2.3366251746205226e-06
0.17 0.01 0 2.5465908533165274e-06
0.17 0.02 0 3.847784003384914e-06
0.17 0.03 0 6.19049105252333e-06
0.17 0.04 0 1.9478752403973304e-06
0.17 0.05 0 9.437073582112467e-07
0.17 0.06 0 3.88122443042913e-07
0.17 0.07 0 2.365881757384996e-07
0.17 0.08 0 4.0487983876559306e-07
0.17 0.09 0 9.705629558118263e-07
0.17 0.1 0 1.3929877050338453e-06
0.17 0.11 0 1.9575154392244486e-06
0.17 0.12 0 6.578846182200855e-07
0.17 0.13 0 6.901139606624819e-07
0.17 0.14 0 1.5988178398155416e-06
0.17 0.15 0 2.0818348028623024e-06
0.17 0.16 0 7.207017379193201e-06
0.17 0.17 0 9.090717884741557e-06
0.17 0.18 0 2.5256078844358648e-06
0.17 0.19 0 3.2634798646963292e-06
0.17 0.2 0 1.6665606356025883e-05
0.17 0.21 0 8.20485804794741e-06
0.17 0.22 0 4.083241699881892e-06
0.17 0.23 0 3.7035500602119464e-06
0.17 0.24 0 4.1404208855875195e-06
0.17 0.25 0 3.7955251316884753e-06
0.17 0.26 0 6.855261147473031e-06
0.17 0.27 0 1.003965663588246e-05
0.17 0.28 0 1.2226247423966855e-05
0.17 0.29 0 1.0550890228064382e-05
0.17 0.3 0 5.024616728156654e-06
0.17 0.31 0 2.1320040378393624e-06
0.17 0.32 0 1.51292566253668e-06
0.17 0.33 0 1.4350639302635999e-06
0.17 0.34 0 4.532086003004435e-07
0.17 0.35000000000000003 0 1.3735763746375908e-06
0.17 0.36 0 9.710312613924032e-07
0.17 0.37 0 4.5623780989254345e-07
0.17 0.38 0 1.556257664003427e-06
0.17 0.39 0 1.3118179721974468e-06
0.17 0.4 0 3.012017465160765e-07
0.17 0.41000000000000003 0 2.1130234293512262e-07
0.17 0.42 0 3.1883608801913745e-07
0.17 0.43 0 1.255953871151783e-07
0.17 0.44 0 1.67103703854972e-07
0.17 0.45 0 2.1436451132796835e-07
0.17 0.46 0 2.7073069658534887e-07
0.17 0.47000000000000003 0 1.4017186314483695e-06
0.17 0.48 0 1.7195891105187426e-06
0.17 0.49 0 2.8456752313910926e-06
0.17 0.5 0 7.918959065022062e-06
0.18 0.0 0 3.693051898738955e-06
0.18 0.01 0 5.706864250082174e-06
0.18 0.02 0 1.166537435408216e-05
0.18 0.03 0 1.2885470898267306e-05
0.18 0.04 0 4.024198585217147e-06
0.18 0.05 0 6.911272821297209e-06
0.18 0.06 0 5.428622178872965e-06
0.18 0.07 0 1.8875418900705115e-06
0.18 0.08 0 4.235084445557077e-06
0.18 0.09 0 2.6019035126976986e-06
0.18 0.1 0 1.924906655579254e-05
0.18 0.11 0 1.0171769025756427e-05
0.18 0.12 0 1.027725913539916e-06
0.18 0.13 0 5.754265369780489e-07
0.18 0.14 0 1.7260530488851107e-06
0.18 0.15 0 1.9266695284561413e-06
0.18 0.16 0 9.268413742432126e-07
0.18 0.17 0 1.0981072198957801e-05
0.18 0.18 0 3.432245114256088e-05
0.18 0.19 0 1.9970724394443004e-05
0.18 0.2 0 1.4006100223992826e-05
0.18 0.21 0 3.035244028455558e-05
0.18 0.22 0 3.273913318479423e-05
0.18 0.23 0 1.7243315279660432e-05
0.18 0.24 0 2.5764564940298514e-05
0.18 0.25 0 2.0241883089570668e-05
0.18 0.26 0 1.402424583632383e-05
0.18 0.27 0 1.6160233117782535e-05
0.18 0.28 0 6.79912960952489e-06
0.18 0.29 0 1.6355926667325205e-05
0.18 0.3 0 1.9529245095417847e-05
0.18 0.31 0 2.097307947004929e-05
0.18 0.32 0 5.996338760782414e-05
0.18 0.33 0 2.7237475038720983e-05
0.18 0.34 0 9.370661364863823e-06
0.18 0.35000000000000003 0 5.738616501351398e-06
0.18 0.36 0 7.107114609479988e-06
0.18 0.37 0 3.781355016610416e-06
0.18 0.38 0 6.852574762269868e-06
0.18 0.39 0 1.0141892344640835e-05
0.18 0.4 0 5.536320093299175e-06
0.18 0.41000000000000003 0 2.391385617918216e-06
0.18 0.42 0 1.2238324354440535e-06
0.18 0.43 0 2.0959991946955997e-06
0.18 0.44 0 1.5201229150345031e-06
0.18 0.45 0 8.486971973161788e-07
0.18 0.46 0 2.0350672837324427e-06
0.18 0.47000000000000003 0 6.57742474544089e-06
0.18 0.48 0 1.9444069522980555e-05
0.18 0.49 0 3.2537806382189846e-05
0.18 0.5 0 2.854886672314094e-05
0.19 0.0 0 5.086036762959702e-06
0.19 0.01 0 1.592065882624964e-05
0.19 0.02 0 1.7084506813046162e-05
0.19 0.03 0 8.141030898581008e-06
0.19 0.04 0 1.7358000028023474e-05
0.19 0.05 0 2.0004200395160376e-05
0.19 0.06 0 1.0841444796331921e-05
0.19 0.07 0 2.0527213902361493e-05
0.19 0.08 0 9.18902107166275e-06
0.19 0.09 0 1.5329618414944563e-06
0.19 0.1 0 4.798560340786823e-07
0.19 0.11 0 4.0633575165982995e-07
0.19 0.12 0 3.8885772593147653e-07
0.19 0.13 0 8.816164053997965e-07
0.19 0.14 0 1.1667742431056892e-06
0.19 0.15 0 1.7639158094426296e-06
0.19 0.16 0 1.1040462040531029e-06
0.19 0.17 0 8.323464678793794e-07
0.19 0.18 0 5.182479335963328e-07
0.19 0.19 0 2.6548482862717317e-07
0.19 0.2 0 2.0941444654823784e-07
0.19 0.21 0 2.8169372019461405e-07
0.19 0.22 0 1.3657559625874646e-06
0.19 0.23 0 2.691685394324958e-06
0.19 0.24 0 5.132363561219968e-06
0.19 0.25 0 1.0200907263758613e-05
0.19 0.26 0 3.350353480249336e-05
0.19 0.27 0 4.865910633605902e-06
0.19 0.28 0 4.274605624901098e-06
0.19 0.29 0 2.7680342094518213e-05
0.19 0.3 0 9.788366383297514e-06
0.19 0.31 0 4.804339365383338e-06
0.19 0.32 0 7.987594496749407e-06
0.19 0.33 0 1.2654058021336492e-05
0.19 0.34 0 9.301819768343583e-06
0.19 0.35000000000000003 0 1.1727701794217047e-05
0.19 0.36 0 1.1755157795635379e-05
0.19 0.37 0 2.9140034476012088e-05
0.19 0.38 0 8.322698939033815e-05
0.19 0.39 0 6.926025327454963e-05
0.19 0.4 0 9.503081818608212e-05
0.19 0.41000000000000003 0 0.00017940385973785533
0.19 0.42 0 0.0001623793490727607
0.19 0.43 0 0.00011990769366809024
0.19 0.44 0 8.750745369649665e-05
0.19 0.45 0 5.04932955191186e-05
0.19 0.46 0 1.1552128383292254e-05
0.19 0.47000000000000003 0 8.106807540997296e-06
0.19 0.48 0 4.9110336360320675e-06
0.19 0.49 0 3.173539694732762e-06
0.19 0.5 0 2.3063864275739026e-05
0.2 0.0 0 2.215180421505716e-06
0.2 0.01 0 1.2434533993875797e-05
0.2 0.02 0 1.2861337206079141e-05
0.2 0.03 0 2.2509725125024845e-06
0.2 0.04 0 3.3321031285560235e-06
0.2 0.05 0 5.837761382134161e-06
0.2 0.06 0 3.383977722677492e-06
0.2 0.07 0 2.0451025394056755e-06
0.2 0.08 0 3.8470488579645e-06
0.2 0.09 0 4.016749866731659e-06
0.2 0.1 0 1.3908973184082346e-06
0.2 0.11 0 6.158250242433963e-07
0.2 0.12 0 5.589247060972683e-07
0.2 0.13 0 4.237338484735584e-07
0.2 0.14 0 7.206995441677052e-07
0.2 0.15 0 2.7089675409997175e-07
0.2 0.16 0 2.7204732299947583e-07
0.2 0.17 0 4.14465472521049e-07
0.2 0.18 0 1.817062105576754e-07
0.2 0.19 0 1.0682165345282168e-07
0.2 0.2 0 1.7671579074004102e-07
0.2 0.21 0 1.4668998759666253e-07
0.2 0.22 0 1.9673457012852406e-07
0.2 0.23 0 2.9255059824657056e-06
0.2 0.24 0 4.839969746423007e-06
0.2 0.25 0 5.242188540312746e-06
0.2 0.26 0 1.1726689058880524e-05
0.2 0.27 0 1.2649027734474543e-05
0.2 0.28 0 1.4792285512886762e-05
0.2 0.29 0 3.045250485697258e-05
0.2 0.3 0 3.4072765402041736e-05
0.2 0.31 0 4.364596536908648e-05
0.2 0.32 0 4.155312021466086e-05
0.2 0.33 0 0.00010321323578253457
0.2 0.34 0 9.593449717023323e-05
0.2 0.35000000000000003 0 5.871433102763767e-05
0.2 0.36 0 7.955873636299127e-05
0.2 0.37 0 7.01937558720266e-05
0.2 0.38 0 0.00018121745159956822
0.2 0.39 0 0.00029333615019924437
0.2 0.4 0 0.0011905682436920498
0.2 0.41000000000000003 0 0.0009226509331057038
0.2 0.42 0 0.00022829138310288173
0.2 0.43 0 2.97318091171903e-05
0.2 0.44 0 1.8462802010837256e-05
0.2 0.45 0 2.1482574408058094e-05
0.2 0.46 0 2.355214741657001e-06
0.2 0.47000000000000003 0 2.191554836260917e-06
0.2 0.48 0 1.477061252336721e-06
0.2 0.49 0 8.443673869809567e-07
0.2 0.5 0 8.978695599003566e-07
0.21 0.0 0 7.064585656904108e-06
0.21 0.01 0 4.189827142115017e-06
0.21 0.02 0 3.285670999456219e-06
0.21 0.03 0 7.434025983261177e-06
0.21 0.04 0 1.114334295941616e-05
0.21 0.05 0 6.616559887062104e-06
0.21 0.06 0 8.685073269091151e-06
0.21 0.07 0 4.070061667136385e-06
0.21 0.08 0 4.7452716894056104e-06
0.21 0.09 0 1.6070627985884594e-06
0.21 0.1 0 3.46961304557488e-07
0.21 0.11 0 1.6466078147763126e-07
0.21 0.12 0 9.535953712361833e-08
0.21 0.13 0 3.5269290610257725e-07
0.21 0.14 0 2.0301280462857748e-07
0.21 0.15 0 2.8358887574725544e-07
0.21 0.16 0 6.311946795947094e-07
0.21 0.17 0 9.811038072536522e-07
0.21 0.18 0 1.222190217660154e-07
0.21 0.19 0 7.209440846945416e-08
0.21 0.2 0 2.85498203994442e-07
0.21 0.21 0 2.862906108788937e-07
0.21 0.22 0 1.0933937998640272e-06
0.21 0.23 0 2.1069690633362814e-06
0.21 0.24 0 5.527970355833977e-06
0.21 0.25 0 7.398140232807789e-06
0.21 0.26 0 2.4291127677114357e-06
0.21 0.27 0 2.7908915825916665e-06
0.21 0.28 0 1.3874676664151116e-05
0.21 0.29 0 2.0526894015944387e-05
0.21 0.3 0 1.7905475222934713e-05
0.21 0.31 0 3.098235417090968e-05
0.21 0.32 0 4.799221615537149e-05
0.21 0.33 0 1.7966862954182763e-05
0.21 0.34 0 2.8356702889207874e-05
0.21 0.35000000000000003 0 6.411101651288439e-05
0.21 0.36 0 3.2856690249479595e-05
0.21 0.37 0 2.3331607219511632e-05
0.21 0.38 0 5.221088128294135e-05
0.21 0.39 0 6.934723372383784e-05
0.21 0.4 0 4.7909115362387433e-05
0.21 0.41000000000000003 0 0.0002638689231817364
0.21 0.42 0 0.0001950495629407391
0.21 0.43 0 0.00011142151165552397
0.21 0.44 0 0.00013775951627938645
0.21 0.45 0 5.659090978847944e-05
0.21 0.46 0 2.5161660723426802e-05
0.21 0.47000000000000003 0 1.1588178793818695e-05
0.21 0.48 0 2.1994122385157315e-06
0.21 0.49 0 1.5065212997879153e-06
0.21 0.5 0 2.185347634743734e-06
0.22 0.0 0 9.607415166689993e-07
0.22 0.01 0 4.063892028222529e-07
0.22 0.02 0 2.1230100485831217e-07
0.22 0.03 0 9.757915715251028e-08
0.22 0.04 0 5.5393368649274454e-08
0.22 0.05 0 1.0646758972359344e-07
0.22 0.06 0 1.2766538655317072e-07
0.22 0.07 0 1.9196775845909568e-07
0.22 0.08 0 1.5705410849632943e-07
0.22 0.09 0 4.904321487090512e-08
0.22 0.1 0 1.672342752954955e-07
0.22 0.11 0 2.6063046754586125e-07
0.22 0.12 0 7.159987077558022e-08
0.22 0.13 0 1.3943614369886316e-07
0.22 0.14 0 2.4722018074283654e-07
0.22 0.15 0 9.187656449030739e-08
0.22 0.16 0 1.2431764823735857e-07
0.22 0.17 0 2.2878144670018162e-07
0.22 0.18 0 3.2295446892654914e-07
0.22 0.19 0 3.9689993574176765e-07
0.22 0.2 0 8.302215685822778e-07
0.22 0.21 0 4.2252160678793043e-07
0.22 0.22 0 6.120564211469241e-07
0.22 0.23 0 7.869906061409419e-07
0.22 0.24 0 8.479723628089499e-07
0.22 0.25 0 7.09578265142139e-07
0.22 0.26 0 2.652150017784042e-07
0.22 0.27 0 2.7609317565037303e-07
0.22 0.28 0 1.5923344309884708e-07
0.22 0.29 0 6.548594825724209e-07
0.22 0.3 0 7.812517890106814e-07
0.22 0.31 0 3.339143813297261e-06
0.22 0.32 0 2.9862162663717463e-05
0.22 0.33 0 2.1217096393402328e-05
0.22 0.34 0 9.45887297847934e-06
0.22 0.35000000000000003 0 1.545456146657969e-05
0.22 0.36 0 1.7139717872471655e-05
0.22 0.37 0 5.9850733192716926e-06
0.22 0.38 0 1.3797209237150518e-05
0.22 0.39 0 3.0413807761078547e-05
0.22 0.4 0 3.397502634072176e-05
0.22 0.41000000000000003 0 2.372581258203208e-05
0.22 0.42 0 1.7645739727288045e-05
0.22 0.43 0 3.60718866783793e-05
0.22 0.44 0 3.764834953890418e-05
0.22 0.45 0 1.047291123728066e-05
0.22 0.46 0 1.0053317174524765e-05
0.22 0.47000000000000003 0 8.59778856214144e-06
0.22 0.48 0 8.499592322626503e-06
0.22 0.49 0 6.902468824773021e-06
0.22 0.5 0 2.6559017203178226e-06
0.23 0.0 0 3.427858093379944e-06
0.23 0.01 0 1.707074474230219e-06
0.23 0.02 0 1.7914388630310967e-06
0.23 0.03 0 4.376771165920394e-07
0.23 0.04 0 3.368469639015479e-07
0.23 0.05 0 7.796548469585323e-08
0.23 0.06 0 4.6732154521482704e-08
0.23 0.07 0 1.6136787008570724e-07
0.23 0.08 0 1.7089475803193218e-07
0.23 0.09 0 8.63282478998186e-08
0.23 0.1 0 7.321074354976055e-08
0.23 0.11 0 1.0638156723071847e-07
0.23 0.12 0 3.0389555174892146e-07
0.23 0.13 0 9.244029668376745e-07
0.23 0.14 0 1.0982580674581584e-06
0.23 0.15 0 1.7630868270907548e-06
0.23 0.16 0 2.567322251962504e-06
0.23 0.17 0 2.6413014090463238e-06
0.23 0.18 0 2.762468459814267e-06
0.23 0.19 0 5.032628176672588e-06
0.23 0.2 0 2.122531244116993e-06
0.23 0.21 0 2.1269098537933247e-06
0.23 0.22 0 1.6313290219616787e-06
0.23 0.23 0 1.432018197148694e-06
0.23 0.24 0 1.5814663229165138e-06
0.23 0.25 0 1.5510775448587001e-06
0.23 0.26 0 2.6503605920525184e-06
0.23 0.27 0 1.8100891374476899e-06
0.23 0.28 0 5.70795103722228e-06
0.23 0.29 0 1.3255653781798897e-05
0.23 0.3 0 1.0922335359135488e-05
0.23 0.31 0 1.539642652881412e-05
0.23 0.32 0 1.2606220743902201e-05
0.23 0.33 0 4.4097355826763355e-06
0.23 0.34 0 6.148577153025572e-06
0.23 0.35000000000000003 0 4.327350500761347e-06
0.23 0.36 0 3.4750549508550495e-06
0.23 0.37 0 1.1822959020565653e-05
0.23 0.38 0 4.528788129594184e-05
0.23 0.39 0 2.4137868406275596e-05
0.23 0.4 0 2.3004394002407325e-05
0.23 0.41000000000000003 0 1.4051205096447153e-05
0.23 0.42 0 3.890367156855373e-06
0.23 0.43 0 1.251167584685354e-05
0.23 0.44 0 5.975152379411073e-06
0.23 0.45 0 4.396451534471077e-06
0.23 0.46 0 3.05131824003364e-06
0.23 0.47000000000000003 0 2.7230989672940564e-06
0.23 0.48 0 5.382563581060886e-07
0.23 0.49 0 1.2757053045886254e-07
0.23 0.5 0 5.023781725090685e-07
0.24 0.0 0 1.3439272386422154e-06
0.24 0.01 0 5.889445035620492e-06
0.24 0.02 0 3.3891972882815504e-06
0.24 0.03 0 7.763105216797794e-07
0.24 0.04 0 1.2864696933523307e-06
0.24 0.05 0 7.119698768411503e-07
0.24 0.06 0 4.6042325007424013e-07
0.24 0.07 0 9.291152653822891e-07
0.24 0.08 0 5.91307586007488e-07
0.24 0.09 0 7.053442219723878e-07
0.24 0.1 0 1.4320837292840595e-06
0.24 0.11 0 5.38608733374713e-06
0.24 0.12 0 1.109398549588087e-05
0.24 0.13 0 3.212246217070816e-05
0.24 0.14 0 3.0718792144712665e-05
0.24 0.15 0 1.8414080415612303e-05
0.24 0.16 0 2.1463526554646088e-05
0.24 0.17 0 1.1151339877021247e-05
0.24 0.18 0 1.3934139239701743e-05
0.24 0.19 0 2.0037889294352026e-05
0.24 0.2 0 3.58898560094914e-05
0.24 0.21 0 5.518432644788627e-06
0.24 0.22 0 7.333104449200116e-06
0.24 0.23 0 1.92312413868222e-05
0.24 0.24 0 6.723497537204747e-06
0.24 0.25 0 4.740615082050346e-06
0.24 0.26 0 4.7783940627117725e-06
0.24 0.27 0 6.058958351212194e-06
0.24 0.28 0 2.2020139116903228e-05
0.24 0.29 0 7.214846842633867e-05
0.24 0.3 0 3.3469193683483024e-05
0.24 0.31 0 4.795246173532498e-05
0.24 0.32 0 3.980582767561244e-05
0.24 0.33 0 1.813717646982687e-05
0.24 0.34 0 2.0226017096707336e-05
0.24 0.35000000000000003 0 5.005323457450795e-05
0.24 0.36 0 5.457711670376797e-05
0.24 0.37 0 3.3656857162451916e-05
0.24 0.38 0 1.561379051775398e-05
0.24 0.39 0 1.3761335526939895e-05
0.24 0.4 0 1.3323468213495633e-05
0.24 0.41000000000000003 0 6.201979688474975e-06
0.24 0.42 0 1.8795269446314697e-06
0.24 0.43 0 6.949171547794368e-07
0.24 0.44 0 1.4207849618823277e-06
0.24 0.45 0 2.0561068206904986e-06
0.24 0.46 0 3.4210483442210146e-06
0.24 0.47000000000000003 0 1.3673398637179262e-05
0.24 0.48 0 2.571278804224764e-05
0.24 0.49 0 5.5218973749652495e-06
0.24 0.5 0 2.9371494073358985e-06
0.25 0.0 0 5.480391605893575e-07
0.25 0.01 0 1.7354525756053994e-06
0.25 0.02 0 4.136417817190796e-06
0.25 0.03 0 6.2829720340238065e-06
0.25 0.04 0 7.511525073988695e-06
0.25 0.05 0 4.679012822930614e-06
0.25 0.06 0 5.345043966182655e-06
0.25 0.07 0 1.4251456154933413e-06
0.25 0.08 0 2.4371637864351406e-06
0.25 0.09 0 5.0809608672978335e-06
0.25 0.1 0 6.813852147385743e-06
0.25 0.11 0 1.248116878880024e-05
0.25 0.12 0 2.265574553135667e-05
0.25 0.13 0 4.7810518794994186e-05
0.25 0.14 0 2.7308729809754506e-05
0.25 0.15 0 1.5919667731000217e-05
0.25 0.16 0 1.1138919376393691e-05
0.25 0.17 0 8.345061759602538e-06
0.25 0.18 0 1.2600310279665576e-05
0.25 0.19 0 2.778105763828154e-05
0.25 0.2 0 3.0084061480664972e-05
0.25 0.21 0 1.783833229480456e-05
0.25 0.22 0 4.7704951001847044e-05
0.25 0.23 0 8.342591621023891e-05
0.25 0.24 0 1.596574015072731e-05
0.25 0.25 0 1.419435060648951e-05
0.25 0.26 0 4.472250521179446e-06
0.25 0.27 0 7.632092327672487e-06
0.25 0.28 0 1.3699488296301661e-05
0.25 0.29 0 2.749850742008891e-05
0.25 0.3 0 0.0003135268615512249
0.25 0.31 0 0.00031177487976707686
0.25 0.32 0 6.74725310375752e-05
0.25 0.33 0 1.668667472475849e-05
0.25 0.34 0 7.485316041557784e-05
0.25 0.35000000000000003 0 4.9256997936149797e-05
0.25 0.36 0 6.121160141879167e-05
0.25 0.37 0 0.0002863846946207401
0.25 0.38 0 0.00033363789886726444
0.25 0.39 0 7.871063188858895e-05
0.25 0.4 0 1.2356516456075446e-05
0.25 0.41000000000000003 0 1.135785528894413e-05
0.25 0.42 0 5.634702644258027e-06
0.25 0.43 0 3.3253985833257032e-06
0.25 0.44 0 2.81616488688533e-06
0.25 0.45 0 2.56404489406876e-06
0.25 0.46 0 1.3621028338700268e-05
0.25 0.47000000000000003 0 4.228748710752889e-05
0.25 0.48 0 2.0464321740357466e-05
0.25 0.49 0 4.706184905964429e-05
0.25 0.5 0 3.625438334454958e-05
0.26 0.0 0 8.450269040781287e-06
0.26 0.01 0 7.4128029640882165e-06
0.26 0.02 0 8.385795636205301e-06
0.26 0.03 0 1.1282845980920717e-05
0.26 0.04 0 1.640724745194739e-05
0.26 0.05 0 1.6683337185633113e-05
0.26 0.06 0 9.980446027262974e-06
0.26 0.07 0 1.0848006474039063e-05
0.26 0.08 0 3.099521446448566e-06
0.26 0.09 0 3.7976889612449164e-06
0.26 0.1 0 7.86616313616089e-06
0.26 0.11 0 8.235170412636229e-06
0.26 0.12 0 1.5147079087138281e-05
0.26 0.13 0 0.00014978651285779937
0.26 0.14 0 0.00014578600925719933
0.26 0.15 0 2.7167050928506396e-05
0.26 0.16 0 2.39867349113289e-05
0.26 0.17 0 6.904255374767528e-06
0.26 0.18 0 2.2422340710568884e-06
0.26 0.19 0 7.46117810079803e-06
0.26 0.2 0 1.598380509654503e-05
0.26 0.21 0 1.1686644132018773e-05
0.26 0.22 0 1.921785714441404e-05
0.26 0.23 0 9.567340309751299e-06
0.26 0.24 0 9.788564105722486e-06
0.26 0.25 0 7.63267921370408e-06
0.26 0.26 0 8.070799582178992e-06
0.26 0.27 0 1.5801604646926295e-05
0.26 0.28 0 2.2792609184294427e-05
0.26 0.29 0 1.3311654605216405e-05
0.26 0.3 0 1.5417703057757355e-05
0.26 0.31 0 0.00014863213105950973
0.26 0.32 0 0.0003309625344879104
0.26 0.33 0 0.00016112180997985783
0.26 0.34 0 0.00027407841349967734
0.26 0.35000000000000003 0 0.0011621097179602068
0.26 0.36 0 0.0005032542404596577
0.26 0.37 0 0.00029092328958344523
0.26 0.38 0 0.0003357407783232428
0.26 0.39 0 6.864219411998693e-05
0.26 0.4 0 7.900892185783811e-06
0.26 0.41000000000000003 0 9.483229407712279e-06
0.26 0.42 0 8.879396239766976e-06
0.26 0.43 0 1.4393877122524358e-05
0.26 0.44 0 9.061404813097001e-06
0.26 0.45 0 4.505252319435e-06
0.26 0.46 0 9.42057198123454e-06
0.26 0.47000000000000003 0 2.989654989565932e-06
0.26 0.48 0 2.6111815476129606e-06
0.26 0.49 0 4.70990069810742e-06
0.26 0.5 0 1.226920714547759e-05
0.27 0.0 0 2.965193575193961e-06
0.27 0.01 0 4.571160104509325e-06
0.27 0.02 0 1.2119486798844609e-05
0.27 0.03 0 2.5723853568969423e-05
0.27 0.04 0 0.00012369223841683324
0.27 0.05 0 0.0001473523917962671
0.27 0.06 0 4.980963312339257e-05
0.27 0.07 0 8.576552539560901e-05
0.27 0.08 0 8.772298274901957e-05
0.27 0.09 0 7.797093754959459e-05
0.27 0.1 0 6.828604523915716e-05
0.27 0.11 0 2.303955272804575e-05
0.27 0.12 0 1.8345487647387234e-05
0.27 0.13 0 2.605096659353361e-05
0.27 0.14 0 3.861775942165614e-05
0.27 0.15 0 2.0334790819119532e-05
0.27 0.16 0 2.392933502257942e-05
0.27 0.17 0 3.120299037044993e-05
0.27 0.18 0 5.6867316625455905e-05
0.27 0.19 0 2.4633253887463573e-05
0.27 0.2 0 1.0826891936561773e-05
0.27 0.21 0 7.274500265269491e-05
0.27 0.22 0 5.638202451727083e-05
0.27 0.23 0 1.606903955334869e-05
0.27 0.24 0 2.1147149816459598e-05
0.27 0.25 0 0.00017100992545527626
0.27 0.26 0 0.0003009382972896748
0.27 0.27 0 0.00022165883043970174
0.27 0.28 0 0.00026912722652144713
0.27 0.29 0 0.0005405607032405422
0.27 0.3 0 0.0002729020773591627
0.27 0.31 0 0.0001530694719598724
0.27 0.32 0 0.00024947960051274184
0.27 0.33 0 0.0003193014525685887
0.27 0.34 0 0.00029580451516957273
0.27 0.35000000000000003 0 7.730334027903005e-05
0.27 0.36 0 9.604774382592721e-05
0.27 0.37 0 0.0001283503201909606
0.27 0.38 0 5.560596196394724e-05
0.27 0.39 0 1.6153784370790096e-05
0.27 0.4 0 2.2468140812736114e-05
0.27 0.41000000000000003 0 9.798686807343272e-06
0.27 0.42 0 1.1627955236404512e-05
0.27 0.43 0 8.701910543216972e-05
0.27 0.44 0 5.429649196375561e-05
0.27 0.45 0 3.0274851217400106e-05
0.27 0.46 0 2.697616213425685e-05
0.27 0.47000000000000003 0 7.681998722374329e-06
0.27 0.48 0 2.5170513604611922e-06
0.27 0.49 0 1.6785684721350515e-06
0.27 0.5 0 8.75385765517536e-07
0.28 0.0 0 9.501493519310631e-06
0.28 0.01 0 9.688516287768711e-06
0.28 0.02 0 5.332702429556042e-06
0.28 0.03 0 2.3059273825182412e-05
0.28 0.04 0 0.0001810526179229451
0.28 0.05 0 4.354855421287953e-05
0.28 0.06 0 6.008621107654791e-05
0.28 0.07 0 0.00024290941297637874
0.28 0.08 0 0.0001511835965743465
0.28 0.09 0 9.435183748287328e-05
0.28 0.1 0 5.172237750580829e-05
0.28 0.11 0 0.00011354767440214398
0.28 0.12 0 0.00016109178214424727
0.28 0.13 0 4.980066017139468e-05
0.28 0.14 0 4.193127714759373e-06
0.28 0.15 0 5.290959528574921e-06
0.28 0.16 0 5.50704287296178e-06
0.28 0.17 0 8.61270642252242e-07
0.28 0.18 0 2.6408158448468357e-06
0.28 0.19 0 1.1918491797089638e-05
0.28 0.2 0 9.580859537409216e-06
0.28 0.21 0 4.571835765601995e-06
0.28 0.22 0 1.353748560419188e-05
0.28 0.23 0 4.154856572870704e-05
0.28 0.24 0 1.8105278837015537e-05
0.28 0.25 0 5.192375599606193e-05
0.28 0.26 0 0.000149942611114962
0.28 0.27 0 0.00010852754939608563
0.28 0.28 0 0.000157700813958159
0.28 0.29 0 4.933661584699294e-05
0.28 0.3 0 3.31453204408253e-05
0.28 0.31 0 1.3498514097021249e-05
0.28 0.32 0 7.202467253907501e-06
0.28 0.33 0 6.6108209395129845e-06
0.28 0.34 0 1.9647818471497635e-05
0.28 0.35000000000000003 0 1.7173495699991277e-05
0.28 0.36 0 6.706358371431624e-06
0.28 0.37 0 2.5087979068299838e-05
0.28 0.38 0 2.7043992894449428e-06
0.28 0.39 0 7.735731440238578e-07
0.28 0.4 0 1.3611574202574446e-06
0.28 0.41000000000000003 0 4.775304001474053e-06
0.28 0.42 0 5.13175259892283e-06
0.28 0.43 0 2.552226109937311e-06
0.28 0.44 0 2.8015883676653074e-06
0.28 0.45 0 1.0879789493411239e-06
0.28 0.46 0 3.8380131707277823e-07
0.28 0.47000000000000003 0 2.200032946273256e-07
0.28 0.48 0 1.7687489906876569e-07
0.28 0.49 0 1.501114623351863e-07
0.28 0.5 0 1.2623128547466688e-07
0.29 0.0 0 9.870692091110145e-07
0.29 0.01 0 6.308556011838837e-06
0.29 0.02 0 1.3862777652755869e-05
0.29 0.03 0 4.80765234355198e-05
0.29 0.04 0 0.00018090058355258874
0.29 0.05 0 0.0003959389970140585
0.29 0.06 0 0.0003869178057775194
0.29 0.07 0 0.0003248654244648526
0.29 0.08 0 0.0002799468886010492
0.29 0.09 0 0.00026592195224224303
0.29 0.1 0 7.621931870892975e-05
0.29 0.11 0 2.6239831580267602e-05
0.29 0.12 0 2.5181765430226893e-05
0.29 0.13 0 8.224497428353929e-06
0.29 0.14 0 2.9179324959440926e-06
0.29 0.15 0 1.8692981091708665e-06
0.29 0.16 0 7.010115673438853e-06
0.29 0.17 0 1.4760899369908426e-05
0.29 0.18 0 1.0157906917471573e-05
0.29 0.19 0 5.937020215438995e-06
0.29 0.2 0 3.9116819272152365e-06
0.29 0.21 0 1.1502494639584756e-06
0.29 0.22 0 5.377826264732677e-07
0.29 0.23 0 1.170153737194525e-06
0.29 0.24 0 4.683859062631229e-06
0.29 0.25 0 2.5753679035281534e-05
0.29 0.26 0 1.877761667708934e-05
0.29 0.27 0 1.8427921369236608e-05
0.29 0.28 0 6.0869773062634204e-06
0.29 0.29 0 1.1141475261007729e-06
0.29 0.3 0 9.63111402703231e-07
0.29 0.31 0 1.0857542487812288e-06
0.29 0.32 0 4.781627085624247e-07
0.29 0.33 0 6.729029574166725e-07
0.29 0.34 0 1.3902649311505552e-06
0.29 0.35000000000000003 0 9.276835739849403e-07
0.29 0.36 0 9.22874204580059e-07
0.29 0.37 0 4.7654308361793236e-07
0.29 0.38 0 1.0987571540222284e-07
0.29 0.39 0 4.3765620615587515e-08
0.29 0.4 0 1.9031919174552876e-08
0.29 0.41000000000000003 0 1.0691846615999953e-08
0.29 0.42 0 2.6818794399045974e-08
0.29 0.43 0 4.056217433229647e-08
0.29 0.44 0 7.617977074191573e-08
0.29 0.45 0 5.524563986120598e-08
0.29 0.46 0 9.971912627156712e-08
0.29 0.47000000000000003 0 1.2456280790829785e-07
0.29 0.48 0 1.733669325443497e-07
0.29 0.49 0 2.3528769461689982e-07
0.29 0.5 0 8.664534475264943e-08
0.3 0.0 0 1.3044073995748076e-05
0.3 0.01 0 4.3425900564120215e-06
0.3 0.02 0 1.0164201115697499e-05
0.3 0.03 0 5.236007349078263e-05
0.3 0.04 0 1.1742818243049114e-05
0.3 0.05 0 1.0333199107391164e-05
0.3 0.06 0 4.411105092252299e-05
0.3 0.07 0 0.00014279237002970714
0.3 0.08 0 0.00011587091760001258
0.3 0.09 0 0.0002792901233872153
0.3 0.1 0 0.0007536378403092748
0.3 0.11 0 0.0002781089273224257
0.3 0.12 0 9.192469941011774e-05
0.3 0.13 0 1.8824027047055962e-05
0.3 0.14 0 9.4109674580233e-06
0.3 0.15 0 1.0713952306032558e-05
0.3 0.16 0 8.080907362554628e-06
0.3 0.17 0 4.414834863545634e-06
0.3 0.18 0 5.66891964222602e-06
0.3 0.19 0 3.140964308433136e-05
0.3 0.2 0 1.655176653837779e-05
0.3 0.21 0 3.0186061215740764e-05
0.3 0.22 0 3.621983664527517e-05
0.3 0.23 0 4.545290995261008e-06
0.3 0.24 0 3.839711870555224e-06
0.3 0.25 0 4.061505969073032e-06
0.3 0.26 0 1.9428620970823343e-06
0.3 0.27 0 1.519016764655479e-06
0.3 0.28 0 1.9979888719850025e-06
0.3 0.29 0 6.723548535626458e-07
0.3 0.3 0 5.939478056049269e-07
0.3 0.31 0 1.05815231694398e-06
0.3 0.32 0 2.141545140181017e-06
0.3 0.33 0 3.194305765801934e-06
0.3 0.34 0 2.0646819531686692e-06
0.3 0.35000000000000003 0 3.532429969350292e-07
0.3 0.36 0 2.2912785203186777e-07
0.3 0.37 0 3.5809887348683234e-07
0.3 0.38 0 1.478650213004215e-07
0.3 0.39 0 3.568497423634691e-08
0.3 0.4 0 3.0405454974073105e-08
0.3 0.41000000000000003 0 1.1511357110664206e-07
0.3 0.42 0 5.270635423199541e-08
0.3 0.43 0 1.020094416399412e-07
0.3 0.44 0 1.2942723557053396e-07
0.3 0.45 0 1.8613802232407438e-07
0.3 0.46 0 2.722610123512784e-07
0.3 0.47000000000000003 0 6.614417884211809e-08
0.3 0.48 0 7.095585974314888e-08
0.3 0.49 0 2.5520790418301146e-07
0.3 0.5 0 2.2508537610636205e-07
#STOP
