#MEDIUM_PROPERTIES_DISTRIBUTED
$MSH_TYPE
	 GROUNDWATER_FLOW	
$MMP_TYPE
	 PERMEABILITY	
$DIS_TYPE
	 NEAREST_VALUE	
;hj
$CONVERSION_FACTOR
	 1.0	
$DATA
0.0 0.0 0 1.796013700284533e-05
0.0 0.01 0 1.51828750973823e-05
0.0 0.02 0 1.361738071350165e-05
0.0 0.03 0 1.4822071048040438e-05
0.0 0.04 0 1.2680899026718555e-05
0.0 0.05 0 1.2688763182884364e-05
0.0 0.06 0 1.3305353750747781e-05
0.0 0.07 0 1.1980823925468781e-05
0.0 0.08 0 1.202648679782194e-05
0.0 0.09 0 1.5000877083197666e-05
0.0 0.1 0 1.4200068526639486e-05
0.0 0.11 0 1.3777575377493892e-05
0.0 0.12 0 1.4813380709842044e-05
0.0 0.13 0 1.1912281092281154e-05
0.0 0.14 0 1.2219133295365164e-05
0.0 0.15 0 1.4190045067681066e-05
0.0 0.16 0 1.5058646467963529e-05
0.0 0.17 0 1.6826818221769592e-05
0.0 0.18 0 1.5212544853596769e-05
0.0 0.19 0 1.0645374147865576e-05
0.0 0.2 0 1.2860743830691657e-05
0.0 0.21 0 1.461661588685052e-05
0.0 0.22 0 1.3948632825399028e-05
0.0 0.23 0 1.314643141129858e-05
0.0 0.24 0 1.1911280195457102e-05
0.0 0.25 0 9.19128164531002e-06
0.0 0.26 0 9.04755843343881e-06
0.0 0.27 0 8.354958160762851e-06
0.0 0.28 0 6.690255877864309e-06
0.0 0.29 0 6.71252664619812e-06
0.0 0.3 0 7.88939873602403e-06
0.0 0.31 0 8.476720840184008e-06
0.0 0.32 0 1.0476600449546156e-05
0.0 0.33 0 1.014132740598118e-05
0.0 0.34 0 8.434903293723538e-06
0.0 0.35000000000000003 0 1.0510578644844267e-05
0.0 0.36 0 1.0206740901476535e-05
0.0 0.37 0 1.0475430982688652e-05
0.0 0.38 0 1.1852630180133778e-05
0.0 0.39 0 8.872996947712771e-06
0.0 0.4 0 5.6580344866150135e-06
0.0 0.41000000000000003 0 5.3897488070590974e-06
0.0 0.42 0 5.2805139244176124e-06
0.0 0.43 0 5.9328049666506354e-06
0.0 0.44 0 6.095760304206629e-06
0.0 0.45 0 5.769422744983055e-06
0.0 0.46 0 5.615842368956706e-06
0.0 0.47000000000000003 0 7.99891276436901e-06
0.0 0.48 0 9.618742584225613e-06
0.0 0.49 0 9.811167536322887e-06
0.0 0.5 0 1.0197892815558688e-05
0.01 0.0 0 6.967136062453096e-06
0.01 0.01 0 6.028761721502984e-06
0.01 0.02 0 7.047415345287651e-06
0.01 0.03 0 7.639212642915179e-06
0.01 0.04 0 7.409685528746609e-06
0.01 0.05 0 8.004720058404614e-06
0.01 0.06 0 7.057616253141313e-06
0.01 0.07 0 5.276275514718767e-06
0.01 0.08 0 5.446495942113471e-06
0.01 0.09 0 4.204010295382244e-06
0.01 0.1 0 4.073930020786726e-06
0.01 0.11 0 5.086066387676103e-06
0.01 0.12 0 5.727652391021055e-06
0.01 0.13 0 8.197379524702943e-06
0.01 0.14 0 1.1359460784072852e-05
0.01 0.15 0 1.137876946111179e-05
0.01 0.16 0 1.2428143043745672e-05
0.01 0.17 0 1.6313167126158207e-05
0.01 0.18 0 1.4542585893526463e-05
0.01 0.19 0 9.967617283580702e-06
0.01 0.2 0 7.031187012429715e-06
0.01 0.21 0 5.474082281140778e-06
0.01 0.22 0 5.018065220740884e-06
0.01 0.23 0 5.631099519949229e-06
0.01 0.24 0 3.7141815195375232e-06
0.01 0.25 0 2.862971726203728e-06
0.01 0.26 0 2.647668649997013e-06
0.01 0.27 0 2.7086156470730124e-06
0.01 0.28 0 3.980534681883836e-06
0.01 0.29 0 5.155838324665319e-06
0.01 0.3 0 3.967614913339661e-06
0.01 0.31 0 3.6185291647760538e-06
0.01 0.32 0 3.1291589255773025e-06
0.01 0.33 0 2.7022971679265566e-06
0.01 0.34 0 3.467672919978659e-06
0.01 0.35000000000000003 0 5.148450948232167e-06
0.01 0.36 0 6.5980733116890035e-06
0.01 0.37 0 8.102264248282157e-06
0.01 0.38 0 9.952660126937365e-06
0.01 0.39 0 9.824288205155489e-06
0.01 0.4 0 1.138494057262334e-05
0.01 0.41000000000000003 0 1.1304380727026412e-05
0.01 0.42 0 1.0682612707154587e-05
0.01 0.43 0 1.3027197818445126e-05
0.01 0.44 0 1.417001955870778e-05
0.01 0.45 0 1.0681045860294628e-05
0.01 0.46 0 1.0917861782862071e-05
0.01 0.47000000000000003 0 9.3715264770949e-06
0.01 0.48 0 9.592226253060679e-06
0.01 0.49 0 1.3798017381570283e-05
0.01 0.5 0 1.577145575704662e-05
0.02 0.0 0 3.387186287716583e-06
0.02 0.01 0 3.075976752377974e-06
0.02 0.02 0 2.654187515298761e-06
0.02 0.03 0 2.440169993900205e-06
0.02 0.04 0 3.207489228669715e-06
0.02 0.05 0 3.763567143273402e-06
0.02 0.06 0 3.3197030501535086e-06
0.02 0.07 0 4.0813751547331315e-06
0.02 0.08 0 4.01773819318972e-06
0.02 0.09 0 3.94526898606548e-06
0.02 0.1 0 4.011134016212538e-06
0.02 0.11 0 3.391955308325676e-06
0.02 0.12 0 2.6413838507188967e-06
0.02 0.13 0 3.24074157361738e-06
0.02 0.14 0 4.628852911458505e-06
0.02 0.15 0 5.469573978587493e-06
0.02 0.16 0 6.009361709596353e-06
0.02 0.17 0 5.6272640704196724e-06
0.02 0.18 0 5.408706825730229e-06
0.02 0.19 0 6.9433782488513996e-06
0.02 0.2 0 6.991405597460923e-06
0.02 0.21 0 6.61022195005109e-06
0.02 0.22 0 9.356980091522797e-06
0.02 0.23 0 9.010680804263544e-06
0.02 0.24 0 8.894925772389736e-06
0.02 0.25 0 8.194431835177353e-06
0.02 0.26 0 5.710466663454891e-06
0.02 0.27 0 4.723490519993219e-06
0.02 0.28 0 5.722920821383027e-06
0.02 0.29 0 5.924478467616407e-06
0.02 0.3 0 5.944013538389615e-06
0.02 0.31 0 5.148491155899504e-06
0.02 0.32 0 4.064355729457209e-06
0.02 0.33 0 3.3082586768357032e-06
0.02 0.34 0 3.891444070897997e-06
0.02 0.35000000000000003 0 4.726840049390849e-06
0.02 0.36 0 6.759389121298373e-06
0.02 0.37 0 9.055265200864784e-06
0.02 0.38 0 6.314648295752517e-06
0.02 0.39 0 5.255719501239896e-06
0.02 0.4 0 5.617251338041908e-06
0.02 0.41000000000000003 0 5.3138861830217395e-06
0.02 0.42 0 6.617975897681174e-06
0.02 0.43 0 8.507018943758752e-06
0.02 0.44 0 8.30545643544263e-06
0.02 0.45 0 1.0678746474687588e-05
0.02 0.46 0 1.1330773473410166e-05
0.02 0.47000000000000003 0 1.0583586466745449e-05
0.02 0.48 0 9.444523011400903e-06
0.02 0.49 0 9.578304263835617e-06
0.02 0.5 0 9.305405729664663e-06
0.03 0.0 0 1.262784919652932e-06
0.03 0.01 0 1.1994212614396707e-06
0.03 0.02 0 1.1103737596648993e-06
0.03 0.03 0 1.3010671249145373e-06
0.03 0.04 0 1.894856932097063e-06
0.03 0.05 0 2.0271310453750983e-06
0.03 0.06 0 1.971789657983235e-06
0.03 0.07 0 1.6692093837150458e-06
0.03 0.08 0 1.2409466845366466e-06
0.03 0.09 0 1.1518915042957587e-06
0.03 0.1 0 1.5324876157011879e-06
0.03 0.11 0 1.5425472917236221e-06
0.03 0.12 0 1.7757401691680455e-06
0.03 0.13 0 1.719296517957295e-06
0.03 0.14 0 1.7617311139044176e-06
0.03 0.15 0 3.148971406962185e-06
0.03 0.16 0 5.384438613215701e-06
0.03 0.17 0 6.110483207990884e-06
0.03 0.18 0 7.75545246282432e-06
0.03 0.19 0 8.409216516899448e-06
0.03 0.2 0 8.02695253340667e-06
0.03 0.21 0 9.041406367586735e-06
0.03 0.22 0 8.503557108015639e-06
0.03 0.23 0 6.8252041179283285e-06
0.03 0.24 0 5.734613742864523e-06
0.03 0.25 0 5.058740881262474e-06
0.03 0.26 0 4.260233795286672e-06
0.03 0.27 0 5.028223964004149e-06
0.03 0.28 0 5.031050111409112e-06
0.03 0.29 0 4.6240612831546e-06
0.03 0.3 0 4.588157790883438e-06
0.03 0.31 0 4.048734625816552e-06
0.03 0.32 0 3.6956906694867576e-06
0.03 0.33 0 5.638332390786634e-06
0.03 0.34 0 6.247569195875247e-06
0.03 0.35000000000000003 0 6.791035269644445e-06
0.03 0.36 0 9.348165583520373e-06
0.03 0.37 0 1.0401205968912694e-05
0.03 0.38 0 9.851882697677403e-06
0.03 0.39 0 9.233989933902557e-06
0.03 0.4 0 7.796077553710374e-06
0.03 0.41000000000000003 0 8.866720182136282e-06
0.03 0.42 0 1.2476529142218567e-05
0.03 0.43 0 1.2714794147651759e-05
0.03 0.44 0 1.138620678100618e-05
0.03 0.45 0 9.699292924568389e-06
0.03 0.46 0 8.23847737886296e-06
0.03 0.47000000000000003 0 8.191639810453173e-06
0.03 0.48 0 1.0283424626295493e-05
0.03 0.49 0 8.221597503958132e-06
0.03 0.5 0 7.724356024081145e-06
0.04 0.0 0 1.3639976298887914e-06
0.04 0.01 0 1.3672798971530689e-06
0.04 0.02 0 1.4353399805242147e-06
0.04 0.03 0 1.9058533053412208e-06
0.04 0.04 0 2.0432221249165057e-06
0.04 0.05 0 2.1124177987987765e-06
0.04 0.06 0 2.6017036438195143e-06
0.04 0.07 0 2.4429575915520823e-06
0.04 0.08 0 2.276314975988278e-06
0.04 0.09 0 2.63058682811182e-06
0.04 0.1 0 2.1425412014473076e-06
0.04 0.11 0 2.8286814827138824e-06
0.04 0.12 0 4.121442793992067e-06
0.04 0.13 0 3.955597657829766e-06
0.04 0.14 0 3.018718046950602e-06
0.04 0.15 0 2.4299169098812565e-06
0.04 0.16 0 2.0410344279051556e-06
0.04 0.17 0 2.3121055006133716e-06
0.04 0.18 0 2.580707968314853e-06
0.04 0.19 0 2.377955860633924e-06
0.04 0.2 0 2.0919107769071303e-06
0.04 0.21 0 2.182278522796802e-06
0.04 0.22 0 2.083954928543577e-06
0.04 0.23 0 2.5749621326841178e-06
0.04 0.24 0 3.2868195174782907e-06
0.04 0.25 0 2.5874654313377483e-06
0.04 0.26 0 2.761149123916002e-06
0.04 0.27 0 2.994736171222533e-06
0.04 0.28 0 2.976650117850239e-06
0.04 0.29 0 3.914767397331525e-06
0.04 0.3 0 4.3160808235431985e-06
0.04 0.31 0 3.163593907421662e-06
0.04 0.32 0 2.902359138327532e-06
0.04 0.33 0 2.6906214457198356e-06
0.04 0.34 0 3.048746003210082e-06
0.04 0.35000000000000003 0 3.38345722539061e-06
0.04 0.36 0 3.3618527991000993e-06
0.04 0.37 0 2.980998641399884e-06
0.04 0.38 0 3.552351490643404e-06
0.04 0.39 0 3.798659167305395e-06
0.04 0.4 0 3.344195236772187e-06
0.04 0.41000000000000003 0 3.7661366537110813e-06
0.04 0.42 0 3.735976578576793e-06
0.04 0.43 0 2.9036613708852304e-06
0.04 0.44 0 2.630188096286148e-06
0.04 0.45 0 1.7230382709031296e-06
0.04 0.46 0 1.1192441325239507e-06
0.04 0.47000000000000003 0 1.3138741338037048e-06
0.04 0.48 0 1.4795259212638568e-06
0.04 0.49 0 1.8443065533260514e-06
0.04 0.5 0 2.1898138046889278e-06
0.05 0.0 0 3.381821510440471e-06
0.05 0.01 0 2.564595260414519e-06
0.05 0.02 0 2.8663758954004332e-06
0.05 0.03 0 3.0968147150111955e-06
0.05 0.04 0 2.8616586355108105e-06
0.05 0.05 0 2.864179063919102e-06
0.05 0.06 0 2.1783076119865216e-06
0.05 0.07 0 1.7958232694898337e-06
0.05 0.08 0 2.5834934482732108e-06
0.05 0.09 0 3.562561012193221e-06
0.05 0.1 0 3.9846856152789866e-06
0.05 0.11 0 3.545403147160178e-06
0.05 0.12 0 2.9207659278382177e-06
0.05 0.13 0 2.5536897372927474e-06
0.05 0.14 0 2.9587002144435017e-06
0.05 0.15 0 2.5198844606074393e-06
0.05 0.16 0 2.210880285995146e-06
0.05 0.17 0 2.3966342875521617e-06
0.05 0.18 0 2.2612446077061356e-06
0.05 0.19 0 1.99487962324119e-06
0.05 0.2 0 2.297884240273948e-06
0.05 0.21 0 1.7921955339942663e-06
0.05 0.22 0 1.562461243024029e-06
0.05 0.23 0 1.7157952966586556e-06
0.05 0.24 0 1.5558438251890663e-06
0.05 0.25 0 1.6261326973950779e-06
0.05 0.26 0 1.8293059233585317e-06
0.05 0.27 0 1.7834476537282833e-06
0.05 0.28 0 1.9823577151894316e-06
0.05 0.29 0 2.4403273175057766e-06
0.05 0.3 0 2.6905171096447628e-06
0.05 0.31 0 3.4348078175061577e-06
0.05 0.32 0 3.8034803252205155e-06
0.05 0.33 0 3.6067555265564424e-06
0.05 0.34 0 4.0198518789966854e-06
0.05 0.35000000000000003 0 5.816290877087049e-06
0.05 0.36 0 5.0518655005524845e-06
0.05 0.37 0 4.631275394813989e-06
0.05 0.38 0 4.323474619731443e-06
0.05 0.39 0 3.4976395788296764e-06
0.05 0.4 0 3.677172571489988e-06
0.05 0.41000000000000003 0 3.936790771632454e-06
0.05 0.42 0 3.0304757368937325e-06
0.05 0.43 0 2.9239432101989396e-06
0.05 0.44 0 2.4192089271807746e-06
0.05 0.45 0 1.953915149961583e-06
0.05 0.46 0 1.992681421946421e-06
0.05 0.47000000000000003 0 1.8641166417839027e-06
0.05 0.48 0 1.953658838737616e-06
0.05 0.49 0 2.4304724959308745e-06
0.05 0.5 0 2.6353913972758547e-06
0.06 0.0 0 1.6590838237350275e-06
0.06 0.01 0 2.143977212926444e-06
0.06 0.02 0 2.3386174022987042e-06
0.06 0.03 0 2.0003928663234625e-06
0.06 0.04 0 1.977636711276025e-06
0.06 0.05 0 1.9841582494699293e-06
0.06 0.06 0 1.6609392032110752e-06
0.06 0.07 0 1.3980838385002221e-06
0.06 0.08 0 1.324039461693414e-06
0.06 0.09 0 1.314628418935118e-06
0.06 0.1 0 1.8571991372594374e-06
0.06 0.11 0 2.184530240687565e-06
0.06 0.12 0 1.4897660973799437e-06
0.06 0.13 0 1.5310536253390464e-06
0.06 0.14 0 1.5796116767779569e-06
0.06 0.15 0 1.7215278127803903e-06
0.06 0.16 0 2.437407516413043e-06
0.06 0.17 0 3.0185660042781683e-06
0.06 0.18 0 2.996342505391604e-06
0.06 0.19 0 3.3450216228033295e-06
0.06 0.2 0 2.9620489129744137e-06
0.06 0.21 0 3.0873256436573624e-06
0.06 0.22 0 3.804641895729763e-06
0.06 0.23 0 4.68728840742835e-06
0.06 0.24 0 4.992859684406234e-06
0.06 0.25 0 5.866759739904115e-06
0.06 0.26 0 5.444177644119203e-06
0.06 0.27 0 4.70081585832431e-06
0.06 0.28 0 5.143695914054956e-06
0.06 0.29 0 3.999137197436748e-06
0.06 0.3 0 2.907916947753409e-06
0.06 0.31 0 3.0139085800022373e-06
0.06 0.32 0 2.5951474759162172e-06
0.06 0.33 0 1.9887721843110633e-06
0.06 0.34 0 1.8833956641519918e-06
0.06 0.35000000000000003 0 1.5606575788928494e-06
0.06 0.36 0 1.8613022141353468e-06
0.06 0.37 0 2.159364303299255e-06
0.06 0.38 0 1.841757255387248e-06
0.06 0.39 0 1.4403820080613853e-06
0.06 0.4 0 1.2972993963601995e-06
0.06 0.41000000000000003 0 1.052161859136823e-06
0.06 0.42 0 1.1464068901353556e-06
0.06 0.43 0 1.2880875156289416e-06
0.06 0.44 0 1.1549082368291448e-06
0.06 0.45 0 1.1386410997228796e-06
0.06 0.46 0 1.480546761054094e-06
0.06 0.47000000000000003 0 1.488870813416207e-06
0.06 0.48 0 1.6154177459468337e-06
0.06 0.49 0 1.8706156703043119e-06
0.06 0.5 0 1.533138011879752e-06
0.07 0.0 0 5.244097033009536e-07
0.07 0.01 0 5.958742158937998e-07
0.07 0.02 0 6.270938772814748e-07
0.07 0.03 0 7.216855993003131e-07
0.07 0.04 0 8.60124951287138e-07
0.07 0.05 0 8.357150041490954e-07
0.07 0.06 0 9.741152075697352e-07
0.07 0.07 0 1.5184448850771006e-06
0.07 0.08 0 1.4205366368751455e-06
0.07 0.09 0 1.350887694106528e-06
0.07 0.1 0 1.4011557128351968e-06
0.07 0.11 0 1.1842982358145066e-06
0.07 0.12 0 1.2308376039849213e-06
0.07 0.13 0 1.1713588071083752e-06
0.07 0.14 0 1.0220081897577096e-06
0.07 0.15 0 1.0448312476421769e-06
0.07 0.16 0 1.1054633015951326e-06
0.07 0.17 0 1.1176036019549523e-06
0.07 0.18 0 1.5615612830135896e-06
0.07 0.19 0 1.9856414874776266e-06
0.07 0.2 0 1.8901738810804679e-06
0.07 0.21 0 1.6671757598997514e-06
0.07 0.22 0 1.653179186390154e-06
0.07 0.23 0 1.2348400420312301e-06
0.07 0.24 0 1.318394378009035e-06
0.07 0.25 0 1.259589350334689e-06
0.07 0.26 0 8.980037658049343e-07
0.07 0.27 0 8.726011699773031e-07
0.07 0.28 0 9.022894805514549e-07
0.07 0.29 0 8.434000011569187e-07
0.07 0.3 0 9.201800507409946e-07
0.07 0.31 0 7.919666799209325e-07
0.07 0.32 0 7.918272268409115e-07
0.07 0.33 0 1.0053002785066454e-06
0.07 0.34 0 8.847392680611372e-07
0.07 0.35000000000000003 0 7.006803749723833e-07
0.07 0.36 0 6.613349728360397e-07
0.07 0.37 0 7.564734517454915e-07
0.07 0.38 0 8.297617554363628e-07
0.07 0.39 0 1.1660308717119244e-06
0.07 0.4 0 1.2075814107867862e-06
0.07 0.41000000000000003 0 1.0542909170805994e-06
0.07 0.42 0 1.1787677839889423e-06
0.07 0.43 0 1.192246238521918e-06
0.07 0.44 0 9.932158760804366e-07
0.07 0.45 0 1.0668243938044928e-06
0.07 0.46 0 8.59388008770086e-07
0.07 0.47000000000000003 0 9.124933384081334e-07
0.07 0.48 0 1.123701955144157e-06
0.07 0.49 0 1.1321910149736796e-06
0.07 0.5 0 1.4266745516008644e-06
0.08 0.0 0 1.1003956061865065e-06
0.08 0.01 0 7.796280470322764e-07
0.08 0.02 0 6.529314491190946e-07
0.08 0.03 0 8.373961240962852e-07
0.08 0.04 0 9.983067907429928e-07
0.08 0.05 0 9.58482937193225e-07
0.08 0.06 0 9.966770367345883e-07
0.08 0.07 0 9.384492436463131e-07
0.08 0.08 0 1.1888181140915556e-06
0.08 0.09 0 1.6069615230280327e-06
0.08 0.1 0 1.6869298848160714e-06
0.08 0.11 0 1.5228441199671409e-06
0.08 0.12 0 1.5046841695380326e-06
0.08 0.13 0 1.1688932465758886e-06
0.08 0.14 0 9.55750429885409e-07
0.08 0.15 0 1.0573471220102936e-06
0.08 0.16 0 8.301827987258162e-07
0.08 0.17 0 6.519705660174826e-07
0.08 0.18 0 6.442785937939073e-07
0.08 0.19 0 6.105969042072196e-07
0.08 0.2 0 6.899016747475587e-07
0.08 0.21 0 9.3429446399737e-07
0.08 0.22 0 8.612592519134829e-07
0.08 0.23 0 9.544035949935068e-07
0.08 0.24 0 9.92740326388429e-07
0.08 0.25 0 9.206082228841909e-07
0.08 0.26 0 8.885176743738127e-07
0.08 0.27 0 8.318657681065067e-07
0.08 0.28 0 6.763206562500211e-07
0.08 0.29 0 8.551261966639556e-07
0.08 0.3 0 1.1489198053075097e-06
0.08 0.31 0 1.1722386601218413e-06
0.08 0.32 0 1.280244721677021e-06
0.08 0.33 0 1.6288089667775518e-06
0.08 0.34 0 1.63074250827677e-06
0.08 0.35000000000000003 0 1.6182080262766415e-06
0.08 0.36 0 1.5067605216797215e-06
0.08 0.37 0 1.1564112343498199e-06
0.08 0.38 0 1.417140233144391e-06
0.08 0.39 0 1.8293990313622773e-06
0.08 0.4 0 2.099895181640188e-06
0.08 0.41000000000000003 0 2.5285100455789796e-06
0.08 0.42 0 2.3687374938733005e-06
0.08 0.43 0 1.817079183596353e-06
0.08 0.44 0 1.990449022868515e-06
0.08 0.45 0 1.6575175522708548e-06
0.08 0.46 0 1.3971615290773075e-06
0.08 0.47000000000000003 0 1.3324867974287213e-06
0.08 0.48 0 1.0972372750824604e-06
0.08 0.49 0 7.240698327553063e-07
0.08 0.5 0 6.580850172940738e-07
0.09 0.0 0 1.5220884532311383e-06
0.09 0.01 0 1.568252515285324e-06
0.09 0.02 0 1.4372489309204983e-06
0.09 0.03 0 1.1280247119406201e-06
0.09 0.04 0 8.236385689196852e-07
0.09 0.05 0 7.743651251310076e-07
0.09 0.06 0 6.147511123379526e-07
0.09 0.07 0 4.4681556376789924e-07
0.09 0.08 0 4.5062967717040265e-07
0.09 0.09 0 5.881185445138683e-07
0.09 0.1 0 5.86147881479498e-07
0.09 0.11 0 7.911479986145466e-07
0.09 0.12 0 8.54778662214098e-07
0.09 0.13 0 7.306836050405239e-07
0.09 0.14 0 7.502359995138977e-07
0.09 0.15 0 6.308859527668858e-07
0.09 0.16 0 5.669556148102393e-07
0.09 0.17 0 6.277939321573731e-07
0.09 0.18 0 5.286856716675272e-07
0.09 0.19 0 4.721924100892358e-07
0.09 0.2 0 5.11111993064422e-07
0.09 0.21 0 4.7236047389327936e-07
0.09 0.22 0 5.124904524912784e-07
0.09 0.23 0 6.243832100660975e-07
0.09 0.24 0 7.564955684767456e-07
0.09 0.25 0 8.860146715233943e-07
0.09 0.26 0 1.5143961939096908e-06
0.09 0.27 0 1.7922750575190332e-06
0.09 0.28 0 1.7064118126620602e-06
0.09 0.29 0 1.8915568985766704e-06
0.09 0.3 0 2.0468599744291993e-06
0.09 0.31 0 2.501752856494392e-06
0.09 0.32 0 3.4587957319983144e-06
0.09 0.33 0 2.9035514225338436e-06
0.09 0.34 0 2.851419043493564e-06
0.09 0.35000000000000003 0 2.766146232676281e-06
0.09 0.36 0 2.1466953682379166e-06
0.09 0.37 0 2.1381804174574098e-06
0.09 0.38 0 2.1033625137738996e-06
0.09 0.39 0 1.7437490531094293e-06
0.09 0.4 0 1.6402102253755493e-06
0.09 0.41000000000000003 0 1.8785751870865422e-06
0.09 0.42 0 1.9095088368059916e-06
0.09 0.43 0 2.3747729477460098e-06
0.09 0.44 0 3.0367297599246065e-06
0.09 0.45 0 2.849613054437586e-06
0.09 0.46 0 2.398949930013413e-06
0.09 0.47000000000000003 0 2.359419660773867e-06
0.09 0.48 0 1.8391502705517189e-06
0.09 0.49 0 1.864788209080045e-06
0.09 0.5 0 1.4698917020962736e-06
0.1 0.0 0 5.549371351110831e-07
0.1 0.01 0 5.579518013527561e-07
0.1 0.02 0 7.659023466312903e-07
0.1 0.03 0 7.147063686853196e-07
0.1 0.04 0 7.200665494881931e-07
0.1 0.05 0 7.833024543067722e-07
0.1 0.06 0 6.957300949917578e-07
0.1 0.07 0 6.68470622678624e-07
0.1 0.08 0 7.7099205370611e-07
0.1 0.09 0 7.59446394706068e-07
0.1 0.1 0 1.0460496260407053e-06
0.1 0.11 0 1.166798744189025e-06
0.1 0.12 0 1.1597244730686493e-06
0.1 0.13 0 1.4241178814926752e-06
0.1 0.14 0 1.6271390492985509e-06
0.1 0.15 0 1.4258504941041918e-06
0.1 0.16 0 1.5647605287512282e-06
0.1 0.17 0 1.703446596252128e-06
0.1 0.18 0 1.6597026437597023e-06
0.1 0.19 0 1.7989913291931718e-06
0.1 0.2 0 1.780769028076219e-06
0.1 0.21 0 1.436847856072832e-06
0.1 0.22 0 1.4859416474483615e-06
0.1 0.23 0 1.6907167705322107e-06
0.1 0.24 0 1.4272097205893943e-06
0.1 0.25 0 1.4580585114512873e-06
0.1 0.26 0 1.2771712399626332e-06
0.1 0.27 0 1.3288921071101352e-06
0.1 0.28 0 1.8090722809126566e-06
0.1 0.29 0 1.7923316287018514e-06
0.1 0.3 0 1.533759844429285e-06
0.1 0.31 0 2.000426384198744e-06
0.1 0.32 0 2.2085856266933156e-06
0.1 0.33 0 2.7510839492887335e-06
0.1 0.34 0 3.4336259780255864e-06
0.1 0.35000000000000003 0 3.4016452720015455e-06
0.1 0.36 0 2.9029452465692318e-06
0.1 0.37 0 3.0714464248760394e-06
0.1 0.38 0 3.157095073075874e-06
0.1 0.39 0 2.9303677805941944e-06
0.1 0.4 0 2.8223362425233974e-06
0.1 0.41000000000000003 0 2.000957186941345e-06
0.1 0.42 0 1.4490174709108737e-06
0.1 0.43 0 1.5414602077527962e-06
0.1 0.44 0 1.677653281753701e-06
0.1 0.45 0 2.256932312733193e-06
0.1 0.46 0 3.276876625292016e-06
0.1 0.47000000000000003 0 2.367613079189964e-06
0.1 0.48 0 2.0553466051765323e-06
0.1 0.49 0 1.9521846807054764e-06
0.1 0.5 0 1.6962960361191923e-06
0.11 0.0 0 4.51435475792111e-07
0.11 0.01 0 4.6782876780937995e-07
0.11 0.02 0 3.9030648192308184e-07
0.11 0.03 0 4.270323382322342e-07
0.11 0.04 0 5.83323678587748e-07
0.11 0.05 0 7.033932126502334e-07
0.11 0.06 0 9.585840749867092e-07
0.11 0.07 0 1.3132819103180458e-06
0.11 0.08 0 1.253833354566055e-06
0.11 0.09 0 1.3830072175854062e-06
0.11 0.1 0 1.6928246783713738e-06
0.11 0.11 0 1.7563168192964627e-06
0.11 0.12 0 1.478521346356145e-06
0.11 0.13 0 1.6371336768520168e-06
0.11 0.14 0 1.4376482527704768e-06
0.11 0.15 0 1.3727444723917106e-06
0.11 0.16 0 1.3654126495748973e-06
0.11 0.17 0 1.0968401819754704e-06
0.11 0.18 0 1.1435794914191297e-06
0.11 0.19 0 1.4967373755513996e-06
0.11 0.2 0 1.4615645131501243e-06
0.11 0.21 0 1.664269984107205e-06
0.11 0.22 0 1.7141670708382685e-06
0.11 0.23 0 1.7101708458956613e-06
0.11 0.24 0 2.6947398853933256e-06
0.11 0.25 0 3.6451413769178608e-06
0.11 0.26 0 3.41924145844037e-06
0.11 0.27 0 3.2508750826386392e-06
0.11 0.28 0 3.715727185649381e-06
0.11 0.29 0 3.6867391788879855e-06
0.11 0.3 0 4.300657558179024e-06
0.11 0.31 0 4.698815271074384e-06
0.11 0.32 0 4.700546342257604e-06
0.11 0.33 0 5.2884811795030205e-06
0.11 0.34 0 5.8982971342765485e-06
0.11 0.35000000000000003 0 4.643941913512487e-06
0.11 0.36 0 4.598204413055406e-06
0.11 0.37 0 3.6393681164466424e-06
0.11 0.38 0 2.8745824280750935e-06
0.11 0.39 0 3.1845295546198596e-06
0.11 0.4 0 2.944252735487854e-06
0.11 0.41000000000000003 0 2.279375160864837e-06
0.11 0.42 0 2.0394223289805287e-06
0.11 0.43 0 1.3512939911534222e-06
0.11 0.44 0 8.6745640548303e-07
0.11 0.45 0 8.698266161541867e-07
0.11 0.46 0 9.401097566342364e-07
0.11 0.47000000000000003 0 1.0176255712610807e-06
0.11 0.48 0 1.0265903301296974e-06
0.11 0.49 0 9.420444291442785e-07
0.11 0.5 0 8.739118601006967e-07
0.12 0.0 0 5.878581623141203e-07
0.12 0.01 0 7.466443904959973e-07
0.12 0.02 0 6.924555698688089e-07
0.12 0.03 0 6.878105692974993e-07
0.12 0.04 0 6.005839866087312e-07
0.12 0.05 0 5.053156354382954e-07
0.12 0.06 0 5.776660625590004e-07
0.12 0.07 0 6.444399417042899e-07
0.12 0.08 0 5.627089270066003e-07
0.12 0.09 0 5.139794178538931e-07
0.12 0.1 0 4.81426862914038e-07
0.12 0.11 0 4.477664908478082e-07
0.12 0.12 0 6.366978344232019e-07
0.12 0.13 0 6.790995931045826e-07
0.12 0.14 0 8.209770380042951e-07
0.12 0.15 0 1.1862501422342916e-06
0.12 0.16 0 1.1814661991929307e-06
0.12 0.17 0 1.0108283088665887e-06
0.12 0.18 0 9.715762682887339e-07
0.12 0.19 0 7.070711242394412e-07
0.12 0.2 0 6.853600252322599e-07
0.12 0.21 0 7.488775982083637e-07
0.12 0.22 0 7.03707626362363e-07
0.12 0.23 0 6.641146149018296e-07
0.12 0.24 0 9.106840740103085e-07
0.12 0.25 0 1.43379134719666e-06
0.12 0.26 0 2.0852379848918415e-06
0.12 0.27 0 2.7467965794179405e-06
0.12 0.28 0 2.2802961464834273e-06
0.12 0.29 0 2.147467949599784e-06
0.12 0.3 0 2.4918620932222723e-06
0.12 0.31 0 2.4092817504549156e-06
0.12 0.32 0 2.9205139652500708e-06
0.12 0.33 0 3.81295936545843e-06
0.12 0.34 0 2.8342722543113994e-06
0.12 0.35000000000000003 0 2.6033846573152615e-06
0.12 0.36 0 2.166931347224571e-06
0.12 0.37 0 1.8231158128894104e-06
0.12 0.38 0 1.9294978970236545e-06
0.12 0.39 0 2.0852416143793275e-06
0.12 0.4 0 1.7056392526300397e-06
0.12 0.41000000000000003 0 1.4612059337634527e-06
0.12 0.42 0 1.3315711640746197e-06
0.12 0.43 0 1.2195771338668682e-06
0.12 0.44 0 1.1714646542656298e-06
0.12 0.45 0 1.0889501188773971e-06
0.12 0.46 0 8.910339211944248e-07
0.12 0.47000000000000003 0 1.0964016952734177e-06
0.12 0.48 0 1.3329192566810451e-06
0.12 0.49 0 1.1235562770966522e-06
0.12 0.5 0 1.412287107152774e-06
0.13 0.0 0 2.732326565488654e-07
0.13 0.01 0 2.9579473445559006e-07
0.13 0.02 0 3.442192950916709e-07
0.13 0.03 0 3.7381462286698e-07
0.13 0.04 0 3.210308456302695e-07
0.13 0.05 0 3.2903774480276225e-07
0.13 0.06 0 3.2163518272640286e-07
0.13 0.07 0 2.6240540231984274e-07
0.13 0.08 0 2.838049039046085e-07
0.13 0.09 0 2.527299682958018e-07
0.13 0.1 0 1.8557400629233896e-07
0.13 0.11 0 2.1163290988967776e-07
0.13 0.12 0 2.437414444946249e-07
0.13 0.13 0 2.638077115345481e-07
0.13 0.14 0 2.936359933340378e-07
0.13 0.15 0 3.232823093970378e-07
0.13 0.16 0 3.234948460772162e-07
0.13 0.17 0 4.689404311035532e-07
0.13 0.18 0 6.187895148431669e-07
0.13 0.19 0 6.703338673172336e-07
0.13 0.2 0 7.067309372013701e-07
0.13 0.21 0 7.282560657867796e-07
0.13 0.22 0 7.109007948922756e-07
0.13 0.23 0 9.480034413570638e-07
0.13 0.24 0 9.119955279567789e-07
0.13 0.25 0 8.678557251310126e-07
0.13 0.26 0 1.1483273889345307e-06
0.13 0.27 0 1.2247525355793837e-06
0.13 0.28 0 1.3138069629802914e-06
0.13 0.29 0 1.8149111206380535e-06
0.13 0.3 0 1.9828444311083667e-06
0.13 0.31 0 1.9577864563245594e-06
0.13 0.32 0 2.176890686384859e-06
0.13 0.33 0 1.997578034192311e-06
0.13 0.34 0 2.0739935056155677e-06
0.13 0.35000000000000003 0 2.120348279248222e-06
0.13 0.36 0 1.9244986095775595e-06
0.13 0.37 0 1.740107327391669e-06
0.13 0.38 0 2.1465815397161545e-06
0.13 0.39 0 2.2322296792551523e-06
0.13 0.4 0 2.482313740470326e-06
0.13 0.41000000000000003 0 2.531972827129158e-06
0.13 0.42 0 1.9143145876748753e-06
0.13 0.43 0 1.8130683806058407e-06
0.13 0.44 0 2.5290981761056913e-06
0.13 0.45 0 2.246106886535061e-06
0.13 0.46 0 2.014448427621347e-06
0.13 0.47000000000000003 0 1.7870926918277137e-06
0.13 0.48 0 1.2757769804429642e-06
0.13 0.49 0 1.1147270137473394e-06
0.13 0.5 0 9.426040937728652e-07
0.14 0.0 0 5.135295090453675e-07
0.14 0.01 0 4.4523205016987187e-07
0.14 0.02 0 3.7129891149897e-07
0.14 0.03 0 2.3384234627625503e-07
0.14 0.04 0 2.1052129733950235e-07
0.14 0.05 0 2.7914660335072735e-07
0.14 0.06 0 3.075509935913568e-07
0.14 0.07 0 3.9700567108495195e-07
0.14 0.08 0 5.214275846914136e-07
0.14 0.09 0 6.032242196182974e-07
0.14 0.1 0 6.485372330828899e-07
0.14 0.11 0 7.40846752576037e-07
0.14 0.12 0 8.733722944794066e-07
0.14 0.13 0 1.2620301773966488e-06
0.14 0.14 0 2.086602670384888e-06
0.14 0.15 0 1.9330709782098195e-06
0.14 0.16 0 1.6911805887501274e-06
0.14 0.17 0 1.417906574703124e-06
0.14 0.18 0 1.2031341970105496e-06
0.14 0.19 0 1.6869600828620243e-06
0.14 0.2 0 2.3268849867102313e-06
0.14 0.21 0 1.883190822406337e-06
0.14 0.22 0 2.0169816062888343e-06
0.14 0.23 0 1.9605044565293903e-06
0.14 0.24 0 1.9716877546169394e-06
0.14 0.25 0 2.2051149530037776e-06
0.14 0.26 0 2.327481308691224e-06
0.14 0.27 0 2.0879637464510266e-06
0.14 0.28 0 2.06410373056433e-06
0.14 0.29 0 2.119162817041035e-06
0.14 0.3 0 2.2852556830710625e-06
0.14 0.31 0 3.0055780148157128e-06
0.14 0.32 0 3.186595568084145e-06
0.14 0.33 0 2.471491181690854e-06
0.14 0.34 0 2.4850246015740843e-06
0.14 0.35000000000000003 0 2.5645723942211654e-06
0.14 0.36 0 2.643783032425392e-06
0.14 0.37 0 4.43184469634668e-06
0.14 0.38 0 4.989337671944536e-06
0.14 0.39 0 4.761694236167353e-06
0.14 0.4 0 4.502691995521527e-06
0.14 0.41000000000000003 0 3.1853707620344895e-06
0.14 0.42 0 2.0243752723382293e-06
0.14 0.43 0 1.8037007671396166e-06
0.14 0.44 0 1.798629194109312e-06
0.14 0.45 0 2.467414041295592e-06
0.14 0.46 0 3.186033862738301e-06
0.14 0.47000000000000003 0 3.0950793094866734e-06
0.14 0.48 0 2.8044427727631707e-06
0.14 0.49 0 3.2201338911512505e-06
0.14 0.5 0 2.8926507381400604e-06
0.15 0.0 0 6.300926997059492e-07
0.15 0.01 0 7.144965564697825e-07
0.15 0.02 0 6.559444376252221e-07
0.15 0.03 0 4.6220559038230064e-07
0.15 0.04 0 4.5535938942880564e-07
0.15 0.05 0 5.170115523346991e-07
0.15 0.06 0 6.950549167577747e-07
0.15 0.07 0 8.519859805746124e-07
0.15 0.08 0 6.873658801928115e-07
0.15 0.09 0 4.5462652208308e-07
0.15 0.1 0 4.1285689607805554e-07
0.15 0.11 0 3.0214972402809523e-07
0.15 0.12 0 2.526912787202143e-07
0.15 0.13 0 3.1755810981514344e-07
0.15 0.14 0 3.5334450584072265e-07
0.15 0.15 0 4.713666354666794e-07
0.15 0.16 0 6.471342031109379e-07
0.15 0.17 0 5.808352427427239e-07
0.15 0.18 0 5.418459489501855e-07
0.15 0.19 0 7.035804715382615e-07
0.15 0.2 0 8.50241771364072e-07
0.15 0.21 0 1.0772283452828375e-06
0.15 0.22 0 1.0189769264162556e-06
0.15 0.23 0 8.457160281642758e-07
0.15 0.24 0 8.019719046234213e-07
0.15 0.25 0 1.0296108441639413e-06
0.15 0.26 0 1.1252023649526443e-06
0.15 0.27 0 1.5362415679937904e-06
0.15 0.28 0 2.0604126096043293e-06
0.15 0.29 0 1.8500958047900288e-06
0.15 0.3 0 1.8908229181280863e-06
0.15 0.31 0 2.5095127369012463e-06
0.15 0.32 0 2.743485643237279e-06
0.15 0.33 0 3.96505498873179e-06
0.15 0.34 0 4.935980602354758e-06
0.15 0.35000000000000003 0 4.355848562052995e-06
0.15 0.36 0 4.803485129517576e-06
0.15 0.37 0 4.806395023060236e-06
0.15 0.38 0 4.706247283041243e-06
0.15 0.39 0 4.52132737315565e-06
0.15 0.4 0 3.7366473528401e-06
0.15 0.41000000000000003 0 2.870112605329374e-06
0.15 0.42 0 2.9326903405529516e-06
0.15 0.43 0 2.6073694276985065e-06
0.15 0.44 0 2.0563596664026824e-06
0.15 0.45 0 1.9931261092691834e-06
0.15 0.46 0 2.122065109709237e-06
0.15 0.47000000000000003 0 1.6177030285441066e-06
0.15 0.48 0 1.7807125505128638e-06
0.15 0.49 0 1.7677650083631467e-06
0.15 0.5 0 1.6943891644878555e-06
0.16 0.0 0 6.108631536167202e-07
0.16 0.01 0 6.392292171165799e-07
0.16 0.02 0 4.7924927528458e-07
0.16 0.03 0 4.7208443901523265e-07
0.16 0.04 0 3.904747575902754e-07
0.16 0.05 0 3.082564158743418e-07
0.16 0.06 0 3.9691232843042366e-07
0.16 0.07 0 4.722873478821163e-07
0.16 0.08 0 3.4755995450517406e-07
0.16 0.09 0 2.919124415894115e-07
0.16 0.1 0 2.178415985821112e-07
0.16 0.11 0 2.2530636213622104e-07
0.16 0.12 0 3.2402970491730874e-07
0.16 0.13 0 4.281936428487465e-07
0.16 0.14 0 4.4175842773154055e-07
0.16 0.15 0 4.4974376496590047e-07
0.16 0.16 0 4.3603128471089857e-07
0.16 0.17 0 4.3818332484280213e-07
0.16 0.18 0 5.813230872828326e-07
0.16 0.19 0 6.634989139914956e-07
0.16 0.2 0 7.355572554392804e-07
0.16 0.21 0 9.815311704330871e-07
0.16 0.22 0 9.596236296869498e-07
0.16 0.23 0 8.426685836604071e-07
0.16 0.24 0 1.2228651508944735e-06
0.16 0.25 0 1.392060428586542e-06
0.16 0.26 0 1.6950128140855963e-06
0.16 0.27 0 2.088380959936041e-06
0.16 0.28 0 2.1114026423816475e-06
0.16 0.29 0 2.0095539620039746e-06
0.16 0.3 0 1.86682214064872e-06
0.16 0.31 0 1.2381540377003642e-06
0.16 0.32 0 1.0127255072012507e-06
0.16 0.33 0 1.0087651255403492e-06
0.16 0.34 0 1.0264068224314966e-06
0.16 0.35000000000000003 0 1.145862934625372e-06
0.16 0.36 0 1.3378743861136883e-06
0.16 0.37 0 1.2113151874641087e-06
0.16 0.38 0 1.275907240247814e-06
0.16 0.39 0 1.5880399739332725e-06
0.16 0.4 0 1.28378796066622e-06
0.16 0.41000000000000003 0 1.2570085478804594e-06
0.16 0.42 0 1.6456834789122407e-06
0.16 0.43 0 2.073378206427146e-06
0.16 0.44 0 2.6655488071445113e-06
0.16 0.45 0 2.9563315572522705e-06
0.16 0.46 0 2.1758351820917505e-06
0.16 0.47000000000000003 0 2.2195394625967803e-06
0.16 0.48 0 2.2069512429993597e-06
0.16 0.49 0 2.3677969656942527e-06
0.16 0.5 0 3.188455913077465e-06
0.17 0.0 0 7.820052372063975e-07
0.17 0.01 0 5.311907832425197e-07
0.17 0.02 0 4.711053096623223e-07
0.17 0.03 0 5.185740597825459e-07
0.17 0.04 0 5.027718727530616e-07
0.17 0.05 0 4.897569124548236e-07
0.17 0.06 0 4.539870515132019e-07
0.17 0.07 0 3.6961190620634794e-07
0.17 0.08 0 4.157391435552694e-07
0.17 0.09 0 4.2934253163849e-07
0.17 0.1 0 4.1446599604716577e-07
0.17 0.11 0 4.1924847871619546e-07
0.17 0.12 0 5.008458204343062e-07
0.17 0.13 0 4.841197696391071e-07
0.17 0.14 0 5.532114162793869e-07
0.17 0.15 0 5.335672639094638e-07
0.17 0.16 0 3.5199245709831446e-07
0.17 0.17 0 3.335521927788489e-07
0.17 0.18 0 4.034756293929225e-07
0.17 0.19 0 4.518848750246971e-07
0.17 0.2 0 7.060644029740984e-07
0.17 0.21 0 8.663624406942123e-07
0.17 0.22 0 7.293776676241648e-07
0.17 0.23 0 6.587429130014802e-07
0.17 0.24 0 5.061816037800497e-07
0.17 0.25 0 5.355364941007396e-07
0.17 0.26 0 6.680197546817244e-07
0.17 0.27 0 6.788808253251873e-07
0.17 0.28 0 5.459410894478662e-07
0.17 0.29 0 5.656012590465422e-07
0.17 0.3 0 5.664174767276402e-07
0.17 0.31 0 5.736227251176612e-07
0.17 0.32 0 7.008262334114663e-07
0.17 0.33 0 7.943994998535477e-07
0.17 0.34 0 7.322918661115486e-07
0.17 0.35000000000000003 0 1.0060164864670305e-06
0.17 0.36 0 1.0368333341179955e-06
0.17 0.37 0 1.0290956306588161e-06
0.17 0.38 0 1.3625355386619717e-06
0.17 0.39 0 1.4971716288611543e-06
0.17 0.4 0 1.6718669358898651e-06
0.17 0.41000000000000003 0 1.5819763978231882e-06
0.17 0.42 0 1.1300085484812435e-06
0.17 0.43 0 1.1557775900624694e-06
0.17 0.44 0 1.6204470043562002e-06
0.17 0.45 0 1.7514824960701164e-06
0.17 0.46 0 1.7908094107487603e-06
0.17 0.47000000000000003 0 1.7429681035650585e-06
0.17 0.48 0 1.6711119554350254e-06
0.17 0.49 0 1.8022071871969462e-06
0.17 0.5 0 2.9285379835866675e-06
0.18 0.0 0 1.077316443665411e-06
0.18 0.01 0 1.2985820384956257e-06
0.18 0.02 0 1.2918912804378053e-06
0.18 0.03 0 1.0226123922398713e-06
0.18 0.04 0 9.621554299613204e-07
0.18 0.05 0 1.3581710465282017e-06
0.18 0.06 0 1.3517777908648048e-06
0.18 0.07 0 1.1123667339146362e-06
0.18 0.08 0 9.43249834534311e-07
0.18 0.09 0 6.759360237747027e-07
0.18 0.1 0 5.552415798695158e-07
0.18 0.11 0 6.660434990101624e-07
0.18 0.12 0 5.427725672729562e-07
0.18 0.13 0 5.098360600920732e-07
0.18 0.14 0 5.179244449241973e-07
0.18 0.15 0 4.913355448393933e-07
0.18 0.16 0 5.458426595983839e-07
0.18 0.17 0 6.975376930990522e-07
0.18 0.18 0 7.774917188612225e-07
0.18 0.19 0 1.0418949306673124e-06
0.18 0.2 0 1.196427294640965e-06
0.18 0.21 0 1.0589165587318871e-06
0.18 0.22 0 1.0554717187910286e-06
0.18 0.23 0 1.037636539068166e-06
0.18 0.24 0 8.065662603684881e-07
0.18 0.25 0 7.729505071889515e-07
0.18 0.26 0 9.688903511265323e-07
0.18 0.27 0 9.385571128661226e-07
0.18 0.28 0 1.1104967385345034e-06
0.18 0.29 0 1.3014672536039068e-06
0.18 0.3 0 1.4187969786893649e-06
0.18 0.31 0 1.9358853337275615e-06
0.18 0.32 0 2.5049490434827953e-06
0.18 0.33 0 2.1416400385403635e-06
0.18 0.34 0 2.1446012311965583e-06
0.18 0.35000000000000003 0 1.6625386048332437e-06
0.18 0.36 0 1.4036591796475716e-06
0.18 0.37 0 1.5002265442898278e-06
0.18 0.38 0 1.4428766315741704e-06
0.18 0.39 0 1.4378042904099226e-06
0.18 0.4 0 2.2000219672370166e-06
0.18 0.41000000000000003 0 3.094875551690116e-06
0.18 0.42 0 3.336209689652514e-06
0.18 0.43 0 3.6884606897298154e-06
0.18 0.44 0 3.6442374243263957e-06
0.18 0.45 0 3.1141012066202385e-06
0.18 0.46 0 3.0879976918726202e-06
0.18 0.47000000000000003 0 2.9022057688105395e-06
0.18 0.48 0 2.507113859756723e-06
0.18 0.49 0 3.1266605164316785e-06
0.18 0.5 0 2.817494394397546e-06
0.19 0.0 0 1.0922558002908329e-06
0.19 0.01 0 1.3701421830732144e-06
0.19 0.02 0 1.4279477265406366e-06
0.19 0.03 0 8.850365933950791e-07
0.19 0.04 0 7.263159991132023e-07
0.19 0.05 0 7.161712203862205e-07
0.19 0.06 0 8.874010197639522e-07
0.19 0.07 0 1.6061630039827837e-06
0.19 0.08 0 2.1090945940835144e-06
0.19 0.09 0 2.2585470540567875e-06
0.19 0.1 0 2.8305018339427752e-06
0.19 0.11 0 2.7085606855659355e-06
0.19 0.12 0 2.831285056023699e-06
0.19 0.13 0 2.5386350350380905e-06
0.19 0.14 0 1.8170828685188194e-06
0.19 0.15 0 1.2142200773098906e-06
0.19 0.16 0 1.146492348005858e-06
0.19 0.17 0 1.0556016298865125e-06
0.19 0.18 0 1.1930597615755605e-06
0.19 0.19 0 1.929533002886809e-06
0.19 0.2 0 2.489292326846225e-06
0.19 0.21 0 2.345708186881737e-06
0.19 0.22 0 2.7641929077948993e-06
0.19 0.23 0 2.596906404802035e-06
0.19 0.24 0 2.8218450467910584e-06
0.19 0.25 0 3.2907392532445635e-06
0.19 0.26 0 2.6183486168378026e-06
0.19 0.27 0 2.5110720142265787e-06
0.19 0.28 0 2.3541255362555697e-06
0.19 0.29 0 1.8972201744928852e-06
0.19 0.3 0 1.8746918440767616e-06
0.19 0.31 0 2.1755526508328976e-06
0.19 0.32 0 2.2422831211702415e-06
0.19 0.33 0 2.862477932080252e-06
0.19 0.34 0 3.2736183441150965e-06
0.19 0.35000000000000003 0 2.7298725772402358e-06
0.19 0.36 0 2.154180381601666e-06
0.19 0.37 0 2.3051653384512426e-06
0.19 0.38 0 1.8683986597865439e-06
0.19 0.39 0 1.7980216888146552e-06
0.19 0.4 0 1.8476128109247243e-06
0.19 0.41000000000000003 0 1.8259818299379272e-06
0.19 0.42 0 2.488209188763727e-06
0.19 0.43 0 3.222403519125906e-06
0.19 0.44 0 3.076522933528442e-06
0.19 0.45 0 3.3550153065726395e-06
0.19 0.46 0 2.669233257073424e-06
0.19 0.47000000000000003 0 1.8012152373635109e-06
0.19 0.48 0 1.909834366573209e-06
0.19 0.49 0 2.189188062854967e-06
0.19 0.5 0 2.5650717933579407e-06
0.2 0.0 0 2.1308395723592648e-06
0.2 0.01 0 2.4882771115314793e-06
0.2 0.02 0 2.671690934703282e-06
0.2 0.03 0 3.3450712280882085e-06
0.2 0.04 0 3.641143580969617e-06
0.2 0.05 0 3.0720693538743234e-06
0.2 0.06 0 3.2423145815797163e-06
0.2 0.07 0 3.0984202655154598e-06
0.2 0.08 0 2.47393970587497e-06
0.2 0.09 0 2.3610464765739364e-06
0.2 0.1 0 2.188613223873602e-06
0.2 0.11 0 1.8994809890686331e-06
0.2 0.12 0 2.037031155466257e-06
0.2 0.13 0 2.3650704942775015e-06
0.2 0.14 0 1.985607640587902e-06
0.2 0.15 0 2.2076669667336096e-06
0.2 0.16 0 2.2297284538199184e-06
0.2 0.17 0 1.882206638751562e-06
0.2 0.18 0 1.7888743354122098e-06
0.2 0.19 0 1.6452583618263746e-06
0.2 0.2 0 1.4095410307225034e-06
0.2 0.21 0 1.5724503782048422e-06
0.2 0.22 0 1.1483370737253257e-06
0.2 0.23 0 9.617106065005768e-07
0.2 0.24 0 1.1621425723662834e-06
0.2 0.25 0 1.2671281833149764e-06
0.2 0.26 0 1.2322000600993066e-06
0.2 0.27 0 1.2320746971452596e-06
0.2 0.28 0 1.0594786099926493e-06
0.2 0.29 0 9.175631268229767e-07
0.2 0.3 0 1.0085737382691456e-06
0.2 0.31 0 9.129379582903952e-07
0.2 0.32 0 7.191392163790317e-07
0.2 0.33 0 7.143122269011647e-07
0.2 0.34 0 7.313071126121556e-07
0.2 0.35000000000000003 0 7.343511504119259e-07
0.2 0.36 0 9.380268552030733e-07
0.2 0.37 0 8.231869128523888e-07
0.2 0.38 0 9.73293787804804e-07
0.2 0.39 0 1.2100070759661281e-06
0.2 0.4 0 1.0226574954548531e-06
0.2 0.41000000000000003 0 9.429660161189651e-07
0.2 0.42 0 1.0573120048017177e-06
0.2 0.43 0 1.0240818231192437e-06
0.2 0.44 0 1.3576083925704761e-06
0.2 0.45 0 1.910995549883408e-06
0.2 0.46 0 2.2903751483067714e-06
0.2 0.47000000000000003 0 2.399476853233334e-06
0.2 0.48 0 2.511178535656689e-06
0.2 0.49 0 2.3184465432768045e-06
0.2 0.5 0 2.408379754374385e-06
0.21 0.0 0 1.4576072759158006e-06
0.21 0.01 0 1.5252074045517534e-06
0.21 0.02 0 1.3575886842219347e-06
0.21 0.03 0 1.484756834925283e-06
0.21 0.04 0 1.375384261220148e-06
0.21 0.05 0 1.4692942904300351e-06
0.21 0.06 0 1.9524997273628277e-06
0.21 0.07 0 1.8927114058573584e-06
0.21 0.08 0 1.6060223820670245e-06
0.21 0.09 0 1.5678148035408975e-06
0.21 0.1 0 1.256218141313983e-06
0.21 0.11 0 1.4185938830587746e-06
0.21 0.12 0 1.8932205984139504e-06
0.21 0.13 0 1.8590467001031092e-06
0.21 0.14 0 2.0657859192938553e-06
0.21 0.15 0 1.8299631860949053e-06
0.21 0.16 0 1.5258142511516536e-06
0.21 0.17 0 1.625894098881188e-06
0.21 0.18 0 1.6580128404287825e-06
0.21 0.19 0 1.1492857370178489e-06
0.21 0.2 0 9.554408053223656e-07
0.21 0.21 0 8.119973899321859e-07
0.21 0.22 0 6.443052268381435e-07
0.21 0.23 0 6.023948620821621e-07
0.21 0.24 0 7.768784212663893e-07
0.21 0.25 0 8.798194404809674e-07
0.21 0.26 0 1.1589424289389972e-06
0.21 0.27 0 1.0889283092476133e-06
0.21 0.28 0 7.58172441034319e-07
0.21 0.29 0 7.682548309597059e-07
0.21 0.3 0 9.081398816878395e-07
0.21 0.31 0 1.0871144497561263e-06
0.21 0.32 0 1.358623796242218e-06
0.21 0.33 0 9.906195104704276e-07
0.21 0.34 0 5.883958602033624e-07
0.21 0.35000000000000003 0 5.449600786381806e-07
0.21 0.36 0 4.7237319770618364e-07
0.21 0.37 0 4.2892301349095557e-07
0.21 0.38 0 4.430710253835523e-07
0.21 0.39 0 4.391583440250602e-07
0.21 0.4 0 3.626595246505353e-07
0.21 0.41000000000000003 0 3.7667168201571305e-07
0.21 0.42 0 3.69740032388168e-07
0.21 0.43 0 4.253171394436466e-07
0.21 0.44 0 5.572438897767995e-07
0.21 0.45 0 6.072606035211881e-07
0.21 0.46 0 5.960513777977019e-07
0.21 0.47000000000000003 0 7.950815907798981e-07
0.21 0.48 0 8.270392896399119e-07
0.21 0.49 0 9.277373107067296e-07
0.21 0.5 0 1.1476886680405934e-06
0.22 0.0 0 2.207427248493422e-06
0.22 0.01 0 2.162943264531582e-06
0.22 0.02 0 2.7409177665674284e-06
0.22 0.03 0 2.6677874138538046e-06
0.22 0.04 0 2.488216064296799e-06
0.22 0.05 0 2.9736234316383683e-06
0.22 0.06 0 3.1056201271111843e-06
0.22 0.07 0 3.0681969850423314e-06
0.22 0.08 0 3.620110989755996e-06
0.22 0.09 0 2.7382754669695095e-06
0.22 0.1 0 2.39087169394377e-06
0.22 0.11 0 2.403698509540874e-06
0.22 0.12 0 1.983865473426961e-06
0.22 0.13 0 1.7603919711347482e-06
0.22 0.14 0 1.6563057558384321e-06
0.22 0.15 0 1.2893620997059595e-06
0.22 0.16 0 9.796286417108277e-07
0.22 0.17 0 1.110484412869098e-06
0.22 0.18 0 1.2695014226873085e-06
0.22 0.19 0 1.4731009212517314e-06
0.22 0.2 0 1.7735304252615743e-06
0.22 0.21 0 1.7952080905817123e-06
0.22 0.22 0 1.99409054890395e-06
0.22 0.23 0 2.7187282727548075e-06
0.22 0.24 0 2.2546725086956343e-06
0.22 0.25 0 2.4163776230317736e-06
0.22 0.26 0 2.375079981382231e-06
0.22 0.27 0 1.7392740748244045e-06
0.22 0.28 0 1.4571303934673619e-06
0.22 0.29 0 1.2152543739152668e-06
0.22 0.3 0 9.096599234043213e-07
0.22 0.31 0 9.883342998663317e-07
0.22 0.32 0 1.1365968263051076e-06
0.22 0.33 0 1.025538870570338e-06
0.22 0.34 0 8.074494281757465e-07
0.22 0.35000000000000003 0 6.548098543716134e-07
0.22 0.36 0 5.217148204740421e-07
0.22 0.37 0 4.922068110885892e-07
0.22 0.38 0 5.128979141067851e-07
0.22 0.39 0 4.0818839415162774e-07
0.22 0.4 0 4.5056252321391555e-07
0.22 0.41000000000000003 0 4.0454088721401704e-07
0.22 0.42 0 3.21839085624329e-07
0.22 0.43 0 4.1098783001425235e-07
0.22 0.44 0 5.560307638698001e-07
0.22 0.45 0 5.93872745727744e-07
0.22 0.46 0 7.491226140977995e-07
0.22 0.47000000000000003 0 6.705218532585417e-07
0.22 0.48 0 7.023432299664548e-07
0.22 0.49 0 1.0418329185239486e-06
0.22 0.5 0 1.6617644391669495e-06
0.23 0.0 0 3.149486896446545e-06
0.23 0.01 0 4.058513135940472e-06
0.23 0.02 0 4.0299313793988184e-06
0.23 0.03 0 3.2768737377639846e-06
0.23 0.04 0 2.8942655138564055e-06
0.23 0.05 0 2.4992844693324387e-06
0.23 0.06 0 1.831648097574611e-06
0.23 0.07 0 1.8236884792109839e-06
0.23 0.08 0 1.7049294178884197e-06
0.23 0.09 0 1.5501400054689589e-06
0.23 0.1 0 1.7279029932089596e-06
0.23 0.11 0 2.080507156305933e-06
0.23 0.12 0 1.9425344631169297e-06
0.23 0.13 0 2.1385493706594707e-06
0.23 0.14 0 2.0489874171485935e-06
0.23 0.15 0 1.8017378660082086e-06
0.23 0.16 0 1.8915374454151827e-06
0.23 0.17 0 1.5495872468705267e-06
0.23 0.18 0 1.421936587347592e-06
0.23 0.19 0 1.8737903732769502e-06
0.23 0.2 0 1.8776975304915323e-06
0.23 0.21 0 1.6162992407374109e-06
0.23 0.22 0 1.8798518493905943e-06
0.23 0.23 0 1.8959704663808514e-06
0.23 0.24 0 2.3044597904772723e-06
0.23 0.25 0 2.8489740186502784e-06
0.23 0.26 0 2.7289456189813515e-06
0.23 0.27 0 2.1136137378217284e-06
0.23 0.28 0 1.9786904415434357e-06
0.23 0.29 0 1.6610438817243655e-06
0.23 0.3 0 1.551077786954617e-06
0.23 0.31 0 1.4782601117688051e-06
0.23 0.32 0 1.1531104942757183e-06
0.23 0.33 0 9.168332020850288e-07
0.23 0.34 0 9.383538236143738e-07
0.23 0.35000000000000003 0 7.997881500598333e-07
0.23 0.36 0 9.805812194432267e-07
0.23 0.37 0 1.54868045851955e-06
0.23 0.38 0 1.5358129358091083e-06
0.23 0.39 0 1.6250558880588438e-06
0.23 0.4 0 1.7688001498826728e-06
0.23 0.41000000000000003 0 1.7114152251949566e-06
0.23 0.42 0 1.987156669278454e-06
0.23 0.43 0 2.504463354301134e-06
0.23 0.44 0 2.689057829725756e-06
0.23 0.45 0 3.3712811507280378e-06
0.23 0.46 0 3.3188773554657074e-06
0.23 0.47000000000000003 0 2.7641988130227e-06
0.23 0.48 0 2.402825838115243e-06
0.23 0.49 0 2.7021131854406136e-06
0.23 0.5 0 2.770290182308066e-06
0.24 0.0 0 2.6580098461616653e-06
0.24 0.01 0 2.551261602764085e-06
0.24 0.02 0 2.4019065208878516e-06
0.24 0.03 0 2.2028931657140032e-06
0.24 0.04 0 2.4674683841297428e-06
0.24 0.05 0 2.3073009989926755e-06
0.24 0.06 0 2.507077223784125e-06
0.24 0.07 0 2.787345396357247e-06
0.24 0.08 0 2.288647368070155e-06
0.24 0.09 0 2.023576043277913e-06
0.24 0.1 0 2.1732183946285656e-06
0.24 0.11 0 1.935914280152481e-06
0.24 0.12 0 2.8007281866481184e-06
0.24 0.13 0 3.2942240531628968e-06
0.24 0.14 0 3.221969353630495e-06
0.24 0.15 0 4.531282157744543e-06
0.24 0.16 0 6.507776731458298e-06
0.24 0.17 0 7.209562617942184e-06
0.24 0.18 0 7.72294194874222e-06
0.24 0.19 0 7.438818775899495e-06
0.24 0.2 0 6.416604331967321e-06
0.24 0.21 0 5.721695839335048e-06
0.24 0.22 0 4.583662660614215e-06
0.24 0.23 0 3.4858550142068552e-06
0.24 0.24 0 3.682277153505524e-06
0.24 0.25 0 4.5399421810749454e-06
0.24 0.26 0 4.223533775422158e-06
0.24 0.27 0 4.6333186207444034e-06
0.24 0.28 0 3.3195308546182502e-06
0.24 0.29 0 2.4638901102118135e-06
0.24 0.3 0 2.887027086846886e-06
0.24 0.31 0 3.004413183559321e-06
0.24 0.32 0 2.532245489681349e-06
0.24 0.33 0 2.4761191677968527e-06
0.24 0.34 0 1.7303285915757582e-06
0.24 0.35000000000000003 0 1.3331110586373365e-06
0.24 0.36 0 1.3245203408197389e-06
0.24 0.37 0 1.532263359665986e-06
0.24 0.38 0 1.8810847944860423e-06
0.24 0.39 0 2.1915037828652662e-06
0.24 0.4 0 1.908663200096201e-06
0.24 0.41000000000000003 0 1.6977428267324525e-06
0.24 0.42 0 2.238040932731572e-06
0.24 0.43 0 2.710859844163587e-06
0.24 0.44 0 3.7608306520127206e-06
0.24 0.45 0 5.924498486511102e-06
0.24 0.46 0 6.461656850518863e-06
0.24 0.47000000000000003 0 6.3855135360253535e-06
0.24 0.48 0 7.603029188733327e-06
0.24 0.49 0 6.0161518018933225e-06
0.24 0.5 0 6.057518927585945e-06
0.25 0.0 0 2.706451953435981e-06
0.25 0.01 0 2.114614079624458e-06
0.25 0.02 0 1.612345274450888e-06
0.25 0.03 0 1.6472257320945776e-06
0.25 0.04 0 1.2775076049567513e-06
0.25 0.05 0 1.088738585248943e-06
0.25 0.06 0 1.1454570016527213e-06
0.25 0.07 0 9.726461843707597e-07
0.25 0.08 0 9.140675506888513e-07
0.25 0.09 0 1.170940338098182e-06
0.25 0.1 0 1.1962885546597504e-06
0.25 0.11 0 1.6533533424090842e-06
0.25 0.12 0 2.4603519555855535e-06
0.25 0.13 0 2.950335412030989e-06
0.25 0.14 0 2.74515809846118e-06
0.25 0.15 0 2.725769073033965e-06
0.25 0.16 0 2.74102195913062e-06
0.25 0.17 0 3.5753952822672793e-06
0.25 0.18 0 4.192475958771534e-06
0.25 0.19 0 3.1124297535767844e-06
0.25 0.2 0 2.3436142601474735e-06
0.25 0.21 0 2.2926616947876155e-06
0.25 0.22 0 1.950531296793432e-06
0.25 0.23 0 2.3389448632515145e-06
0.25 0.24 0 3.212827018739646e-06
0.25 0.25 0 3.114337498748615e-06
0.25 0.26 0 3.911475645583848e-06
0.25 0.27 0 4.008595338108115e-06
0.25 0.28 0 3.172933688852788e-06
0.25 0.29 0 2.8712737798804143e-06
0.25 0.3 0 2.9722687251776197e-06
0.25 0.31 0 3.1706337206370447e-06
0.25 0.32 0 4.226380046804637e-06
0.25 0.33 0 4.661136710907988e-06
0.25 0.34 0 5.046920643194733e-06
0.25 0.35000000000000003 0 5.5498802655212e-06
0.25 0.36 0 5.688424495602735e-06
0.25 0.37 0 4.463259215885242e-06
0.25 0.38 0 5.263255245781091e-06
0.25 0.39 0 6.0121726638929526e-06
0.25 0.4 0 5.03613536412204e-06
0.25 0.41000000000000003 0 5.082347681999984e-06
0.25 0.42 0 4.419931951149619e-06
0.25 0.43 0 3.84370741934455e-06
0.25 0.44 0 5.176343088009534e-06
0.25 0.45 0 5.992384893805753e-06
0.25 0.46 0 6.3488674606855466e-06
0.25 0.47000000000000003 0 7.513275352390756e-06
0.25 0.48 0 6.56958782220062e-06
0.25 0.49 0 6.241597589116818e-06
0.25 0.5 0 5.256148515036961e-06
0.26 0.0 0 3.314973625914871e-06
0.26 0.01 0 2.4131591533138075e-06
0.26 0.02 0 2.1553843463800903e-06
0.26 0.03 0 1.868087235523334e-06
0.26 0.04 0 1.7291089039092199e-06
0.26 0.05 0 1.9669976181884233e-06
0.26 0.06 0 2.1185640073286313e-06
0.26 0.07 0 1.9796536828437543e-06
0.26 0.08 0 2.128787214395999e-06
0.26 0.09 0 2.1043606450128474e-06
0.26 0.1 0 1.9510587424660366e-06
0.26 0.11 0 1.9699834095487702e-06
0.26 0.12 0 1.8270849182773368e-06
0.26 0.13 0 1.5709527508977446e-06
0.26 0.14 0 1.9284697224191326e-06
0.26 0.15 0 1.4834062559908644e-06
0.26 0.16 0 1.1889129750311248e-06
0.26 0.17 0 1.3758941199299244e-06
0.26 0.18 0 1.4825719726830956e-06
0.26 0.19 0 1.5441621561168286e-06
0.26 0.2 0 1.8110356363668652e-06
0.26 0.21 0 1.6051959999025192e-06
0.26 0.22 0 1.7079418898877378e-06
0.26 0.23 0 2.137620582401369e-06
0.26 0.24 0 2.4725191231440706e-06
0.26 0.25 0 2.937696764895427e-06
0.26 0.26 0 3.3895441837493745e-06
0.26 0.27 0 3.1689631435413204e-06
0.26 0.28 0 3.0570158280139434e-06
0.26 0.29 0 3.651326583027324e-06
0.26 0.3 0 3.632742996985666e-06
0.26 0.31 0 4.656645190149296e-06
0.26 0.32 0 5.861525953631389e-06
0.26 0.33 0 4.6880580640676944e-06
0.26 0.34 0 3.927225737866293e-06
0.26 0.35000000000000003 0 4.925455828261252e-06
0.26 0.36 0 5.269993635759791e-06
0.26 0.37 0 7.162771347380299e-06
0.26 0.38 0 8.042375525375983e-06
0.26 0.39 0 6.935814450291512e-06
0.26 0.4 0 5.955466924919831e-06
0.26 0.41000000000000003 0 4.233392935369212e-06
0.26 0.42 0 2.328363418904392e-06
0.26 0.43 0 1.7043712972538616e-06
0.26 0.44 0 1.3218448304294861e-06
0.26 0.45 0 1.0161212601104092e-06
0.26 0.46 0 9.195577225215918e-07
0.26 0.47000000000000003 0 7.431655490884936e-07
0.26 0.48 0 5.896825535367289e-07
0.26 0.49 0 7.530797571412749e-07
0.26 0.5 0 1.1914553361959434e-06
0.27 0.0 0 1.9735818603776898e-06
0.27 0.01 0 1.9616950887156295e-06
0.27 0.02 0 1.7578794570544933e-06
0.27 0.03 0 1.2542497232297395e-06
0.27 0.04 0 1.1524743775750582e-06
0.27 0.05 0 1.3319929219468064e-06
0.27 0.06 0 1.4104189002611587e-06
0.27 0.07 0 1.6808549228067767e-06
0.27 0.08 0 1.7461882465125028e-06
0.27 0.09 0 1.2910245784409677e-06
0.27 0.1 0 1.4096648262624787e-06
0.27 0.11 0 1.6201262926173636e-06
0.27 0.12 0 1.2860853980262233e-06
0.27 0.13 0 1.4340422151339937e-06
0.27 0.14 0 1.5434074656729713e-06
0.27 0.15 0 1.98810221230202e-06
0.27 0.16 0 3.0562930368263226e-06
0.27 0.17 0 4.1261216400688205e-06
0.27 0.18 0 4.772688637731774e-06
0.27 0.19 0 5.936504076781707e-06
0.27 0.2 0 5.621824269187314e-06
0.27 0.21 0 5.136865737362787e-06
0.27 0.22 0 5.111892067306782e-06
0.27 0.23 0 4.80106766982621e-06
0.27 0.24 0 3.4685997778475306e-06
0.27 0.25 0 3.1544896531883925e-06
0.27 0.26 0 2.234814545630935e-06
0.27 0.27 0 1.4274305815735793e-06
0.27 0.28 0 1.5034808458138216e-06
0.27 0.29 0 1.44748807733126e-06
0.27 0.3 0 1.528220633666977e-06
0.27 0.31 0 2.0113154430167123e-06
0.27 0.32 0 1.988579273021082e-06
0.27 0.33 0 1.7284398659633212e-06
0.27 0.34 0 1.4444334969395053e-06
0.27 0.35000000000000003 0 9.940049561052639e-07
0.27 0.36 0 1.0825817659553473e-06
0.27 0.37 0 1.3158359074622802e-06
0.27 0.38 0 1.3610132630438015e-06
0.27 0.39 0 1.2064839425640562e-06
0.27 0.4 0 1.2895601969794282e-06
0.27 0.41000000000000003 0 1.0878225872828187e-06
0.27 0.42 0 9.7813197016634e-07
0.27 0.43 0 1.0334795926685043e-06
0.27 0.44 0 9.098082605226777e-07
0.27 0.45 0 9.459712255200024e-07
0.27 0.46 0 1.3322616204825232e-06
0.27 0.47000000000000003 0 1.2560031449083476e-06
0.27 0.48 0 1.2313712822683097e-06
0.27 0.49 0 1.2858297939992596e-06
0.27 0.5 0 1.3278481311172321e-06
0.28 0.0 0 3.5639771608116014e-06
0.28 0.01 0 3.426963418403905e-06
0.28 0.02 0 2.125005238094246e-06
0.28 0.03 0 1.5032113200196218e-06
0.28 0.04 0 1.3035192788250039e-06
0.28 0.05 0 1.0605933284939015e-06
0.28 0.06 0 1.1698632240721062e-06
0.28 0.07 0 1.6942563785803327e-06
0.28 0.08 0 1.7490908933961529e-06
0.28 0.09 0 1.7757526894494003e-06
0.28 0.1 0 1.9507384652479315e-06
0.28 0.11 0 2.3330188212227255e-06
0.28 0.12 0 3.5336425940190723e-06
0.28 0.13 0 4.272804748767137e-06
0.28 0.14 0 3.5934032421357064e-06
0.28 0.15 0 3.2715453338077276e-06
0.28 0.16 0 3.7548470126489754e-06
0.28 0.17 0 3.477517412127099e-06
0.28 0.18 0 4.0417844894645204e-06
0.28 0.19 0 4.377933387078787e-06
0.28 0.2 0 3.536724464526208e-06
0.28 0.21 0 3.158603707653769e-06
0.28 0.22 0 3.2839616618507586e-06
0.28 0.23 0 2.6647064216915473e-06
0.28 0.24 0 3.107062027299011e-06
0.28 0.25 0 3.321589815682514e-06
0.28 0.26 0 3.1685114720124073e-06
0.28 0.27 0 3.5384539997203035e-06
0.28 0.28 0 3.6779204003373117e-06
0.28 0.29 0 3.869786686080325e-06
0.28 0.3 0 4.9627690830780515e-06
0.28 0.31 0 4.700651735156351e-06
0.28 0.32 0 3.7096157755376213e-06
0.28 0.33 0 3.5813995101366216e-06
0.28 0.34 0 3.0466425655145373e-06
0.28 0.35000000000000003 0 2.422209483447559e-06
0.28 0.36 0 2.5687628992442873e-06
0.28 0.37 0 3.2196101306001137e-06
0.28 0.38 0 3.2865243275888718e-06
0.28 0.39 0 4.185447107595835e-06
0.28 0.4 0 4.015253570105018e-06
0.28 0.41000000000000003 0 3.865526960299059e-06
0.28 0.42 0 4.84293102361716e-06
0.28 0.43 0 5.120223190680395e-06
0.28 0.44 0 4.658550016477162e-06
0.28 0.45 0 4.713588668492779e-06
0.28 0.46 0 3.2914822529715715e-06
0.28 0.47000000000000003 0 3.0247008722200856e-06
0.28 0.48 0 3.1472987061641724e-06
0.28 0.49 0 2.5762928050941124e-06
0.28 0.5 0 2.3585555329412084e-06
0.29 0.0 0 6.251004698649532e-06
0.29 0.01 0 4.5294428857563e-06
0.29 0.02 0 3.902930501895816e-06
0.29 0.03 0 4.392864576598966e-06
0.29 0.04 0 5.017708308280362e-06
0.29 0.05 0 5.233835219013614e-06
0.29 0.06 0 5.463581213861486e-06
0.29 0.07 0 4.528708646550863e-06
0.29 0.08 0 3.999578297678793e-06
0.29 0.09 0 3.91710268441414e-06
0.29 0.1 0 3.319613638062434e-06
0.29 0.11 0 2.8502136824395658e-06
0.29 0.12 0 4.153879052992312e-06
0.29 0.13 0 4.870996826878133e-06
0.29 0.14 0 4.4401577845900334e-06
0.29 0.15 0 4.559709494304771e-06
0.29 0.16 0 3.458420827825327e-06
0.29 0.17 0 3.513090789854963e-06
0.29 0.18 0 4.5309851775452015e-06
0.29 0.19 0 5.27379919921226e-06
0.29 0.2 0 6.9581472049327544e-06
0.29 0.21 0 9.060280459358379e-06
0.29 0.22 0 8.199981968391644e-06
0.29 0.23 0 8.637544311505914e-06
0.29 0.24 0 8.550854980461942e-06
0.29 0.25 0 8.51956754917392e-06
0.29 0.26 0 9.331717111112544e-06
0.29 0.27 0 1.1209207576773686e-05
0.29 0.28 0 8.664956266761025e-06
0.29 0.29 0 7.562709702773172e-06
0.29 0.3 0 8.186176263941617e-06
0.29 0.31 0 7.008759640916831e-06
0.29 0.32 0 6.466605108662652e-06
0.29 0.33 0 6.624421967943936e-06
0.29 0.34 0 6.0224688341441275e-06
0.29 0.35000000000000003 0 7.41654132940873e-06
0.29 0.36 0 8.313277483980892e-06
0.29 0.37 0 7.208878011033989e-06
0.29 0.38 0 8.308627522822468e-06
0.29 0.39 0 7.705484015675455e-06
0.29 0.4 0 6.6126307522998105e-06
0.29 0.41000000000000003 0 6.42485169730906e-06
0.29 0.42 0 6.190699030903339e-06
0.29 0.43 0 5.526273998152094e-06
0.29 0.44 0 7.035968066535166e-06
0.29 0.45 0 7.364978910367487e-06
0.29 0.46 0 5.682239410486182e-06
0.29 0.47000000000000003 0 4.4205949469827706e-06
0.29 0.48 0 3.7535634263426486e-06
0.29 0.49 0 2.810185410837645e-06
0.29 0.5 0 2.8328918639939943e-06
0.3 0.0 0 3.438678723398877e-06
0.3 0.01 0 3.022451235670415e-06
0.3 0.02 0 2.791310098619417e-06
0.3 0.03 0 2.9440754587928834e-06
0.3 0.04 0 2.935265554120412e-06
0.3 0.05 0 4.472788168165653e-06
0.3 0.06 0 5.722148303686778e-06
0.3 0.07 0 4.6086670222076176e-06
0.3 0.08 0 3.6193997861137733e-06
0.3 0.09 0 2.9060735521085886e-06
0.3 0.1 0 1.9646365881839874e-06
0.3 0.11 0 2.0451215772712068e-06
0.3 0.12 0 2.042177629980525e-06
0.3 0.13 0 2.2195498267682557e-06
0.3 0.14 0 2.8066213135269727e-06
0.3 0.15 0 2.4934448853193486e-06
0.3 0.16 0 2.229298559212955e-06
0.3 0.17 0 2.6211916703675675e-06
0.3 0.18 0 2.8118983054705317e-06
0.3 0.19 0 2.9755299171811297e-06
0.3 0.2 0 3.7447944019104156e-06
0.3 0.21 0 3.824602564106564e-06
0.3 0.22 0 3.611372428494313e-06
0.3 0.23 0 3.64358553120403e-06
0.3 0.24 0 3.188244561861621e-06
0.3 0.25 0 2.239341301590994e-06
0.3 0.26 0 2.40821899043372e-06
0.3 0.27 0 2.2124836624850376e-06
0.3 0.28 0 2.2259518203037707e-06
0.3 0.29 0 2.614733953754514e-06
0.3 0.3 0 2.766824510675831e-06
0.3 0.31 0 3.7159410942741393e-06
0.3 0.32 0 5.4293743946532125e-06
0.3 0.33 0 4.630643891581429e-06
0.3 0.34 0 4.771585378583774e-06
0.3 0.35000000000000003 0 5.522695994027457e-06
0.3 0.36 0 5.340445237023355e-06
0.3 0.37 0 4.912948201291054e-06
0.3 0.38 0 3.8760039530506925e-06
0.3 0.39 0 2.6380537116185108e-06
0.3 0.4 0 2.1216643025990952e-06
0.3 0.41000000000000003 0 2.583478926013547e-06
0.3 0.42 0 2.6507715859650486e-06
0.3 0.43 0 2.8260103053549243e-06
0.3 0.44 0 3.0896132538910263e-06
0.3 0.45 0 2.8470227170984483e-06
0.3 0.46 0 2.9510990774069374e-06
0.3 0.47000000000000003 0 3.0666248077534586e-06
0.3 0.48 0 2.1663101196992798e-06
0.3 0.49 0 2.384438363772343e-06
0.3 0.5 0 2.2503519298783267e-06
#STOP
