#MEDIUM_PROPERTIES_DISTRIBUTED
$MSH_TYPE
	 GROUNDWATER_FLOW	
$MMP_TYPE
	 PERMEABILITY	
$DIS_TYPE
	 NEAREST_VALUE	
;hj
$CONVERSION_FACTOR
	 1.0	
$DATA
0.0 0.0 0 1.5536762539561407e-06
0.0 0.01 0 1.4559396963318473e-06
0.0 0.02 0 1.4528790978279548e-06
0.0 0.03 0 1.4074488956179517e-06
0.0 0.04 0 1.226069858511961e-06
0.0 0.05 0 1.1828572882064253e-06
0.0 0.06 0 1.1784249417699747e-06
0.0 0.07 0 1.2922469481833004e-06
0.0 0.08 0 1.2970690667312089e-06
0.0 0.09 0 1.5007343351514667e-06
0.0 0.1 0 1.3438532960624978e-06
0.0 0.11 0 1.2028082453677248e-06
0.0 0.12 0 1.2357024052774344e-06
0.0 0.13 0 1.0692158474339984e-06
0.0 0.14 0 1.2506552843395015e-06
0.0 0.15 0 1.2471409949736372e-06
0.0 0.16 0 1.5985657525951475e-06
0.0 0.17 0 1.5279750599655626e-06
0.0 0.18 0 1.408406633654001e-06
0.0 0.19 0 1.3485850647512883e-06
0.0 0.2 0 1.2463745043594866e-06
0.0 0.21 0 1.5590071566205905e-06
0.0 0.22 0 1.67617321011642e-06
0.0 0.23 0 2.049296142108162e-06
0.0 0.24 0 1.8192261518754657e-06
0.0 0.25 0 1.7714068549261591e-06
0.0 0.26 0 1.65459661593219e-06
0.0 0.27 0 1.4872913490308824e-06
0.0 0.28 0 1.4509707086280972e-06
0.0 0.29 0 1.3560680596145286e-06
0.0 0.3 0 1.740955983032582e-06
0.0 0.31 0 1.8692599480758493e-06
0.0 0.32 0 2.057582046896169e-06
0.0 0.33 0 2.0077800034105887e-06
0.0 0.34 0 1.966103492418404e-06
0.0 0.35000000000000003 0 1.90734847622571e-06
0.0 0.36 0 2.248131187484214e-06
0.0 0.37 0 2.503894079698007e-06
0.0 0.38 0 2.4700101355762917e-06
0.0 0.39 0 2.876304363066947e-06
0.0 0.4 0 3.009375003745797e-06
0.0 0.41000000000000003 0 3.4692521213744214e-06
0.0 0.42 0 2.996307147909403e-06
0.0 0.43 0 3.413899156276587e-06
0.0 0.44 0 3.577682767871425e-06
0.0 0.45 0 3.487832959172223e-06
0.0 0.46 0 3.83071075268544e-06
0.0 0.47000000000000003 0 2.94154139552036e-06
0.0 0.48 0 2.571491854331804e-06
0.0 0.49 0 2.2995522841717458e-06
0.0 0.5 0 2.7732052376391616e-06
0.01 0.0 0 1.5422045902588867e-06
0.01 0.01 0 1.495619195992075e-06
0.01 0.02 0 1.6431339051260807e-06
0.01 0.03 0 1.8095708175546424e-06
0.01 0.04 0 1.5687452175539277e-06
0.01 0.05 0 1.5807045003149556e-06
0.01 0.06 0 1.5692193954033087e-06
0.01 0.07 0 1.4910885734576588e-06
0.01 0.08 0 1.448865933888948e-06
0.01 0.09 0 1.225913363165523e-06
0.01 0.1 0 1.2237335474694058e-06
0.01 0.11 0 1.1991911889963446e-06
0.01 0.12 0 1.1266956287797323e-06
0.01 0.13 0 1.0407164528227212e-06
0.01 0.14 0 9.354789646452171e-07
0.01 0.15 0 8.563292274734988e-07
0.01 0.16 0 9.506219721146627e-07
0.01 0.17 0 1.0272966958612996e-06
0.01 0.18 0 8.775463102298294e-07
0.01 0.19 0 8.669764892264101e-07
0.01 0.2 0 8.379493537762725e-07
0.01 0.21 0 8.674543529310246e-07
0.01 0.22 0 9.208719597784369e-07
0.01 0.23 0 9.627228963589945e-07
0.01 0.24 0 1.0372416547902346e-06
0.01 0.25 0 1.003860786027763e-06
0.01 0.26 0 1.0312101432522888e-06
0.01 0.27 0 1.113583280341417e-06
0.01 0.28 0 1.029528337957345e-06
0.01 0.29 0 1.0571813988422856e-06
0.01 0.3 0 1.273545514850834e-06
0.01 0.31 0 1.107542955648066e-06
0.01 0.32 0 1.2565472355235063e-06
0.01 0.33 0 1.3391651981072392e-06
0.01 0.34 0 1.5195710146057593e-06
0.01 0.35000000000000003 0 1.8299027600409586e-06
0.01 0.36 0 1.8180973604917579e-06
0.01 0.37 0 2.2106296032203645e-06
0.01 0.38 0 2.162458057473451e-06
0.01 0.39 0 2.5200924260806313e-06
0.01 0.4 0 2.958787107933942e-06
0.01 0.41000000000000003 0 3.1680195562754566e-06
0.01 0.42 0 3.24409402703849e-06
0.01 0.43 0 3.0686615484375325e-06
0.01 0.44 0 2.9841217951058337e-06
0.01 0.45 0 2.3533613357179513e-06
0.01 0.46 0 2.5091337147219604e-06
0.01 0.47000000000000003 0 2.464701806376085e-06
0.01 0.48 0 2.989393326599478e-06
0.01 0.49 0 3.038708178585963e-06
0.01 0.5 0 2.8638842813109833e-06
0.02 0.0 0 1.6645183809035066e-06
0.02 0.01 0 1.6802003772605158e-06
0.02 0.02 0 1.5503794738889551e-06
0.02 0.03 0 1.540114298205028e-06
0.02 0.04 0 1.704521548502454e-06
0.02 0.05 0 1.5516571470023609e-06
0.02 0.06 0 1.7563777184455924e-06
0.02 0.07 0 1.6931699339919455e-06
0.02 0.08 0 1.50780836276707e-06
0.02 0.09 0 1.489280669623457e-06
0.02 0.1 0 1.4854542268166492e-06
0.02 0.11 0 1.5044552568488486e-06
0.02 0.12 0 1.4560634576565708e-06
0.02 0.13 0 1.6391359103490404e-06
0.02 0.14 0 1.5608033303360787e-06
0.02 0.15 0 1.4203758298389693e-06
0.02 0.16 0 1.3042887824119777e-06
0.02 0.17 0 1.2430519565478158e-06
0.02 0.18 0 1.2116560588659072e-06
0.02 0.19 0 1.1565236036286414e-06
0.02 0.2 0 1.1447071541173447e-06
0.02 0.21 0 1.047780257176761e-06
0.02 0.22 0 9.73513751966819e-07
0.02 0.23 0 1.1615160880542024e-06
0.02 0.24 0 1.2188103629224104e-06
0.02 0.25 0 1.2632810051396567e-06
0.02 0.26 0 1.2213245563496442e-06
0.02 0.27 0 1.1538222486113281e-06
0.02 0.28 0 1.2852974869082874e-06
0.02 0.29 0 1.2696322134014027e-06
0.02 0.3 0 1.4684606583819447e-06
0.02 0.31 0 1.6940434008638668e-06
0.02 0.32 0 1.7363866827960657e-06
0.02 0.33 0 2.0090935766774035e-06
0.02 0.34 0 2.0606077092950353e-06
0.02 0.35000000000000003 0 2.062768344487242e-06
0.02 0.36 0 1.9958300580659813e-06
0.02 0.37 0 2.254489988870541e-06
0.02 0.38 0 2.5121390542846285e-06
0.02 0.39 0 2.4896580959098893e-06
0.02 0.4 0 2.4531302923297686e-06
0.02 0.41000000000000003 0 2.6513734203333467e-06
0.02 0.42 0 2.5611259035304654e-06
0.02 0.43 0 2.542657621318786e-06
0.02 0.44 0 2.645754807248738e-06
0.02 0.45 0 2.369466939552146e-06
0.02 0.46 0 2.3109725855086814e-06
0.02 0.47000000000000003 0 2.6498607716209543e-06
0.02 0.48 0 2.9832087592373113e-06
0.02 0.49 0 2.6293854103885365e-06
0.02 0.5 0 2.337924277561079e-06
0.03 0.0 0 1.8669211994316749e-06
0.03 0.01 0 1.9030747700629415e-06
0.03 0.02 0 1.7756907909027944e-06
0.03 0.03 0 1.6016685041945624e-06
0.03 0.04 0 1.5970336970634608e-06
0.03 0.05 0 1.3432569195831307e-06
0.03 0.06 0 1.5493789561289684e-06
0.03 0.07 0 1.613002567111448e-06
0.03 0.08 0 1.8884469234422423e-06
0.03 0.09 0 2.1310704494293657e-06
0.03 0.1 0 2.1607537268272384e-06
0.03 0.11 0 2.0306686750992264e-06
0.03 0.12 0 1.7764489436479944e-06
0.03 0.13 0 1.6457751277759856e-06
0.03 0.14 0 1.8458548239702715e-06
0.03 0.15 0 1.9578365764102175e-06
0.03 0.16 0 1.7798110057683676e-06
0.03 0.17 0 2.1133468154210866e-06
0.03 0.18 0 2.042924530780194e-06
0.03 0.19 0 2.2880489618009577e-06
0.03 0.2 0 2.3691155303173533e-06
0.03 0.21 0 2.083178498538035e-06
0.03 0.22 0 1.970666472867014e-06
0.03 0.23 0 1.6258747706503503e-06
0.03 0.24 0 1.9468764961244548e-06
0.03 0.25 0 1.9700990918683644e-06
0.03 0.26 0 1.8967657498724356e-06
0.03 0.27 0 2.0726248254097852e-06
0.03 0.28 0 2.1760822288434933e-06
0.03 0.29 0 1.968835523166778e-06
0.03 0.3 0 1.9894378293021878e-06
0.03 0.31 0 1.974527968026673e-06
0.03 0.32 0 1.882521534601284e-06
0.03 0.33 0 2.087154985780043e-06
0.03 0.34 0 2.2018038202309386e-06
0.03 0.35000000000000003 0 2.24474964989664e-06
0.03 0.36 0 2.100576044030648e-06
0.03 0.37 0 2.2657331999643953e-06
0.03 0.38 0 2.532669238729513e-06
0.03 0.39 0 2.483292272739131e-06
0.03 0.4 0 2.1832981932243126e-06
0.03 0.41000000000000003 0 2.2203654546332014e-06
0.03 0.42 0 2.062862331387608e-06
0.03 0.43 0 2.1081195417715816e-06
0.03 0.44 0 2.55428207802181e-06
0.03 0.45 0 2.268904463461983e-06
0.03 0.46 0 2.541365136295827e-06
0.03 0.47000000000000003 0 2.2028542364624844e-06
0.03 0.48 0 2.268164013784387e-06
0.03 0.49 0 2.3330498755955926e-06
0.03 0.5 0 2.010467745672645e-06
0.04 0.0 0 1.9099769686782775e-06
0.04 0.01 0 1.919408354692135e-06
0.04 0.02 0 1.819525119374495e-06
0.04 0.03 0 1.6910227282338676e-06
0.04 0.04 0 2.064568334743025e-06
0.04 0.05 0 1.9907247148826307e-06
0.04 0.06 0 1.8466801887834997e-06
0.04 0.07 0 1.7456465614217588e-06
0.04 0.08 0 1.8080085315580041e-06
0.04 0.09 0 1.795608233511142e-06
0.04 0.1 0 1.9029381550939174e-06
0.04 0.11 0 2.0615207822010165e-06
0.04 0.12 0 1.6756028670032975e-06
0.04 0.13 0 1.7649879460026586e-06
0.04 0.14 0 1.6634155310518373e-06
0.04 0.15 0 1.8830355972977605e-06
0.04 0.16 0 1.8510116245986557e-06
0.04 0.17 0 1.9920107451294475e-06
0.04 0.18 0 2.3419096425541853e-06
0.04 0.19 0 1.8627115590381138e-06
0.04 0.2 0 2.0022134519134893e-06
0.04 0.21 0 1.9023872522029994e-06
0.04 0.22 0 1.9873362716177826e-06
0.04 0.23 0 2.092392719467732e-06
0.04 0.24 0 2.062915148693357e-06
0.04 0.25 0 2.06955797175258e-06
0.04 0.26 0 1.8972683200359505e-06
0.04 0.27 0 2.0385595160291692e-06
0.04 0.28 0 2.2087013794476736e-06
0.04 0.29 0 2.3477333091240005e-06
0.04 0.3 0 2.2508134509585978e-06
0.04 0.31 0 2.348649162729481e-06
0.04 0.32 0 2.228766490537273e-06
0.04 0.33 0 2.0528385289392707e-06
0.04 0.34 0 2.193008674947715e-06
0.04 0.35000000000000003 0 2.526833825971663e-06
0.04 0.36 0 2.850266538100083e-06
0.04 0.37 0 2.6931681293855226e-06
0.04 0.38 0 2.5540661861956542e-06
0.04 0.39 0 2.182553906080853e-06
0.04 0.4 0 2.012589533181938e-06
0.04 0.41000000000000003 0 1.989271584356412e-06
0.04 0.42 0 2.115947401975992e-06
0.04 0.43 0 1.8243615799693942e-06
0.04 0.44 0 1.6861143184456413e-06
0.04 0.45 0 1.939812093381125e-06
0.04 0.46 0 1.7460556683840268e-06
0.04 0.47000000000000003 0 1.7731727406147996e-06
0.04 0.48 0 1.8509310748884226e-06
0.04 0.49 0 2.0603218223495876e-06
0.04 0.5 0 2.347386650352452e-06
0.05 0.0 0 1.6854156900980688e-06
0.05 0.01 0 1.9889518607849257e-06
0.05 0.02 0 2.2331343108994186e-06
0.05 0.03 0 2.0347360319170048e-06
0.05 0.04 0 2.511275913218288e-06
0.05 0.05 0 2.288073260927492e-06
0.05 0.06 0 2.535512935981937e-06
0.05 0.07 0 2.8440165295003893e-06
0.05 0.08 0 2.5406223729672758e-06
0.05 0.09 0 2.410570761409846e-06
0.05 0.1 0 1.9034755795868506e-06
0.05 0.11 0 2.0002638199999015e-06
0.05 0.12 0 2.050397227216078e-06
0.05 0.13 0 1.9255532663738028e-06
0.05 0.14 0 1.806329981631275e-06
0.05 0.15 0 1.7937215434289133e-06
0.05 0.16 0 1.6242150745990303e-06
0.05 0.17 0 1.626884560855694e-06
0.05 0.18 0 1.6648988602971885e-06
0.05 0.19 0 1.5523063034143514e-06
0.05 0.2 0 1.6312832733468074e-06
0.05 0.21 0 1.6100986228727365e-06
0.05 0.22 0 1.773398273036726e-06
0.05 0.23 0 1.5632074044371612e-06
0.05 0.24 0 1.434518340778654e-06
0.05 0.25 0 1.607561482241671e-06
0.05 0.26 0 1.579887004138125e-06
0.05 0.27 0 1.5224554217208193e-06
0.05 0.28 0 1.5605268642829748e-06
0.05 0.29 0 1.6640224736638807e-06
0.05 0.3 0 1.59180446973299e-06
0.05 0.31 0 2.115583577865119e-06
0.05 0.32 0 2.2127687182682367e-06
0.05 0.33 0 2.303115783913538e-06
0.05 0.34 0 2.399610532000589e-06
0.05 0.35000000000000003 0 2.455318258349098e-06
0.05 0.36 0 2.8509560551386007e-06
0.05 0.37 0 2.3014881627466133e-06
0.05 0.38 0 2.4686354132328582e-06
0.05 0.39 0 2.4559293559095088e-06
0.05 0.4 0 2.2026362195738916e-06
0.05 0.41000000000000003 0 2.4843168620934252e-06
0.05 0.42 0 2.1916619193539596e-06
0.05 0.43 0 2.002697119637568e-06
0.05 0.44 0 1.8319231357616441e-06
0.05 0.45 0 1.9777387927962705e-06
0.05 0.46 0 2.2523234020236496e-06
0.05 0.47000000000000003 0 2.5033786057789703e-06
0.05 0.48 0 2.6160071043126436e-06
0.05 0.49 0 2.7620586936092155e-06
0.05 0.5 0 2.506617896904433e-06
0.06 0.0 0 1.2672379938163553e-06
0.06 0.01 0 1.1744414860790638e-06
0.06 0.02 0 1.544753155678175e-06
0.06 0.03 0 1.6112260065209844e-06
0.06 0.04 0 1.791887673564208e-06
0.06 0.05 0 2.013744341633767e-06
0.06 0.06 0 2.015538385196657e-06
0.06 0.07 0 2.023048295179224e-06
0.06 0.08 0 2.18147439655945e-06
0.06 0.09 0 2.0780315591024474e-06
0.06 0.1 0 1.8615028055084663e-06
0.06 0.11 0 2.113389475398658e-06
0.06 0.12 0 2.182773506632948e-06
0.06 0.13 0 2.3129445453348597e-06
0.06 0.14 0 1.8329670741633783e-06
0.06 0.15 0 1.830854500142456e-06
0.06 0.16 0 1.6884820997559987e-06
0.06 0.17 0 1.5454145435446816e-06
0.06 0.18 0 1.9849826890537864e-06
0.06 0.19 0 1.8213371777058214e-06
0.06 0.2 0 1.9634650254567075e-06
0.06 0.21 0 1.7041012073899074e-06
0.06 0.22 0 1.8263922760387098e-06
0.06 0.23 0 1.5528820171515273e-06
0.06 0.24 0 1.5808629346244225e-06
0.06 0.25 0 1.9237329177069745e-06
0.06 0.26 0 2.0397362971024948e-06
0.06 0.27 0 2.3904083831863096e-06
0.06 0.28 0 2.001952100100606e-06
0.06 0.29 0 2.213481267670958e-06
0.06 0.3 0 1.9943143906001965e-06
0.06 0.31 0 2.23471406319433e-06
0.06 0.32 0 2.6609543727082734e-06
0.06 0.33 0 2.509049033482653e-06
0.06 0.34 0 2.5650928037371597e-06
0.06 0.35000000000000003 0 2.353009258662658e-06
0.06 0.36 0 2.6781651797119406e-06
0.06 0.37 0 2.5977745232739787e-06
0.06 0.38 0 2.7359105854743945e-06
0.06 0.39 0 2.6119338179850024e-06
0.06 0.4 0 2.5260813564849085e-06
0.06 0.41000000000000003 0 1.9893096599801215e-06
0.06 0.42 0 1.959523117102628e-06
0.06 0.43 0 2.0940823291519363e-06
0.06 0.44 0 1.90302849608812e-06
0.06 0.45 0 2.233550013124015e-06
0.06 0.46 0 2.069734851356153e-06
0.06 0.47000000000000003 0 2.0859658843813024e-06
0.06 0.48 0 1.8397157996449273e-06
0.06 0.49 0 2.0105746334835902e-06
0.06 0.5 0 2.0869279491290966e-06
0.07 0.0 0 1.0516350937371054e-06
0.07 0.01 0 1.1038355033692613e-06
0.07 0.02 0 1.285380174479531e-06
0.07 0.03 0 1.2977895094298341e-06
0.07 0.04 0 1.5199018727103026e-06
0.07 0.05 0 1.777175410007994e-06
0.07 0.06 0 2.0099594901361403e-06
0.07 0.07 0 2.289686585669252e-06
0.07 0.08 0 2.475973147241054e-06
0.07 0.09 0 2.6970887017971812e-06
0.07 0.1 0 2.4878654791375494e-06
0.07 0.11 0 2.218093515438961e-06
0.07 0.12 0 1.9442133419043067e-06
0.07 0.13 0 1.7637369061119716e-06
0.07 0.14 0 1.6220081844163808e-06
0.07 0.15 0 1.8250304847313614e-06
0.07 0.16 0 1.982046855831413e-06
0.07 0.17 0 1.7680573601478388e-06
0.07 0.18 0 1.7762325570751975e-06
0.07 0.19 0 1.6644095299366455e-06
0.07 0.2 0 1.7354638924377573e-06
0.07 0.21 0 1.72873373898515e-06
0.07 0.22 0 1.7509568250899174e-06
0.07 0.23 0 2.085193819553054e-06
0.07 0.24 0 2.010882255997128e-06
0.07 0.25 0 2.1501607147910095e-06
0.07 0.26 0 2.4533208234509516e-06
0.07 0.27 0 2.43207624620891e-06
0.07 0.28 0 2.6701087370829117e-06
0.07 0.29 0 3.165125783738504e-06
0.07 0.3 0 2.767969747117241e-06
0.07 0.31 0 2.4046811994643864e-06
0.07 0.32 0 2.1189570786796663e-06
0.07 0.33 0 2.284084918362622e-06
0.07 0.34 0 2.446792557657996e-06
0.07 0.35000000000000003 0 2.262409190017269e-06
0.07 0.36 0 2.5116287900027963e-06
0.07 0.37 0 2.109537449315164e-06
0.07 0.38 0 2.0948769672546097e-06
0.07 0.39 0 2.233492569155136e-06
0.07 0.4 0 2.2109541964822366e-06
0.07 0.41000000000000003 0 2.2041480368677784e-06
0.07 0.42 0 2.408975827745391e-06
0.07 0.43 0 2.894979105758169e-06
0.07 0.44 0 2.565648121400523e-06
0.07 0.45 0 2.5163742888564156e-06
0.07 0.46 0 2.1862307097695496e-06
0.07 0.47000000000000003 0 2.28630649524091e-06
0.07 0.48 0 2.3455269142773887e-06
0.07 0.49 0 2.1636872408136946e-06
0.07 0.5 0 2.371543001256418e-06
0.08 0.0 0 1.6633575458416232e-06
0.08 0.01 0 1.4655080689340739e-06
0.08 0.02 0 1.3285538654527661e-06
0.08 0.03 0 1.3631083764372969e-06
0.08 0.04 0 1.38171073529088e-06
0.08 0.05 0 1.8522655245462212e-06
0.08 0.06 0 2.269852383330775e-06
0.08 0.07 0 2.324104276881265e-06
0.08 0.08 0 2.2854706455956637e-06
0.08 0.09 0 2.3203616265876738e-06
0.08 0.1 0 2.2683338960771877e-06
0.08 0.11 0 1.946422638187335e-06
0.08 0.12 0 1.9333724468513534e-06
0.08 0.13 0 2.018956333570771e-06
0.08 0.14 0 1.986005252122004e-06
0.08 0.15 0 1.8921438199810879e-06
0.08 0.16 0 1.8608512773429565e-06
0.08 0.17 0 1.7348493753310812e-06
0.08 0.18 0 1.6291997866953902e-06
0.08 0.19 0 1.9412558618403022e-06
0.08 0.2 0 1.924014099709846e-06
0.08 0.21 0 1.691445246678804e-06
0.08 0.22 0 1.8660799110823798e-06
0.08 0.23 0 1.983560300292605e-06
0.08 0.24 0 2.314291501794134e-06
0.08 0.25 0 2.5225257044262143e-06
0.08 0.26 0 2.5730576008885044e-06
0.08 0.27 0 2.827265224038583e-06
0.08 0.28 0 2.4862083913424186e-06
0.08 0.29 0 2.8005079207755485e-06
0.08 0.3 0 2.7060068683282667e-06
0.08 0.31 0 2.4700661962976843e-06
0.08 0.32 0 2.6657600370990933e-06
0.08 0.33 0 2.7975699363786795e-06
0.08 0.34 0 3.1667470543728426e-06
0.08 0.35000000000000003 0 3.190371641573446e-06
0.08 0.36 0 3.3338468060946368e-06
0.08 0.37 0 3.360387007403325e-06
0.08 0.38 0 3.1924380982988947e-06
0.08 0.39 0 2.9794752472278325e-06
0.08 0.4 0 3.001854094135272e-06
0.08 0.41000000000000003 0 3.0344535047448963e-06
0.08 0.42 0 2.8070072949604773e-06
0.08 0.43 0 3.2163559374021077e-06
0.08 0.44 0 3.048452895589573e-06
0.08 0.45 0 2.780352088340645e-06
0.08 0.46 0 2.605625877344592e-06
0.08 0.47000000000000003 0 2.487907147120417e-06
0.08 0.48 0 2.283003223600072e-06
0.08 0.49 0 2.1043877237402083e-06
0.08 0.5 0 2.1122114770291425e-06
0.09 0.0 0 1.4967833601330322e-06
0.09 0.01 0 1.6176401170116422e-06
0.09 0.02 0 1.6243269896120823e-06
0.09 0.03 0 1.968538099853069e-06
0.09 0.04 0 1.7033604323849137e-06
0.09 0.05 0 1.9064139779877584e-06
0.09 0.06 0 1.9117149867347865e-06
0.09 0.07 0 1.8109815106735546e-06
0.09 0.08 0 1.930773485559252e-06
0.09 0.09 0 1.922995643836617e-06
0.09 0.1 0 2.3312279691933166e-06
0.09 0.11 0 2.111270356223351e-06
0.09 0.12 0 2.1354135830651806e-06
0.09 0.13 0 2.106786105277712e-06
0.09 0.14 0 1.9824390654170252e-06
0.09 0.15 0 1.8020189560651684e-06
0.09 0.16 0 1.875091375924619e-06
0.09 0.17 0 1.7909692831087412e-06
0.09 0.18 0 1.926305307818277e-06
0.09 0.19 0 2.0914817252953675e-06
0.09 0.2 0 2.0463107349292697e-06
0.09 0.21 0 2.02316484533542e-06
0.09 0.22 0 1.5205883319491631e-06
0.09 0.23 0 1.5869736581475228e-06
0.09 0.24 0 1.6139304570126705e-06
0.09 0.25 0 1.6840679866703078e-06
0.09 0.26 0 1.9578399384627167e-06
0.09 0.27 0 2.0631201200466723e-06
0.09 0.28 0 2.0630897147807284e-06
0.09 0.29 0 1.9180914042273894e-06
0.09 0.3 0 2.265517680136214e-06
0.09 0.31 0 2.3320174272248314e-06
0.09 0.32 0 2.627638475298789e-06
0.09 0.33 0 2.6969121625381415e-06
0.09 0.34 0 2.7407202187395273e-06
0.09 0.35000000000000003 0 2.410580054033968e-06
0.09 0.36 0 2.2250869988100173e-06
0.09 0.37 0 2.5246856895856697e-06
0.09 0.38 0 2.4444084702125424e-06
0.09 0.39 0 2.493100600117672e-06
0.09 0.4 0 2.8927504098595238e-06
0.09 0.41000000000000003 0 2.9147374439270774e-06
0.09 0.42 0 2.911036988899348e-06
0.09 0.43 0 3.2209412912547082e-06
0.09 0.44 0 3.0394933144581736e-06
0.09 0.45 0 3.1958746159971345e-06
0.09 0.46 0 2.869063911442826e-06
0.09 0.47000000000000003 0 2.6563746042305673e-06
0.09 0.48 0 2.448609094997965e-06
0.09 0.49 0 1.9139226007130995e-06
0.09 0.5 0 2.21812950600371e-06
0.1 0.0 0 1.719328037538786e-06
0.1 0.01 0 1.8683015537312526e-06
0.1 0.02 0 1.8431446532064934e-06
0.1 0.03 0 2.2372150148136857e-06
0.1 0.04 0 2.233260828540267e-06
0.1 0.05 0 1.9429534708994853e-06
0.1 0.06 0 1.8373910717702406e-06
0.1 0.07 0 1.8770971595552605e-06
0.1 0.08 0 1.8885575355943997e-06
0.1 0.09 0 1.9264046671151664e-06
0.1 0.1 0 1.9635593874676785e-06
0.1 0.11 0 1.8056365875831036e-06
0.1 0.12 0 1.7689837562229178e-06
0.1 0.13 0 1.609931406558787e-06
0.1 0.14 0 1.7177088278669387e-06
0.1 0.15 0 1.4998016823283832e-06
0.1 0.16 0 1.4989328733787729e-06
0.1 0.17 0 1.911702928472615e-06
0.1 0.18 0 1.6111909727610214e-06
0.1 0.19 0 1.7404610284063492e-06
0.1 0.2 0 1.6981022150710146e-06
0.1 0.21 0 1.796433290044949e-06
0.1 0.22 0 1.8515751987404375e-06
0.1 0.23 0 1.7442173270691378e-06
0.1 0.24 0 1.7992433649938632e-06
0.1 0.25 0 1.738111570761958e-06
0.1 0.26 0 2.140153316226866e-06
0.1 0.27 0 2.6870793572450187e-06
0.1 0.28 0 2.788510994785339e-06
0.1 0.29 0 2.4751545689285726e-06
0.1 0.3 0 2.440604190893008e-06
0.1 0.31 0 2.467318412765322e-06
0.1 0.32 0 2.345094228459786e-06
0.1 0.33 0 2.451257219933891e-06
0.1 0.34 0 2.275202933635831e-06
0.1 0.35000000000000003 0 2.285041310126181e-06
0.1 0.36 0 2.2547449846183585e-06
0.1 0.37 0 2.067407246317834e-06
0.1 0.38 0 1.991716881030872e-06
0.1 0.39 0 1.85131246386588e-06
0.1 0.4 0 1.960675827546601e-06
0.1 0.41000000000000003 0 2.4099227127276744e-06
0.1 0.42 0 2.3099593536720268e-06
0.1 0.43 0 2.300534293008458e-06
0.1 0.44 0 2.4431100874633272e-06
0.1 0.45 0 2.4172235754310275e-06
0.1 0.46 0 2.4941054601833677e-06
0.1 0.47000000000000003 0 2.133064294846938e-06
0.1 0.48 0 2.0320413260483973e-06
0.1 0.49 0 1.9925408834070025e-06
0.1 0.5 0 2.0225171426569865e-06
0.11 0.0 0 2.2504555550058523e-06
0.11 0.01 0 2.3106861787347407e-06
0.11 0.02 0 2.0341955285279254e-06
0.11 0.03 0 2.490384071360856e-06
0.11 0.04 0 2.19257207302555e-06
0.11 0.05 0 2.132242313344049e-06
0.11 0.06 0 2.1509137599620707e-06
0.11 0.07 0 2.116707252116778e-06
0.11 0.08 0 2.1610289277309722e-06
0.11 0.09 0 1.6663682730729827e-06
0.11 0.1 0 1.8268681504455915e-06
0.11 0.11 0 1.8545109611121063e-06
0.11 0.12 0 2.035141874019503e-06
0.11 0.13 0 2.191229391533481e-06
0.11 0.14 0 2.1628113588753507e-06
0.11 0.15 0 2.029270689104818e-06
0.11 0.16 0 1.8799795755881506e-06
0.11 0.17 0 1.9046999883916849e-06
0.11 0.18 0 1.5959480683011422e-06
0.11 0.19 0 1.5240689331303063e-06
0.11 0.2 0 1.430327666118718e-06
0.11 0.21 0 1.6467470850992586e-06
0.11 0.22 0 1.8576624404038345e-06
0.11 0.23 0 1.905346447465473e-06
0.11 0.24 0 2.1720490683983044e-06
0.11 0.25 0 2.2288497614802344e-06
0.11 0.26 0 2.3107873776921164e-06
0.11 0.27 0 2.56871055025257e-06
0.11 0.28 0 2.9739477735161726e-06
0.11 0.29 0 3.000826442863291e-06
0.11 0.3 0 3.285529258592375e-06
0.11 0.31 0 3.10419219565959e-06
0.11 0.32 0 2.942808669712498e-06
0.11 0.33 0 2.6645746991344844e-06
0.11 0.34 0 2.53889993004515e-06
0.11 0.35000000000000003 0 3.0346791622638698e-06
0.11 0.36 0 2.576156851476594e-06
0.11 0.37 0 2.8034395606089308e-06
0.11 0.38 0 2.6649299156335284e-06
0.11 0.39 0 2.208605213660483e-06
0.11 0.4 0 2.2094341522079968e-06
0.11 0.41000000000000003 0 2.0868828522151438e-06
0.11 0.42 0 2.2166027847058364e-06
0.11 0.43 0 2.1386740664160906e-06
0.11 0.44 0 2.17945099210905e-06
0.11 0.45 0 2.1254027323605753e-06
0.11 0.46 0 1.9582497631558917e-06
0.11 0.47000000000000003 0 2.0485144362116585e-06
0.11 0.48 0 2.135923113452993e-06
0.11 0.49 0 2.168224706297107e-06
0.11 0.5 0 1.981236701449133e-06
0.12 0.0 0 1.781291433419265e-06
0.12 0.01 0 2.2372007159531256e-06
0.12 0.02 0 2.2729738940752848e-06
0.12 0.03 0 2.2920202555007487e-06
0.12 0.04 0 2.663496242657496e-06
0.12 0.05 0 2.382310698971231e-06
0.12 0.06 0 2.5494130893497946e-06
0.12 0.07 0 2.3621336325697036e-06
0.12 0.08 0 2.261586805858607e-06
0.12 0.09 0 1.973282039071622e-06
0.12 0.1 0 1.8309441586554938e-06
0.12 0.11 0 1.8760075287919761e-06
0.12 0.12 0 2.1617011044301405e-06
0.12 0.13 0 2.2000246052619398e-06
0.12 0.14 0 2.4569080629527176e-06
0.12 0.15 0 2.6031180200182094e-06
0.12 0.16 0 2.133405952546009e-06
0.12 0.17 0 2.4756450157570823e-06
0.12 0.18 0 2.563263189995136e-06
0.12 0.19 0 3.0197248367916226e-06
0.12 0.2 0 3.1368752189624527e-06
0.12 0.21 0 3.1826720052995803e-06
0.12 0.22 0 2.86622493287645e-06
0.12 0.23 0 2.4159464785437548e-06
0.12 0.24 0 2.7121140174783387e-06
0.12 0.25 0 2.715656710708499e-06
0.12 0.26 0 3.1944222728204837e-06
0.12 0.27 0 2.8275963516464088e-06
0.12 0.28 0 3.2472268469366645e-06
0.12 0.29 0 2.7086875337473156e-06
0.12 0.3 0 2.572313602895844e-06
0.12 0.31 0 2.946191677106969e-06
0.12 0.32 0 2.6570246173965423e-06
0.12 0.33 0 3.450506412293995e-06
0.12 0.34 0 3.324841255542896e-06
0.12 0.35000000000000003 0 3.5624653765979417e-06
0.12 0.36 0 3.2390908661638337e-06
0.12 0.37 0 2.910874903212702e-06
0.12 0.38 0 3.0718574064890633e-06
0.12 0.39 0 2.964287409879811e-06
0.12 0.4 0 2.881581513611009e-06
0.12 0.41000000000000003 0 2.573407665105927e-06
0.12 0.42 0 2.6262707176764483e-06
0.12 0.43 0 2.3882131617708106e-06
0.12 0.44 0 2.6259668618432517e-06
0.12 0.45 0 2.3035780330385706e-06
0.12 0.46 0 2.2497490795520525e-06
0.12 0.47000000000000003 0 2.1010290630071773e-06
0.12 0.48 0 2.132170887900913e-06
0.12 0.49 0 2.437978230792914e-06
0.12 0.5 0 2.160439357417004e-06
0.13 0.0 0 1.8943686688765502e-06
0.13 0.01 0 1.861948165316933e-06
0.13 0.02 0 1.626034332200372e-06
0.13 0.03 0 1.6467106194295773e-06
0.13 0.04 0 1.8227492989823844e-06
0.13 0.05 0 2.200616703831305e-06
0.13 0.06 0 2.2668592848623697e-06
0.13 0.07 0 2.3136476828286944e-06
0.13 0.08 0 2.507605706632183e-06
0.13 0.09 0 2.596336701112692e-06
0.13 0.1 0 2.7618285339867506e-06
0.13 0.11 0 2.5874465355433106e-06
0.13 0.12 0 2.2215140571198157e-06
0.13 0.13 0 1.8667748985420145e-06
0.13 0.14 0 2.1350735469553783e-06
0.13 0.15 0 2.691501163334659e-06
0.13 0.16 0 2.786879653453055e-06
0.13 0.17 0 3.269097494691136e-06
0.13 0.18 0 2.968973300337086e-06
0.13 0.19 0 3.2412362305774477e-06
0.13 0.2 0 3.0955522668675433e-06
0.13 0.21 0 2.742831966937319e-06
0.13 0.22 0 2.7310917356633147e-06
0.13 0.23 0 2.4307991274103464e-06
0.13 0.24 0 2.6584874416875427e-06
0.13 0.25 0 2.690946085479224e-06
0.13 0.26 0 2.4917095117443858e-06
0.13 0.27 0 2.3584991778358007e-06
0.13 0.28 0 2.4154336259676124e-06
0.13 0.29 0 2.53454076759501e-06
0.13 0.3 0 2.5263302201734916e-06
0.13 0.31 0 2.3257557816639174e-06
0.13 0.32 0 2.320119761053155e-06
0.13 0.33 0 2.5241866723581736e-06
0.13 0.34 0 2.33195024089103e-06
0.13 0.35000000000000003 0 2.6111838958305037e-06
0.13 0.36 0 2.4054312853021885e-06
0.13 0.37 0 2.6046020619038873e-06
0.13 0.38 0 3.1471782691715165e-06
0.13 0.39 0 3.5902952776046687e-06
0.13 0.4 0 3.52739731347798e-06
0.13 0.41000000000000003 0 3.077877072020654e-06
0.13 0.42 0 3.1222317845848136e-06
0.13 0.43 0 2.803620533174918e-06
0.13 0.44 0 3.0587463885330088e-06
0.13 0.45 0 2.975543685829152e-06
0.13 0.46 0 3.058859956210065e-06
0.13 0.47000000000000003 0 2.9353624976621194e-06
0.13 0.48 0 2.664196258085925e-06
0.13 0.49 0 2.96510574067317e-06
0.13 0.5 0 2.4714671358949922e-06
0.14 0.0 0 2.2340157280096117e-06
0.14 0.01 0 2.2914722702127908e-06
0.14 0.02 0 2.1793248042277322e-06
0.14 0.03 0 1.9205634356974036e-06
0.14 0.04 0 2.182804523420727e-06
0.14 0.05 0 2.3425177036121117e-06
0.14 0.06 0 2.5273637816014547e-06
0.14 0.07 0 2.5848794488211696e-06
0.14 0.08 0 2.608579315082123e-06
0.14 0.09 0 2.5978786434821903e-06
0.14 0.1 0 2.3860725377711986e-06
0.14 0.11 0 2.0493476816768895e-06
0.14 0.12 0 1.920693552557086e-06
0.14 0.13 0 1.954643323300674e-06
0.14 0.14 0 1.9235265330566795e-06
0.14 0.15 0 2.2041352705046767e-06
0.14 0.16 0 2.2298390921270695e-06
0.14 0.17 0 2.06792413185062e-06
0.14 0.18 0 2.2155242857771156e-06
0.14 0.19 0 2.1186781113736635e-06
0.14 0.2 0 2.0469052988821486e-06
0.14 0.21 0 2.040930639271786e-06
0.14 0.22 0 1.948364285125251e-06
0.14 0.23 0 1.9438358844949794e-06
0.14 0.24 0 1.7767158400812075e-06
0.14 0.25 0 1.8617608000577196e-06
0.14 0.26 0 2.3516039373147497e-06
0.14 0.27 0 2.4580412619417415e-06
0.14 0.28 0 3.1520877039691817e-06
0.14 0.29 0 3.028192441069086e-06
0.14 0.3 0 2.5137886519699328e-06
0.14 0.31 0 2.3736517214245553e-06
0.14 0.32 0 2.0850170791932105e-06
0.14 0.33 0 2.2538265613506937e-06
0.14 0.34 0 2.4081820969119965e-06
0.14 0.35000000000000003 0 2.9545681814879314e-06
0.14 0.36 0 3.178270408962898e-06
0.14 0.37 0 3.1596903605283103e-06
0.14 0.38 0 2.8950466477519795e-06
0.14 0.39 0 2.685014736578149e-06
0.14 0.4 0 2.8278142555376554e-06
0.14 0.41000000000000003 0 2.7215843774078335e-06
0.14 0.42 0 2.8850607877745992e-06
0.14 0.43 0 2.358072438662075e-06
0.14 0.44 0 2.183762326215856e-06
0.14 0.45 0 2.251080375779118e-06
0.14 0.46 0 2.3090771309716314e-06
0.14 0.47000000000000003 0 2.778461757333242e-06
0.14 0.48 0 2.769684712367256e-06
0.14 0.49 0 2.872522908531867e-06
0.14 0.5 0 2.949814718663638e-06
0.15 0.0 0 3.115334287472859e-06
0.15 0.01 0 2.568037537280795e-06
0.15 0.02 0 2.6731578708758913e-06
0.15 0.03 0 2.2671957307206167e-06
0.15 0.04 0 2.2653593142849317e-06
0.15 0.05 0 2.39809577250964e-06
0.15 0.06 0 2.3333196852945734e-06
0.15 0.07 0 2.5370996661467485e-06
0.15 0.08 0 2.098030245581155e-06
0.15 0.09 0 2.2118207626768004e-06
0.15 0.1 0 1.800866776272928e-06
0.15 0.11 0 1.9094685343758985e-06
0.15 0.12 0 2.252138461642202e-06
0.15 0.13 0 2.115103479159812e-06
0.15 0.14 0 2.0769016958196703e-06
0.15 0.15 0 1.7718789811704845e-06
0.15 0.16 0 1.6438077837906896e-06
0.15 0.17 0 1.5962496759921557e-06
0.15 0.18 0 1.6906716072146093e-06
0.15 0.19 0 1.6456316735226405e-06
0.15 0.2 0 1.6483489405018793e-06
0.15 0.21 0 1.5438283507980995e-06
0.15 0.22 0 1.659908098814351e-06
0.15 0.23 0 1.667346624214122e-06
0.15 0.24 0 1.711992218662636e-06
0.15 0.25 0 1.8929458856708247e-06
0.15 0.26 0 1.9356134592423848e-06
0.15 0.27 0 2.104399390270301e-06
0.15 0.28 0 1.966548772624688e-06
0.15 0.29 0 1.9960041369836456e-06
0.15 0.3 0 2.032963997908664e-06
0.15 0.31 0 2.3627822582728313e-06
0.15 0.32 0 2.5754162334361697e-06
0.15 0.33 0 2.6608119938071565e-06
0.15 0.34 0 2.6709361215935784e-06
0.15 0.35000000000000003 0 2.4974583821848224e-06
0.15 0.36 0 3.0431431991175612e-06
0.15 0.37 0 2.9732092298620916e-06
0.15 0.38 0 2.825154787212935e-06
0.15 0.39 0 2.436379721749935e-06
0.15 0.4 0 2.054964079153126e-06
0.15 0.41000000000000003 0 1.8978728343222452e-06
0.15 0.42 0 1.8561910538217286e-06
0.15 0.43 0 1.8216252983538117e-06
0.15 0.44 0 1.8466991531288837e-06
0.15 0.45 0 1.8633952705780627e-06
0.15 0.46 0 2.0687325316342135e-06
0.15 0.47000000000000003 0 2.1209937785659046e-06
0.15 0.48 0 1.8638774329304286e-06
0.15 0.49 0 2.0150413484065604e-06
0.15 0.5 0 1.8282759810244747e-06
0.16 0.0 0 2.2210834078840447e-06
0.16 0.01 0 1.8599122925578808e-06
0.16 0.02 0 2.1326878194346294e-06
0.16 0.03 0 2.3517139681788948e-06
0.16 0.04 0 2.3295270503631323e-06
0.16 0.05 0 2.436897336885305e-06
0.16 0.06 0 2.197487664160119e-06
0.16 0.07 0 2.44367631588305e-06
0.16 0.08 0 2.6408234049882198e-06
0.16 0.09 0 2.6074211023835754e-06
0.16 0.1 0 2.429003984752283e-06
0.16 0.11 0 2.381316513422182e-06
0.16 0.12 0 2.1681347126106406e-06
0.16 0.13 0 2.328608181175009e-06
0.16 0.14 0 2.036785369215917e-06
0.16 0.15 0 1.8827231475676031e-06
0.16 0.16 0 2.121217052778994e-06
0.16 0.17 0 1.9948353768287514e-06
0.16 0.18 0 2.2838231552828826e-06
0.16 0.19 0 2.1414116564153836e-06
0.16 0.2 0 2.2930877323962777e-06
0.16 0.21 0 2.5755865544588993e-06
0.16 0.22 0 2.538769918643546e-06
0.16 0.23 0 2.6443350211808946e-06
0.16 0.24 0 2.150889130611289e-06
0.16 0.25 0 2.0909213281932315e-06
0.16 0.26 0 2.192904388553707e-06
0.16 0.27 0 2.400073683490108e-06
0.16 0.28 0 2.18730072449026e-06
0.16 0.29 0 2.140724584080585e-06
0.16 0.3 0 1.983941992182212e-06
0.16 0.31 0 1.8392416886170969e-06
0.16 0.32 0 2.1355786680814783e-06
0.16 0.33 0 2.1184579345189447e-06
0.16 0.34 0 2.2940167669160035e-06
0.16 0.35000000000000003 0 2.528446390214461e-06
0.16 0.36 0 2.509232613814357e-06
0.16 0.37 0 2.6464242924701145e-06
0.16 0.38 0 2.411079704703891e-06
0.16 0.39 0 2.420999785384086e-06
0.16 0.4 0 2.3699012065078855e-06
0.16 0.41000000000000003 0 1.921870388393847e-06
0.16 0.42 0 1.8225364667018168e-06
0.16 0.43 0 1.681473022555917e-06
0.16 0.44 0 1.6362404647440563e-06
0.16 0.45 0 2.040421021889441e-06
0.16 0.46 0 1.960363457751311e-06
0.16 0.47000000000000003 0 1.9523010866187616e-06
0.16 0.48 0 1.7833771307751457e-06
0.16 0.49 0 1.5421001747140954e-06
0.16 0.5 0 1.5477727030662975e-06
0.17 0.0 0 1.876223357897791e-06
0.17 0.01 0 1.684588299599873e-06
0.17 0.02 0 1.944395607717509e-06
0.17 0.03 0 1.9138744731230977e-06
0.17 0.04 0 2.1689246363014977e-06
0.17 0.05 0 2.3140261542587605e-06
0.17 0.06 0 2.4316975551067067e-06
0.17 0.07 0 2.683350245083942e-06
0.17 0.08 0 2.173938620726256e-06
0.17 0.09 0 2.3837534864011857e-06
0.17 0.1 0 2.182407668128693e-06
0.17 0.11 0 2.151164417488277e-06
0.17 0.12 0 2.170195934938146e-06
0.17 0.13 0 2.075958023378258e-06
0.17 0.14 0 2.344357160204884e-06
0.17 0.15 0 2.46482204017126e-06
0.17 0.16 0 3.0853051122952857e-06
0.17 0.17 0 2.765704619907003e-06
0.17 0.18 0 2.7641152281291714e-06
0.17 0.19 0 2.618800738374502e-06
0.17 0.2 0 2.5295004358102964e-06
0.17 0.21 0 2.5243940626149296e-06
0.17 0.22 0 2.362584700760065e-06
0.17 0.23 0 2.4647132120282083e-06
0.17 0.24 0 2.229834974532791e-06
0.17 0.25 0 2.144294777772161e-06
0.17 0.26 0 1.912073846692088e-06
0.17 0.27 0 1.7019277041870616e-06
0.17 0.28 0 1.7624110967861373e-06
0.17 0.29 0 1.988156790867229e-06
0.17 0.3 0 2.0252914798863272e-06
0.17 0.31 0 2.0202905905234277e-06
0.17 0.32 0 1.997301724686288e-06
0.17 0.33 0 1.9992557760053187e-06
0.17 0.34 0 2.319773358840475e-06
0.17 0.35000000000000003 0 2.175804722677566e-06
0.17 0.36 0 2.2352238069720435e-06
0.17 0.37 0 2.110839747311075e-06
0.17 0.38 0 2.1723198183409854e-06
0.17 0.39 0 2.3504188737296716e-06
0.17 0.4 0 2.154370203550995e-06
0.17 0.41000000000000003 0 2.0183242086556644e-06
0.17 0.42 0 1.7462836936303341e-06
0.17 0.43 0 1.8012058946049088e-06
0.17 0.44 0 1.8764524024948388e-06
0.17 0.45 0 1.910535650033274e-06
0.17 0.46 0 2.0655134915416825e-06
0.17 0.47000000000000003 0 2.1741421924062944e-06
0.17 0.48 0 2.244030704934098e-06
0.17 0.49 0 2.0350249823090334e-06
0.17 0.5 0 1.9294324459105252e-06
0.18 0.0 0 2.742523676925939e-06
0.18 0.01 0 2.493646001987537e-06
0.18 0.02 0 2.3250839551975598e-06
0.18 0.03 0 2.598443361638933e-06
0.18 0.04 0 2.444118071935004e-06
0.18 0.05 0 3.262733707780414e-06
0.18 0.06 0 3.2954561729757357e-06
0.18 0.07 0 2.955319980598174e-06
0.18 0.08 0 2.6226901673984006e-06
0.18 0.09 0 2.322937705846768e-06
0.18 0.1 0 2.274906654033788e-06
0.18 0.11 0 2.30243894347341e-06
0.18 0.12 0 2.374745064124989e-06
0.18 0.13 0 2.415341796299019e-06
0.18 0.14 0 2.779677894662531e-06
0.18 0.15 0 2.6881581421880595e-06
0.18 0.16 0 2.8937748595902876e-06
0.18 0.17 0 2.5436421883477327e-06
0.18 0.18 0 2.3959835016137137e-06
0.18 0.19 0 2.420293108111797e-06
0.18 0.2 0 2.1269021376595565e-06
0.18 0.21 0 2.01464324958631e-06
0.18 0.22 0 1.7301190298273871e-06
0.18 0.23 0 1.7841446407892523e-06
0.18 0.24 0 1.8988137108036974e-06
0.18 0.25 0 2.1635643590012993e-06
0.18 0.26 0 1.9647476347543568e-06
0.18 0.27 0 2.0969367611531135e-06
0.18 0.28 0 1.8781668913583055e-06
0.18 0.29 0 1.8651994235919347e-06
0.18 0.3 0 2.212307198721551e-06
0.18 0.31 0 1.7314291750752118e-06
0.18 0.32 0 2.053425148602754e-06
0.18 0.33 0 1.938568195517225e-06
0.18 0.34 0 2.3562497404442006e-06
0.18 0.35000000000000003 0 2.643033419495958e-06
0.18 0.36 0 2.5337496666271647e-06
0.18 0.37 0 2.747707224059373e-06
0.18 0.38 0 2.2029678950446653e-06
0.18 0.39 0 2.199310226657888e-06
0.18 0.4 0 2.0181272672114805e-06
0.18 0.41000000000000003 0 1.9010263218587086e-06
0.18 0.42 0 1.7591787696657656e-06
0.18 0.43 0 1.938720149135489e-06
0.18 0.44 0 1.804957537079595e-06
0.18 0.45 0 1.594281107355627e-06
0.18 0.46 0 1.6552440493180304e-06
0.18 0.47000000000000003 0 1.474807537223212e-06
0.18 0.48 0 1.7176163531242112e-06
0.18 0.49 0 1.6319983233474046e-06
0.18 0.5 0 1.6147440476981542e-06
0.19 0.0 0 3.6782950925439552e-06
0.19 0.01 0 3.550229680512057e-06
0.19 0.02 0 3.149540432169259e-06
0.19 0.03 0 2.865953327697804e-06
0.19 0.04 0 2.8826470152314417e-06
0.19 0.05 0 3.0037179328917605e-06
0.19 0.06 0 2.9852376590878756e-06
0.19 0.07 0 2.8362121050133876e-06
0.19 0.08 0 2.473781788056362e-06
0.19 0.09 0 2.394692387837178e-06
0.19 0.1 0 2.368811652289651e-06
0.19 0.11 0 2.4512637221098285e-06
0.19 0.12 0 2.4561247011811306e-06
0.19 0.13 0 2.8341925577342534e-06
0.19 0.14 0 3.3758550156570076e-06
0.19 0.15 0 3.238737830962985e-06
0.19 0.16 0 3.384676253323549e-06
0.19 0.17 0 2.7678844685950845e-06
0.19 0.18 0 2.5524792383415393e-06
0.19 0.19 0 2.469651974678553e-06
0.19 0.2 0 2.3090766375172008e-06
0.19 0.21 0 2.2651144186451678e-06
0.19 0.22 0 1.7719218902760562e-06
0.19 0.23 0 1.9060671418103467e-06
0.19 0.24 0 1.7006308790445312e-06
0.19 0.25 0 1.6997012807803333e-06
0.19 0.26 0 1.8442577877919419e-06
0.19 0.27 0 1.9112016355011827e-06
0.19 0.28 0 1.9939069179850126e-06
0.19 0.29 0 1.932819130083846e-06
0.19 0.3 0 1.96810046137369e-06
0.19 0.31 0 1.8113162024158091e-06
0.19 0.32 0 1.961866272950844e-06
0.19 0.33 0 2.00924305204238e-06
0.19 0.34 0 2.0058584855436022e-06
0.19 0.35000000000000003 0 1.8821005771916544e-06
0.19 0.36 0 1.8466216571076451e-06
0.19 0.37 0 1.984146830230967e-06
0.19 0.38 0 1.8388969695679294e-06
0.19 0.39 0 1.7873279570097937e-06
0.19 0.4 0 1.5412059235215573e-06
0.19 0.41000000000000003 0 1.4955428644129895e-06
0.19 0.42 0 1.3816557126443864e-06
0.19 0.43 0 1.5230353577009694e-06
0.19 0.44 0 1.6324153433157342e-06
0.19 0.45 0 1.9180707215580544e-06
0.19 0.46 0 2.144107638296235e-06
0.19 0.47000000000000003 0 2.0001439607004564e-06
0.19 0.48 0 1.882387333465673e-06
0.19 0.49 0 1.373132300322963e-06
0.19 0.5 0 1.5926065630088367e-06
0.2 0.0 0 2.769236778943239e-06
0.2 0.01 0 2.529298067708116e-06
0.2 0.02 0 2.330469846471195e-06
0.2 0.03 0 2.689389369492685e-06
0.2 0.04 0 2.6668452337319297e-06
0.2 0.05 0 2.37368643121559e-06
0.2 0.06 0 2.333815417547691e-06
0.2 0.07 0 2.3112011287239775e-06
0.2 0.08 0 2.3930332031468387e-06
0.2 0.09 0 2.6607666061405073e-06
0.2 0.1 0 2.633530952311939e-06
0.2 0.11 0 2.4483742032032848e-06
0.2 0.12 0 2.490592244432101e-06
0.2 0.13 0 2.268648853318863e-06
0.2 0.14 0 2.435274507736961e-06
0.2 0.15 0 2.3057823666696954e-06
0.2 0.16 0 2.7386331739632063e-06
0.2 0.17 0 3.3504279729762457e-06
0.2 0.18 0 2.9764883185211734e-06
0.2 0.19 0 2.6768054156799805e-06
0.2 0.2 0 2.16346365487684e-06
0.2 0.21 0 1.970416051953676e-06
0.2 0.22 0 2.2501882673980546e-06
0.2 0.23 0 2.2586029633089846e-06
0.2 0.24 0 2.1258600661910966e-06
0.2 0.25 0 2.012249135492443e-06
0.2 0.26 0 1.7842567407634374e-06
0.2 0.27 0 2.099376751486146e-06
0.2 0.28 0 2.2028504341278047e-06
0.2 0.29 0 2.1745637696039557e-06
0.2 0.3 0 2.606492372650528e-06
0.2 0.31 0 2.5388407564975016e-06
0.2 0.32 0 2.6930658685747207e-06
0.2 0.33 0 2.2236904432857874e-06
0.2 0.34 0 2.0679822341602905e-06
0.2 0.35000000000000003 0 1.89489889316918e-06
0.2 0.36 0 1.938093877070781e-06
0.2 0.37 0 2.134797163251418e-06
0.2 0.38 0 2.0789914509926655e-06
0.2 0.39 0 2.0272753877122304e-06
0.2 0.4 0 1.8723904509373258e-06
0.2 0.41000000000000003 0 2.1903328747940007e-06
0.2 0.42 0 1.7424570358225109e-06
0.2 0.43 0 1.6618212095715286e-06
0.2 0.44 0 1.7462272004389891e-06
0.2 0.45 0 1.6429594730672515e-06
0.2 0.46 0 2.0663123547002554e-06
0.2 0.47000000000000003 0 2.0041135316188826e-06
0.2 0.48 0 2.046741792603508e-06
0.2 0.49 0 1.8309363569306926e-06
0.2 0.5 0 1.8614442754686774e-06
0.21 0.0 0 2.172930512863532e-06
0.21 0.01 0 2.325325629879873e-06
0.21 0.02 0 2.2487967185769926e-06
0.21 0.03 0 2.2456937274196944e-06
0.21 0.04 0 2.1491750391565002e-06
0.21 0.05 0 1.8888702914154347e-06
0.21 0.06 0 2.1118452997546428e-06
0.21 0.07 0 1.9796657014998954e-06
0.21 0.08 0 2.154856679058783e-06
0.21 0.09 0 1.817417594612937e-06
0.21 0.1 0 1.7134416765756414e-06
0.21 0.11 0 1.936306842086918e-06
0.21 0.12 0 1.963851550586644e-06
0.21 0.13 0 2.454206767569689e-06
0.21 0.14 0 2.317855911460342e-06
0.21 0.15 0 2.3293649796092177e-06
0.21 0.16 0 2.1803882748778297e-06
0.21 0.17 0 2.365281124339009e-06
0.21 0.18 0 2.5431211066214918e-06
0.21 0.19 0 2.391790881492389e-06
0.21 0.2 0 2.4388055689661954e-06
0.21 0.21 0 2.4738609825996204e-06
0.21 0.22 0 2.3813979475045526e-06
0.21 0.23 0 2.2705100943283e-06
0.21 0.24 0 2.3606105470482984e-06
0.21 0.25 0 2.2275406770628756e-06
0.21 0.26 0 2.338015443357387e-06
0.21 0.27 0 2.6660205684054535e-06
0.21 0.28 0 2.88511221699349e-06
0.21 0.29 0 2.6938703607979993e-06
0.21 0.3 0 2.6694665855386116e-06
0.21 0.31 0 2.5158677286116706e-06
0.21 0.32 0 2.205910840324903e-06
0.21 0.33 0 2.17785101726485e-06
0.21 0.34 0 2.1785124962897462e-06
0.21 0.35000000000000003 0 2.4995740446673527e-06
0.21 0.36 0 2.5040293169018285e-06
0.21 0.37 0 2.834865808041482e-06
0.21 0.38 0 2.708124631146661e-06
0.21 0.39 0 2.32407771900667e-06
0.21 0.4 0 2.3275094907252585e-06
0.21 0.41000000000000003 0 2.138302553148565e-06
0.21 0.42 0 2.1322592357638055e-06
0.21 0.43 0 1.9048956598874548e-06
0.21 0.44 0 1.782535838531703e-06
0.21 0.45 0 1.7209747287713494e-06
0.21 0.46 0 1.6504614426039957e-06
0.21 0.47000000000000003 0 1.6638868265903791e-06
0.21 0.48 0 1.7834915431041398e-06
0.21 0.49 0 1.6353910373194227e-06
0.21 0.5 0 1.5008137662865524e-06
0.22 0.0 0 1.8032011163696428e-06
0.22 0.01 0 2.125758520286105e-06
0.22 0.02 0 2.2561775853608957e-06
0.22 0.03 0 2.2310259770302107e-06
0.22 0.04 0 2.784942849762179e-06
0.22 0.05 0 2.3398702225338756e-06
0.22 0.06 0 2.478068836642369e-06
0.22 0.07 0 2.5517516267028607e-06
0.22 0.08 0 2.4571834373950027e-06
0.22 0.09 0 2.4375167774150065e-06
0.22 0.1 0 2.394840977283518e-06
0.22 0.11 0 2.5243686472800865e-06
0.22 0.12 0 2.4652875780439597e-06
0.22 0.13 0 2.314634303005894e-06
0.22 0.14 0 2.3240358357781185e-06
0.22 0.15 0 2.3807044000173953e-06
0.22 0.16 0 2.120351211254627e-06
0.22 0.17 0 2.445640801403236e-06
0.22 0.18 0 2.2254652369135587e-06
0.22 0.19 0 2.0950206234903578e-06
0.22 0.2 0 2.155508320672072e-06
0.22 0.21 0 1.8904651234980718e-06
0.22 0.22 0 1.7928320503319577e-06
0.22 0.23 0 1.5792368282316983e-06
0.22 0.24 0 1.732900997333192e-06
0.22 0.25 0 1.9354716390738554e-06
0.22 0.26 0 2.144517605835321e-06
0.22 0.27 0 2.225490918703702e-06
0.22 0.28 0 2.466794167383088e-06
0.22 0.29 0 2.763587086304708e-06
0.22 0.3 0 2.8746312732859416e-06
0.22 0.31 0 3.3979661447325246e-06
0.22 0.32 0 2.9064879624341647e-06
0.22 0.33 0 2.8145722084834518e-06
0.22 0.34 0 2.7681032475466927e-06
0.22 0.35000000000000003 0 2.761570787599375e-06
0.22 0.36 0 2.959373183466493e-06
0.22 0.37 0 2.6926811190302237e-06
0.22 0.38 0 3.0899998634757213e-06
0.22 0.39 0 3.2214311298833066e-06
0.22 0.4 0 2.5388882360085127e-06
0.22 0.41000000000000003 0 2.397279473916684e-06
0.22 0.42 0 2.0305443199307137e-06
0.22 0.43 0 1.9218501122870896e-06
0.22 0.44 0 2.281859703524643e-06
0.22 0.45 0 2.312498370396049e-06
0.22 0.46 0 2.083686907155405e-06
0.22 0.47000000000000003 0 1.771531371808007e-06
0.22 0.48 0 1.6964912506021907e-06
0.22 0.49 0 1.6779072634246185e-06
0.22 0.5 0 1.3991710552016316e-06
0.23 0.0 0 2.382366856064443e-06
0.23 0.01 0 2.6397322172496123e-06
0.23 0.02 0 2.335817973689453e-06
0.23 0.03 0 2.103768129821953e-06
0.23 0.04 0 2.157441439179098e-06
0.23 0.05 0 2.187791084183532e-06
0.23 0.06 0 2.5418835794659846e-06
0.23 0.07 0 2.245582388083219e-06
0.23 0.08 0 2.4814614047405673e-06
0.23 0.09 0 2.283862145909861e-06
0.23 0.1 0 2.5113148696318413e-06
0.23 0.11 0 2.5614822891584193e-06
0.23 0.12 0 2.12975439657593e-06
0.23 0.13 0 2.103186233303181e-06
0.23 0.14 0 1.981650935282132e-06
0.23 0.15 0 2.526101329209954e-06
0.23 0.16 0 2.2701421010197005e-06
0.23 0.17 0 2.090137268716007e-06
0.23 0.18 0 1.9322246196734225e-06
0.23 0.19 0 1.7791836624152434e-06
0.23 0.2 0 1.808456267078669e-06
0.23 0.21 0 1.6207735804870002e-06
0.23 0.22 0 1.7663020863322197e-06
0.23 0.23 0 1.5443838505375047e-06
0.23 0.24 0 1.859915104310246e-06
0.23 0.25 0 2.0547018093133278e-06
0.23 0.26 0 1.9485411427909344e-06
0.23 0.27 0 1.8947202852350203e-06
0.23 0.28 0 2.038914436056222e-06
0.23 0.29 0 2.2554039244885537e-06
0.23 0.3 0 2.1653339307616456e-06
0.23 0.31 0 2.2159654678724882e-06
0.23 0.32 0 2.2072186983166947e-06
0.23 0.33 0 2.2022257304990903e-06
0.23 0.34 0 2.2152103662329786e-06
0.23 0.35000000000000003 0 2.348834889003039e-06
0.23 0.36 0 1.9995015290582136e-06
0.23 0.37 0 1.9478007458944455e-06
0.23 0.38 0 2.281297197539494e-06
0.23 0.39 0 2.4524327875069946e-06
0.23 0.4 0 2.639952120310638e-06
0.23 0.41000000000000003 0 2.310137328991348e-06
0.23 0.42 0 2.261546388708379e-06
0.23 0.43 0 1.8577861401397921e-06
0.23 0.44 0 1.7495482289475804e-06
0.23 0.45 0 1.7542985715105428e-06
0.23 0.46 0 1.7184811915366341e-06
0.23 0.47000000000000003 0 1.7472653219683489e-06
0.23 0.48 0 1.6448954660689042e-06
0.23 0.49 0 1.6732075985788314e-06
0.23 0.5 0 1.5348505621121376e-06
0.24 0.0 0 2.4766970902651037e-06
0.24 0.01 0 2.7800850608917557e-06
0.24 0.02 0 2.8333334809695846e-06
0.24 0.03 0 2.1852132836050257e-06
0.24 0.04 0 2.444341245818825e-06
0.24 0.05 0 2.616488642747376e-06
0.24 0.06 0 2.7347918851072112e-06
0.24 0.07 0 2.8259550121125474e-06
0.24 0.08 0 2.7967358979568316e-06
0.24 0.09 0 2.8805222233474114e-06
0.24 0.1 0 2.5450700490286188e-06
0.24 0.11 0 2.612326984921248e-06
0.24 0.12 0 2.387706437900166e-06
0.24 0.13 0 2.250840436010669e-06
0.24 0.14 0 2.02196111198244e-06
0.24 0.15 0 2.2792102205407106e-06
0.24 0.16 0 2.2190597873148616e-06
0.24 0.17 0 2.1347987883642607e-06
0.24 0.18 0 2.534583398792741e-06
0.24 0.19 0 2.2203089308201512e-06
0.24 0.2 0 2.1971847733971873e-06
0.24 0.21 0 2.204786249791116e-06
0.24 0.22 0 2.3714494806424637e-06
0.24 0.23 0 2.5952023680053078e-06
0.24 0.24 0 2.6356834629812377e-06
0.24 0.25 0 2.5238690915236276e-06
0.24 0.26 0 2.3430207485319656e-06
0.24 0.27 0 2.064005035524019e-06
0.24 0.28 0 2.111037924435334e-06
0.24 0.29 0 2.6225458362880667e-06
0.24 0.3 0 2.371923380054008e-06
0.24 0.31 0 2.782776748011897e-06
0.24 0.32 0 2.3531802656922945e-06
0.24 0.33 0 2.1344114130219793e-06
0.24 0.34 0 2.0607117997158383e-06
0.24 0.35000000000000003 0 1.948756071226754e-06
0.24 0.36 0 2.663524828593206e-06
0.24 0.37 0 2.4995182067816676e-06
0.24 0.38 0 2.589414394042729e-06
0.24 0.39 0 2.363285321355807e-06
0.24 0.4 0 2.0323664674417766e-06
0.24 0.41000000000000003 0 1.7968808852648417e-06
0.24 0.42 0 1.8461193639450978e-06
0.24 0.43 0 1.8601489187498819e-06
0.24 0.44 0 1.5093684737880496e-06
0.24 0.45 0 1.6425262812187876e-06
0.24 0.46 0 1.4919088802987044e-06
0.24 0.47000000000000003 0 1.5792614958585666e-06
0.24 0.48 0 1.43458387606984e-06
0.24 0.49 0 1.411124064289183e-06
0.24 0.5 0 1.4292259681142749e-06
0.25 0.0 0 1.8123905427172033e-06
0.25 0.01 0 2.0229958139099733e-06
0.25 0.02 0 2.4027225604270892e-06
0.25 0.03 0 2.5168725618298203e-06
0.25 0.04 0 2.5904846624252424e-06
0.25 0.05 0 2.7014659204774995e-06
0.25 0.06 0 2.630843008585944e-06
0.25 0.07 0 2.684096231807296e-06
0.25 0.08 0 3.007812166305694e-06
0.25 0.09 0 3.0192157403244714e-06
0.25 0.1 0 2.668661202019112e-06
0.25 0.11 0 2.3507031097191496e-06
0.25 0.12 0 2.2107976929842614e-06
0.25 0.13 0 2.1538375170257054e-06
0.25 0.14 0 1.909401422569092e-06
0.25 0.15 0 1.9049220869264516e-06
0.25 0.16 0 1.8733308619264437e-06
0.25 0.17 0 2.099005460044845e-06
0.25 0.18 0 2.433352111574776e-06
0.25 0.19 0 2.7056368643237918e-06
0.25 0.2 0 2.7341957980608032e-06
0.25 0.21 0 2.216023686259724e-06
0.25 0.22 0 2.4536864826903105e-06
0.25 0.23 0 2.210155908438488e-06
0.25 0.24 0 2.1042781747049293e-06
0.25 0.25 0 2.1800987409809092e-06
0.25 0.26 0 2.3794295837899284e-06
0.25 0.27 0 2.7179770474272217e-06
0.25 0.28 0 2.3756790555411345e-06
0.25 0.29 0 2.488353250227721e-06
0.25 0.3 0 2.0427911838439896e-06
0.25 0.31 0 2.086736476260601e-06
0.25 0.32 0 2.5441052948632044e-06
0.25 0.33 0 2.80706877034562e-06
0.25 0.34 0 2.70742568426136e-06
0.25 0.35000000000000003 0 2.5600496398290435e-06
0.25 0.36 0 2.9056363541836182e-06
0.25 0.37 0 2.67767035564014e-06
0.25 0.38 0 2.490817453387339e-06
0.25 0.39 0 2.149966912542613e-06
0.25 0.4 0 1.8656029423307897e-06
0.25 0.41000000000000003 0 1.6702331831482074e-06
0.25 0.42 0 1.6807907135788858e-06
0.25 0.43 0 1.6399739671554264e-06
0.25 0.44 0 1.476946466873797e-06
0.25 0.45 0 1.626954861376781e-06
0.25 0.46 0 1.8242914893896027e-06
0.25 0.47000000000000003 0 2.100182197229167e-06
0.25 0.48 0 1.7586610774442132e-06
0.25 0.49 0 1.6985300158088829e-06
0.25 0.5 0 1.5182220382871563e-06
0.26 0.0 0 2.191308906172055e-06
0.26 0.01 0 1.9749892794560983e-06
0.26 0.02 0 2.2953981064413903e-06
0.26 0.03 0 2.533741093054875e-06
0.26 0.04 0 2.3887691743102975e-06
0.26 0.05 0 2.4160113710399576e-06
0.26 0.06 0 2.4536097696289426e-06
0.26 0.07 0 2.5458903867661584e-06
0.26 0.08 0 2.7895196369875246e-06
0.26 0.09 0 2.6888957188527074e-06
0.26 0.1 0 2.208596176005705e-06
0.26 0.11 0 1.8448962617436486e-06
0.26 0.12 0 1.626162125978338e-06
0.26 0.13 0 1.8126816409601721e-06
0.26 0.14 0 1.525231264213407e-06
0.26 0.15 0 1.619657781334242e-06
0.26 0.16 0 2.1434821304974905e-06
0.26 0.17 0 2.0310020538762664e-06
0.26 0.18 0 2.3332341298559446e-06
0.26 0.19 0 1.9581355800521927e-06
0.26 0.2 0 1.6617282051584888e-06
0.26 0.21 0 1.475769886301517e-06
0.26 0.22 0 1.4575127197225753e-06
0.26 0.23 0 1.5688623109466893e-06
0.26 0.24 0 1.5702406022960062e-06
0.26 0.25 0 1.659422254887291e-06
0.26 0.26 0 1.9828205555565604e-06
0.26 0.27 0 2.056365341586548e-06
0.26 0.28 0 1.7955728406051461e-06
0.26 0.29 0 1.9576557169502746e-06
0.26 0.3 0 1.8788003865927482e-06
0.26 0.31 0 2.1900062935928117e-06
0.26 0.32 0 2.4586273853724245e-06
0.26 0.33 0 2.552544979098616e-06
0.26 0.34 0 2.6654308901078497e-06
0.26 0.35000000000000003 0 2.4163863497639756e-06
0.26 0.36 0 2.635653434316286e-06
0.26 0.37 0 2.6205255275128307e-06
0.26 0.38 0 2.6802859858134433e-06
0.26 0.39 0 2.384350270838535e-06
0.26 0.4 0 2.65608723388807e-06
0.26 0.41000000000000003 0 2.0287201188192436e-06
0.26 0.42 0 1.8130957469073822e-06
0.26 0.43 0 2.0070928188113426e-06
0.26 0.44 0 1.966255464344608e-06
0.26 0.45 0 2.5738339904700106e-06
0.26 0.46 0 2.372550875939164e-06
0.26 0.47000000000000003 0 2.6812533498016503e-06
0.26 0.48 0 2.328727370747068e-06
0.26 0.49 0 2.0916694656646273e-06
0.26 0.5 0 2.535019186899549e-06
0.27 0.0 0 2.0117956974748606e-06
0.27 0.01 0 2.1523371750775187e-06
0.27 0.02 0 2.413101088182502e-06
0.27 0.03 0 2.815919508012824e-06
0.27 0.04 0 2.6618722170048855e-06
0.27 0.05 0 2.9699391520117842e-06
0.27 0.06 0 2.9330271631997334e-06
0.27 0.07 0 2.7132213071040805e-06
0.27 0.08 0 2.2103855700854796e-06
0.27 0.09 0 2.0445262849857093e-06
0.27 0.1 0 2.0137397590853456e-06
0.27 0.11 0 1.798046156758645e-06
0.27 0.12 0 1.9417065115520105e-06
0.27 0.13 0 1.7888091342099935e-06
0.27 0.14 0 1.9185749773397363e-06
0.27 0.15 0 1.9844637680896738e-06
0.27 0.16 0 2.1621815979842708e-06
0.27 0.17 0 2.351190002804978e-06
0.27 0.18 0 1.940004374133945e-06
0.27 0.19 0 1.9876641963815216e-06
0.27 0.2 0 1.8418045381765427e-06
0.27 0.21 0 1.8162915410169896e-06
0.27 0.22 0 1.757095915313259e-06
0.27 0.23 0 1.9155914399972317e-06
0.27 0.24 0 2.074854617209941e-06
0.27 0.25 0 1.8730898465835343e-06
0.27 0.26 0 1.7828946632409763e-06
0.27 0.27 0 1.6821799409895459e-06
0.27 0.28 0 1.5824379985994375e-06
0.27 0.29 0 1.7731499807470014e-06
0.27 0.3 0 2.051146867685564e-06
0.27 0.31 0 1.9934112065123334e-06
0.27 0.32 0 1.7613041046011037e-06
0.27 0.33 0 1.928098437846647e-06
0.27 0.34 0 2.4073375752839037e-06
0.27 0.35000000000000003 0 2.8066987618971496e-06
0.27 0.36 0 3.6075081517686568e-06
0.27 0.37 0 3.909329592869074e-06
0.27 0.38 0 3.3981462168779154e-06
0.27 0.39 0 3.0440801827458537e-06
0.27 0.4 0 2.571966474344536e-06
0.27 0.41000000000000003 0 2.3100482858969677e-06
0.27 0.42 0 2.016516532697105e-06
0.27 0.43 0 2.309367431348066e-06
0.27 0.44 0 2.7005251657960343e-06
0.27 0.45 0 2.7386325433391705e-06
0.27 0.46 0 2.932524014810106e-06
0.27 0.47000000000000003 0 3.047604980016976e-06
0.27 0.48 0 3.1025148667779988e-06
0.27 0.49 0 3.100768421100216e-06
0.27 0.5 0 2.9001152527067828e-06
0.28 0.0 0 2.6125417910576275e-06
0.28 0.01 0 2.8591986512036123e-06
0.28 0.02 0 2.424304724610141e-06
0.28 0.03 0 2.484628929963991e-06
0.28 0.04 0 1.829328030663401e-06
0.28 0.05 0 1.967608221911254e-06
0.28 0.06 0 2.23007951266422e-06
0.28 0.07 0 2.3979569906382755e-06
0.28 0.08 0 2.5357312528573998e-06
0.28 0.09 0 2.1331404800651773e-06
0.28 0.1 0 2.3068162289468995e-06
0.28 0.11 0 2.0898409854596583e-06
0.28 0.12 0 1.8597650560549354e-06
0.28 0.13 0 2.0163832833590813e-06
0.28 0.14 0 2.271458566899366e-06
0.28 0.15 0 2.2116253241230757e-06
0.28 0.16 0 2.460679081158833e-06
0.28 0.17 0 2.3048151383923016e-06
0.28 0.18 0 2.0317560311784203e-06
0.28 0.19 0 2.26234540942836e-06
0.28 0.2 0 2.568025729122089e-06
0.28 0.21 0 2.8860583417678135e-06
0.28 0.22 0 2.6653079241570836e-06
0.28 0.23 0 2.838002076794139e-06
0.28 0.24 0 3.1911728869811807e-06
0.28 0.25 0 3.237128139735183e-06
0.28 0.26 0 3.056138328103445e-06
0.28 0.27 0 2.790098374327534e-06
0.28 0.28 0 2.3459162530722314e-06
0.28 0.29 0 2.280877001482354e-06
0.28 0.3 0 2.871481072644095e-06
0.28 0.31 0 2.845889985912074e-06
0.28 0.32 0 3.181418288870286e-06
0.28 0.33 0 3.2286051976046104e-06
0.28 0.34 0 3.3334116265140776e-06
0.28 0.35000000000000003 0 3.535314066008983e-06
0.28 0.36 0 2.909503378569523e-06
0.28 0.37 0 3.1419989738663188e-06
0.28 0.38 0 3.2743182076850237e-06
0.28 0.39 0 3.1047365233369837e-06
0.28 0.4 0 3.1401519875192964e-06
0.28 0.41000000000000003 0 2.533439414995678e-06
0.28 0.42 0 2.0609769264704186e-06
0.28 0.43 0 1.9600097133305617e-06
0.28 0.44 0 2.05703114338996e-06
0.28 0.45 0 2.405580449632338e-06
0.28 0.46 0 2.477592525405102e-06
0.28 0.47000000000000003 0 2.946648615857228e-06
0.28 0.48 0 3.526694956926405e-06
0.28 0.49 0 3.217997382835806e-06
0.28 0.5 0 2.7692698514520237e-06
0.29 0.0 0 2.0025268284011152e-06
0.29 0.01 0 2.2082967146840446e-06
0.29 0.02 0 1.969209281848017e-06
0.29 0.03 0 2.228823347134295e-06
0.29 0.04 0 2.1907396528406987e-06
0.29 0.05 0 2.21259117450592e-06
0.29 0.06 0 2.101544754143913e-06
0.29 0.07 0 2.23759965965166e-06
0.29 0.08 0 2.1733507602209243e-06
0.29 0.09 0 2.3964650659462375e-06
0.29 0.1 0 2.898349007624187e-06
0.29 0.11 0 2.447542349682874e-06
0.29 0.12 0 2.2612798441354613e-06
0.29 0.13 0 1.7608330686806022e-06
0.29 0.14 0 1.998534354978414e-06
0.29 0.15 0 1.9688548344888792e-06
0.29 0.16 0 2.2297845589117775e-06
0.29 0.17 0 2.7452521809039336e-06
0.29 0.18 0 2.9285214604911643e-06
0.29 0.19 0 3.4879262680091345e-06
0.29 0.2 0 3.097486395084045e-06
0.29 0.21 0 3.3191273017339904e-06
0.29 0.22 0 2.6415022698717203e-06
0.29 0.23 0 2.6834806300936167e-06
0.29 0.24 0 2.7738390805478405e-06
0.29 0.25 0 2.5854885035583607e-06
0.29 0.26 0 2.6307290062689334e-06
0.29 0.27 0 2.3781375262385445e-06
0.29 0.28 0 2.769035282732619e-06
0.29 0.29 0 2.2951660987047578e-06
0.29 0.3 0 2.365506729405686e-06
0.29 0.31 0 2.6081389323363143e-06
0.29 0.32 0 2.739717814890902e-06
0.29 0.33 0 2.898184729417393e-06
0.29 0.34 0 2.975354718955094e-06
0.29 0.35000000000000003 0 2.758977555445928e-06
0.29 0.36 0 2.53816298202096e-06
0.29 0.37 0 2.8094012730095922e-06
0.29 0.38 0 2.9010821001835642e-06
0.29 0.39 0 2.730609495185348e-06
0.29 0.4 0 2.317179865067638e-06
0.29 0.41000000000000003 0 2.4724162861678114e-06
0.29 0.42 0 2.3233843690567724e-06
0.29 0.43 0 2.2599771928356063e-06
0.29 0.44 0 2.4997748436719975e-06
0.29 0.45 0 2.4402357971110148e-06
0.29 0.46 0 2.6688971118123946e-06
0.29 0.47000000000000003 0 2.592403534144838e-06
0.29 0.48 0 2.6888183709884365e-06
0.29 0.49 0 2.386370511038726e-06
0.29 0.5 0 2.535749139572496e-06
0.3 0.0 0 2.241254521572725e-06
0.3 0.01 0 2.403211457095564e-06
0.3 0.02 0 2.179812132563329e-06
0.3 0.03 0 2.5619093160066724e-06
0.3 0.04 0 2.5485505159792863e-06
0.3 0.05 0 2.574691373336377e-06
0.3 0.06 0 2.4519154767056267e-06
0.3 0.07 0 2.5704055522078113e-06
0.3 0.08 0 2.9846501371438222e-06
0.3 0.09 0 2.8154961033398304e-06
0.3 0.1 0 2.7155929037876005e-06
0.3 0.11 0 2.672891016001305e-06
0.3 0.12 0 2.7283922857308135e-06
0.3 0.13 0 2.584164777291599e-06
0.3 0.14 0 2.8485692745914656e-06
0.3 0.15 0 2.7873234685662826e-06
0.3 0.16 0 2.5038357228285395e-06
0.3 0.17 0 3.1527192810597805e-06
0.3 0.18 0 3.030841644160456e-06
0.3 0.19 0 2.9780966448763873e-06
0.3 0.2 0 2.6868508530307913e-06
0.3 0.21 0 2.8307233716881237e-06
0.3 0.22 0 3.204986084605907e-06
0.3 0.23 0 3.0489980368544598e-06
0.3 0.24 0 3.099973388450154e-06
0.3 0.25 0 2.850225767252631e-06
0.3 0.26 0 2.5433471474150863e-06
0.3 0.27 0 2.911265079551959e-06
0.3 0.28 0 3.4168218276621563e-06
0.3 0.29 0 3.2736427545794715e-06
0.3 0.3 0 3.706138553846139e-06
0.3 0.31 0 3.775655327727845e-06
0.3 0.32 0 3.809247261662023e-06
0.3 0.33 0 3.663468174898886e-06
0.3 0.34 0 2.977701173904025e-06
0.3 0.35000000000000003 0 3.177653071942127e-06
0.3 0.36 0 2.885471145197416e-06
0.3 0.37 0 3.1469867171486468e-06
0.3 0.38 0 3.1507462625835863e-06
0.3 0.39 0 2.946047758079264e-06
0.3 0.4 0 2.775732813461099e-06
0.3 0.41000000000000003 0 2.851796054518347e-06
0.3 0.42 0 3.061062684454219e-06
0.3 0.43 0 2.6838735371585225e-06
0.3 0.44 0 2.6950237924030627e-06
0.3 0.45 0 2.482940909165228e-06
0.3 0.46 0 2.7406279136194983e-06
0.3 0.47000000000000003 0 2.591402717408081e-06
0.3 0.48 0 2.332994921769114e-06
0.3 0.49 0 2.428747663834369e-06
0.3 0.5 0 1.8712682861061435e-06
#STOP
