#MEDIUM_PROPERTIES_DISTRIBUTED
$MSH_TYPE
	 GROUNDWATER_FLOW	
$MMP_TYPE
	 PERMEABILITY	
$DIS_TYPE
	 NEAREST_VALUE	
;hj
$CONVERSION_FACTOR
	 1.0	
$DATA
0.0 0.0 0 5.098813251922067e-07
0.0 0.01 0 5.926698764529823e-07
0.0 0.02 0 3.157407179607225e-07
0.0 0.03 0 2.622159028723046e-07
0.0 0.04 0 1.9712946497870788e-07
0.0 0.05 0 1.9704291848474766e-07
0.0 0.06 0 1.3573466198826458e-07
0.0 0.07 0 1.0023099128812686e-07
0.0 0.08 0 1.0575341037015754e-07
0.0 0.09 0 2.44259517075219e-07
0.0 0.1 0 3.378672939489133e-07
0.0 0.11 0 4.27303800511864e-07
0.0 0.12 0 3.307630669217039e-07
0.0 0.13 0 4.7626566538008996e-07
0.0 0.14 0 3.496084753393874e-07
0.0 0.15 0 4.3598972875784207e-07
0.0 0.16 0 2.251934207935812e-07
0.0 0.17 0 2.9526416161640024e-07
0.0 0.18 0 2.5343209488036876e-07
0.0 0.19 0 2.064607331565869e-07
0.0 0.2 0 3.4062790503284336e-07
0.0 0.21 0 3.500802459860633e-07
0.0 0.22 0 4.259024447288066e-07
0.0 0.23 0 3.638003408322344e-07
0.0 0.24 0 3.2510161841369646e-07
0.0 0.25 0 4.888564978765064e-07
0.0 0.26 0 5.136521887614497e-07
0.0 0.27 0 5.005900881888609e-07
0.0 0.28 0 5.702809032941404e-07
0.0 0.29 0 5.774357624528535e-07
0.0 0.3 0 7.498122173171981e-07
0.0 0.31 0 9.89770710036804e-07
0.0 0.32 0 1.1415264635195393e-06
0.0 0.33 0 8.354699512895446e-07
0.0 0.34 0 8.287979530025555e-07
0.0 0.35000000000000003 0 5.659091892443144e-07
0.0 0.36 0 5.547826285699929e-07
0.0 0.37 0 5.661493185935502e-07
0.0 0.38 0 4.287223731736253e-07
0.0 0.39 0 3.964461355940301e-07
0.0 0.4 0 5.211843069350304e-07
0.0 0.41000000000000003 0 3.1639173232099174e-07
0.0 0.42 0 4.196802556703617e-07
0.0 0.43 0 7.723286001193728e-07
0.0 0.44 0 7.677283280341266e-07
0.0 0.45 0 3.69627063854369e-07
0.0 0.46 0 2.4595756290016707e-07
0.0 0.47000000000000003 0 4.535991702037845e-07
0.0 0.48 0 3.8005860310684933e-07
0.0 0.49 0 4.3013813530216987e-07
0.0 0.5 0 7.013071314837894e-07
0.01 0.0 0 4.889466546756974e-07
0.01 0.01 0 2.3730404707303836e-07
0.01 0.02 0 2.5783106090738596e-07
0.01 0.03 0 2.860712386697352e-07
0.01 0.04 0 1.477254880943682e-07
0.01 0.05 0 9.792645899128405e-08
0.01 0.06 0 1.3453213729738286e-07
0.01 0.07 0 1.6690051025932455e-07
0.01 0.08 0 7.816740381672837e-08
0.01 0.09 0 8.13490874380525e-08
0.01 0.1 0 1.0101990799890163e-07
0.01 0.11 0 1.5076694437020853e-07
0.01 0.12 0 8.83726262919088e-08
0.01 0.13 0 1.2279656802961927e-07
0.01 0.14 0 1.7730729870418125e-07
0.01 0.15 0 1.576345892599475e-07
0.01 0.16 0 1.1612666565062228e-07
0.01 0.17 0 1.338446802628427e-07
0.01 0.18 0 1.3423257499744863e-07
0.01 0.19 0 1.4552925913924882e-07
0.01 0.2 0 1.5665817990308883e-07
0.01 0.21 0 1.7949979654366073e-07
0.01 0.22 0 1.9265070940875724e-07
0.01 0.23 0 2.1679438415183885e-07
0.01 0.24 0 2.6865571823018047e-07
0.01 0.25 0 2.0767449898201587e-07
0.01 0.26 0 2.2873755706301036e-07
0.01 0.27 0 4.019432337985072e-07
0.01 0.28 0 4.793074187105493e-07
0.01 0.29 0 3.0595294452475e-07
0.01 0.3 0 5.315447822952927e-07
0.01 0.31 0 7.835119370429765e-07
0.01 0.32 0 8.01468746503936e-07
0.01 0.33 0 1.380245750473437e-06
0.01 0.34 0 1.2254260517114665e-06
0.01 0.35000000000000003 0 9.66168241971765e-07
0.01 0.36 0 1.8126640569807128e-06
0.01 0.37 0 1.3776496634570442e-06
0.01 0.38 0 1.1049485921960397e-06
0.01 0.39 0 1.120167428978403e-06
0.01 0.4 0 1.3495187172166308e-06
0.01 0.41000000000000003 0 8.227260146382606e-07
0.01 0.42 0 9.233908992593898e-07
0.01 0.43 0 1.110291394601998e-06
0.01 0.44 0 7.872466194511621e-07
0.01 0.45 0 7.763953659158947e-07
0.01 0.46 0 6.870034796475016e-07
0.01 0.47000000000000003 0 1.0760825632397714e-06
0.01 0.48 0 7.247132242178014e-07
0.01 0.49 0 6.87596030661464e-07
0.01 0.5 0 4.3781566379532114e-07
0.02 0.0 0 4.132039749030343e-07
0.02 0.01 0 2.599291939845681e-07
0.02 0.02 0 2.348458116532054e-07
0.02 0.03 0 1.7345655904644798e-07
0.02 0.04 0 1.6559657101922228e-07
0.02 0.05 0 1.2136999114633548e-07
0.02 0.06 0 1.0357648596702872e-07
0.02 0.07 0 1.1797238194813607e-07
0.02 0.08 0 1.1556381788642559e-07
0.02 0.09 0 1.096522183729899e-07
0.02 0.1 0 8.705393957890179e-08
0.02 0.11 0 1.0872773621094843e-07
0.02 0.12 0 8.15926052933964e-08
0.02 0.13 0 1.1685317009304669e-07
0.02 0.14 0 1.0375325110011155e-07
0.02 0.15 0 1.2564741108991207e-07
0.02 0.16 0 3.154485594777033e-07
0.02 0.17 0 3.21331109920589e-07
0.02 0.18 0 2.0480367938255302e-07
0.02 0.19 0 2.3097104904621415e-07
0.02 0.2 0 3.5088902646571703e-07
0.02 0.21 0 3.47460501901652e-07
0.02 0.22 0 4.3564892003965873e-07
0.02 0.23 0 7.156070149265018e-07
0.02 0.24 0 1.098301043060345e-06
0.02 0.25 0 9.187095389505705e-07
0.02 0.26 0 8.925328344070994e-07
0.02 0.27 0 7.900306294352404e-07
0.02 0.28 0 7.494691229582628e-07
0.02 0.29 0 8.506074586332666e-07
0.02 0.3 0 6.7638050409172e-07
0.02 0.31 0 4.860827644487581e-07
0.02 0.32 0 9.381690849545314e-07
0.02 0.33 0 1.069876183284954e-06
0.02 0.34 0 8.459989046613042e-07
0.02 0.35000000000000003 0 9.66448847755815e-07
0.02 0.36 0 1.7399031802200367e-06
0.02 0.37 0 7.809826827438317e-07
0.02 0.38 0 8.146741022547614e-07
0.02 0.39 0 1.235253387695428e-06
0.02 0.4 0 1.3832955455088559e-06
0.02 0.41000000000000003 0 9.648847137078326e-07
0.02 0.42 0 8.624716036814546e-07
0.02 0.43 0 1.1026955368217274e-06
0.02 0.44 0 8.723423417709312e-07
0.02 0.45 0 5.340024813195853e-07
0.02 0.46 0 4.316605409526941e-07
0.02 0.47000000000000003 0 3.7350961605267306e-07
0.02 0.48 0 3.045999582177712e-07
0.02 0.49 0 4.84146929518429e-07
0.02 0.5 0 3.6293900759925965e-07
0.03 0.0 0 4.026957280021968e-07
0.03 0.01 0 2.5160272849807856e-07
0.03 0.02 0 3.397639357892139e-07
0.03 0.03 0 2.9225610665749303e-07
0.03 0.04 0 3.5431177417852916e-07
0.03 0.05 0 5.187255709670464e-07
0.03 0.06 0 4.4837748698056116e-07
0.03 0.07 0 3.9606798699877045e-07
0.03 0.08 0 2.191818034378745e-07
0.03 0.09 0 2.298721690907329e-07
0.03 0.1 0 1.5557008751400258e-07
0.03 0.11 0 1.2205818969696461e-07
0.03 0.12 0 1.9559824655004704e-07
0.03 0.13 0 2.692827727115704e-07
0.03 0.14 0 1.8875460874863152e-07
0.03 0.15 0 2.1265455261843383e-07
0.03 0.16 0 4.564914222076751e-07
0.03 0.17 0 5.767472188336003e-07
0.03 0.18 0 3.9696624359670286e-07
0.03 0.19 0 4.426821706819857e-07
0.03 0.2 0 5.838476046844e-07
0.03 0.21 0 5.35642286107337e-07
0.03 0.22 0 4.6291193805075866e-07
0.03 0.23 0 4.782674155733653e-07
0.03 0.24 0 5.451677951858236e-07
0.03 0.25 0 4.304443918756777e-07
0.03 0.26 0 5.662344420832663e-07
0.03 0.27 0 6.529475817023606e-07
0.03 0.28 0 8.376987812204837e-07
0.03 0.29 0 8.593082560967939e-07
0.03 0.3 0 5.019226764931476e-07
0.03 0.31 0 6.185610961646809e-07
0.03 0.32 0 1.1944593727398498e-06
0.03 0.33 0 6.906642645176066e-07
0.03 0.34 0 4.779547572437221e-07
0.03 0.35000000000000003 0 3.09869587948124e-07
0.03 0.36 0 2.6334159395720015e-07
0.03 0.37 0 2.1351789433969664e-07
0.03 0.38 0 4.891112875329559e-07
0.03 0.39 0 4.282363236330439e-07
0.03 0.4 0 5.153892058494607e-07
0.03 0.41000000000000003 0 5.238292138728531e-07
0.03 0.42 0 6.033305007490217e-07
0.03 0.43 0 6.866841334038318e-07
0.03 0.44 0 5.63439587113335e-07
0.03 0.45 0 4.49642562532884e-07
0.03 0.46 0 3.2083130148772353e-07
0.03 0.47000000000000003 0 3.006285812290293e-07
0.03 0.48 0 2.525110015274972e-07
0.03 0.49 0 3.2824221925530143e-07
0.03 0.5 0 2.624356940503921e-07
0.04 0.0 0 1.7508493540299153e-07
0.04 0.01 0 2.0569519643626327e-07
0.04 0.02 0 1.5319277565154102e-07
0.04 0.03 0 1.5897186618335047e-07
0.04 0.04 0 2.1569266902072424e-07
0.04 0.05 0 2.703301478349265e-07
0.04 0.06 0 2.730711897180014e-07
0.04 0.07 0 2.383353083960232e-07
0.04 0.08 0 2.1328938614406164e-07
0.04 0.09 0 5.554298949714875e-07
0.04 0.1 0 5.170842620634175e-07
0.04 0.11 0 2.8534481213656916e-07
0.04 0.12 0 2.829142469979918e-07
0.04 0.13 0 3.4663254297004954e-07
0.04 0.14 0 2.104452558543456e-07
0.04 0.15 0 2.4836866275648275e-07
0.04 0.16 0 3.066111581879822e-07
0.04 0.17 0 3.648356642201562e-07
0.04 0.18 0 3.3746173610717783e-07
0.04 0.19 0 2.594005401321873e-07
0.04 0.2 0 3.3538754113911575e-07
0.04 0.21 0 4.221552305797412e-07
0.04 0.22 0 3.761751518112856e-07
0.04 0.23 0 2.689605574653441e-07
0.04 0.24 0 2.3436267250680765e-07
0.04 0.25 0 4.5966365701144406e-07
0.04 0.26 0 3.819981621886971e-07
0.04 0.27 0 3.8288142137585696e-07
0.04 0.28 0 4.1856313259026353e-07
0.04 0.29 0 4.2567759813693093e-07
0.04 0.3 0 4.104464660703956e-07
0.04 0.31 0 3.284476582977758e-07
0.04 0.32 0 4.072457359527317e-07
0.04 0.33 0 2.348309734300487e-07
0.04 0.34 0 1.6744704460034392e-07
0.04 0.35000000000000003 0 1.0506821949204669e-07
0.04 0.36 0 1.0687783369409742e-07
0.04 0.37 0 1.0233045700446771e-07
0.04 0.38 0 1.0151692345443917e-07
0.04 0.39 0 1.4092595554708764e-07
0.04 0.4 0 2.1949280175366703e-07
0.04 0.41000000000000003 0 1.7835374124510854e-07
0.04 0.42 0 3.922020904726765e-07
0.04 0.43 0 3.83988231287548e-07
0.04 0.44 0 2.885687895435625e-07
0.04 0.45 0 2.2969115931308885e-07
0.04 0.46 0 1.5076241053664743e-07
0.04 0.47000000000000003 0 1.3047876368084132e-07
0.04 0.48 0 1.0652821746498611e-07
0.04 0.49 0 1.9219985411019024e-07
0.04 0.5 0 2.0928773280965947e-07
0.05 0.0 0 1.4325500841451164e-07
0.05 0.01 0 1.4211400186441253e-07
0.05 0.02 0 1.9490114702031302e-07
0.05 0.03 0 1.7446821878015625e-07
0.05 0.04 0 1.106378364404677e-07
0.05 0.05 0 2.5009430827630214e-07
0.05 0.06 0 2.690547784867645e-07
0.05 0.07 0 2.0236020654245422e-07
0.05 0.08 0 2.881149948874579e-07
0.05 0.09 0 4.2778146302473807e-07
0.05 0.1 0 2.4693636476357903e-07
0.05 0.11 0 2.280501126257473e-07
0.05 0.12 0 3.893463444045208e-07
0.05 0.13 0 3.4280792743979267e-07
0.05 0.14 0 2.2229764257352463e-07
0.05 0.15 0 3.4866658644213364e-07
0.05 0.16 0 3.2727179534306734e-07
0.05 0.17 0 2.7726366304170884e-07
0.05 0.18 0 2.4709353483526245e-07
0.05 0.19 0 3.652529443795644e-07
0.05 0.2 0 2.644338153122545e-07
0.05 0.21 0 1.9048943607280603e-07
0.05 0.22 0 2.608656055580011e-07
0.05 0.23 0 3.3222883901450684e-07
0.05 0.24 0 2.107771521831867e-07
0.05 0.25 0 1.98685131866223e-07
0.05 0.26 0 1.6612515633692445e-07
0.05 0.27 0 3.1876178651214746e-07
0.05 0.28 0 3.3300585423104103e-07
0.05 0.29 0 3.128829278687656e-07
0.05 0.3 0 2.9185383334159885e-07
0.05 0.31 0 2.8726262585684343e-07
0.05 0.32 0 1.8410896425788739e-07
0.05 0.33 0 1.0732279403340626e-07
0.05 0.34 0 1.0806469851278498e-07
0.05 0.35000000000000003 0 7.239417772338202e-08
0.05 0.36 0 4.8942820471273706e-08
0.05 0.37 0 3.269038324916435e-08
0.05 0.38 0 5.9417017714903084e-08
0.05 0.39 0 6.942329014052121e-08
0.05 0.4 0 5.026795973161673e-08
0.05 0.41000000000000003 0 6.196531216099637e-08
0.05 0.42 0 1.5500839716019184e-07
0.05 0.43 0 2.0802189944363397e-07
0.05 0.44 0 1.8317830625708273e-07
0.05 0.45 0 2.282908954701106e-07
0.05 0.46 0 1.699971529257776e-07
0.05 0.47000000000000003 0 1.574245755776051e-07
0.05 0.48 0 1.6599966458765116e-07
0.05 0.49 0 1.9313177684901682e-07
0.05 0.5 0 3.075720426752582e-07
0.06 0.0 0 9.708517151810876e-08
0.06 0.01 0 1.2403435548570614e-07
0.06 0.02 0 2.0261392093138104e-07
0.06 0.03 0 9.16383636793406e-08
0.06 0.04 0 9.081682116841197e-08
0.06 0.05 0 2.1230819755671703e-07
0.06 0.06 0 2.657787069137895e-07
0.06 0.07 0 2.1757414551571144e-07
0.06 0.08 0 2.422045580365087e-07
0.06 0.09 0 2.128929143475021e-07
0.06 0.1 0 1.477450452807024e-07
0.06 0.11 0 2.5479930411246665e-07
0.06 0.12 0 2.3014836675194684e-07
0.06 0.13 0 1.9525777526338955e-07
0.06 0.14 0 2.5087195607402255e-07
0.06 0.15 0 2.263214109770494e-07
0.06 0.16 0 2.7207411214055926e-07
0.06 0.17 0 3.0143346995858703e-07
0.06 0.18 0 2.363985626673139e-07
0.06 0.19 0 1.5801139329424455e-07
0.06 0.2 0 1.1381461019266644e-07
0.06 0.21 0 1.6694680100936674e-07
0.06 0.22 0 1.0497444251326006e-07
0.06 0.23 0 1.3856278024315964e-07
0.06 0.24 0 1.3046076574164748e-07
0.06 0.25 0 1.4301584174048403e-07
0.06 0.26 0 1.164987822711702e-07
0.06 0.27 0 1.5409400234312445e-07
0.06 0.28 0 1.5565076369837386e-07
0.06 0.29 0 8.736125665562424e-08
0.06 0.3 0 4.715925511960848e-08
0.06 0.31 0 5.468189148774283e-08
0.06 0.32 0 6.115420524567048e-08
0.06 0.33 0 5.192166713299765e-08
0.06 0.34 0 5.6532992565426837e-08
0.06 0.35000000000000003 0 7.635132995408132e-08
0.06 0.36 0 5.135173129754555e-08
0.06 0.37 0 3.2051349614074616e-08
0.06 0.38 0 6.420375761978973e-08
0.06 0.39 0 8.233916140153918e-08
0.06 0.4 0 1.0718570031184887e-07
0.06 0.41000000000000003 0 1.0423232998946862e-07
0.06 0.42 0 8.149414354068604e-08
0.06 0.43 0 1.1716688779138857e-07
0.06 0.44 0 1.578090370136955e-07
0.06 0.45 0 1.6490949505026186e-07
0.06 0.46 0 1.9679548319076732e-07
0.06 0.47000000000000003 0 4.1401715330513334e-07
0.06 0.48 0 3.6650226584786544e-07
0.06 0.49 0 2.957342932541572e-07
0.06 0.5 0 3.8245188767829684e-07
0.07 0.0 0 2.1064316361659776e-07
0.07 0.01 0 2.774720067447428e-07
0.07 0.02 0 1.8315330347368924e-07
0.07 0.03 0 1.9139177080177207e-07
0.07 0.04 0 4.7173748177240377e-07
0.07 0.05 0 3.4687825829285e-07
0.07 0.06 0 1.9656450350458376e-07
0.07 0.07 0 2.0819277325682387e-07
0.07 0.08 0 2.0258871250578683e-07
0.07 0.09 0 8.270082938897096e-08
0.07 0.1 0 6.248492079177439e-08
0.07 0.11 0 1.0615333852955782e-07
0.07 0.12 0 1.6588327778965936e-07
0.07 0.13 0 1.3809315830738165e-07
0.07 0.14 0 1.5296448104533494e-07
0.07 0.15 0 2.640095855702622e-07
0.07 0.16 0 3.264780306668187e-07
0.07 0.17 0 1.9153470695192688e-07
0.07 0.18 0 1.515359839356484e-07
0.07 0.19 0 1.6263219173357058e-07
0.07 0.2 0 9.907092195595731e-08
0.07 0.21 0 8.364467807608742e-08
0.07 0.22 0 8.848065645844944e-08
0.07 0.23 0 1.4283533405300006e-07
0.07 0.24 0 9.310924079657682e-08
0.07 0.25 0 5.3491482807152e-08
0.07 0.26 0 4.121347682909386e-08
0.07 0.27 0 6.090466155133519e-08
0.07 0.28 0 6.051708425030136e-08
0.07 0.29 0 7.097447679659569e-08
0.07 0.3 0 7.000996078769115e-08
0.07 0.31 0 8.594527352659499e-08
0.07 0.32 0 9.046010777878572e-08
0.07 0.33 0 7.181894951073161e-08
0.07 0.34 0 8.322906398986747e-08
0.07 0.35000000000000003 0 6.504849315026134e-08
0.07 0.36 0 8.465948193296692e-08
0.07 0.37 0 9.566636549276936e-08
0.07 0.38 0 1.4181243635040614e-07
0.07 0.39 0 1.8471099729496073e-07
0.07 0.4 0 1.9019694601385225e-07
0.07 0.41000000000000003 0 1.1445205049321136e-07
0.07 0.42 0 6.553976157717966e-08
0.07 0.43 0 9.65886174454205e-08
0.07 0.44 0 9.883894442770731e-08
0.07 0.45 0 6.840298044221749e-08
0.07 0.46 0 7.420542941152228e-08
0.07 0.47000000000000003 0 9.341519623647507e-08
0.07 0.48 0 1.3240141101123613e-07
0.07 0.49 0 1.4129222334643098e-07
0.07 0.5 0 1.999807935554205e-07
0.08 0.0 0 3.15217606789489e-07
0.08 0.01 0 4.297264919543769e-07
0.08 0.02 0 3.7174731436411694e-07
0.08 0.03 0 2.9001852601224254e-07
0.08 0.04 0 4.1596658382324025e-07
0.08 0.05 0 3.973088266349854e-07
0.08 0.06 0 2.329106596262102e-07
0.08 0.07 0 1.6451245202942607e-07
0.08 0.08 0 1.0988019730414114e-07
0.08 0.09 0 8.880055774895083e-08
0.08 0.1 0 7.510134261091168e-08
0.08 0.11 0 7.504259167057329e-08
0.08 0.12 0 1.6126058140097917e-07
0.08 0.13 0 1.4694489033118077e-07
0.08 0.14 0 1.443927080346593e-07
0.08 0.15 0 1.622000193495485e-07
0.08 0.16 0 2.597562534183663e-07
0.08 0.17 0 3.5471731941249573e-07
0.08 0.18 0 3.019722642302549e-07
0.08 0.19 0 2.77397770517278e-07
0.08 0.2 0 1.8480112996078572e-07
0.08 0.21 0 1.5689849202704305e-07
0.08 0.22 0 8.088315781844681e-08
0.08 0.23 0 6.708446789784062e-08
0.08 0.24 0 7.569153516039847e-08
0.08 0.25 0 7.463294155674163e-08
0.08 0.26 0 4.381882319023749e-08
0.08 0.27 0 5.679659917834077e-08
0.08 0.28 0 7.45082688253838e-08
0.08 0.29 0 5.714084647125699e-08
0.08 0.3 0 5.8198048261782095e-08
0.08 0.31 0 7.947358247651843e-08
0.08 0.32 0 8.644570544673598e-08
0.08 0.33 0 8.321729382209312e-08
0.08 0.34 0 1.2784468798736338e-07
0.08 0.35000000000000003 0 1.119798487996815e-07
0.08 0.36 0 1.5211336944158347e-07
0.08 0.37 0 1.7519341260231273e-07
0.08 0.38 0 1.9043553430401863e-07
0.08 0.39 0 2.293920323497538e-07
0.08 0.4 0 3.023809536980275e-07
0.08 0.41000000000000003 0 2.1210843620774389e-07
0.08 0.42 0 1.643382385401509e-07
0.08 0.43 0 6.777820375462472e-08
0.08 0.44 0 4.7415844904491866e-08
0.08 0.45 0 6.66791574735519e-08
0.08 0.46 0 7.428982114834588e-08
0.08 0.47000000000000003 0 6.006975241961586e-08
0.08 0.48 0 8.528555728998102e-08
0.08 0.49 0 1.531408904770344e-07
0.08 0.5 0 2.1525312561637638e-07
0.09 0.0 0 3.766792213064196e-07
0.09 0.01 0 4.867704751460599e-07
0.09 0.02 0 3.323160810159395e-07
0.09 0.03 0 3.8468346995330187e-07
0.09 0.04 0 3.519978005183292e-07
0.09 0.05 0 2.4201271028488097e-07
0.09 0.06 0 1.4297425012082936e-07
0.09 0.07 0 1.705627993069134e-07
0.09 0.08 0 2.0501743940283295e-07
0.09 0.09 0 1.0076388921496367e-07
0.09 0.1 0 9.009730602525891e-08
0.09 0.11 0 1.1659409034311526e-07
0.09 0.12 0 1.1756917511496675e-07
0.09 0.13 0 1.1650264594414594e-07
0.09 0.14 0 1.8291172663770096e-07
0.09 0.15 0 1.9960237706727155e-07
0.09 0.16 0 1.729939729148793e-07
0.09 0.17 0 3.467097597484522e-07
0.09 0.18 0 3.557826437818097e-07
0.09 0.19 0 2.679592819963908e-07
0.09 0.2 0 2.2265595575822604e-07
0.09 0.21 0 1.7202737435076983e-07
0.09 0.22 0 1.1295734708874752e-07
0.09 0.23 0 1.0403446517284416e-07
0.09 0.24 0 6.618357530055938e-08
0.09 0.25 0 4.9907946566781914e-08
0.09 0.26 0 2.9218450871480825e-08
0.09 0.27 0 4.765369184361475e-08
0.09 0.28 0 6.084434785641488e-08
0.09 0.29 0 9.325991958629008e-08
0.09 0.3 0 9.710010516667206e-08
0.09 0.31 0 4.398057263485101e-08
0.09 0.32 0 4.830930631743446e-08
0.09 0.33 0 4.611173823068603e-08
0.09 0.34 0 5.365753085363023e-08
0.09 0.35000000000000003 0 4.753199879720501e-08
0.09 0.36 0 5.9002340287839236e-08
0.09 0.37 0 5.9258125513531986e-08
0.09 0.38 0 6.923861638555504e-08
0.09 0.39 0 1.1860233891371633e-07
0.09 0.4 0 1.1846283413862458e-07
0.09 0.41000000000000003 0 9.538409459449771e-08
0.09 0.42 0 1.2286043758452793e-07
0.09 0.43 0 1.0708027106794622e-07
0.09 0.44 0 1.2604588620700667e-07
0.09 0.45 0 8.84077734256611e-08
0.09 0.46 0 1.3405019496216693e-07
0.09 0.47000000000000003 0 1.3617429052514272e-07
0.09 0.48 0 1.268541261536862e-07
0.09 0.49 0 1.8447809684094794e-07
0.09 0.5 0 3.857098972941284e-07
0.1 0.0 0 3.3542290962309076e-07
0.1 0.01 0 3.293816556551721e-07
0.1 0.02 0 2.34526975120376e-07
0.1 0.03 0 2.2509428099839993e-07
0.1 0.04 0 1.4078314516959695e-07
0.1 0.05 0 1.3695964667153033e-07
0.1 0.06 0 1.398340095814084e-07
0.1 0.07 0 1.6042020411147811e-07
0.1 0.08 0 1.1418706499255912e-07
0.1 0.09 0 8.65206672296591e-08
0.1 0.1 0 1.1438717953545088e-07
0.1 0.11 0 1.2282683343006387e-07
0.1 0.12 0 1.4998134091597663e-07
0.1 0.13 0 2.0019399137654875e-07
0.1 0.14 0 2.0846269961179067e-07
0.1 0.15 0 1.9724225292679105e-07
0.1 0.16 0 2.6439311204495814e-07
0.1 0.17 0 3.874390388470311e-07
0.1 0.18 0 3.184643363500773e-07
0.1 0.19 0 4.0509465075332486e-07
0.1 0.2 0 2.8184449577904674e-07
0.1 0.21 0 2.8457401447340927e-07
0.1 0.22 0 2.2684052055670366e-07
0.1 0.23 0 2.572722841831408e-07
0.1 0.24 0 1.3832924801602062e-07
0.1 0.25 0 1.144149756833127e-07
0.1 0.26 0 1.3685901004845185e-07
0.1 0.27 0 1.0403021213058332e-07
0.1 0.28 0 5.343808159618806e-08
0.1 0.29 0 6.136699937896019e-08
0.1 0.3 0 6.726395368135708e-08
0.1 0.31 0 5.903094546083023e-08
0.1 0.32 0 7.264561564019657e-08
0.1 0.33 0 1.0809894610367478e-07
0.1 0.34 0 1.376298689914285e-07
0.1 0.35000000000000003 0 1.5309888325824943e-07
0.1 0.36 0 1.1375638800893028e-07
0.1 0.37 0 1.0698382900068439e-07
0.1 0.38 0 2.168208986618886e-07
0.1 0.39 0 1.5121239337608873e-07
0.1 0.4 0 1.0968005245026321e-07
0.1 0.41000000000000003 0 1.6906402978196733e-07
0.1 0.42 0 1.802624656314004e-07
0.1 0.43 0 1.1258753122419105e-07
0.1 0.44 0 8.787303785105819e-08
0.1 0.45 0 1.11487735876235e-07
0.1 0.46 0 1.4169896452461328e-07
0.1 0.47000000000000003 0 1.0122343000030218e-07
0.1 0.48 0 1.454627822700128e-07
0.1 0.49 0 1.4425115755245485e-07
0.1 0.5 0 1.7790437006730018e-07
0.11 0.0 0 4.4979342271820636e-07
0.11 0.01 0 5.748775227993275e-07
0.11 0.02 0 4.159472009204496e-07
0.11 0.03 0 5.72487016767882e-07
0.11 0.04 0 6.733124980816098e-07
0.11 0.05 0 4.008981949671463e-07
0.11 0.06 0 4.93449101555289e-07
0.11 0.07 0 5.355734638135717e-07
0.11 0.08 0 4.130757220792241e-07
0.11 0.09 0 3.37751457324223e-07
0.11 0.1 0 2.951818937477964e-07
0.11 0.11 0 2.402319554329409e-07
0.11 0.12 0 2.3997696430395323e-07
0.11 0.13 0 3.7978700584025163e-07
0.11 0.14 0 3.7453820821761063e-07
0.11 0.15 0 3.253748835474009e-07
0.11 0.16 0 2.787068431205291e-07
0.11 0.17 0 1.7602875190110382e-07
0.11 0.18 0 2.1259003871097492e-07
0.11 0.19 0 2.6383978763099066e-07
0.11 0.2 0 1.8158135558701507e-07
0.11 0.21 0 2.260921862385796e-07
0.11 0.22 0 1.7253388344494215e-07
0.11 0.23 0 2.657530725205948e-07
0.11 0.24 0 2.4700981462979e-07
0.11 0.25 0 2.596949307051153e-07
0.11 0.26 0 1.7323139851025684e-07
0.11 0.27 0 1.552443679512732e-07
0.11 0.28 0 1.8592775366250168e-07
0.11 0.29 0 1.268505630422184e-07
0.11 0.3 0 1.2506026040741644e-07
0.11 0.31 0 2.1802458905138548e-07
0.11 0.32 0 1.944838845765237e-07
0.11 0.33 0 1.5618222125303928e-07
0.11 0.34 0 2.866742075779468e-07
0.11 0.35000000000000003 0 6.160610280700731e-07
0.11 0.36 0 4.5257912030714794e-07
0.11 0.37 0 4.145067275955603e-07
0.11 0.38 0 4.4505375002896146e-07
0.11 0.39 0 4.6982344948649393e-07
0.11 0.4 0 3.4133936707417535e-07
0.11 0.41000000000000003 0 1.9733491202054866e-07
0.11 0.42 0 1.986162685215215e-07
0.11 0.43 0 3.187536622612599e-07
0.11 0.44 0 3.50354032319151e-07
0.11 0.45 0 4.4359935893928836e-07
0.11 0.46 0 7.847160814437217e-07
0.11 0.47000000000000003 0 7.435942279972323e-07
0.11 0.48 0 8.978568503419134e-07
0.11 0.49 0 4.4843130501528187e-07
0.11 0.5 0 3.533364039057977e-07
0.12 0.0 0 3.525888894398353e-07
0.12 0.01 0 5.017618366662557e-07
0.12 0.02 0 6.624210586837209e-07
0.12 0.03 0 1.0491626761992033e-06
0.12 0.04 0 5.868978024143333e-07
0.12 0.05 0 3.8231907486577077e-07
0.12 0.06 0 5.51032293912549e-07
0.12 0.07 0 5.974042809456223e-07
0.12 0.08 0 6.111107394677493e-07
0.12 0.09 0 5.531602551859444e-07
0.12 0.1 0 5.934841501705078e-07
0.12 0.11 0 5.317890143867852e-07
0.12 0.12 0 6.710028497281794e-07
0.12 0.13 0 4.683881008266965e-07
0.12 0.14 0 4.1386191969633276e-07
0.12 0.15 0 3.240860522149747e-07
0.12 0.16 0 2.425091831938441e-07
0.12 0.17 0 2.6580042659104214e-07
0.12 0.18 0 2.4951413705642657e-07
0.12 0.19 0 2.499187308964575e-07
0.12 0.2 0 1.724485816645883e-07
0.12 0.21 0 1.363599493368811e-07
0.12 0.22 0 1.515821878170491e-07
0.12 0.23 0 1.9474749558266204e-07
0.12 0.24 0 1.7462666499579577e-07
0.12 0.25 0 1.3570525165222322e-07
0.12 0.26 0 1.3649698490766545e-07
0.12 0.27 0 1.2961174826373395e-07
0.12 0.28 0 1.3776700483854582e-07
0.12 0.29 0 1.8533525587488578e-07
0.12 0.3 0 2.231220171148479e-07
0.12 0.31 0 2.50772320491399e-07
0.12 0.32 0 1.88091061615702e-07
0.12 0.33 0 2.5350178325991386e-07
0.12 0.34 0 4.137387232458906e-07
0.12 0.35000000000000003 0 4.1802399101380675e-07
0.12 0.36 0 7.649467384448424e-07
0.12 0.37 0 1.3832438391462504e-06
0.12 0.38 0 9.8281358126686e-07
0.12 0.39 0 1.1255434184547864e-06
0.12 0.4 0 1.463911663873114e-06
0.12 0.41000000000000003 0 1.919477564750461e-06
0.12 0.42 0 1.3399821436648588e-06
0.12 0.43 0 1.0823847793331774e-06
0.12 0.44 0 1.436782368890495e-06
0.12 0.45 0 1.7720276708653442e-06
0.12 0.46 0 1.428961667100698e-06
0.12 0.47000000000000003 0 1.0192864983599478e-06
0.12 0.48 0 1.9855193471742777e-06
0.12 0.49 0 1.2475129581372137e-06
0.12 0.5 0 1.077767859531727e-06
0.13 0.0 0 4.910196085698254e-07
0.13 0.01 0 3.4218170759902393e-07
0.13 0.02 0 3.682839175660072e-07
0.13 0.03 0 3.3618902443392566e-07
0.13 0.04 0 2.3067257515575418e-07
0.13 0.05 0 2.8630237800838395e-07
0.13 0.06 0 3.013877061398376e-07
0.13 0.07 0 2.2851584067238463e-07
0.13 0.08 0 3.131550586109716e-07
0.13 0.09 0 3.7806667806385677e-07
0.13 0.1 0 3.7437842249621423e-07
0.13 0.11 0 4.982864281868169e-07
0.13 0.12 0 9.224841896495861e-07
0.13 0.13 0 7.270755025881339e-07
0.13 0.14 0 8.678153242467069e-07
0.13 0.15 0 6.752584325365622e-07
0.13 0.16 0 6.627230509976836e-07
0.13 0.17 0 6.655215009831758e-07
0.13 0.18 0 5.365663420835025e-07
0.13 0.19 0 5.491785779413375e-07
0.13 0.2 0 4.770813036985057e-07
0.13 0.21 0 2.795093011692063e-07
0.13 0.22 0 2.177279559834428e-07
0.13 0.23 0 2.4199585379097505e-07
0.13 0.24 0 3.820486130210396e-07
0.13 0.25 0 4.202509398322991e-07
0.13 0.26 0 5.318144375139145e-07
0.13 0.27 0 8.341526604583288e-07
0.13 0.28 0 1.4042110957634113e-06
0.13 0.29 0 1.4083920614344102e-06
0.13 0.3 0 1.3505598089626992e-06
0.13 0.31 0 1.0680450812462693e-06
0.13 0.32 0 1.214040811296071e-06
0.13 0.33 0 1.4383631734621875e-06
0.13 0.34 0 1.5717362237611514e-06
0.13 0.35000000000000003 0 1.8770911795338752e-06
0.13 0.36 0 1.6080320078162868e-06
0.13 0.37 0 1.6357475814010436e-06
0.13 0.38 0 1.727850554126168e-06
0.13 0.39 0 2.275314974530215e-06
0.13 0.4 0 1.9474666670236846e-06
0.13 0.41000000000000003 0 2.6417430446689374e-06
0.13 0.42 0 1.93480714400158e-06
0.13 0.43 0 7.694963264477058e-07
0.13 0.44 0 1.499055538746398e-06
0.13 0.45 0 1.2960219840755827e-06
0.13 0.46 0 7.997731664948277e-07
0.13 0.47000000000000003 0 7.55794707074872e-07
0.13 0.48 0 8.983035403588112e-07
0.13 0.49 0 7.537007360496106e-07
0.13 0.5 0 8.528940510917925e-07
0.14 0.0 0 2.5662006579811584e-07
0.14 0.01 0 4.5633991719490444e-07
0.14 0.02 0 4.919413030742491e-07
0.14 0.03 0 4.187327675092044e-07
0.14 0.04 0 3.210455871043416e-07
0.14 0.05 0 3.479669585633389e-07
0.14 0.06 0 2.664240827349604e-07
0.14 0.07 0 3.6530126494823417e-07
0.14 0.08 0 6.701585741315291e-07
0.14 0.09 0 5.594073544514741e-07
0.14 0.1 0 8.780314038260228e-07
0.14 0.11 0 8.995704361940836e-07
0.14 0.12 0 1.0185142950210015e-06
0.14 0.13 0 1.4239828251862093e-06
0.14 0.14 0 1.8718351416414088e-06
0.14 0.15 0 2.292668506849085e-06
0.14 0.16 0 3.049536018178821e-06
0.14 0.17 0 3.673521712333207e-06
0.14 0.18 0 3.598789178539144e-06
0.14 0.19 0 2.5240823253988384e-06
0.14 0.2 0 1.7358601095632653e-06
0.14 0.21 0 1.3758377701125533e-06
0.14 0.22 0 1.412026397598921e-06
0.14 0.23 0 7.343694980721672e-07
0.14 0.24 0 8.521699193482421e-07
0.14 0.25 0 9.887592332993135e-07
0.14 0.26 0 1.1450556231027721e-06
0.14 0.27 0 1.2889818646786e-06
0.14 0.28 0 1.2325854400713415e-06
0.14 0.29 0 1.5454724988479505e-06
0.14 0.3 0 2.1180234408778033e-06
0.14 0.31 0 1.4062605962922024e-06
0.14 0.32 0 1.2142781859545158e-06
0.14 0.33 0 1.4451679520969626e-06
0.14 0.34 0 1.254294316101517e-06
0.14 0.35000000000000003 0 8.606400914813992e-07
0.14 0.36 0 8.976900226600451e-07
0.14 0.37 0 1.766467682780857e-06
0.14 0.38 0 1.6048146393760826e-06
0.14 0.39 0 1.3125977667784814e-06
0.14 0.4 0 1.6535357450808157e-06
0.14 0.41000000000000003 0 2.54011835846308e-06
0.14 0.42 0 1.661407542249841e-06
0.14 0.43 0 1.3775761056282168e-06
0.14 0.44 0 1.3650562844361801e-06
0.14 0.45 0 4.3798628298740016e-07
0.14 0.46 0 5.644748843046897e-07
0.14 0.47000000000000003 0 6.127338525173322e-07
0.14 0.48 0 5.249492807878433e-07
0.14 0.49 0 3.8639238028076083e-07
0.14 0.5 0 7.42220941170625e-07
0.15 0.0 0 2.407394617839202e-07
0.15 0.01 0 4.173505476949041e-07
0.15 0.02 0 4.565181030813048e-07
0.15 0.03 0 7.082158942812477e-07
0.15 0.04 0 8.187855369307212e-07
0.15 0.05 0 6.650934439952508e-07
0.15 0.06 0 5.294181037913116e-07
0.15 0.07 0 4.607704075203009e-07
0.15 0.08 0 3.358659275306206e-07
0.15 0.09 0 4.0099389724395655e-07
0.15 0.1 0 6.698280635602377e-07
0.15 0.11 0 6.562816012050004e-07
0.15 0.12 0 1.0488853254459214e-06
0.15 0.13 0 2.816721603035556e-06
0.15 0.14 0 3.545522106495084e-06
0.15 0.15 0 2.8534794916607006e-06
0.15 0.16 0 2.7637495154914054e-06
0.15 0.17 0 1.9997826796529966e-06
0.15 0.18 0 2.4062835754671386e-06
0.15 0.19 0 2.5949185843800383e-06
0.15 0.2 0 2.4849882217524967e-06
0.15 0.21 0 2.19399181578332e-06
0.15 0.22 0 1.3351084755190894e-06
0.15 0.23 0 1.1357343291943112e-06
0.15 0.24 0 1.1279435651564775e-06
0.15 0.25 0 8.749632854088433e-07
0.15 0.26 0 9.223865777223805e-07
0.15 0.27 0 5.345361882561562e-07
0.15 0.28 0 5.427030107425096e-07
0.15 0.29 0 7.068395096510383e-07
0.15 0.3 0 9.788291185300605e-07
0.15 0.31 0 9.891772893696188e-07
0.15 0.32 0 7.297609535022336e-07
0.15 0.33 0 9.650806521035438e-07
0.15 0.34 0 7.065555439114401e-07
0.15 0.35000000000000003 0 9.658016841212688e-07
0.15 0.36 0 1.0763144438928201e-06
0.15 0.37 0 1.6266283950915477e-06
0.15 0.38 0 1.2474883945820452e-06
0.15 0.39 0 1.4232537104744532e-06
0.15 0.4 0 3.0629285077858633e-06
0.15 0.41000000000000003 0 2.072707331293157e-06
0.15 0.42 0 1.6513840570763059e-06
0.15 0.43 0 3.048247874639416e-06
0.15 0.44 0 2.3669945863917074e-06
0.15 0.45 0 1.6166520228242557e-06
0.15 0.46 0 1.9334187440268393e-06
0.15 0.47000000000000003 0 1.1633007350653733e-06
0.15 0.48 0 1.1296366288717716e-06
0.15 0.49 0 7.801889187401227e-07
0.15 0.5 0 7.777591603891524e-07
0.16 0.0 0 3.2740553714730533e-07
0.16 0.01 0 5.991133493288517e-07
0.16 0.02 0 5.490426298244843e-07
0.16 0.03 0 7.230005886405317e-07
0.16 0.04 0 4.127070563858657e-07
0.16 0.05 0 1.9688342710914617e-07
0.16 0.06 0 2.1374227963382603e-07
0.16 0.07 0 1.7113752567859486e-07
0.16 0.08 0 2.242968058036462e-07
0.16 0.09 0 2.3295972077814808e-07
0.16 0.1 0 1.8708010396533077e-07
0.16 0.11 0 2.7518448943863674e-07
0.16 0.12 0 4.694076329688902e-07
0.16 0.13 0 7.064380675018729e-07
0.16 0.14 0 1.231047109104374e-06
0.16 0.15 0 1.9820147555103197e-06
0.16 0.16 0 1.5243858152858705e-06
0.16 0.17 0 1.506935242605198e-06
0.16 0.18 0 2.478425829850937e-06
0.16 0.19 0 1.6739686035509082e-06
0.16 0.2 0 1.8221696133333628e-06
0.16 0.21 0 1.8241482995756313e-06
0.16 0.22 0 2.0501043201993124e-06
0.16 0.23 0 2.5604588604797473e-06
0.16 0.24 0 1.954896958933857e-06
0.16 0.25 0 1.6398658567691273e-06
0.16 0.26 0 2.0625423652078627e-06
0.16 0.27 0 1.6639938232485142e-06
0.16 0.28 0 1.7210799761106658e-06
0.16 0.29 0 2.3791564900461645e-06
0.16 0.3 0 2.2289739494246104e-06
0.16 0.31 0 2.6082923656224606e-06
0.16 0.32 0 2.9380411558068353e-06
0.16 0.33 0 3.7879897727052068e-06
0.16 0.34 0 2.5489242782793464e-06
0.16 0.35000000000000003 0 3.4263278791268103e-06
0.16 0.36 0 3.3521306514103883e-06
0.16 0.37 0 3.3319019103215013e-06
0.16 0.38 0 1.766742812422707e-06
0.16 0.39 0 2.67074983690689e-06
0.16 0.4 0 2.2390667427327006e-06
0.16 0.41000000000000003 0 1.50901863026648e-06
0.16 0.42 0 1.6878825340578015e-06
0.16 0.43 0 2.052518274553016e-06
0.16 0.44 0 1.434037054739319e-06
0.16 0.45 0 8.871401004916508e-07
0.16 0.46 0 8.577774812857747e-07
0.16 0.47000000000000003 0 6.799186184554402e-07
0.16 0.48 0 8.70090641050667e-07
0.16 0.49 0 6.003567673865391e-07
0.16 0.5 0 6.798652368355185e-07
0.17 0.0 0 2.825765251722254e-07
0.17 0.01 0 3.634125420964605e-07
0.17 0.02 0 4.442480192595008e-07
0.17 0.03 0 4.6517340993107075e-07
0.17 0.04 0 4.484118614288851e-07
0.17 0.05 0 5.346185265454266e-07
0.17 0.06 0 4.762330963313887e-07
0.17 0.07 0 2.699438749950369e-07
0.17 0.08 0 2.3451918869030242e-07
0.17 0.09 0 2.7862102511812573e-07
0.17 0.1 0 2.927873782398189e-07
0.17 0.11 0 2.4330479742426996e-07
0.17 0.12 0 3.149069975623787e-07
0.17 0.13 0 3.81715800848703e-07
0.17 0.14 0 6.560983067225816e-07
0.17 0.15 0 5.805730970633589e-07
0.17 0.16 0 9.458047855439684e-07
0.17 0.17 0 1.5565474774460533e-06
0.17 0.18 0 1.0913706552206578e-06
0.17 0.19 0 1.4193859989968269e-06
0.17 0.2 0 3.1902649383125516e-06
0.17 0.21 0 2.7093733441367426e-06
0.17 0.22 0 2.358596125900151e-06
0.17 0.23 0 1.9139402919079238e-06
0.17 0.24 0 3.038311812664195e-06
0.17 0.25 0 3.032704748201285e-06
0.17 0.26 0 3.1540853462357432e-06
0.17 0.27 0 2.5556229443296686e-06
0.17 0.28 0 3.08913471134261e-06
0.17 0.29 0 3.738622485589515e-06
0.17 0.3 0 1.978520674685054e-06
0.17 0.31 0 2.2678865909529635e-06
0.17 0.32 0 2.482074581698805e-06
0.17 0.33 0 3.384987540416691e-06
0.17 0.34 0 1.4906436000351846e-06
0.17 0.35000000000000003 0 1.6297433107007874e-06
0.17 0.36 0 2.7724954440543174e-06
0.17 0.37 0 2.3308436472884116e-06
0.17 0.38 0 1.2280298653419408e-06
0.17 0.39 0 2.0343880945277733e-06
0.17 0.4 0 1.5531623291695155e-06
0.17 0.41000000000000003 0 1.3188910775582183e-06
0.17 0.42 0 1.1333923128323902e-06
0.17 0.43 0 1.1145655817517304e-06
0.17 0.44 0 1.3568738554463686e-06
0.17 0.45 0 1.1441397744790751e-06
0.17 0.46 0 9.261226475606396e-07
0.17 0.47000000000000003 0 1.0166341202089739e-06
0.17 0.48 0 1.4916615167348851e-06
0.17 0.49 0 1.570257326439212e-06
0.17 0.5 0 1.8598656049246473e-06
0.18 0.0 0 5.473774290226857e-07
0.18 0.01 0 3.53757356128925e-07
0.18 0.02 0 4.75372517812481e-07
0.18 0.03 0 6.052859358089487e-07
0.18 0.04 0 7.738769358194746e-07
0.18 0.05 0 6.731117989362441e-07
0.18 0.06 0 6.543891529962581e-07
0.18 0.07 0 6.054830333442562e-07
0.18 0.08 0 5.406770226882633e-07
0.18 0.09 0 4.393587643221301e-07
0.18 0.1 0 4.800285026687698e-07
0.18 0.11 0 3.306752516333113e-07
0.18 0.12 0 3.0252899869583287e-07
0.18 0.13 0 5.315671837241871e-07
0.18 0.14 0 8.11185579044452e-07
0.18 0.15 0 7.961509113993244e-07
0.18 0.16 0 1.7959291787081056e-06
0.18 0.17 0 1.9618101102971324e-06
0.18 0.18 0 2.267874049773696e-06
0.18 0.19 0 2.2910286956901e-06
0.18 0.2 0 1.6731887177686898e-06
0.18 0.21 0 1.1847384095161058e-06
0.18 0.22 0 2.1712058020759616e-06
0.18 0.23 0 1.2095670129502875e-06
0.18 0.24 0 1.5595953582571202e-06
0.18 0.25 0 3.222470972082476e-06
0.18 0.26 0 3.1301830733936908e-06
0.18 0.27 0 2.0555055367061123e-06
0.18 0.28 0 2.351624061192751e-06
0.18 0.29 0 2.3676358058599415e-06
0.18 0.3 0 1.5609051754254784e-06
0.18 0.31 0 1.8415691950517067e-06
0.18 0.32 0 2.755352063695646e-06
0.18 0.33 0 2.7636755927681745e-06
0.18 0.34 0 1.425977594614556e-06
0.18 0.35000000000000003 0 1.6043112682862934e-06
0.18 0.36 0 1.176440637311487e-06
0.18 0.37 0 1.0944516578159807e-06
0.18 0.38 0 1.3462602761528287e-06
0.18 0.39 0 2.619839810991518e-06
0.18 0.4 0 1.957564898050377e-06
0.18 0.41000000000000003 0 1.90995221865804e-06
0.18 0.42 0 2.311914114449784e-06
0.18 0.43 0 1.5437557425156558e-06
0.18 0.44 0 1.2225953075641222e-06
0.18 0.45 0 8.206102501392499e-07
0.18 0.46 0 1.2445701794278624e-06
0.18 0.47000000000000003 0 1.231995075142856e-06
0.18 0.48 0 1.1625492103154453e-06
0.18 0.49 0 1.6239243329682794e-06
0.18 0.5 0 1.1340651824675569e-06
0.19 0.0 0 3.0854407534293515e-07
0.19 0.01 0 4.3146754616849897e-07
0.19 0.02 0 6.349734177796755e-07
0.19 0.03 0 5.223600467820369e-07
0.19 0.04 0 5.722961510919197e-07
0.19 0.05 0 1.1653505430305713e-06
0.19 0.06 0 9.18996398375731e-07
0.19 0.07 0 4.347835222766525e-07
0.19 0.08 0 4.282287687204054e-07
0.19 0.09 0 4.204449419171097e-07
0.19 0.1 0 3.3284050486615343e-07
0.19 0.11 0 1.953935275963196e-07
0.19 0.12 0 2.859824656062218e-07
0.19 0.13 0 3.966610364739416e-07
0.19 0.14 0 3.615562395139594e-07
0.19 0.15 0 6.392494679825782e-07
0.19 0.16 0 1.056980254647848e-06
0.19 0.17 0 1.034225199878853e-06
0.19 0.18 0 1.460204903677991e-06
0.19 0.19 0 1.0627776998806808e-06
0.19 0.2 0 1.21333244712908e-06
0.19 0.21 0 1.5170703978981073e-06
0.19 0.22 0 1.706387121045313e-06
0.19 0.23 0 9.812339064242676e-07
0.19 0.24 0 1.5784578748428485e-06
0.19 0.25 0 1.483437722445373e-06
0.19 0.26 0 1.2153646695066448e-06
0.19 0.27 0 1.51976918152145e-06
0.19 0.28 0 2.5996877146660317e-06
0.19 0.29 0 4.015035907824824e-06
0.19 0.3 0 3.887345060683324e-06
0.19 0.31 0 4.332048339446982e-06
0.19 0.32 0 3.713156357966095e-06
0.19 0.33 0 3.093385246580228e-06
0.19 0.34 0 2.843461358955261e-06
0.19 0.35000000000000003 0 4.737321569628024e-06
0.19 0.36 0 3.5817843560624744e-06
0.19 0.37 0 3.279956409101354e-06
0.19 0.38 0 4.319629855097172e-06
0.19 0.39 0 3.691887837532892e-06
0.19 0.4 0 4.085865471936628e-06
0.19 0.41000000000000003 0 4.36253593429593e-06
0.19 0.42 0 4.038950234431048e-06
0.19 0.43 0 4.120502133334213e-06
0.19 0.44 0 4.2576964252514536e-06
0.19 0.45 0 3.1149224364267916e-06
0.19 0.46 0 2.229506797770411e-06
0.19 0.47000000000000003 0 1.1761534047055448e-06
0.19 0.48 0 1.2519802934766375e-06
0.19 0.49 0 1.2804243616620988e-06
0.19 0.5 0 1.8439430685698245e-06
0.2 0.0 0 3.3543731240149106e-07
0.2 0.01 0 4.259777529177671e-07
0.2 0.02 0 5.976844347348679e-07
0.2 0.03 0 7.283310554739393e-07
0.2 0.04 0 6.326723892197447e-07
0.2 0.05 0 5.484151065488413e-07
0.2 0.06 0 6.10613911203554e-07
0.2 0.07 0 3.9120035359301604e-07
0.2 0.08 0 2.2733402676497396e-07
0.2 0.09 0 2.521296784247625e-07
0.2 0.1 0 2.1204389982039124e-07
0.2 0.11 0 2.029003627455213e-07
0.2 0.12 0 1.7974582259884575e-07
0.2 0.13 0 2.0687129138243055e-07
0.2 0.14 0 2.2098719619525233e-07
0.2 0.15 0 2.7682289662818794e-07
0.2 0.16 0 2.778354855661273e-07
0.2 0.17 0 4.1045346218226676e-07
0.2 0.18 0 1.0139390857312653e-06
0.2 0.19 0 7.199605261152497e-07
0.2 0.2 0 1.0745927664380093e-06
0.2 0.21 0 1.398526364378688e-06
0.2 0.22 0 1.012199184633945e-06
0.2 0.23 0 1.3694011432142428e-06
0.2 0.24 0 1.5343192145288523e-06
0.2 0.25 0 1.0907863864845369e-06
0.2 0.26 0 1.3231962280519167e-06
0.2 0.27 0 2.4917526286698317e-06
0.2 0.28 0 4.190343220110933e-06
0.2 0.29 0 3.303655219985831e-06
0.2 0.3 0 2.896389652042494e-06
0.2 0.31 0 5.102561904725594e-06
0.2 0.32 0 6.6152995790693215e-06
0.2 0.33 0 6.151923273799804e-06
0.2 0.34 0 4.726620874368623e-06
0.2 0.35000000000000003 0 9.02531205470235e-06
0.2 0.36 0 5.469653943158464e-06
0.2 0.37 0 3.829045127164505e-06
0.2 0.38 0 6.051756467826337e-06
0.2 0.39 0 8.54510567571563e-06
0.2 0.4 0 9.260975171973275e-06
0.2 0.41000000000000003 0 4.90324007762147e-06
0.2 0.42 0 6.560252514504713e-06
0.2 0.43 0 6.28333267983651e-06
0.2 0.44 0 4.911160066195988e-06
0.2 0.45 0 3.392809142701743e-06
0.2 0.46 0 1.751269230344998e-06
0.2 0.47000000000000003 0 1.5261117150023295e-06
0.2 0.48 0 1.9425244597105572e-06
0.2 0.49 0 1.3374637782929627e-06
0.2 0.5 0 1.3769569285160158e-06
0.21 0.0 0 5.571985477745448e-07
0.21 0.01 0 9.554766272585676e-07
0.21 0.02 0 9.128917929175138e-07
0.21 0.03 0 8.122145214739976e-07
0.21 0.04 0 9.208756737033872e-07
0.21 0.05 0 9.826079880873455e-07
0.21 0.06 0 7.215257823284246e-07
0.21 0.07 0 6.688261059647782e-07
0.21 0.08 0 8.628442925427136e-07
0.21 0.09 0 7.611173957344347e-07
0.21 0.1 0 4.2110965293636295e-07
0.21 0.11 0 5.343703494171052e-07
0.21 0.12 0 4.511932055548118e-07
0.21 0.13 0 3.666574269174866e-07
0.21 0.14 0 3.836770409970108e-07
0.21 0.15 0 7.010772412990327e-07
0.21 0.16 0 8.919078652206158e-07
0.21 0.17 0 1.1366327256864148e-06
0.21 0.18 0 1.1948128335999058e-06
0.21 0.19 0 1.7169401050103642e-06
0.21 0.2 0 3.400830838926213e-06
0.21 0.21 0 2.9274415494704154e-06
0.21 0.22 0 2.228270516735864e-06
0.21 0.23 0 1.4640907363698186e-06
0.21 0.24 0 1.2589565098897935e-06
0.21 0.25 0 1.6772673836329112e-06
0.21 0.26 0 1.4943029267424983e-06
0.21 0.27 0 1.8767431595995415e-06
0.21 0.28 0 3.3197499463134054e-06
0.21 0.29 0 4.337679205008974e-06
0.21 0.3 0 2.8307541508844883e-06
0.21 0.31 0 4.871211799043956e-06
0.21 0.32 0 4.304847921770901e-06
0.21 0.33 0 3.441188943758016e-06
0.21 0.34 0 3.2364153217172786e-06
0.21 0.35000000000000003 0 2.6144466624257103e-06
0.21 0.36 0 2.8107761452956353e-06
0.21 0.37 0 3.6107969825460394e-06
0.21 0.38 0 3.017344770679401e-06
0.21 0.39 0 2.321217887803592e-06
0.21 0.4 0 2.9169503010419233e-06
0.21 0.41000000000000003 0 4.24254849208826e-06
0.21 0.42 0 3.442316281843216e-06
0.21 0.43 0 2.8417735922912514e-06
0.21 0.44 0 4.523791696202971e-06
0.21 0.45 0 4.057898521192383e-06
0.21 0.46 0 2.6326388380386743e-06
0.21 0.47000000000000003 0 2.7427220235543534e-06
0.21 0.48 0 3.725861160367546e-06
0.21 0.49 0 2.564319833166773e-06
0.21 0.5 0 2.2885894085196824e-06
0.22 0.0 0 7.100339845272784e-07
0.22 0.01 0 7.07124712113102e-07
0.22 0.02 0 9.008800182167265e-07
0.22 0.03 0 7.749074464516041e-07
0.22 0.04 0 1.42870970562831e-06
0.22 0.05 0 1.9867269484305505e-06
0.22 0.06 0 1.2608170944135668e-06
0.22 0.07 0 1.8001628075058076e-06
0.22 0.08 0 2.6288359064746334e-06
0.22 0.09 0 3.1732238976937015e-06
0.22 0.1 0 1.619176731694935e-06
0.22 0.11 0 1.5047027945150383e-06
0.22 0.12 0 1.1786629538123813e-06
0.22 0.13 0 1.0592323635938029e-06
0.22 0.14 0 9.327498078217472e-07
0.22 0.15 0 6.006427087141042e-07
0.22 0.16 0 9.447866900739657e-07
0.22 0.17 0 1.5500163330821362e-06
0.22 0.18 0 1.1234439005444833e-06
0.22 0.19 0 1.7067351752656678e-06
0.22 0.2 0 2.24886210400268e-06
0.22 0.21 0 1.735354993131261e-06
0.22 0.22 0 1.2264842470574273e-06
0.22 0.23 0 1.6574998422170616e-06
0.22 0.24 0 3.692984842285633e-06
0.22 0.25 0 3.1143395146731756e-06
0.22 0.26 0 2.1881020306770197e-06
0.22 0.27 0 4.011730788977133e-06
0.22 0.28 0 5.347861725207743e-06
0.22 0.29 0 3.858349998750977e-06
0.22 0.3 0 4.1297631687914185e-06
0.22 0.31 0 8.21610874102565e-06
0.22 0.32 0 4.095878801417821e-06
0.22 0.33 0 3.3056957222764333e-06
0.22 0.34 0 3.5566081637397707e-06
0.22 0.35000000000000003 0 2.1556400031668648e-06
0.22 0.36 0 1.694675800314623e-06
0.22 0.37 0 1.9990593816200137e-06
0.22 0.38 0 2.990271531573608e-06
0.22 0.39 0 2.909057540593316e-06
0.22 0.4 0 3.196563036896306e-06
0.22 0.41000000000000003 0 2.643706753834379e-06
0.22 0.42 0 1.7666407822390012e-06
0.22 0.43 0 1.8056257367027425e-06
0.22 0.44 0 1.9968235233644495e-06
0.22 0.45 0 1.6582418560297216e-06
0.22 0.46 0 2.0559826251757194e-06
0.22 0.47000000000000003 0 2.724264182387348e-06
0.22 0.48 0 1.5872330776254028e-06
0.22 0.49 0 1.8795672373356593e-06
0.22 0.5 0 1.6649683398143216e-06
0.23 0.0 0 2.948973867292264e-07
0.23 0.01 0 3.4179839313970336e-07
0.23 0.02 0 4.070085691734977e-07
0.23 0.03 0 5.555833601794252e-07
0.23 0.04 0 1.1340754028268204e-06
0.23 0.05 0 1.853083621351979e-06
0.23 0.06 0 2.1136878788644607e-06
0.23 0.07 0 2.3895241548203598e-06
0.23 0.08 0 1.9555920147393585e-06
0.23 0.09 0 1.8830743438377529e-06
0.23 0.1 0 1.550881206844256e-06
0.23 0.11 0 1.3176333717327215e-06
0.23 0.12 0 1.0057320264480771e-06
0.23 0.13 0 1.2480379200491898e-06
0.23 0.14 0 7.899887306640976e-07
0.23 0.15 0 6.80086377667914e-07
0.23 0.16 0 9.704036232914045e-07
0.23 0.17 0 1.780047628460403e-06
0.23 0.18 0 2.344143830274184e-06
0.23 0.19 0 1.644656431446008e-06
0.23 0.2 0 2.0218115899195448e-06
0.23 0.21 0 2.8591040275428996e-06
0.23 0.22 0 2.4114509625674904e-06
0.23 0.23 0 1.3614483998309274e-06
0.23 0.24 0 1.2212539444786971e-06
0.23 0.25 0 1.149998112338851e-06
0.23 0.26 0 1.1387572276996983e-06
0.23 0.27 0 1.7484780411036683e-06
0.23 0.28 0 1.6757372939796075e-06
0.23 0.29 0 2.9424135170343012e-06
0.23 0.3 0 4.213656186453113e-06
0.23 0.31 0 1.6965536437563675e-06
0.23 0.32 0 1.5061452349729768e-06
0.23 0.33 0 2.0392145018326654e-06
0.23 0.34 0 1.907896091916058e-06
0.23 0.35000000000000003 0 1.3918108719806356e-06
0.23 0.36 0 2.075169258412091e-06
0.23 0.37 0 2.2619961196519957e-06
0.23 0.38 0 2.872104886302896e-06
0.23 0.39 0 3.708506573188164e-06
0.23 0.4 0 4.143916028321148e-06
0.23 0.41000000000000003 0 2.602186413187094e-06
0.23 0.42 0 2.097310332059735e-06
0.23 0.43 0 1.7122004064952384e-06
0.23 0.44 0 1.4806838679122823e-06
0.23 0.45 0 1.252429679841415e-06
0.23 0.46 0 1.293039755126426e-06
0.23 0.47000000000000003 0 1.0073645556114019e-06
0.23 0.48 0 4.306583742665042e-07
0.23 0.49 0 4.546640667542478e-07
0.23 0.5 0 4.6143418514737654e-07
0.24 0.0 0 2.1464690484334862e-07
0.24 0.01 0 3.7340253482472875e-07
0.24 0.02 0 4.77875651960731e-07
0.24 0.03 0 5.357223556631351e-07
0.24 0.04 0 8.739157608299499e-07
0.24 0.05 0 1.756793292903249e-06
0.24 0.06 0 1.264779243034945e-06
0.24 0.07 0 1.3990714470129524e-06
0.24 0.08 0 1.2435437779003009e-06
0.24 0.09 0 1.5597598657327596e-06
0.24 0.1 0 1.745841348165983e-06
0.24 0.11 0 1.7013370126367015e-06
0.24 0.12 0 1.391700867064337e-06
0.24 0.13 0 1.2513240260758204e-06
0.24 0.14 0 8.104379691522033e-07
0.24 0.15 0 1.0573635862952753e-06
0.24 0.16 0 9.923404915430142e-07
0.24 0.17 0 1.0414096238552563e-06
0.24 0.18 0 1.4838491513556179e-06
0.24 0.19 0 2.0033588019896522e-06
0.24 0.2 0 2.293566398023732e-06
0.24 0.21 0 1.704287351780651e-06
0.24 0.22 0 2.0630883937264133e-06
0.24 0.23 0 3.3961152536712894e-06
0.24 0.24 0 2.069105053549136e-06
0.24 0.25 0 9.112408806061279e-07
0.24 0.26 0 1.388881895407891e-06
0.24 0.27 0 2.6040933221739224e-06
0.24 0.28 0 2.4362985577442472e-06
0.24 0.29 0 2.086509432819528e-06
0.24 0.3 0 2.6543129551463828e-06
0.24 0.31 0 1.5092188387943568e-06
0.24 0.32 0 9.513964225361414e-07
0.24 0.33 0 6.2957569196474e-07
0.24 0.34 0 8.032500275108721e-07
0.24 0.35000000000000003 0 7.325969824644915e-07
0.24 0.36 0 6.649631081813363e-07
0.24 0.37 0 5.326975711091331e-07
0.24 0.38 0 1.2615620269961444e-06
0.24 0.39 0 1.5641602083257397e-06
0.24 0.4 0 2.7998234584044125e-06
0.24 0.41000000000000003 0 2.047258122805941e-06
0.24 0.42 0 2.4088006356914076e-06
0.24 0.43 0 2.4623953475461174e-06
0.24 0.44 0 1.8138538086967196e-06
0.24 0.45 0 1.5970988195940661e-06
0.24 0.46 0 8.426464041021603e-07
0.24 0.47000000000000003 0 8.961826180657641e-07
0.24 0.48 0 9.194415788367963e-07
0.24 0.49 0 1.0998282703578925e-06
0.24 0.5 0 1.552514361860548e-06
0.25 0.0 0 3.226725859713906e-07
0.25 0.01 0 4.2546002193779573e-07
0.25 0.02 0 4.6826565511338686e-07
0.25 0.03 0 8.126479093136564e-07
0.25 0.04 0 9.115518115317711e-07
0.25 0.05 0 8.83689433695524e-07
0.25 0.06 0 1.0734648704976547e-06
0.25 0.07 0 1.7688493899931822e-06
0.25 0.08 0 9.70378527016691e-07
0.25 0.09 0 1.0111550611430354e-06
0.25 0.1 0 1.1478188677519878e-06
0.25 0.11 0 1.7235329408054391e-06
0.25 0.12 0 9.84978199612088e-07
0.25 0.13 0 1.272265751534103e-06
0.25 0.14 0 9.162619980222849e-07
0.25 0.15 0 7.424629514683858e-07
0.25 0.16 0 7.641199116139238e-07
0.25 0.17 0 1.08400978979502e-06
0.25 0.18 0 1.1935440688707355e-06
0.25 0.19 0 1.4396099889210835e-06
0.25 0.2 0 1.7493721400303819e-06
0.25 0.21 0 1.0034906124344574e-06
0.25 0.22 0 7.459698212994619e-07
0.25 0.23 0 1.0251364690124958e-06
0.25 0.24 0 6.792854241144699e-07
0.25 0.25 0 9.037956232378324e-07
0.25 0.26 0 1.259348092590071e-06
0.25 0.27 0 1.1850911706618993e-06
0.25 0.28 0 1.4876315547231748e-06
0.25 0.29 0 1.20768148005481e-06
0.25 0.3 0 1.1100609700016435e-06
0.25 0.31 0 7.921254208564414e-07
0.25 0.32 0 9.447604349340922e-07
0.25 0.33 0 5.511918989019988e-07
0.25 0.34 0 6.79154118231212e-07
0.25 0.35000000000000003 0 7.103662119868287e-07
0.25 0.36 0 9.142178924485533e-07
0.25 0.37 0 6.684022122394773e-07
0.25 0.38 0 8.583627705498576e-07
0.25 0.39 0 1.186403637168543e-06
0.25 0.4 0 2.622302797054907e-06
0.25 0.41000000000000003 0 2.022009233941376e-06
0.25 0.42 0 2.7295147646270382e-06
0.25 0.43 0 3.065742959252602e-06
0.25 0.44 0 2.3460795366891513e-06
0.25 0.45 0 2.5288539816693808e-06
0.25 0.46 0 3.720969658383781e-06
0.25 0.47000000000000003 0 3.911250601303826e-06
0.25 0.48 0 1.7158794515114703e-06
0.25 0.49 0 2.026376309816453e-06
0.25 0.5 0 2.399678861979216e-06
0.26 0.0 0 7.660908338214243e-07
0.26 0.01 0 5.262473013166681e-07
0.26 0.02 0 4.3167373384013703e-07
0.26 0.03 0 7.761791321796005e-07
0.26 0.04 0 4.4015653520568816e-07
0.26 0.05 0 3.503400318241634e-07
0.26 0.06 0 3.929603908539124e-07
0.26 0.07 0 8.017740477027853e-07
0.26 0.08 0 7.053807261927804e-07
0.26 0.09 0 8.652952569634337e-07
0.26 0.1 0 3.4684387366425183e-07
0.26 0.11 0 3.351492891005978e-07
0.26 0.12 0 3.485666850478775e-07
0.26 0.13 0 3.2973968449570047e-07
0.26 0.14 0 2.482324737293457e-07
0.26 0.15 0 4.455965692798608e-07
0.26 0.16 0 4.577403094905391e-07
0.26 0.17 0 3.364688918627434e-07
0.26 0.18 0 2.692343044589563e-07
0.26 0.19 0 6.203459587213282e-07
0.26 0.2 0 4.420949688220308e-07
0.26 0.21 0 3.371968459445568e-07
0.26 0.22 0 5.038090840063426e-07
0.26 0.23 0 9.271891776048838e-07
0.26 0.24 0 1.35667008596203e-06
0.26 0.25 0 1.4233499273270487e-06
0.26 0.26 0 1.0842799406193632e-06
0.26 0.27 0 8.775004005008974e-07
0.26 0.28 0 1.2607203414418277e-06
0.26 0.29 0 1.7360045585843418e-06
0.26 0.3 0 1.3747950958528214e-06
0.26 0.31 0 9.946479122348049e-07
0.26 0.32 0 1.152305120386603e-06
0.26 0.33 0 9.537025380442803e-07
0.26 0.34 0 1.2797844814952137e-06
0.26 0.35000000000000003 0 1.2773764741845994e-06
0.26 0.36 0 3.530295076331112e-06
0.26 0.37 0 2.430619709472743e-06
0.26 0.38 0 3.1261319052367788e-06
0.26 0.39 0 3.912944369758996e-06
0.26 0.4 0 4.992732376424201e-06
0.26 0.41000000000000003 0 4.823802648490901e-06
0.26 0.42 0 3.0167096386602887e-06
0.26 0.43 0 3.0308900628472547e-06
0.26 0.44 0 3.4532563502502172e-06
0.26 0.45 0 4.770899324368531e-06
0.26 0.46 0 4.045820876090496e-06
0.26 0.47000000000000003 0 3.59860270821937e-06
0.26 0.48 0 3.7886486999132626e-06
0.26 0.49 0 3.8027145765956797e-06
0.26 0.5 0 2.368398374092769e-06
0.27 0.0 0 5.16899446432039e-07
0.27 0.01 0 3.258161904219406e-07
0.27 0.02 0 4.1735260551655774e-07
0.27 0.03 0 5.294956809231242e-07
0.27 0.04 0 5.231930394369744e-07
0.27 0.05 0 6.685890445432065e-07
0.27 0.06 0 5.347256877881005e-07
0.27 0.07 0 6.573386652800458e-07
0.27 0.08 0 4.867406666154585e-07
0.27 0.09 0 6.376570778536899e-07
0.27 0.1 0 2.932152571955108e-07
0.27 0.11 0 3.9195516898764165e-07
0.27 0.12 0 5.322205071488897e-07
0.27 0.13 0 6.529792686260004e-07
0.27 0.14 0 5.261878187425388e-07
0.27 0.15 0 5.198394027269306e-07
0.27 0.16 0 5.729318401125739e-07
0.27 0.17 0 7.750289714153554e-07
0.27 0.18 0 8.965914288947361e-07
0.27 0.19 0 1.0106982425575225e-06
0.27 0.2 0 8.313218230515032e-07
0.27 0.21 0 1.8156355839920035e-06
0.27 0.22 0 1.7008993962657816e-06
0.27 0.23 0 1.650779498180522e-06
0.27 0.24 0 2.6341239147951764e-06
0.27 0.25 0 3.6585506932124517e-06
0.27 0.26 0 3.4982774767035787e-06
0.27 0.27 0 3.266432860317633e-06
0.27 0.28 0 3.2599134335470798e-06
0.27 0.29 0 2.6915566805880198e-06
0.27 0.3 0 3.4807480185007857e-06
0.27 0.31 0 2.6433876045231634e-06
0.27 0.32 0 2.990417591218674e-06
0.27 0.33 0 3.015428349383261e-06
0.27 0.34 0 4.462665160480847e-06
0.27 0.35000000000000003 0 3.599863127978503e-06
0.27 0.36 0 4.047107840229006e-06
0.27 0.37 0 3.3686995283922953e-06
0.27 0.38 0 4.217441476471328e-06
0.27 0.39 0 2.6325171326555265e-06
0.27 0.4 0 1.8991085511504427e-06
0.27 0.41000000000000003 0 2.7285336374041183e-06
0.27 0.42 0 3.662429769664023e-06
0.27 0.43 0 3.111180698118956e-06
0.27 0.44 0 3.067437823853759e-06
0.27 0.45 0 6.581529180279095e-06
0.27 0.46 0 4.57352338061821e-06
0.27 0.47000000000000003 0 3.0019593511442436e-06
0.27 0.48 0 1.8404127140471638e-06
0.27 0.49 0 2.1456823885194054e-06
0.27 0.5 0 1.1778946323650655e-06
0.28 0.0 0 5.135884542976118e-07
0.28 0.01 0 5.830912183180641e-07
0.28 0.02 0 5.580007399207152e-07
0.28 0.03 0 4.754673744452931e-07
0.28 0.04 0 4.613478180323686e-07
0.28 0.05 0 9.076549179810346e-07
0.28 0.06 0 6.812649077847938e-07
0.28 0.07 0 8.296457832024421e-07
0.28 0.08 0 1.150661786832087e-06
0.28 0.09 0 1.4799860517643756e-06
0.28 0.1 0 1.3269022751584069e-06
0.28 0.11 0 9.072295348287063e-07
0.28 0.12 0 6.430284282154956e-07
0.28 0.13 0 8.833102954628236e-07
0.28 0.14 0 8.94686341304081e-07
0.28 0.15 0 9.97891658003188e-07
0.28 0.16 0 8.301061600767163e-07
0.28 0.17 0 1.275887528655378e-06
0.28 0.18 0 1.5033610290459361e-06
0.28 0.19 0 1.9063720512365416e-06
0.28 0.2 0 2.9422295414287273e-06
0.28 0.21 0 3.2809068552652223e-06
0.28 0.22 0 3.831776686862554e-06
0.28 0.23 0 4.463004228286401e-06
0.28 0.24 0 5.654365639710161e-06
0.28 0.25 0 9.547364774532693e-06
0.28 0.26 0 9.890018152451151e-06
0.28 0.27 0 6.39174039991349e-06
0.28 0.28 0 5.466362236212739e-06
0.28 0.29 0 5.252311325471685e-06
0.28 0.3 0 4.460048674814451e-06
0.28 0.31 0 2.1945931588772967e-06
0.28 0.32 0 3.5533254605902384e-06
0.28 0.33 0 2.6033769625071165e-06
0.28 0.34 0 4.408660743193082e-06
0.28 0.35000000000000003 0 4.165831160232474e-06
0.28 0.36 0 4.772715580555825e-06
0.28 0.37 0 4.030683059540251e-06
0.28 0.38 0 3.208802089646235e-06
0.28 0.39 0 2.53922039102226e-06
0.28 0.4 0 2.7301115646575686e-06
0.28 0.41000000000000003 0 2.8245008009944406e-06
0.28 0.42 0 2.3552958654187077e-06
0.28 0.43 0 2.437229246019943e-06
0.28 0.44 0 2.05736306345114e-06
0.28 0.45 0 2.428519674300189e-06
0.28 0.46 0 1.8850975752892257e-06
0.28 0.47000000000000003 0 2.065915088164328e-06
0.28 0.48 0 1.2395074369923616e-06
0.28 0.49 0 1.2627819617760369e-06
0.28 0.5 0 1.20992189102338e-06
0.29 0.0 0 2.9414264289457475e-07
0.29 0.01 0 3.497697503460179e-07
0.29 0.02 0 6.189780497214318e-07
0.29 0.03 0 7.831187237359524e-07
0.29 0.04 0 4.828859891173527e-07
0.29 0.05 0 7.189548632809391e-07
0.29 0.06 0 8.512197750128338e-07
0.29 0.07 0 1.0824763410546519e-06
0.29 0.08 0 9.997453687563945e-07
0.29 0.09 0 1.6044353177928107e-06
0.29 0.1 0 2.2822011060292298e-06
0.29 0.11 0 2.1806070849727273e-06
0.29 0.12 0 1.7506283078294857e-06
0.29 0.13 0 1.5396913304333998e-06
0.29 0.14 0 1.5245540665873312e-06
0.29 0.15 0 1.2519612281359357e-06
0.29 0.16 0 9.01803839528792e-07
0.29 0.17 0 1.5440610493511822e-06
0.29 0.18 0 3.202035173500993e-06
0.29 0.19 0 3.7616728533071117e-06
0.29 0.2 0 2.462680966385905e-06
0.29 0.21 0 2.0553984110962963e-06
0.29 0.22 0 2.582209165704303e-06
0.29 0.23 0 2.480273178806579e-06
0.29 0.24 0 1.9227668886797437e-06
0.29 0.25 0 2.6281772492620216e-06
0.29 0.26 0 3.974497525443263e-06
0.29 0.27 0 3.204094285497263e-06
0.29 0.28 0 4.144067560787882e-06
0.29 0.29 0 3.362797027647293e-06
0.29 0.3 0 5.918483198531136e-06
0.29 0.31 0 4.348523163909238e-06
0.29 0.32 0 3.5833076951328937e-06
0.29 0.33 0 2.429036437284252e-06
0.29 0.34 0 4.95325553133954e-06
0.29 0.35000000000000003 0 4.118952270546902e-06
0.29 0.36 0 2.9249645059584303e-06
0.29 0.37 0 2.6522721714921972e-06
0.29 0.38 0 2.7742139413445613e-06
0.29 0.39 0 1.5220224072709843e-06
0.29 0.4 0 1.9519579337502627e-06
0.29 0.41000000000000003 0 2.776714244801354e-06
0.29 0.42 0 2.6162246870433057e-06
0.29 0.43 0 1.8689387950594416e-06
0.29 0.44 0 1.5315829479988724e-06
0.29 0.45 0 1.932495551769161e-06
0.29 0.46 0 1.149867798282916e-06
0.29 0.47000000000000003 0 1.463110873832632e-06
0.29 0.48 0 1.0574399511765964e-06
0.29 0.49 0 1.0852918860818433e-06
0.29 0.5 0 1.332523641745964e-06
0.3 0.0 0 3.6797728344288e-07
0.3 0.01 0 4.3486858807451337e-07
0.3 0.02 0 2.6189729534303846e-07
0.3 0.03 0 2.9347864677999015e-07
0.3 0.04 0 2.7318990961522413e-07
0.3 0.05 0 3.2518947408066333e-07
0.3 0.06 0 4.787299491736885e-07
0.3 0.07 0 7.917635635631347e-07
0.3 0.08 0 8.982087895395588e-07
0.3 0.09 0 8.296078025784413e-07
0.3 0.1 0 6.553699997825028e-07
0.3 0.11 0 6.913402667362274e-07
0.3 0.12 0 4.774209557005338e-07
0.3 0.13 0 4.242629599627012e-07
0.3 0.14 0 5.132724660892641e-07
0.3 0.15 0 8.160798184008526e-07
0.3 0.16 0 9.515782295518265e-07
0.3 0.17 0 1.1684589344652492e-06
0.3 0.18 0 1.805426176209202e-06
0.3 0.19 0 2.241629912445918e-06
0.3 0.2 0 2.125419633990487e-06
0.3 0.21 0 2.4301780203305567e-06
0.3 0.22 0 2.2969676200574263e-06
0.3 0.23 0 2.9082435607195765e-06
0.3 0.24 0 5.096355686796388e-06
0.3 0.25 0 4.862864564200597e-06
0.3 0.26 0 3.2606164073034725e-06
0.3 0.27 0 3.0025939735591886e-06
0.3 0.28 0 3.268286635505442e-06
0.3 0.29 0 2.1831980612857717e-06
0.3 0.3 0 3.348240427529623e-06
0.3 0.31 0 1.781805518984816e-06
0.3 0.32 0 1.5827547863390027e-06
0.3 0.33 0 1.4804758616714875e-06
0.3 0.34 0 1.7652372472612872e-06
0.3 0.35000000000000003 0 1.1662518833681798e-06
0.3 0.36 0 1.8073703117723223e-06
0.3 0.37 0 1.2945560394087488e-06
0.3 0.38 0 9.276567732096962e-07
0.3 0.39 0 1.339457268948195e-06
0.3 0.4 0 1.8476094302671125e-06
0.3 0.41000000000000003 0 1.5623575567751108e-06
0.3 0.42 0 1.0264255719650936e-06
0.3 0.43 0 1.2051754462358063e-06
0.3 0.44 0 1.382214562913768e-06
0.3 0.45 0 1.3936408023901312e-06
0.3 0.46 0 1.5703949551816359e-06
0.3 0.47000000000000003 0 1.5278048996170013e-06
0.3 0.48 0 1.1081054097046116e-06
0.3 0.49 0 7.77357680894098e-07
0.3 0.5 0 6.938092337730938e-07
#STOP
