#MEDIUM_PROPERTIES_DISTRIBUTED
$MSH_TYPE
	 GROUNDWATER_FLOW	
$MMP_TYPE
	 PERMEABILITY	
$DIS_TYPE
	 NEAREST_VALUE	
;hj
$CONVERSION_FACTOR
	 1.0	
$DATA
0.0 0.0 0 8.110217802829099e-06
0.0 0.01 0 8.651447576369685e-06
0.0 0.02 0 1.1251201371671782e-05
0.0 0.03 0 1.5672262198894173e-05
0.0 0.04 0 5.717923315211835e-06
0.0 0.05 0 4.20338784594903e-06
0.0 0.06 0 1.1472631100312925e-05
0.0 0.07 0 9.56463034466047e-06
0.0 0.08 0 7.568942509762728e-06
0.0 0.09 0 3.1858192590523925e-06
0.0 0.1 0 1.914034728886255e-06
0.0 0.11 0 2.3037969424313477e-06
0.0 0.12 0 1.6183679938083492e-06
0.0 0.13 0 5.237994491958036e-06
0.0 0.14 0 8.241709664847637e-07
0.0 0.15 0 1.8426367812935788e-07
0.0 0.16 0 9.100537429278753e-08
0.0 0.17 0 6.861631127180876e-07
0.0 0.18 0 5.216937420095231e-07
0.0 0.19 0 5.611152129623557e-07
0.0 0.2 0 5.9211642637710916e-08
0.0 0.21 0 7.15480928383208e-07
0.0 0.22 0 4.76214775012506e-06
0.0 0.23 0 6.8827834913316565e-06
0.0 0.24 0 3.349648128052571e-06
0.0 0.25 0 1.0100599976259319e-06
0.0 0.26 0 5.507648771103637e-07
0.0 0.27 0 3.3255408386589153e-06
0.0 0.28 0 1.1147437136299575e-05
0.0 0.29 0 5.612996422842792e-06
0.0 0.3 0 2.321761166144131e-06
0.0 0.31 0 2.43773385968239e-07
0.0 0.32 0 4.136887438866958e-07
0.0 0.33 0 5.707088272476896e-07
0.0 0.34 0 3.3637612577763974e-07
0.0 0.35000000000000003 0 1.5981729064242e-07
0.0 0.36 0 6.317001378298668e-08
0.0 0.37 0 5.441061212385612e-08
0.0 0.38 0 1.590798886389678e-07
0.0 0.39 0 1.7994357364954205e-07
0.0 0.4 0 2.2012187092910326e-07
0.0 0.41000000000000003 0 1.3527863823203393e-06
0.0 0.42 0 7.683267375399125e-07
0.0 0.43 0 5.828336374057843e-07
0.0 0.44 0 3.8612241068989264e-07
0.0 0.45 0 7.71504972407941e-07
0.0 0.46 0 1.6659050042025868e-07
0.0 0.47000000000000003 0 5.292433009179334e-08
0.0 0.48 0 4.759958016773614e-08
0.0 0.49 0 3.132317832186106e-07
0.0 0.5 0 4.036086847100862e-07
0.01 0.0 0 1.5008345398328457e-06
0.01 0.01 0 3.1005088715702373e-06
0.01 0.02 0 2.013521868938847e-06
0.01 0.03 0 2.2075646141084812e-06
0.01 0.04 0 1.0466636904609111e-06
0.01 0.05 0 1.293630626762455e-06
0.01 0.06 0 9.750672476499537e-07
0.01 0.07 0 2.318538529178717e-06
0.01 0.08 0 2.09328115914187e-06
0.01 0.09 0 9.022287954601951e-07
0.01 0.1 0 4.506924031109246e-07
0.01 0.11 0 4.357815527085882e-07
0.01 0.12 0 7.836009533453958e-07
0.01 0.13 0 1.1892015614612957e-06
0.01 0.14 0 8.523769747875987e-07
0.01 0.15 0 3.900745818680156e-07
0.01 0.16 0 1.0907450378768025e-07
0.01 0.17 0 1.8893779074319764e-07
0.01 0.18 0 2.460535842604369e-07
0.01 0.19 0 2.7882878208400597e-07
0.01 0.2 0 1.7521713739835115e-07
0.01 0.21 0 2.2012506079750225e-07
0.01 0.22 0 7.039495468906605e-07
0.01 0.23 0 1.968128261783781e-06
0.01 0.24 0 4.367861226337301e-07
0.01 0.25 0 1.4602695751321442e-07
0.01 0.26 0 3.370952394151473e-07
0.01 0.27 0 5.232504196546929e-07
0.01 0.28 0 1.944321482030081e-06
0.01 0.29 0 1.4290736917512113e-06
0.01 0.3 0 3.4838311175422393e-07
0.01 0.31 0 6.619815786004514e-08
0.01 0.32 0 2.1565926314697577e-08
0.01 0.33 0 1.6869235426184124e-08
0.01 0.34 0 1.3299377518644042e-08
0.01 0.35000000000000003 0 8.741198998997157e-09
0.01 0.36 0 5.1167355465884024e-09
0.01 0.37 0 8.57104451941467e-09
0.01 0.38 0 7.2383524444486775e-09
0.01 0.39 0 3.321140736902146e-08
0.01 0.4 0 2.1080849200021107e-08
0.01 0.41000000000000003 0 1.7861754729831783e-08
0.01 0.42 0 2.014524212181865e-08
0.01 0.43 0 2.25899733458558e-08
0.01 0.44 0 1.700746720267984e-08
0.01 0.45 0 1.8736357511088895e-08
0.01 0.46 0 9.38387972124858e-08
0.01 0.47000000000000003 0 3.105447262309237e-08
0.01 0.48 0 1.5777906952271263e-08
0.01 0.49 0 3.039236120966137e-08
0.01 0.5 0 8.845221841662507e-07
0.02 0.0 0 6.674914993832359e-08
0.02 0.01 0 1.786411189484638e-08
0.02 0.02 0 1.0970182884445891e-08
0.02 0.03 0 1.2732264918101084e-08
0.02 0.04 0 1.2288018189077808e-08
0.02 0.05 0 7.450629507749075e-09
0.02 0.06 0 1.9209760113516905e-08
0.02 0.07 0 1.3969937414194497e-08
0.02 0.08 0 4.0685968098231385e-08
0.02 0.09 0 2.3300656128662165e-08
0.02 0.1 0 9.614246836784648e-08
0.02 0.11 0 1.680275623118225e-07
0.02 0.12 0 5.779511977963094e-07
0.02 0.13 0 8.564066324522039e-07
0.02 0.14 0 1.0425237770813407e-06
0.02 0.15 0 3.6964371950567095e-07
0.02 0.16 0 4.634146003137768e-07
0.02 0.17 0 6.342919020541979e-07
0.02 0.18 0 2.4545717024128965e-07
0.02 0.19 0 3.907590662968564e-07
0.02 0.2 0 1.6717961539163005e-07
0.02 0.21 0 9.987856631799727e-07
0.02 0.22 0 4.164831378990815e-07
0.02 0.23 0 2.536586006578962e-07
0.02 0.24 0 4.770174688481963e-08
0.02 0.25 0 1.4704212254355651e-08
0.02 0.26 0 1.7965713949750876e-09
0.02 0.27 0 2.668850524978571e-08
0.02 0.28 0 3.5453385012511114e-08
0.02 0.29 0 2.4411167439433705e-08
0.02 0.3 0 2.180634595850939e-08
0.02 0.31 0 2.5094464997504193e-08
0.02 0.32 0 1.9746670215003063e-08
0.02 0.33 0 2.0666891549504416e-08
0.02 0.34 0 1.0686700427282918e-08
0.02 0.35000000000000003 0 1.8600495922404933e-08
0.02 0.36 0 4.94946979637903e-09
0.02 0.37 0 4.740857287583579e-09
0.02 0.38 0 8.720542100240948e-09
0.02 0.39 0 1.3225575993333498e-08
0.02 0.4 0 3.305175388184524e-09
0.02 0.41000000000000003 0 8.71930947042426e-09
0.02 0.42 0 1.3929882281633353e-09
0.02 0.43 0 1.2811541133565411e-09
0.02 0.44 0 3.104356364783711e-10
0.02 0.45 0 6.444489715410176e-10
0.02 0.46 0 7.336859087753042e-10
0.02 0.47000000000000003 0 3.880192261977746e-09
0.02 0.48 0 5.352639167774443e-09
0.02 0.49 0 2.3700570451240726e-08
0.02 0.5 0 1.9107777370996265e-08
0.03 0.0 0 1.395580741727848e-07
0.03 0.01 0 8.739564069504328e-09
0.03 0.02 0 1.5788900750156937e-08
0.03 0.03 0 4.685757525853053e-09
0.03 0.04 0 3.0301795766534476e-08
0.03 0.05 0 1.1264563470042402e-07
0.03 0.06 0 5.649155778662438e-07
0.03 0.07 0 1.0152758440670413e-06
0.03 0.08 0 6.592466000368267e-06
0.03 0.09 0 2.2765882541021076e-06
0.03 0.1 0 7.472894311109226e-07
0.03 0.11 0 2.873681090162985e-07
0.03 0.12 0 8.966742262989998e-07
0.03 0.13 0 7.051914864484173e-07
0.03 0.14 0 1.1228589920831474e-07
0.03 0.15 0 5.545751364978619e-08
0.03 0.16 0 1.688477376767769e-07
0.03 0.17 0 1.1493756315320942e-07
0.03 0.18 0 6.922776572951444e-08
0.03 0.19 0 2.814332154165457e-08
0.03 0.2 0 5.862269672501362e-08
0.03 0.21 0 3.4860679187412376e-08
0.03 0.22 0 4.8366332641428416e-08
0.03 0.23 0 2.779369912683711e-08
0.03 0.24 0 4.120880781174862e-08
0.03 0.25 0 7.369910438896512e-09
0.03 0.26 0 2.363419450892497e-08
0.03 0.27 0 9.317961815924705e-09
0.03 0.28 0 5.167969870884025e-08
0.03 0.29 0 9.903928282334422e-09
0.03 0.3 0 5.9667200250918975e-09
0.03 0.31 0 3.4907927661009864e-09
0.03 0.32 0 6.672409300607053e-08
0.03 0.33 0 2.0228366522527553e-08
0.03 0.34 0 4.237612151037925e-08
0.03 0.35000000000000003 0 2.05892073843994e-08
0.03 0.36 0 2.3323036258934105e-08
0.03 0.37 0 3.5065069413406726e-09
0.03 0.38 0 2.1017580109337554e-09
0.03 0.39 0 3.1408037384419547e-09
0.03 0.4 0 2.941919584974437e-09
0.03 0.41000000000000003 0 5.185998715388903e-10
0.03 0.42 0 5.393425504584759e-10
0.03 0.43 0 3.1391926909553307e-09
0.03 0.44 0 5.558611961543413e-09
0.03 0.45 0 7.838287591908745e-09
0.03 0.46 0 1.0583072951591028e-08
0.03 0.47000000000000003 0 1.3720048880685252e-08
0.03 0.48 0 2.6187133655287387e-08
0.03 0.49 0 4.0707595022615094e-08
0.03 0.5 0 6.903626474940177e-08
0.04 0.0 0 5.594962384819293e-07
0.04 0.01 0 7.800843957343232e-07
0.04 0.02 0 6.619383904485015e-07
0.04 0.03 0 3.4655519507821586e-06
0.04 0.04 0 3.851828893019833e-06
0.04 0.05 0 4.19567087169321e-06
0.04 0.06 0 1.8250932596463409e-06
0.04 0.07 0 1.9192636537922695e-06
0.04 0.08 0 1.7595423109896566e-06
0.04 0.09 0 6.687731368431544e-06
0.04 0.1 0 2.698385942494154e-06
0.04 0.11 0 1.986594160995186e-06
0.04 0.12 0 7.600774534206125e-07
0.04 0.13 0 5.1267540673083404e-06
0.04 0.14 0 2.478780463212607e-06
0.04 0.15 0 7.910416015098439e-07
0.04 0.16 0 1.1612280948601724e-06
0.04 0.17 0 3.0646827022380258e-06
0.04 0.18 0 4.5449849053236447e-07
0.04 0.19 0 9.43960413527083e-08
0.04 0.2 0 7.958835959333089e-08
0.04 0.21 0 7.422071708024145e-08
0.04 0.22 0 2.7369911250671467e-08
0.04 0.23 0 4.419482107340335e-09
0.04 0.24 0 1.374209657084934e-08
0.04 0.25 0 7.559251021021517e-09
0.04 0.26 0 1.3842832561735522e-09
0.04 0.27 0 2.2697796231767643e-09
0.04 0.28 0 1.989623014516236e-09
0.04 0.29 0 9.530967670019923e-10
0.04 0.3 0 1.199495402048685e-09
0.04 0.31 0 3.0086422286509307e-09
0.04 0.32 0 4.737956067826775e-09
0.04 0.33 0 1.7329221953423105e-08
0.04 0.34 0 5.2704959424479315e-09
0.04 0.35000000000000003 0 2.324397225964145e-08
0.04 0.36 0 1.636137946956422e-08
0.04 0.37 0 6.25013380598479e-09
0.04 0.38 0 3.92029767780012e-09
0.04 0.39 0 1.3453934456121364e-08
0.04 0.4 0 4.159308911164801e-08
0.04 0.41000000000000003 0 4.844853421837395e-08
0.04 0.42 0 6.575738326262397e-09
0.04 0.43 0 5.002932394728732e-09
0.04 0.44 0 2.4145639912189005e-08
0.04 0.45 0 9.232895606467112e-09
0.04 0.46 0 4.441604384977337e-09
0.04 0.47000000000000003 0 7.930450758855305e-10
0.04 0.48 0 8.099260543666506e-10
0.04 0.49 0 6.619237777587187e-10
0.04 0.5 0 8.009442680403935e-10
0.05 0.0 0 2.521106431525794e-06
0.05 0.01 0 4.7247409734490047e-07
0.05 0.02 0 2.9274108814417375e-06
0.05 0.03 0 4.3772407130296605e-06
0.05 0.04 0 7.269947635827773e-06
0.05 0.05 0 1.0263498496018127e-05
0.05 0.06 0 5.997792397482448e-06
0.05 0.07 0 4.6117637281648023e-07
0.05 0.08 0 3.922993971514955e-07
0.05 0.09 0 2.437193989943515e-07
0.05 0.1 0 6.910261786734366e-07
0.05 0.11 0 5.343894173902294e-07
0.05 0.12 0 2.3196102424021934e-07
0.05 0.13 0 4.5238934675611185e-07
0.05 0.14 0 7.062382691181827e-07
0.05 0.15 0 1.174748953444333e-06
0.05 0.16 0 4.4712424910419766e-07
0.05 0.17 0 3.7616983985544516e-07
0.05 0.18 0 2.2432278294714278e-07
0.05 0.19 0 6.613962390962548e-08
0.05 0.2 0 5.376152691658548e-09
0.05 0.21 0 4.620044422966249e-09
0.05 0.22 0 2.493574061655901e-09
0.05 0.23 0 5.1552943735535e-10
0.05 0.24 0 3.810185527931915e-10
0.05 0.25 0 1.88694496993649e-09
0.05 0.26 0 1.420244794272701e-08
0.05 0.27 0 2.49403402972592e-09
0.05 0.28 0 3.7903573557290637e-10
0.05 0.29 0 2.937313260363666e-10
0.05 0.3 0 5.017646522991833e-10
0.05 0.31 0 9.17804437922454e-10
0.05 0.32 0 3.21607567754089e-09
0.05 0.33 0 2.3189946818969417e-09
0.05 0.34 0 2.644811143684173e-09
0.05 0.35000000000000003 0 3.694062200320568e-09
0.05 0.36 0 5.9202343941406336e-09
0.05 0.37 0 5.7779240709167634e-09
0.05 0.38 0 1.8224115123762651e-09
0.05 0.39 0 4.1879266139261136e-10
0.05 0.4 0 2.223929247858886e-09
0.05 0.41000000000000003 0 1.6414508923882034e-09
0.05 0.42 0 7.768683734308639e-10
0.05 0.43 0 1.2114751257386366e-10
0.05 0.44 0 2.5596388948719297e-10
0.05 0.45 0 2.1881406377209829e-10
0.05 0.46 0 2.2346219578575642e-10
0.05 0.47000000000000003 0 1.4616945807291595e-11
0.05 0.48 0 1.062467306121646e-11
0.05 0.49 0 9.431994424326651e-12
0.05 0.5 0 3.102057968478265e-11
0.06 0.0 0 2.344609691898682e-06
0.06 0.01 0 8.292156381298631e-07
0.06 0.02 0 5.728993020308449e-07
0.06 0.03 0 1.5032801410119304e-06
0.06 0.04 0 1.599680296214173e-06
0.06 0.05 0 4.30837210217943e-07
0.06 0.06 0 4.1450879735816513e-07
0.06 0.07 0 5.154736400172367e-07
0.06 0.08 0 1.1481042823628771e-07
0.06 0.09 0 2.1234042836283498e-07
0.06 0.1 0 3.093380765935398e-07
0.06 0.11 0 6.8942914365539e-07
0.06 0.12 0 5.112069261936362e-08
0.06 0.13 0 3.100705859472827e-08
0.06 0.14 0 7.598022849591438e-09
0.06 0.15 0 1.3119632734016893e-08
0.06 0.16 0 4.039929055690951e-09
0.06 0.17 0 1.4576763971261743e-08
0.06 0.18 0 8.18767090093383e-09
0.06 0.19 0 3.940495666939271e-08
0.06 0.2 0 1.5964262777989982e-08
0.06 0.21 0 2.5003611692505754e-08
0.06 0.22 0 2.5259674380994117e-08
0.06 0.23 0 8.245452521851436e-09
0.06 0.24 0 1.1319620743142502e-09
0.06 0.25 0 1.2930138750629574e-09
0.06 0.26 0 5.768134076320007e-09
0.06 0.27 0 2.5906338514981913e-08
0.06 0.28 0 3.865877739570235e-09
0.06 0.29 0 2.9621459901462427e-10
0.06 0.3 0 2.456740158276732e-10
0.06 0.31 0 1.5284608214060863e-10
0.06 0.32 0 1.2822710199135281e-11
0.06 0.33 0 8.38747260189254e-12
0.06 0.34 0 8.671146876753436e-13
0.06 0.35000000000000003 0 3.844134228946931e-12
0.06 0.36 0 7.60469516546787e-12
0.06 0.37 0 9.133457812975666e-11
0.06 0.38 0 7.830137876273434e-11
0.06 0.39 0 1.703323799068329e-10
0.06 0.4 0 2.4901578816256283e-11
0.06 0.41000000000000003 0 4.00772400093545e-10
0.06 0.42 0 1.4377258827469014e-10
0.06 0.43 0 1.2915061467465137e-10
0.06 0.44 0 1.0616520130013919e-10
0.06 0.45 0 8.180202522512698e-10
0.06 0.46 0 1.769968781685167e-09
0.06 0.47000000000000003 0 1.9662230892143932e-09
0.06 0.48 0 6.890892028843468e-10
0.06 0.49 0 1.235247505582083e-09
0.06 0.5 0 5.953322780473692e-10
0.07 0.0 0 1.8208873943022212e-06
0.07 0.01 0 1.0336096627462213e-06
0.07 0.02 0 4.426378913235121e-06
0.07 0.03 0 3.232743004632221e-06
0.07 0.04 0 4.0995277424920045e-06
0.07 0.05 0 2.539109015688295e-06
0.07 0.06 0 5.397847593451299e-07
0.07 0.07 0 2.1674247213127787e-07
0.07 0.08 0 7.519003484205758e-07
0.07 0.09 0 1.2454794857114588e-07
0.07 0.1 0 7.962791943298843e-08
0.07 0.11 0 8.219047089595737e-08
0.07 0.12 0 1.9677737659831152e-07
0.07 0.13 0 4.3461850390954424e-08
0.07 0.14 0 3.496473685570703e-08
0.07 0.15 0 5.767938629098485e-09
0.07 0.16 0 1.0269295313702636e-08
0.07 0.17 0 1.4101324790546933e-09
0.07 0.18 0 1.0711085493352985e-08
0.07 0.19 0 9.878433640583357e-09
0.07 0.2 0 2.385806036865586e-08
0.07 0.21 0 7.51681305786743e-09
0.07 0.22 0 3.351020140132004e-08
0.07 0.23 0 2.196311692792562e-08
0.07 0.24 0 1.8926244946635692e-08
0.07 0.25 0 1.3222678421490571e-09
0.07 0.26 0 1.7320493626030827e-09
0.07 0.27 0 1.1957181318595126e-09
0.07 0.28 0 5.462974697624777e-10
0.07 0.29 0 2.470762918236566e-10
0.07 0.3 0 2.071684262195947e-10
0.07 0.31 0 2.8833971883971004e-10
0.07 0.32 0 3.9589200647854564e-10
0.07 0.33 0 8.350452308071375e-11
0.07 0.34 0 1.4497255648628286e-11
0.07 0.35000000000000003 0 6.133000306017858e-12
0.07 0.36 0 4.921850735287961e-12
0.07 0.37 0 1.9100244618353183e-11
0.07 0.38 0 1.9396331054130903e-11
0.07 0.39 0 8.629001190735435e-12
0.07 0.4 0 2.1594257611356167e-11
0.07 0.41000000000000003 0 1.742883481980844e-11
0.07 0.42 0 1.7856400356675724e-11
0.07 0.43 0 2.5382209662989878e-11
0.07 0.44 0 3.9646169809731075e-11
0.07 0.45 0 2.4651507196640417e-11
0.07 0.46 0 7.567779058228469e-11
0.07 0.47000000000000003 0 4.722731376480502e-11
0.07 0.48 0 7.123968661130864e-11
0.07 0.49 0 3.9817949950420375e-11
0.07 0.5 0 1.0126415377629456e-10
0.08 0.0 0 8.281552651443551e-07
0.08 0.01 0 4.1823885900350657e-07
0.08 0.02 0 3.873210795629334e-07
0.08 0.03 0 8.577778282854482e-07
0.08 0.04 0 1.307346570198884e-06
0.08 0.05 0 2.223304926471188e-07
0.08 0.06 0 4.141115860673365e-08
0.08 0.07 0 6.607924089299443e-08
0.08 0.08 0 6.927769301768105e-08
0.08 0.09 0 1.1621657505414591e-07
0.08 0.1 0 1.9665908810961963e-08
0.08 0.11 0 5.9293394915620674e-09
0.08 0.12 0 5.1785036610064935e-09
0.08 0.13 0 1.8332714649896386e-08
0.08 0.14 0 2.1099545691808033e-08
0.08 0.15 0 2.2584867321206425e-08
0.08 0.16 0 5.6798682339677496e-09
0.08 0.17 0 2.1698825853792427e-09
0.08 0.18 0 2.590187430840901e-09
0.08 0.19 0 6.3965526962185155e-09
0.08 0.2 0 5.037324630754471e-09
0.08 0.21 0 1.4710970044503484e-09
0.08 0.22 0 8.762850011002127e-10
0.08 0.23 0 1.3895574315040468e-09
0.08 0.24 0 2.1388887177983102e-09
0.08 0.25 0 2.7005164187828102e-09
0.08 0.26 0 8.903471214443661e-10
0.08 0.27 0 9.134894572506866e-10
0.08 0.28 0 6.186330365255925e-10
0.08 0.29 0 3.799713546435202e-10
0.08 0.3 0 4.5608960093051434e-10
0.08 0.31 0 8.03771104420373e-10
0.08 0.32 0 6.857733766581395e-10
0.08 0.33 0 7.114587853822271e-10
0.08 0.34 0 5.300223627842321e-10
0.08 0.35000000000000003 0 2.142816710647298e-10
0.08 0.36 0 1.915890674058665e-10
0.08 0.37 0 2.595546038104085e-11
0.08 0.38 0 2.3693981280754304e-11
0.08 0.39 0 5.779632437519537e-12
0.08 0.4 0 5.984216951579434e-12
0.08 0.41000000000000003 0 1.7760800087069518e-11
0.08 0.42 0 6.66704287487531e-11
0.08 0.43 0 1.3594083900714216e-11
0.08 0.44 0 2.2856934566392815e-11
0.08 0.45 0 4.238901866765746e-11
0.08 0.46 0 7.435830372264364e-11
0.08 0.47000000000000003 0 8.789637412173869e-11
0.08 0.48 0 4.782065762174566e-11
0.08 0.49 0 4.6191276847902124e-11
0.08 0.5 0 3.4743344963462443e-11
0.09 0.0 0 1.4515741532321687e-07
0.09 0.01 0 3.5932361228789025e-08
0.09 0.02 0 7.89921557632065e-08
0.09 0.03 0 1.1200436349494101e-07
0.09 0.04 0 2.490986021449101e-07
0.09 0.05 0 6.122982681926213e-07
0.09 0.06 0 1.2639696204541164e-07
0.09 0.07 0 8.075659833129744e-08
0.09 0.08 0 2.3575297088682306e-07
0.09 0.09 0 5.00174167949541e-07
0.09 0.1 0 7.226061958787253e-08
0.09 0.11 0 2.0682273817724364e-08
0.09 0.12 0 2.2234854347715697e-09
0.09 0.13 0 8.630018279645477e-09
0.09 0.14 0 1.0212942507317556e-08
0.09 0.15 0 7.711401038946235e-09
0.09 0.16 0 3.2567331336667765e-09
0.09 0.17 0 8.819770704492212e-10
0.09 0.18 0 1.3868329271390595e-09
0.09 0.19 0 2.5012718581676427e-09
0.09 0.2 0 4.128824252108558e-09
0.09 0.21 0 1.19916370720072e-09
0.09 0.22 0 1.2760383495362869e-09
0.09 0.23 0 5.19337461233829e-10
0.09 0.24 0 3.127954349080054e-09
0.09 0.25 0 3.272695254506895e-09
0.09 0.26 0 1.3911694636725116e-08
0.09 0.27 0 4.064857245787333e-09
0.09 0.28 0 1.3126919957321192e-09
0.09 0.29 0 2.8675300000902672e-09
0.09 0.3 0 6.067087536222238e-09
0.09 0.31 0 2.923462624207722e-09
0.09 0.32 0 2.9322401863721227e-09
0.09 0.33 0 1.6977220831548536e-09
0.09 0.34 0 8.120500934847125e-10
0.09 0.35000000000000003 0 1.290531614251692e-09
0.09 0.36 0 2.1673015765101094e-09
0.09 0.37 0 4.473913321901554e-09
0.09 0.38 0 1.2537507659966002e-09
0.09 0.39 0 9.939477636298037e-11
0.09 0.4 0 2.0939796498111762e-10
0.09 0.41000000000000003 0 2.0748608278452728e-10
0.09 0.42 0 3.7168406417372305e-10
0.09 0.43 0 3.4726981104714517e-10
0.09 0.44 0 9.092834879852297e-11
0.09 0.45 0 3.598690664692815e-11
0.09 0.46 0 4.899205897048752e-10
0.09 0.47000000000000003 0 1.1079274892330416e-09
0.09 0.48 0 1.5990171630989303e-09
0.09 0.49 0 9.078186193505677e-10
0.09 0.5 0 1.096673857548506e-09
0.1 0.0 0 5.919844912345843e-08
0.1 0.01 0 1.387208018354304e-07
0.1 0.02 0 9.160010444456685e-08
0.1 0.03 0 1.750744766610227e-07
0.1 0.04 0 6.296856542050736e-08
0.1 0.05 0 3.8119145708823463e-08
0.1 0.06 0 4.1622600241285066e-09
0.1 0.07 0 9.711622358988238e-09
0.1 0.08 0 5.941864033594494e-09
0.1 0.09 0 3.028835898945474e-08
0.1 0.1 0 2.8536186140209415e-08
0.1 0.11 0 7.532967750332752e-09
0.1 0.12 0 1.3684066862105783e-09
0.1 0.13 0 3.97750859448688e-09
0.1 0.14 0 6.672282609165016e-09
0.1 0.15 0 6.581137714913555e-09
0.1 0.16 0 1.3806540641674746e-09
0.1 0.17 0 2.290869083796199e-09
0.1 0.18 0 8.415250657808905e-09
0.1 0.19 0 8.88720712603743e-09
0.1 0.2 0 4.132004506656655e-09
0.1 0.21 0 8.93151747018807e-09
0.1 0.22 0 3.5200361741919233e-09
0.1 0.23 0 1.3807874427089093e-09
0.1 0.24 0 8.839740047257421e-10
0.1 0.25 0 6.35101441417124e-09
0.1 0.26 0 5.256006923450214e-09
0.1 0.27 0 1.2054873153182387e-08
0.1 0.28 0 4.618290243428719e-09
0.1 0.29 0 1.380737078128414e-08
0.1 0.3 0 5.9775910946272735e-09
0.1 0.31 0 2.082783435403598e-08
0.1 0.32 0 4.404557790135466e-09
0.1 0.33 0 1.3162155198864675e-08
0.1 0.34 0 2.843687930070857e-09
0.1 0.35000000000000003 0 4.0983981438900495e-09
0.1 0.36 0 4.259136057778656e-09
0.1 0.37 0 1.8390922758217897e-08
0.1 0.38 0 7.292238980676299e-09
0.1 0.39 0 9.766260295650803e-10
0.1 0.4 0 1.5681760548488572e-10
0.1 0.41000000000000003 0 1.9711552211792817e-10
0.1 0.42 0 2.3294835174501e-10
0.1 0.43 0 2.6684193845916753e-11
0.1 0.44 0 2.1981813609038468e-11
0.1 0.45 0 1.2957063023774105e-11
0.1 0.46 0 3.246606847353664e-11
0.1 0.47000000000000003 0 2.1488500704472544e-10
0.1 0.48 0 1.4910919302970401e-09
0.1 0.49 0 9.985911818318188e-10
0.1 0.5 0 4.434236238076055e-10
0.11 0.0 0 2.3169336701127958e-07
0.11 0.01 0 1.3199586768327203e-08
0.11 0.02 0 2.6177183238596164e-08
0.11 0.03 0 5.55086291263986e-08
0.11 0.04 0 6.659814829081789e-08
0.11 0.05 0 7.463663037361065e-09
0.11 0.06 0 1.683793843557712e-09
0.11 0.07 0 3.4644995880229557e-10
0.11 0.08 0 4.038555267964226e-09
0.11 0.09 0 3.1581177190658703e-09
0.11 0.1 0 9.21303972260887e-09
0.11 0.11 0 1.281540061963947e-08
0.11 0.12 0 4.36839857286524e-08
0.11 0.13 0 5.142712973630002e-08
0.11 0.14 0 1.6796632177268983e-07
0.11 0.15 0 3.297031758198444e-08
0.11 0.16 0 1.3014788101330331e-08
0.11 0.17 0 2.1077760404728835e-09
0.11 0.18 0 6.219963378547596e-09
0.11 0.19 0 2.448122248442895e-08
0.11 0.2 0 4.841488123302451e-09
0.11 0.21 0 1.173011216208611e-09
0.11 0.22 0 1.9011147483995934e-09
0.11 0.23 0 2.662814468355523e-09
0.11 0.24 0 1.107164384731047e-09
0.11 0.25 0 7.459929233905897e-10
0.11 0.26 0 1.3434711555355697e-09
0.11 0.27 0 2.5103129802547086e-09
0.11 0.28 0 1.7011590473588022e-09
0.11 0.29 0 9.50564519491618e-09
0.11 0.3 0 4.3683570705959284e-08
0.11 0.31 0 2.3713611439349016e-08
0.11 0.32 0 4.723089673695027e-08
0.11 0.33 0 2.5781775797117074e-08
0.11 0.34 0 1.1306655418847233e-08
0.11 0.35000000000000003 0 9.344942087575342e-09
0.11 0.36 0 9.607854702467916e-09
0.11 0.37 0 1.1138651799072538e-08
0.11 0.38 0 9.254275945252047e-09
0.11 0.39 0 1.1850931070194613e-09
0.11 0.4 0 6.534336814336753e-10
0.11 0.41000000000000003 0 4.850720568446303e-10
0.11 0.42 0 2.0247871400674375e-10
0.11 0.43 0 4.4377626342544087e-10
0.11 0.44 0 7.520293727933543e-11
0.11 0.45 0 5.792312256040496e-11
0.11 0.46 0 1.1686227387857902e-10
0.11 0.47000000000000003 0 4.6533171683467975e-10
0.11 0.48 0 7.128152257741356e-10
0.11 0.49 0 5.279834513623065e-09
0.11 0.5 0 7.227010200153583e-10
0.12 0.0 0 4.6482388061651425e-07
0.12 0.01 0 2.489165775887551e-07
0.12 0.02 0 3.423453974419288e-08
0.12 0.03 0 7.227517663112881e-08
0.12 0.04 0 3.25064476174968e-07
0.12 0.05 0 2.2779677605972693e-07
0.12 0.06 0 8.013928830191735e-09
0.12 0.07 0 4.212514122933361e-08
0.12 0.08 0 9.594119924539973e-08
0.12 0.09 0 1.993904549997412e-07
0.12 0.1 0 9.391119576713026e-08
0.12 0.11 0 3.667377535890031e-08
0.12 0.12 0 2.633780119414874e-08
0.12 0.13 0 5.0216867285425823e-08
0.12 0.14 0 9.495671937397927e-08
0.12 0.15 0 6.590459176276785e-08
0.12 0.16 0 2.7842659949337534e-08
0.12 0.17 0 2.7975928725860146e-09
0.12 0.18 0 5.4480526022957765e-09
0.12 0.19 0 4.749500047807496e-09
0.12 0.2 0 9.940719619185539e-09
0.12 0.21 0 3.637171363214195e-09
0.12 0.22 0 3.4364659308909046e-09
0.12 0.23 0 1.0038458698793407e-08
0.12 0.24 0 6.62879833449184e-08
0.12 0.25 0 2.3558610024377192e-08
0.12 0.26 0 1.1544543568613888e-08
0.12 0.27 0 1.686348300437389e-08
0.12 0.28 0 2.5423717169161617e-08
0.12 0.29 0 1.0769252967699566e-08
0.12 0.3 0 2.5687603488731235e-08
0.12 0.31 0 7.418864732904952e-08
0.12 0.32 0 6.269416894413189e-08
0.12 0.33 0 1.0814121127599135e-08
0.12 0.34 0 9.421780385831077e-09
0.12 0.35000000000000003 0 7.1730937580420195e-09
0.12 0.36 0 1.4678748226243605e-08
0.12 0.37 0 7.918659265254879e-09
0.12 0.38 0 8.038629484149297e-09
0.12 0.39 0 7.202042520539545e-09
0.12 0.4 0 8.272390370265403e-09
0.12 0.41000000000000003 0 1.4841618986215145e-08
0.12 0.42 0 3.387549989043416e-08
0.12 0.43 0 1.8375688096719623e-08
0.12 0.44 0 9.98419772718284e-09
0.12 0.45 0 1.0266155914437838e-08
0.12 0.46 0 1.036767785821961e-08
0.12 0.47000000000000003 0 1.2409861134140353e-08
0.12 0.48 0 9.263786364081124e-09
0.12 0.49 0 7.971988167890485e-09
0.12 0.5 0 2.9449892944200382e-08
0.13 0.0 0 2.041861927722699e-06
0.13 0.01 0 2.1350874737664393e-06
0.13 0.02 0 3.929983892245609e-07
0.13 0.03 0 2.1917663641411142e-07
0.13 0.04 0 1.5373002881806448e-07
0.13 0.05 0 1.0994990421619528e-06
0.13 0.06 0 5.226680488925908e-07
0.13 0.07 0 9.789489502399366e-08
0.13 0.08 0 3.038215960669006e-07
0.13 0.09 0 1.10675237297329e-06
0.13 0.1 0 3.439401009712772e-07
0.13 0.11 0 6.384579868859395e-08
0.13 0.12 0 2.971843776119431e-08
0.13 0.13 0 8.592506602276798e-09
0.13 0.14 0 1.5437239770947384e-08
0.13 0.15 0 8.54908923294617e-09
0.13 0.16 0 4.577881576061345e-08
0.13 0.17 0 2.5202666307710632e-08
0.13 0.18 0 3.049233362763419e-08
0.13 0.19 0 2.6595859946951435e-08
0.13 0.2 0 3.047239393874643e-08
0.13 0.21 0 1.4232265413740856e-08
0.13 0.22 0 2.2916989511760584e-08
0.13 0.23 0 4.0457754075618944e-08
0.13 0.24 0 8.125649398609469e-08
0.13 0.25 0 1.5262072133828264e-07
0.13 0.26 0 3.338005256519092e-08
0.13 0.27 0 3.121160114578665e-08
0.13 0.28 0 1.2243074492950249e-08
0.13 0.29 0 2.4692721054752235e-08
0.13 0.3 0 2.2191186038157113e-08
0.13 0.31 0 6.540801747356558e-08
0.13 0.32 0 2.956606576528996e-07
0.13 0.33 0 2.1483982000536581e-07
0.13 0.34 0 7.033296051577019e-08
0.13 0.35000000000000003 0 1.2995082803337353e-07
0.13 0.36 0 6.334180870456499e-07
0.13 0.37 0 3.822493179985694e-07
0.13 0.38 0 5.248300713055665e-07
0.13 0.39 0 5.1004243873079594e-08
0.13 0.4 0 1.7990426279557923e-07
0.13 0.41000000000000003 0 3.127391838156921e-07
0.13 0.42 0 6.103059884098951e-07
0.13 0.43 0 3.833880253900355e-07
0.13 0.44 0 2.0272201023869226e-07
0.13 0.45 0 8.109302997502129e-08
0.13 0.46 0 3.020101830158344e-07
0.13 0.47000000000000003 0 1.4157620987397253e-07
0.13 0.48 0 2.709203382439909e-08
0.13 0.49 0 2.473112753494521e-08
0.13 0.5 0 1.4470024926977135e-08
0.14 0.0 0 4.6373596586480215e-06
0.14 0.01 0 1.536121399159553e-05
0.14 0.02 0 8.326822171237305e-06
0.14 0.03 0 1.486523733249959e-06
0.14 0.04 0 5.950943353234297e-07
0.14 0.05 0 9.153707924856221e-07
0.14 0.06 0 1.0229389033821353e-06
0.14 0.07 0 2.631073847275721e-06
0.14 0.08 0 9.378081759986411e-07
0.14 0.09 0 9.697268411074886e-07
0.14 0.1 0 1.5095967492673042e-06
0.14 0.11 0 3.975361652815239e-07
0.14 0.12 0 8.569881682410117e-08
0.14 0.13 0 2.670859518772464e-07
0.14 0.14 0 6.272330392335157e-08
0.14 0.15 0 6.245267772947478e-08
0.14 0.16 0 5.040811115259488e-08
0.14 0.17 0 2.101482625604872e-07
0.14 0.18 0 1.3300935576984446e-07
0.14 0.19 0 9.145314555134011e-08
0.14 0.2 0 2.790581208296141e-08
0.14 0.21 0 7.447094764684126e-08
0.14 0.22 0 1.4903439349294036e-08
0.14 0.23 0 3.315994313106804e-08
0.14 0.24 0 5.770096997700125e-08
0.14 0.25 0 8.095551708790542e-08
0.14 0.26 0 5.0343070067283214e-08
0.14 0.27 0 1.2911049921221588e-07
0.14 0.28 0 1.6834900559229026e-07
0.14 0.29 0 1.0671467071787314e-07
0.14 0.3 0 3.6872258407255655e-08
0.14 0.31 0 5.5125889636929615e-08
0.14 0.32 0 1.8922429044708042e-07
0.14 0.33 0 1.524058089002473e-07
0.14 0.34 0 1.95743818327235e-07
0.14 0.35000000000000003 0 1.3858465986453643e-07
0.14 0.36 0 4.084972266933056e-07
0.14 0.37 0 2.7036524450608144e-07
0.14 0.38 0 1.980699275310803e-07
0.14 0.39 0 7.472237241201599e-08
0.14 0.4 0 5.651900807013206e-08
0.14 0.41000000000000003 0 5.057172121286181e-08
0.14 0.42 0 3.0231204743346903e-07
0.14 0.43 0 1.7726179371381317e-07
0.14 0.44 0 4.799848779106612e-08
0.14 0.45 0 9.865141544922596e-08
0.14 0.46 0 1.6074449616492007e-07
0.14 0.47000000000000003 0 1.3951328750808098e-07
0.14 0.48 0 2.4012120227064356e-08
0.14 0.49 0 1.1726648577350862e-08
0.14 0.5 0 2.0118749795418875e-08
0.15 0.0 0 1.1911836612538882e-06
0.15 0.01 0 5.417973420462443e-06
0.15 0.02 0 2.9492239829864283e-05
0.15 0.03 0 2.7258677694887098e-05
0.15 0.04 0 4.381012293787117e-06
0.15 0.05 0 2.1514212582336003e-06
0.15 0.06 0 1.6508502049730938e-06
0.15 0.07 0 4.175857799913443e-07
0.15 0.08 0 2.778171442936667e-07
0.15 0.09 0 1.9220535502592404e-07
0.15 0.1 0 1.047405359697539e-07
0.15 0.11 0 8.308465870071244e-08
0.15 0.12 0 1.0854138468023483e-07
0.15 0.13 0 8.375141342814097e-08
0.15 0.14 0 1.0944793473753534e-07
0.15 0.15 0 6.43347715798682e-08
0.15 0.16 0 6.85770299962043e-08
0.15 0.17 0 2.1148090045198464e-07
0.15 0.18 0 2.740132689518722e-07
0.15 0.19 0 3.32105078961107e-07
0.15 0.2 0 2.2920810215508244e-07
0.15 0.21 0 1.9649233279568753e-07
0.15 0.22 0 1.7292176869567409e-07
0.15 0.23 0 3.1304527849899705e-07
0.15 0.24 0 4.3907003620745695e-07
0.15 0.25 0 4.960530117138253e-07
0.15 0.26 0 2.900527902393148e-07
0.15 0.27 0 8.644447933081954e-07
0.15 0.28 0 2.4653442803475317e-06
0.15 0.29 0 3.0940138771091514e-06
0.15 0.3 0 7.053679424264795e-07
0.15 0.31 0 2.83462747723308e-07
0.15 0.32 0 1.1252648861478827e-07
0.15 0.33 0 8.165057843913921e-08
0.15 0.34 0 1.726860708264631e-08
0.15 0.35000000000000003 0 7.658632135752804e-08
0.15 0.36 0 5.1919310212622465e-08
0.15 0.37 0 9.963124033295297e-08
0.15 0.38 0 2.2498052418150067e-08
0.15 0.39 0 2.6520987401191516e-08
0.15 0.4 0 1.0153704140828612e-08
0.15 0.41000000000000003 0 3.0595917870179434e-08
0.15 0.42 0 8.060684523313648e-09
0.15 0.43 0 8.584570921100443e-08
0.15 0.44 0 4.211934309206101e-08
0.15 0.45 0 4.064868960369785e-08
0.15 0.46 0 1.085364500201721e-07
0.15 0.47000000000000003 0 5.965742790138131e-07
0.15 0.48 0 6.589491883499128e-08
0.15 0.49 0 2.508014103290879e-08
0.15 0.5 0 1.8750713532586932e-08
0.16 0.0 0 1.2887217200271623e-06
0.16 0.01 0 3.4088464194577583e-07
0.16 0.02 0 3.5288460111413015e-07
0.16 0.03 0 5.100426381754418e-07
0.16 0.04 0 2.577895502407916e-07
0.16 0.05 0 1.0005111517524365e-07
0.16 0.06 0 1.1379457642833178e-07
0.16 0.07 0 1.56465820634082e-07
0.16 0.08 0 1.1209966387683428e-07
0.16 0.09 0 1.234572417637033e-08
0.16 0.1 0 1.419530740472005e-07
0.16 0.11 0 3.514504171378004e-08
0.16 0.12 0 6.24175049644848e-08
0.16 0.13 0 4.588610532580336e-08
0.16 0.14 0 1.4680788740062582e-07
0.16 0.15 0 8.720086455065387e-08
0.16 0.16 0 2.69246641513206e-07
0.16 0.17 0 1.0317828448319383e-07
0.16 0.18 0 6.276697494004268e-07
0.16 0.19 0 7.517701866685611e-07
0.16 0.2 0 4.7072556178817165e-07
0.16 0.21 0 7.489786266959895e-07
0.16 0.22 0 2.923630730416932e-07
0.16 0.23 0 1.5256534107436278e-07
0.16 0.24 0 1.327832209454399e-07
0.16 0.25 0 8.584946857558112e-08
0.16 0.26 0 1.0044305274508787e-07
0.16 0.27 0 1.5906564090290673e-07
0.16 0.28 0 2.0326117201814074e-07
0.16 0.29 0 1.433121856301732e-07
0.16 0.3 0 1.014564163291444e-07
0.16 0.31 0 5.5083241243146087e-08
0.16 0.32 0 1.9484258674052814e-07
0.16 0.33 0 5.4377786605240845e-08
0.16 0.34 0 1.484937544915406e-07
0.16 0.35000000000000003 0 1.4331400359076177e-07
0.16 0.36 0 2.9057322517785494e-07
0.16 0.37 0 1.524543654263481e-07
0.16 0.38 0 1.9604844775511822e-07
0.16 0.39 0 8.14058309702125e-08
0.16 0.4 0 6.252740264993565e-08
0.16 0.41000000000000003 0 1.9148280755220558e-08
0.16 0.42 0 3.454040167672215e-08
0.16 0.43 0 1.4411607068211622e-08
0.16 0.44 0 7.045541818782801e-09
0.16 0.45 0 1.839515885262501e-08
0.16 0.46 0 4.9469267367295827e-08
0.16 0.47000000000000003 0 6.336000785390357e-08
0.16 0.48 0 1.6985908510483092e-07
0.16 0.49 0 4.271794476219775e-08
0.16 0.5 0 4.203686709632713e-08
0.17 0.0 0 1.8864583416192508e-06
0.17 0.01 0 5.914419782299962e-07
0.17 0.02 0 1.440498340648791e-07
0.17 0.03 0 9.122975146288225e-08
0.17 0.04 0 2.4854489000949e-07
0.17 0.05 0 5.466464657643261e-07
0.17 0.06 0 1.1087152429943293e-06
0.17 0.07 0 6.138088214353125e-07
0.17 0.08 0 3.593190729814589e-07
0.17 0.09 0 1.7499543284702124e-07
0.17 0.1 0 1.1551589271291773e-07
0.17 0.11 0 1.7016101155959012e-07
0.17 0.12 0 1.9891872057479103e-07
0.17 0.13 0 8.781320290272974e-08
0.17 0.14 0 6.266950060545428e-08
0.17 0.15 0 1.0259731863058157e-07
0.17 0.16 0 1.1048142739052349e-07
0.17 0.17 0 1.557589337541748e-07
0.17 0.18 0 4.961466326609739e-08
0.17 0.19 0 7.098931356997712e-08
0.17 0.2 0 8.108159438110296e-08
0.17 0.21 0 1.396777522986701e-07
0.17 0.22 0 1.6769771197831888e-07
0.17 0.23 0 3.470428309318619e-07
0.17 0.24 0 6.712860355824536e-08
0.17 0.25 0 1.779759041248363e-08
0.17 0.26 0 2.1508602164398834e-08
0.17 0.27 0 3.688842808108487e-08
0.17 0.28 0 3.245818342952473e-08
0.17 0.29 0 9.656963470062946e-09
0.17 0.3 0 1.4191142352037216e-08
0.17 0.31 0 5.7545881963800545e-09
0.17 0.32 0 2.116157431693526e-08
0.17 0.33 0 2.9237133218856507e-08
0.17 0.34 0 8.910432765642484e-08
0.17 0.35000000000000003 0 4.139808491100205e-08
0.17 0.36 0 5.108105278326109e-08
0.17 0.37 0 3.151066822413409e-08
0.17 0.38 0 2.5528561702029174e-08
0.17 0.39 0 6.8155281989814435e-09
0.17 0.4 0 3.4077378260197865e-09
0.17 0.41000000000000003 0 6.412446537680661e-09
0.17 0.42 0 2.7320439723616752e-09
0.17 0.43 0 1.1427973634430501e-08
0.17 0.44 0 4.96223271474015e-09
0.17 0.45 0 5.176407732973107e-09
0.17 0.46 0 7.520415524755213e-09
0.17 0.47000000000000003 0 2.8836888005157745e-08
0.17 0.48 0 1.2022578312731712e-08
0.17 0.49 0 3.026967278873874e-08
0.17 0.5 0 1.874773842336552e-08
0.18 0.0 0 6.849652261769994e-07
0.18 0.01 0 9.310949279155064e-07
0.18 0.02 0 2.27282699296208e-07
0.18 0.03 0 4.907528794702442e-08
0.18 0.04 0 5.996076741626813e-08
0.18 0.05 0 1.3569146558385632e-06
0.18 0.06 0 1.859442533133812e-06
0.18 0.07 0 3.053716331144893e-06
0.18 0.08 0 2.096063948891572e-06
0.18 0.09 0 1.6913515433031799e-06
0.18 0.1 0 1.3668618063004173e-06
0.18 0.11 0 1.1801150476088632e-06
0.18 0.12 0 8.796929916542256e-07
0.18 0.13 0 5.671101468184126e-06
0.18 0.14 0 3.166831066016066e-06
0.18 0.15 0 2.720154123331034e-06
0.18 0.16 0 6.3481878903004955e-06
0.18 0.17 0 5.80453724523057e-06
0.18 0.18 0 5.253618579053452e-06
0.18 0.19 0 1.1788349531904637e-06
0.18 0.2 0 4.0029264084042835e-07
0.18 0.21 0 1.1660727757216384e-06
0.18 0.22 0 3.2720319411915924e-06
0.18 0.23 0 2.4664038380932693e-06
0.18 0.24 0 1.0423898849827571e-05
0.18 0.25 0 2.5174703801256465e-06
0.18 0.26 0 1.1225897393673762e-06
0.18 0.27 0 1.4672463447768689e-06
0.18 0.28 0 2.6635191611909e-06
0.18 0.29 0 9.037753489519035e-07
0.18 0.3 0 2.109377904650876e-07
0.18 0.31 0 1.0080339681919974e-07
0.18 0.32 0 3.933139639673838e-07
0.18 0.33 0 3.3553374808692615e-07
0.18 0.34 0 2.3765026193926158e-07
0.18 0.35000000000000003 0 6.459287077954559e-08
0.18 0.36 0 8.369718635683764e-09
0.18 0.37 0 5.06442480702395e-09
0.18 0.38 0 1.0984860351844771e-08
0.18 0.39 0 6.713375536482647e-09
0.18 0.4 0 5.9398754562330315e-09
0.18 0.41000000000000003 0 3.772446877508173e-09
0.18 0.42 0 9.999101825775196e-09
0.18 0.43 0 1.3191933002853644e-08
0.18 0.44 0 3.0788440686282636e-08
0.18 0.45 0 6.172492997488718e-08
0.18 0.46 0 8.791870269555769e-08
0.18 0.47000000000000003 0 1.886339742574786e-08
0.18 0.48 0 1.6978610803876105e-07
0.18 0.49 0 1.1191781007893984e-07
0.18 0.5 0 3.528283299270131e-07
0.19 0.0 0 1.0458300670415947e-06
0.19 0.01 0 3.2502713261918318e-06
0.19 0.02 0 3.095225165275727e-06
0.19 0.03 0 9.484353504992904e-07
0.19 0.04 0 5.937494790304476e-07
0.19 0.05 0 8.433871766435553e-07
0.19 0.06 0 2.7022958735067062e-06
0.19 0.07 0 7.563304295723267e-07
0.19 0.08 0 9.529782941702617e-07
0.19 0.09 0 8.220184709344216e-06
0.19 0.1 0 3.487714856267046e-05
0.19 0.11 0 1.8317492023976918e-05
0.19 0.12 0 9.650222550852574e-06
0.19 0.13 0 8.213023187008231e-06
0.19 0.14 0 2.8791785030998414e-06
0.19 0.15 0 2.1165707404533523e-06
0.19 0.16 0 3.3771979859460865e-07
0.19 0.17 0 1.0157981188901791e-06
0.19 0.18 0 4.290017839324352e-07
0.19 0.19 0 8.490867689383558e-07
0.19 0.2 0 1.746891935976846e-07
0.19 0.21 0 1.7543903379841196e-07
0.19 0.22 0 1.5468294780844464e-07
0.19 0.23 0 2.2253218740359346e-06
0.19 0.24 0 7.930311152815048e-07
0.19 0.25 0 1.4337508016600962e-06
0.19 0.26 0 1.518812992664453e-06
0.19 0.27 0 7.873101439007841e-06
0.19 0.28 0 1.600253642477201e-05
0.19 0.29 0 0.00010989971666625737
0.19 0.3 0 2.73767309122719e-05
0.19 0.31 0 1.0545334924999227e-05
0.19 0.32 0 3.4984670272803154e-06
0.19 0.33 0 2.1510372464303438e-05
0.19 0.34 0 6.60502459400564e-06
0.19 0.35000000000000003 0 1.9514818886090216e-06
0.19 0.36 0 1.4358138450008596e-07
0.19 0.37 0 1.2236638349482964e-07
0.19 0.38 0 6.551956398595095e-08
0.19 0.39 0 1.322566551825152e-07
0.19 0.4 0 5.7184503806855735e-08
0.19 0.41000000000000003 0 7.08788662366514e-08
0.19 0.42 0 2.865891493565226e-08
0.19 0.43 0 8.705168297072047e-08
0.19 0.44 0 1.088113455864718e-07
0.19 0.45 0 1.1182268861198393e-07
0.19 0.46 0 1.0265356587460031e-07
0.19 0.47000000000000003 0 1.7745568913154777e-07
0.19 0.48 0 8.118844262837764e-08
0.19 0.49 0 4.851085181646866e-07
0.19 0.5 0 5.447089737116903e-07
0.2 0.0 0 3.5721224826428646e-07
0.2 0.01 0 2.690701646453144e-07
0.2 0.02 0 6.124516651593499e-07
0.2 0.03 0 1.4339827537747247e-07
0.2 0.04 0 7.087682183021447e-07
0.2 0.05 0 7.246783565664837e-07
0.2 0.06 0 2.1111559916203863e-06
0.2 0.07 0 5.330578433268476e-07
0.2 0.08 0 7.081588499859029e-07
0.2 0.09 0 2.650640364481066e-07
0.2 0.1 0 5.388394558572948e-06
0.2 0.11 0 7.730757752017346e-06
0.2 0.12 0 1.968303931909163e-06
0.2 0.13 0 1.2584226027883824e-06
0.2 0.14 0 1.912868611031159e-06
0.2 0.15 0 1.0574967003153471e-06
0.2 0.16 0 2.11437911498294e-07
0.2 0.17 0 5.229493827371669e-08
0.2 0.18 0 7.88327585755197e-08
0.2 0.19 0 1.7105922645448886e-07
0.2 0.2 0 8.375335521907245e-08
0.2 0.21 0 1.032738149796704e-07
0.2 0.22 0 2.0016481755427612e-07
0.2 0.23 0 1.384034719872256e-07
0.2 0.24 0 7.909665663034846e-07
0.2 0.25 0 1.2195671635593824e-07
0.2 0.26 0 1.0463128346822633e-07
0.2 0.27 0 7.748566041362881e-08
0.2 0.28 0 5.178307660371211e-07
0.2 0.29 0 2.294019369669536e-07
0.2 0.3 0 4.804918559024118e-07
0.2 0.31 0 5.641652514111272e-08
0.2 0.32 0 1.059615465938253e-07
0.2 0.33 0 8.642218626864202e-08
0.2 0.34 0 2.3351180307573915e-07
0.2 0.35000000000000003 0 1.3969386091230128e-07
0.2 0.36 0 3.644549620746992e-08
0.2 0.37 0 6.6542901893081e-08
0.2 0.38 0 1.9318417785652458e-07
0.2 0.39 0 3.8646381567114105e-07
0.2 0.4 0 1.8296340067208996e-07
0.2 0.41000000000000003 0 1.2229297478237504e-07
0.2 0.42 0 7.591221816633164e-08
0.2 0.43 0 2.6591801450761036e-07
0.2 0.44 0 2.0398193766358143e-07
0.2 0.45 0 2.0729498012735321e-07
0.2 0.46 0 1.0105521770750668e-07
0.2 0.47000000000000003 0 5.042000452265716e-08
0.2 0.48 0 1.4151516746288122e-07
0.2 0.49 0 2.092258134762436e-07
0.2 0.5 0 6.489819977380007e-07
0.21 0.0 0 2.2786158224550575e-07
0.21 0.01 0 1.1214879945713197e-06
0.21 0.02 0 1.6353829012701984e-06
0.21 0.03 0 1.4115617707894038e-06
0.21 0.04 0 1.7045857549064177e-06
0.21 0.05 0 1.420027425599466e-05
0.21 0.06 0 4.567159092585735e-05
0.21 0.07 0 5.3829890329149126e-05
0.21 0.08 0 1.3382104477186019e-05
0.21 0.09 0 2.9073020899136057e-05
0.21 0.1 0 3.550954656694681e-05
0.21 0.11 0 1.9442764568585866e-05
0.21 0.12 0 8.086559643847574e-06
0.21 0.13 0 1.5732607754018317e-06
0.21 0.14 0 1.180891218947624e-06
0.21 0.15 0 4.531316123115645e-06
0.21 0.16 0 2.827931948878998e-06
0.21 0.17 0 8.265947342712572e-07
0.21 0.18 0 6.887497949160408e-07
0.21 0.19 0 4.09178047194677e-07
0.21 0.2 0 4.93912480095733e-07
0.21 0.21 0 2.6213858555991344e-07
0.21 0.22 0 4.0814714758561347e-07
0.21 0.23 0 8.771640618292097e-07
0.21 0.24 0 5.745548044701903e-07
0.21 0.25 0 2.509594680454783e-07
0.21 0.26 0 2.246932550700713e-07
0.21 0.27 0 3.8241034566372725e-08
0.21 0.28 0 6.192969263312458e-08
0.21 0.29 0 2.0091686489528043e-07
0.21 0.3 0 5.9399355938214964e-08
0.21 0.31 0 1.0315217695563399e-08
0.21 0.32 0 7.614866379005719e-09
0.21 0.33 0 3.405569943299029e-08
0.21 0.34 0 3.09268955621326e-08
0.21 0.35000000000000003 0 1.0526539145633282e-08
0.21 0.36 0 2.882102080018038e-09
0.21 0.37 0 9.008898897458953e-09
0.21 0.38 0 4.615321845286831e-09
0.21 0.39 0 7.863382151403008e-09
0.21 0.4 0 6.6998522280420296e-09
0.21 0.41000000000000003 0 1.3719621771087253e-08
0.21 0.42 0 8.513192969327711e-09
0.21 0.43 0 2.8018003513397486e-08
0.21 0.44 0 2.427428385060868e-07
0.21 0.45 0 3.1110123998908495e-07
0.21 0.46 0 1.504265134447312e-07
0.21 0.47000000000000003 0 1.272177595198293e-07
0.21 0.48 0 5.295006446220594e-07
0.21 0.49 0 4.639304624139192e-07
0.21 0.5 0 8.01809077588946e-07
0.22 0.0 0 4.67737902781326e-06
0.22 0.01 0 3.5285380002445185e-06
0.22 0.02 0 1.1014232313311846e-06
0.22 0.03 0 4.123221764037737e-07
0.22 0.04 0 1.57698318673736e-06
0.22 0.05 0 2.500649306573406e-06
0.22 0.06 0 6.450306241806729e-06
0.22 0.07 0 1.5852916606812187e-05
0.22 0.08 0 1.9038267774645413e-05
0.22 0.09 0 3.615205347087096e-06
0.22 0.1 0 8.423542130280423e-06
0.22 0.11 0 1.9500314085901347e-05
0.22 0.12 0 1.207659078345237e-05
0.22 0.13 0 7.297231542693343e-06
0.22 0.14 0 7.592050631176665e-06
0.22 0.15 0 6.152165985027835e-06
0.22 0.16 0 7.45373798842744e-06
0.22 0.17 0 1.7374007174099193e-06
0.22 0.18 0 1.2670037268745662e-06
0.22 0.19 0 1.1385992480876834e-06
0.22 0.2 0 7.679321984514962e-07
0.22 0.21 0 6.392016704340587e-07
0.22 0.22 0 7.328746280714853e-07
0.22 0.23 0 3.337513270534405e-07
0.22 0.24 0 7.194233420890714e-07
0.22 0.25 0 4.303852957235938e-07
0.22 0.26 0 2.2263606039809732e-07
0.22 0.27 0 1.038171976018276e-07
0.22 0.28 0 8.334776295058831e-08
0.22 0.29 0 1.149930381376642e-07
0.22 0.3 0 2.3746672712691662e-07
0.22 0.31 0 3.444372999723157e-08
0.22 0.32 0 5.0601386985547565e-08
0.22 0.33 0 6.590960917482596e-08
0.22 0.34 0 9.926549996764899e-08
0.22 0.35000000000000003 0 9.760254728043624e-09
0.22 0.36 0 5.538581767761418e-09
0.22 0.37 0 4.695536428212135e-09
0.22 0.38 0 3.0854621842274557e-08
0.22 0.39 0 1.2561030752862422e-08
0.22 0.4 0 7.078694981417983e-08
0.22 0.41000000000000003 0 7.232782947968872e-08
0.22 0.42 0 2.929510678106389e-07
0.22 0.43 0 2.053816852172218e-07
0.22 0.44 0 6.374426233377129e-07
0.22 0.45 0 1.0311685917484399e-06
0.22 0.46 0 2.460557267270642e-06
0.22 0.47000000000000003 0 6.119676471268523e-07
0.22 0.48 0 7.906207206830272e-06
0.22 0.49 0 2.1820819950932734e-05
0.22 0.5 0 1.6463575121018803e-05
0.23 0.0 0 1.7671909821412716e-06
0.23 0.01 0 9.807347274438256e-07
0.23 0.02 0 3.8370008823389293e-07
0.23 0.03 0 5.497749409280065e-08
0.23 0.04 0 8.706563883640265e-08
0.23 0.05 0 4.562037236913917e-07
0.23 0.06 0 3.52178132292908e-07
0.23 0.07 0 2.3676429115732866e-06
0.23 0.08 0 2.881954435439811e-06
0.23 0.09 0 9.12691630119709e-06
0.23 0.1 0 7.96551091038697e-07
0.23 0.11 0 1.7961504957996854e-06
0.23 0.12 0 7.754688020553412e-07
0.23 0.13 0 1.5496515243653517e-06
0.23 0.14 0 1.1374089542898606e-07
0.23 0.15 0 2.0079210337373954e-06
0.23 0.16 0 7.29703086347892e-07
0.23 0.17 0 7.957756916522824e-07
0.23 0.18 0 2.1202527293562878e-07
0.23 0.19 0 2.650310354930718e-07
0.23 0.2 0 1.835193314553562e-07
0.23 0.21 0 1.888429438120886e-07
0.23 0.22 0 5.511839609631392e-08
0.23 0.23 0 1.1338970567954842e-07
0.23 0.24 0 7.245879398478988e-08
0.23 0.25 0 4.998707120153445e-08
0.23 0.26 0 1.4267914643260376e-07
0.23 0.27 0 1.929932940391235e-07
0.23 0.28 0 8.980148495034413e-08
0.23 0.29 0 1.4468233674800476e-07
0.23 0.3 0 3.5655744472948916e-08
0.23 0.31 0 5.435205998805168e-08
0.23 0.32 0 2.578098620636052e-08
0.23 0.33 0 7.203124100544877e-08
0.23 0.34 0 9.851027834967474e-08
0.23 0.35000000000000003 0 1.4359806657268624e-07
0.23 0.36 0 2.232604408931619e-08
0.23 0.37 0 1.335409564860645e-07
0.23 0.38 0 1.371901186165726e-07
0.23 0.39 0 3.660059044615444e-07
0.23 0.4 0 4.042971326033202e-07
0.23 0.41000000000000003 0 1.596369631208736e-06
0.23 0.42 0 2.676129258137733e-06
0.23 0.43 0 6.473358812971528e-06
0.23 0.44 0 2.7102818766169267e-06
0.23 0.45 0 1.4712847178351045e-06
0.23 0.46 0 6.104703733658078e-07
0.23 0.47000000000000003 0 1.1791781403573833e-06
0.23 0.48 0 9.54974447601025e-07
0.23 0.49 0 8.807528675362319e-07
0.23 0.5 0 1.2547093555869644e-06
0.24 0.0 0 5.423228458753119e-07
0.24 0.01 0 3.6576523642527936e-07
0.24 0.02 0 4.101931093765489e-07
0.24 0.03 0 1.8022625399611705e-07
0.24 0.04 0 3.1047328974278825e-07
0.24 0.05 0 2.2439946976333646e-07
0.24 0.06 0 5.549726141779779e-07
0.24 0.07 0 7.420950377489527e-07
0.24 0.08 0 1.6107883027681363e-06
0.24 0.09 0 1.1265894719036384e-06
0.24 0.1 0 3.0586373464356633e-06
0.24 0.11 0 4.175332305746095e-06
0.24 0.12 0 4.321646153035353e-06
0.24 0.13 0 2.3396924944298717e-06
0.24 0.14 0 1.242576683781505e-06
0.24 0.15 0 2.642514858299028e-07
0.24 0.16 0 6.194587717902788e-07
0.24 0.17 0 4.79491321606256e-07
0.24 0.18 0 1.544439651742826e-06
0.24 0.19 0 1.2053119394959811e-06
0.24 0.2 0 1.0919076918468018e-06
0.24 0.21 0 3.408162206987063e-07
0.24 0.22 0 7.888276516072201e-07
0.24 0.23 0 1.249370205019773e-07
0.24 0.24 0 1.9519756356696211e-07
0.24 0.25 0 1.1096956500356392e-07
0.24 0.26 0 1.536427260655402e-07
0.24 0.27 0 2.6082553120711975e-07
0.24 0.28 0 1.768860420088298e-07
0.24 0.29 0 5.4631401257384256e-08
0.24 0.3 0 1.2929073982262271e-08
0.24 0.31 0 1.2680048834825904e-08
0.24 0.32 0 1.292120782038418e-08
0.24 0.33 0 4.463492460968152e-08
0.24 0.34 0 1.6566767966491434e-08
0.24 0.35000000000000003 0 7.888093427522651e-08
0.24 0.36 0 5.036901588258687e-08
0.24 0.37 0 1.6904018652847203e-07
0.24 0.38 0 8.762656756625353e-07
0.24 0.39 0 3.4356484898676737e-06
0.24 0.4 0 2.0113823867032565e-06
0.24 0.41000000000000003 0 1.371023424886944e-06
0.24 0.42 0 6.693236394969187e-06
0.24 0.43 0 1.938162554804324e-05
0.24 0.44 0 1.6405772259240205e-05
0.24 0.45 0 6.806381337749198e-06
0.24 0.46 0 1.9857909309979418e-05
0.24 0.47000000000000003 0 7.725589195238515e-06
0.24 0.48 0 1.1855870638352466e-05
0.24 0.49 0 7.994140909432516e-06
0.24 0.5 0 2.2173982652914146e-06
0.25 0.0 0 5.649831056650913e-07
0.25 0.01 0 2.796916535138684e-07
0.25 0.02 0 6.72778581580038e-07
0.25 0.03 0 1.0323325949769146e-06
0.25 0.04 0 2.3557926977024936e-06
0.25 0.05 0 4.527215258563928e-06
0.25 0.06 0 7.954833847504606e-06
0.25 0.07 0 1.6340676144900383e-05
0.25 0.08 0 2.307283816838946e-05
0.25 0.09 0 1.533412713112272e-05
0.25 0.1 0 3.7152397055114894e-05
0.25 0.11 0 7.589649878922831e-05
0.25 0.12 0 0.00038819954189110836
0.25 0.13 0 0.0008680112330712115
0.25 0.14 0 0.0004650551322159318
0.25 0.15 0 0.00021878974319093023
0.25 0.16 0 4.492214576929119e-05
0.25 0.17 0 1.5966438540064037e-05
0.25 0.18 0 1.2518117581669115e-05
0.25 0.19 0 4.6945813747526145e-06
0.25 0.2 0 1.3065436611416351e-06
0.25 0.21 0 6.723319301158132e-07
0.25 0.22 0 2.455051241236929e-07
0.25 0.23 0 1.0198130288955288e-06
0.25 0.24 0 1.2104801093415165e-06
0.25 0.25 0 5.149555308421421e-07
0.25 0.26 0 1.3617391140506647e-06
0.25 0.27 0 3.0743490043134164e-06
0.25 0.28 0 1.650238014779193e-06
0.25 0.29 0 6.760850334518499e-07
0.25 0.3 0 8.874906943688399e-08
0.25 0.31 0 4.7669308820287724e-08
0.25 0.32 0 1.3752725713520037e-07
0.25 0.33 0 3.211376290708298e-07
0.25 0.34 0 9.997733613660832e-07
0.25 0.35000000000000003 0 8.436051705706699e-07
0.25 0.36 0 4.846062819854279e-07
0.25 0.37 0 8.15280014807272e-07
0.25 0.38 0 1.1375155640355693e-06
0.25 0.39 0 1.726238714811202e-06
0.25 0.4 0 5.837346514708188e-06
0.25 0.41000000000000003 0 2.6959233059383868e-06
0.25 0.42 0 3.6602173044320264e-06
0.25 0.43 0 1.2416394428230151e-05
0.25 0.44 0 2.032825021949305e-05
0.25 0.45 0 8.934962868523599e-06
0.25 0.46 0 9.694621073270374e-06
0.25 0.47000000000000003 0 2.0866711449378004e-05
0.25 0.48 0 1.1991286156353068e-05
0.25 0.49 0 5.584166842650466e-06
0.25 0.5 0 6.531216318271488e-06
0.26 0.0 0 6.585891895529747e-06
0.26 0.01 0 2.017519953636989e-06
0.26 0.02 0 8.305807194482532e-07
0.26 0.03 0 6.11181905861361e-07
0.26 0.04 0 1.607913667472965e-06
0.26 0.05 0 2.354635118801081e-06
0.26 0.06 0 2.428325872234725e-06
0.26 0.07 0 6.927029044490341e-06
0.26 0.08 0 1.0171425697816425e-05
0.26 0.09 0 1.679337620848812e-05
0.26 0.1 0 1.2306174203458117e-05
0.26 0.11 0 2.519494774846879e-05
0.26 0.12 0 4.806851105210486e-05
0.26 0.13 0 6.682845899356415e-05
0.26 0.14 0 9.702260486906883e-05
0.26 0.15 0 2.8483434184183115e-05
0.26 0.16 0 1.787513962781987e-05
0.26 0.17 0 6.226601627655303e-06
0.26 0.18 0 1.2596660302972362e-05
0.26 0.19 0 6.8729133065460615e-06
0.26 0.2 0 5.623491936001587e-06
0.26 0.21 0 7.471616594231058e-07
0.26 0.22 0 9.079582400874816e-07
0.26 0.23 0 2.7635098776731216e-07
0.26 0.24 0 1.6111629284041786e-06
0.26 0.25 0 1.1273890696545666e-06
0.26 0.26 0 3.088089223738203e-07
0.26 0.27 0 1.323110343874873e-07
0.26 0.28 0 9.468981990663407e-07
0.26 0.29 0 2.6838372105068976e-07
0.26 0.3 0 1.053332976771821e-07
0.26 0.31 0 3.2567803944815725e-08
0.26 0.32 0 7.566985769492911e-08
0.26 0.33 0 4.014283972747466e-08
0.26 0.34 0 3.302035630343166e-08
0.26 0.35000000000000003 0 6.0440834380235e-08
0.26 0.36 0 3.8929456677092784e-07
0.26 0.37 0 4.1840907446545686e-07
0.26 0.38 0 1.8510228010390683e-06
0.26 0.39 0 4.034066408654575e-06
0.26 0.4 0 4.3474159795040106e-06
0.26 0.41000000000000003 0 2.1442279903561065e-06
0.26 0.42 0 1.6411229356159161e-06
0.26 0.43 0 1.4447142702827845e-06
0.26 0.44 0 2.195577111976478e-06
0.26 0.45 0 2.598211181728435e-06
0.26 0.46 0 6.970777691729175e-06
0.26 0.47000000000000003 0 9.368063266817079e-06
0.26 0.48 0 1.7280977018467287e-05
0.26 0.49 0 6.206939977165506e-06
0.26 0.5 0 2.7048101907154818e-06
0.27 0.0 0 4.846944639741277e-07
0.27 0.01 0 8.217875698029951e-07
0.27 0.02 0 5.001004392508916e-07
0.27 0.03 0 1.5783754024937231e-06
0.27 0.04 0 3.3835051089848724e-07
0.27 0.05 0 1.3959967913143798e-06
0.27 0.06 0 3.579582071967991e-07
0.27 0.07 0 1.0655010725130765e-06
0.27 0.08 0 2.3210680969265423e-07
0.27 0.09 0 1.290533859094677e-06
0.27 0.1 0 1.2436773295748697e-06
0.27 0.11 0 1.444234803308703e-06
0.27 0.12 0 5.470469839096731e-07
0.27 0.13 0 1.331994361562755e-06
0.27 0.14 0 1.0035565539946524e-06
0.27 0.15 0 1.234210734019054e-06
0.27 0.16 0 6.478861018572121e-07
0.27 0.17 0 1.7024469060525056e-07
0.27 0.18 0 2.400398522473879e-07
0.27 0.19 0 3.361222917934796e-07
0.27 0.2 0 7.657888395614336e-07
0.27 0.21 0 7.214165666253853e-07
0.27 0.22 0 2.268439088757183e-07
0.27 0.23 0 8.185438395789366e-07
0.27 0.24 0 7.368808099409112e-07
0.27 0.25 0 3.8847656901186e-07
0.27 0.26 0 8.186797788819184e-08
0.27 0.27 0 4.586592123157134e-08
0.27 0.28 0 7.362901747086745e-09
0.27 0.29 0 1.4671859631007957e-07
0.27 0.3 0 1.0511646660890486e-07
0.27 0.31 0 2.750696149744241e-07
0.27 0.32 0 2.5905770588024233e-07
0.27 0.33 0 4.693490337648414e-07
0.27 0.34 0 1.975562453241818e-07
0.27 0.35000000000000003 0 6.105369629268046e-08
0.27 0.36 0 2.2548060192333545e-08
0.27 0.37 0 6.602788437081259e-08
0.27 0.38 0 2.2751783788320155e-07
0.27 0.39 0 3.131110909598237e-07
0.27 0.4 0 2.852070879608022e-06
0.27 0.41000000000000003 0 2.0262210665191407e-06
0.27 0.42 0 4.677606830644537e-06
0.27 0.43 0 2.3919454738937862e-06
0.27 0.44 0 2.0149804843003254e-06
0.27 0.45 0 1.4010735808943437e-06
0.27 0.46 0 6.042859475564333e-06
0.27 0.47000000000000003 0 9.631625760923733e-06
0.27 0.48 0 2.1220674511084732e-05
0.27 0.49 0 7.944752945973034e-06
0.27 0.5 0 6.653909792914488e-06
0.28 0.0 0 1.8723109519726346e-07
0.28 0.01 0 4.3544109611334004e-07
0.28 0.02 0 1.4741352617667824e-06
0.28 0.03 0 6.287621678867643e-07
0.28 0.04 0 2.731392681871383e-06
0.28 0.05 0 1.549292739608113e-06
0.28 0.06 0 2.756750795745822e-06
0.28 0.07 0 2.1618898708943193e-06
0.28 0.08 0 1.1410601611322697e-06
0.28 0.09 0 6.714755362348624e-07
0.28 0.1 0 1.963188587176109e-06
0.28 0.11 0 2.372005459984647e-06
0.28 0.12 0 1.0213970662139893e-06
0.28 0.13 0 3.375432001652136e-07
0.28 0.14 0 8.703375459559568e-07
0.28 0.15 0 2.4897964850075514e-06
0.28 0.16 0 1.0783244899452542e-06
0.28 0.17 0 4.7116193312336475e-07
0.28 0.18 0 2.847894849015312e-07
0.28 0.19 0 2.465911361235464e-07
0.28 0.2 0 1.5223819094585505e-07
0.28 0.21 0 8.410986775345228e-08
0.28 0.22 0 3.965799685952443e-08
0.28 0.23 0 8.398914799533909e-08
0.28 0.24 0 2.096309101471394e-07
0.28 0.25 0 9.42178265936228e-07
0.28 0.26 0 1.6513467946400007e-07
0.28 0.27 0 9.196199334066219e-08
0.28 0.28 0 5.572174217834914e-08
0.28 0.29 0 1.133962994830029e-07
0.28 0.3 0 2.0963133199418027e-07
0.28 0.31 0 7.069313762310879e-07
0.28 0.32 0 1.1995273000996824e-07
0.28 0.33 0 1.22996882128584e-07
0.28 0.34 0 3.499894927460708e-07
0.28 0.35000000000000003 0 3.759445089024285e-07
0.28 0.36 0 8.694709626491766e-08
0.28 0.37 0 2.4997167267819052e-08
0.28 0.38 0 7.349938341069152e-08
0.28 0.39 0 1.1381099811968317e-07
0.28 0.4 0 4.049064328414034e-08
0.28 0.41000000000000003 0 6.799555671564453e-08
0.28 0.42 0 9.288745487728011e-07
0.28 0.43 0 4.652748725467757e-06
0.28 0.44 0 3.5301438287858967e-06
0.28 0.45 0 1.4920703247108773e-05
0.28 0.46 0 2.6710907839269336e-05
0.28 0.47000000000000003 0 8.640278673264029e-05
0.28 0.48 0 1.6354015561295853e-05
0.28 0.49 0 6.922539671665919e-05
0.28 0.5 0 2.039545949863663e-05
0.29 0.0 0 1.0475757340498138e-06
0.29 0.01 0 3.071223723328717e-06
0.29 0.02 0 2.1933131362375792e-05
0.29 0.03 0 1.1828145927073028e-05
0.29 0.04 0 9.209374010492138e-07
0.29 0.05 0 1.1160108938829815e-06
0.29 0.06 0 1.2047049985976959e-06
0.29 0.07 0 5.358078483606301e-07
0.29 0.08 0 2.3616857669297285e-07
0.29 0.09 0 6.208086343219695e-07
0.29 0.1 0 1.2079479068718523e-06
0.29 0.11 0 4.6965867626126917e-07
0.29 0.12 0 2.4171487442058633e-07
0.29 0.13 0 2.369820835405145e-07
0.29 0.14 0 1.6083406646700886e-07
0.29 0.15 0 4.173289891208337e-07
0.29 0.16 0 1.400568748623728e-06
0.29 0.17 0 3.626345349585896e-07
0.29 0.18 0 1.7292381578517946e-07
0.29 0.19 0 1.359511289581789e-07
0.29 0.2 0 4.2680947353323407e-07
0.29 0.21 0 2.3081130517902897e-07
0.29 0.22 0 3.549094897683971e-08
0.29 0.23 0 1.8773456994816743e-08
0.29 0.24 0 9.833972737552424e-08
0.29 0.25 0 7.473515232528548e-08
0.29 0.26 0 1.4169262238957978e-07
0.29 0.27 0 5.1141719370750836e-08
0.29 0.28 0 4.3301245767477774e-08
0.29 0.29 0 3.096874725659201e-07
0.29 0.3 0 1.1242329578257197e-06
0.29 0.31 0 1.0947000639881554e-06
0.29 0.32 0 6.886337599031016e-07
0.29 0.33 0 1.5748036880239817e-07
0.29 0.34 0 4.2015932435560996e-07
0.29 0.35000000000000003 0 4.111173307329521e-06
0.29 0.36 0 2.1465850867654864e-06
0.29 0.37 0 1.92485122342439e-06
0.29 0.38 0 2.5490074733379767e-06
0.29 0.39 0 6.324822786604785e-06
0.29 0.4 0 7.919091147474408e-06
0.29 0.41000000000000003 0 2.089059596241171e-06
0.29 0.42 0 1.3057709571502794e-06
0.29 0.43 0 3.444432320896366e-06
0.29 0.44 0 1.4676641251279038e-06
0.29 0.45 0 1.0481758430759735e-06
0.29 0.46 0 1.131578070728777e-06
0.29 0.47000000000000003 0 1.1260344261042067e-06
0.29 0.48 0 8.429875043349093e-07
0.29 0.49 0 4.222518050381087e-07
0.29 0.5 0 6.444188846899265e-07
0.3 0.0 0 1.2674190635443791e-06
0.3 0.01 0 6.0218251720347825e-06
0.3 0.02 0 8.335710540100767e-06
0.3 0.03 0 6.336558382568184e-06
0.3 0.04 0 3.29780345978967e-06
0.3 0.05 0 1.4109451518477649e-06
0.3 0.06 0 9.386859666440976e-07
0.3 0.07 0 9.274527315548524e-07
0.3 0.08 0 4.231179284063698e-07
0.3 0.09 0 2.7984172634894953e-07
0.3 0.1 0 3.4488306161316798e-06
0.3 0.11 0 1.386687618674878e-06
0.3 0.12 0 1.5710766585712753e-06
0.3 0.13 0 1.87346903126061e-07
0.3 0.14 0 3.7196392717312375e-07
0.3 0.15 0 1.6689336826195396e-07
0.3 0.16 0 6.1327637563901e-07
0.3 0.17 0 3.5401754740421427e-07
0.3 0.18 0 3.13699209915116e-07
0.3 0.19 0 1.0923896837884208e-07
0.3 0.2 0 9.436620975340813e-07
0.3 0.21 0 2.829973252685387e-06
0.3 0.22 0 8.642196001551832e-07
0.3 0.23 0 2.9568015710741876e-07
0.3 0.24 0 4.644482495995933e-07
0.3 0.25 0 2.145554507487251e-06
0.3 0.26 0 8.288437577108424e-07
0.3 0.27 0 2.157147558907221e-07
0.3 0.28 0 2.2414551405600279e-07
0.3 0.29 0 5.232013834404637e-07
0.3 0.3 0 1.8292897072967297e-06
0.3 0.31 0 6.573193070158299e-06
0.3 0.32 0 4.613845929212595e-06
0.3 0.33 0 1.5166583562988685e-06
0.3 0.34 0 3.1100436493613736e-06
0.3 0.35000000000000003 0 1.0851667692017393e-05
0.3 0.36 0 0.00010369826682941799
0.3 0.37 0 4.655672752379781e-05
0.3 0.38 0 1.9337348140661988e-05
0.3 0.39 0 2.5691996821416868e-05
0.3 0.4 0 4.0142018309975914e-05
0.3 0.41000000000000003 0 9.3823520951296e-06
0.3 0.42 0 6.625883379956931e-06
0.3 0.43 0 3.0797651117781936e-06
0.3 0.44 0 1.580919755969117e-06
0.3 0.45 0 5.511599412422794e-07
0.3 0.46 0 3.911205446620963e-07
0.3 0.47000000000000003 0 7.850569493562387e-07
0.3 0.48 0 1.7773186891027475e-06
0.3 0.49 0 1.9090820610080385e-06
0.3 0.5 0 1.1762352015576477e-06
#STOP
