#MEDIUM_PROPERTIES_DISTRIBUTED
$MSH_TYPE
	 GROUNDWATER_FLOW	
$MMP_TYPE
	 PERMEABILITY	
$DIS_TYPE
	 NEAREST_VALUE	
;hj
$CONVERSION_FACTOR
	 1.0	
$DATA
0.0 0.0 0 1.284547007443644e-06
0.0 0.01 0 1.3374049371453436e-06
0.0 0.02 0 1.4147445795383257e-06
0.0 0.03 0 1.4210786049351825e-06
0.0 0.04 0 1.6276065533919944e-06
0.0 0.05 0 1.9952149206348375e-06
0.0 0.06 0 2.087922983063744e-06
0.0 0.07 0 1.939790562053797e-06
0.0 0.08 0 1.8155838762806292e-06
0.0 0.09 0 1.8794027675947412e-06
0.0 0.1 0 2.0621677592729326e-06
0.0 0.11 0 2.21310409564165e-06
0.0 0.12 0 2.3025161776978494e-06
0.0 0.13 0 2.1976142949055294e-06
0.0 0.14 0 2.1242765717136896e-06
0.0 0.15 0 2.207750047025607e-06
0.0 0.16 0 2.1514976201740563e-06
0.0 0.17 0 2.123632320970111e-06
0.0 0.18 0 2.1818808812762926e-06
0.0 0.19 0 2.0949109410824365e-06
0.0 0.2 0 2.0899661523084195e-06
0.0 0.21 0 2.194125439307826e-06
0.0 0.22 0 2.2131446343279885e-06
0.0 0.23 0 2.1755572251485617e-06
0.0 0.24 0 2.1075215237499837e-06
0.0 0.25 0 2.0596382344511612e-06
0.0 0.26 0 1.9744350774627707e-06
0.0 0.27 0 1.902027921638787e-06
0.0 0.28 0 1.907249921176123e-06
0.0 0.29 0 1.7485708726577466e-06
0.0 0.3 0 1.6092045917516206e-06
0.0 0.31 0 1.71059760509777e-06
0.0 0.32 0 1.8071830296992418e-06
0.0 0.33 0 1.8553216105660716e-06
0.0 0.34 0 1.8865109457366464e-06
0.0 0.35000000000000003 0 1.8475636482780082e-06
0.0 0.36 0 1.9681136139907537e-06
0.0 0.37 0 2.2190310867540103e-06
0.0 0.38 0 2.3362004399349056e-06
0.0 0.39 0 2.2961742201532657e-06
0.0 0.4 0 2.260529560223429e-06
0.0 0.41000000000000003 0 2.369699014985995e-06
0.0 0.42 0 2.3956138158584203e-06
0.0 0.43 0 2.357934055781607e-06
0.0 0.44 0 2.5044389400866285e-06
0.0 0.45 0 2.4578832407915624e-06
0.0 0.46 0 2.2230165946410053e-06
0.0 0.47000000000000003 0 2.122294630356019e-06
0.0 0.48 0 2.017974850102493e-06
0.0 0.49 0 1.9860827961090493e-06
0.0 0.5 0 2.0316388025077786e-06
0.01 0.0 0 1.655739785514713e-06
0.01 0.01 0 1.5349626615249649e-06
0.01 0.02 0 1.5498602555668348e-06
0.01 0.03 0 1.7679960374035917e-06
0.01 0.04 0 1.8544080866419683e-06
0.01 0.05 0 1.7518623153157418e-06
0.01 0.06 0 1.7056725650863596e-06
0.01 0.07 0 1.6391244871576437e-06
0.01 0.08 0 1.674908269647594e-06
0.01 0.09 0 1.8157003252798263e-06
0.01 0.1 0 1.7664473587198175e-06
0.01 0.11 0 1.6513684574773158e-06
0.01 0.12 0 1.5934690985937743e-06
0.01 0.13 0 1.5544591117703677e-06
0.01 0.14 0 1.5542499329184522e-06
0.01 0.15 0 1.5414086569123098e-06
0.01 0.16 0 1.5107294183173735e-06
0.01 0.17 0 1.440808569089243e-06
0.01 0.18 0 1.432477591520667e-06
0.01 0.19 0 1.595109782091549e-06
0.01 0.2 0 1.6531514010678396e-06
0.01 0.21 0 1.6168466215636989e-06
0.01 0.22 0 1.7646534084337435e-06
0.01 0.23 0 1.9211545789362464e-06
0.01 0.24 0 2.001666895625097e-06
0.01 0.25 0 2.0263763820768596e-06
0.01 0.26 0 1.9145823266134525e-06
0.01 0.27 0 1.879516475506526e-06
0.01 0.28 0 1.9621420064160066e-06
0.01 0.29 0 2.049874806832429e-06
0.01 0.3 0 2.1312661613322146e-06
0.01 0.31 0 2.2355507466459936e-06
0.01 0.32 0 2.4281956996902832e-06
0.01 0.33 0 2.4471363433692963e-06
0.01 0.34 0 2.350420839668303e-06
0.01 0.35000000000000003 0 2.5792488843250587e-06
0.01 0.36 0 2.864996289890857e-06
0.01 0.37 0 3.0044668501085647e-06
0.01 0.38 0 3.209380466821256e-06
0.01 0.39 0 3.173690806526745e-06
0.01 0.4 0 2.991981461426267e-06
0.01 0.41000000000000003 0 2.869737762399986e-06
0.01 0.42 0 2.6463036858602633e-06
0.01 0.43 0 2.419056963447917e-06
0.01 0.44 0 2.265795234749976e-06
0.01 0.45 0 2.2284625852155483e-06
0.01 0.46 0 2.2279007530015733e-06
0.01 0.47000000000000003 0 2.180388258633167e-06
0.01 0.48 0 2.273922346856087e-06
0.01 0.49 0 2.333004120541209e-06
0.01 0.5 0 2.2447567047339025e-06
0.02 0.0 0 1.7263388540525946e-06
0.02 0.01 0 1.7779209360401418e-06
0.02 0.02 0 1.7747585428108224e-06
0.02 0.03 0 1.641913102545097e-06
0.02 0.04 0 1.4413525627755929e-06
0.02 0.05 0 1.3952477867791548e-06
0.02 0.06 0 1.5386302053236392e-06
0.02 0.07 0 1.7926698626185362e-06
0.02 0.08 0 1.9115925182979263e-06
0.02 0.09 0 1.9176741752883303e-06
0.02 0.1 0 2.1129569161081775e-06
0.02 0.11 0 2.1995646733601683e-06
0.02 0.12 0 2.0447533590622046e-06
0.02 0.13 0 2.0004070941336127e-06
0.02 0.14 0 1.980099184755548e-06
0.02 0.15 0 2.0010426095652055e-06
0.02 0.16 0 2.1107383719781684e-06
0.02 0.17 0 2.0817914117316044e-06
0.02 0.18 0 1.9729658374633927e-06
0.02 0.19 0 1.8930574391285584e-06
0.02 0.2 0 1.8677344311808472e-06
0.02 0.21 0 1.8812994700201959e-06
0.02 0.22 0 1.8771829294012266e-06
0.02 0.23 0 1.9597844174667147e-06
0.02 0.24 0 2.0009302016497305e-06
0.02 0.25 0 1.9654249684048163e-06
0.02 0.26 0 2.136236557463842e-06
0.02 0.27 0 2.292559592338153e-06
0.02 0.28 0 2.324539365171423e-06
0.02 0.29 0 2.5343448292931678e-06
0.02 0.3 0 2.7035479395574103e-06
0.02 0.31 0 2.7269660238233952e-06
0.02 0.32 0 2.7504860603756765e-06
0.02 0.33 0 2.693501241777239e-06
0.02 0.34 0 2.6157494931319174e-06
0.02 0.35000000000000003 0 2.584599517120326e-06
0.02 0.36 0 2.7178574648897714e-06
0.02 0.37 0 2.8921648226640646e-06
0.02 0.38 0 2.823773911658047e-06
0.02 0.39 0 2.8167469518903784e-06
0.02 0.4 0 2.892611851458992e-06
0.02 0.41000000000000003 0 2.95782331400099e-06
0.02 0.42 0 3.2486860304560886e-06
0.02 0.43 0 3.296060450560623e-06
0.02 0.44 0 3.0098071894508084e-06
0.02 0.45 0 3.010914962648945e-06
0.02 0.46 0 3.1633510689201273e-06
0.02 0.47000000000000003 0 3.226347435303018e-06
0.02 0.48 0 3.2195743538712285e-06
0.02 0.49 0 3.1467051672715703e-06
0.02 0.5 0 2.9873248776391292e-06
0.03 0.0 0 1.4684406071166502e-06
0.03 0.01 0 1.6019097941979834e-06
0.03 0.02 0 1.5916382501226044e-06
0.03 0.03 0 1.45400337429356e-06
0.03 0.04 0 1.48798354637422e-06
0.03 0.05 0 1.5350381366973696e-06
0.03 0.06 0 1.4866768267803637e-06
0.03 0.07 0 1.4791518509574566e-06
0.03 0.08 0 1.5030162224401916e-06
0.03 0.09 0 1.5453555953945833e-06
0.03 0.1 0 1.5241350262277866e-06
0.03 0.11 0 1.4286308808371398e-06
0.03 0.12 0 1.3470653986280258e-06
0.03 0.13 0 1.3202692510866557e-06
0.03 0.14 0 1.4421007004477343e-06
0.03 0.15 0 1.5411794472637307e-06
0.03 0.16 0 1.4504158891508215e-06
0.03 0.17 0 1.4426053297920164e-06
0.03 0.18 0 1.5026591603436878e-06
0.03 0.19 0 1.5316795071459742e-06
0.03 0.2 0 1.5969714400023417e-06
0.03 0.21 0 1.525859680189328e-06
0.03 0.22 0 1.3899472265288192e-06
0.03 0.23 0 1.4164602247295233e-06
0.03 0.24 0 1.5464396909053348e-06
0.03 0.25 0 1.6024160766881628e-06
0.03 0.26 0 1.5127265581407158e-06
0.03 0.27 0 1.5228394332080201e-06
0.03 0.28 0 1.7333345590376185e-06
0.03 0.29 0 1.8837606463640305e-06
0.03 0.3 0 1.942918016160555e-06
0.03 0.31 0 1.916227812409105e-06
0.03 0.32 0 1.8644655441151226e-06
0.03 0.33 0 2.0880622681040727e-06
0.03 0.34 0 2.3253207077290474e-06
0.03 0.35000000000000003 0 2.2368331076488834e-06
0.03 0.36 0 2.1064202477792853e-06
0.03 0.37 0 1.9521993769829025e-06
0.03 0.38 0 1.7753621629517315e-06
0.03 0.39 0 1.7044317526337205e-06
0.03 0.4 0 1.7966173921290657e-06
0.03 0.41000000000000003 0 1.995185139373341e-06
0.03 0.42 0 2.043415673946766e-06
0.03 0.43 0 2.0321221165464775e-06
0.03 0.44 0 2.0818386829746826e-06
0.03 0.45 0 2.0238961684212903e-06
0.03 0.46 0 2.011263792031415e-06
0.03 0.47000000000000003 0 1.962490206731493e-06
0.03 0.48 0 1.7317931583073957e-06
0.03 0.49 0 1.640803296176361e-06
0.03 0.5 0 1.667196466644917e-06
0.04 0.0 0 1.155924176972271e-06
0.04 0.01 0 1.1531578407092755e-06
0.04 0.02 0 1.1796633010108933e-06
0.04 0.03 0 1.2539069234334083e-06
0.04 0.04 0 1.251399138015944e-06
0.04 0.05 0 1.2527358853402721e-06
0.04 0.06 0 1.2625351285751599e-06
0.04 0.07 0 1.196020584140011e-06
0.04 0.08 0 1.1850314625194837e-06
0.04 0.09 0 1.1606143933281333e-06
0.04 0.1 0 1.0964825432856594e-06
0.04 0.11 0 1.1782334489043104e-06
0.04 0.12 0 1.3171706959371763e-06
0.04 0.13 0 1.3444657536215093e-06
0.04 0.14 0 1.295131588450387e-06
0.04 0.15 0 1.2373053329045665e-06
0.04 0.16 0 1.220467993606665e-06
0.04 0.17 0 1.1998780371574378e-06
0.04 0.18 0 1.2117250780114e-06
0.04 0.19 0 1.2475199485032092e-06
0.04 0.2 0 1.1972833612030684e-06
0.04 0.21 0 1.2341329136494462e-06
0.04 0.22 0 1.3860753418520582e-06
0.04 0.23 0 1.4292900656218915e-06
0.04 0.24 0 1.4241633628500085e-06
0.04 0.25 0 1.3926986711873196e-06
0.04 0.26 0 1.3761506122890562e-06
0.04 0.27 0 1.52914750274025e-06
0.04 0.28 0 1.6449204806123564e-06
0.04 0.29 0 1.5001339846298877e-06
0.04 0.3 0 1.2908396312999645e-06
0.04 0.31 0 1.2599924420919102e-06
0.04 0.32 0 1.4371625799373354e-06
0.04 0.33 0 1.547379718028571e-06
0.04 0.34 0 1.5163456352111145e-06
0.04 0.35000000000000003 0 1.4711220450569378e-06
0.04 0.36 0 1.3776718687493815e-06
0.04 0.37 0 1.39598448926014e-06
0.04 0.38 0 1.4800852889523609e-06
0.04 0.39 0 1.4109758715922261e-06
0.04 0.4 0 1.3906291640866307e-06
0.04 0.41000000000000003 0 1.4929115498842344e-06
0.04 0.42 0 1.5887169182714678e-06
0.04 0.43 0 1.6560887724917753e-06
0.04 0.44 0 1.6579180835323758e-06
0.04 0.45 0 1.6542293699444948e-06
0.04 0.46 0 1.652890787500579e-06
0.04 0.47000000000000003 0 1.6224717628273184e-06
0.04 0.48 0 1.5709588352366624e-06
0.04 0.49 0 1.4304296742103231e-06
0.04 0.5 0 1.4023584146223787e-06
0.05 0.0 0 1.2091919078827036e-06
0.05 0.01 0 1.0741695113524778e-06
0.05 0.02 0 1.0463522865412079e-06
0.05 0.03 0 1.0961433216392504e-06
0.05 0.04 0 1.1017888920451402e-06
0.05 0.05 0 1.056901710382199e-06
0.05 0.06 0 9.85677625359719e-07
0.05 0.07 0 9.240789928963921e-07
0.05 0.08 0 8.519343983520926e-07
0.05 0.09 0 8.341183392668217e-07
0.05 0.1 0 8.924601484833994e-07
0.05 0.11 0 8.976414707734704e-07
0.05 0.12 0 9.120646240989822e-07
0.05 0.13 0 9.788335166673329e-07
0.05 0.14 0 9.846972132123925e-07
0.05 0.15 0 1.0035096827940982e-06
0.05 0.16 0 1.0220453081887362e-06
0.05 0.17 0 9.66094034806896e-07
0.05 0.18 0 9.46086280356622e-07
0.05 0.19 0 9.87937336697802e-07
0.05 0.2 0 1.0643224159949603e-06
0.05 0.21 0 1.1304979537011738e-06
0.05 0.22 0 1.1570005466969728e-06
0.05 0.23 0 1.201852541249961e-06
0.05 0.24 0 1.2553974172763008e-06
0.05 0.25 0 1.4325520403634222e-06
0.05 0.26 0 1.7596202069477865e-06
0.05 0.27 0 1.8511666992768614e-06
0.05 0.28 0 1.826576065347893e-06
0.05 0.29 0 1.9543101625296432e-06
0.05 0.3 0 2.055754176251574e-06
0.05 0.31 0 2.1380392487532793e-06
0.05 0.32 0 2.1293543831936424e-06
0.05 0.33 0 1.9398934790902395e-06
0.05 0.34 0 1.7699479320097642e-06
0.05 0.35000000000000003 0 1.675069737862439e-06
0.05 0.36 0 1.6466840431899697e-06
0.05 0.37 0 1.594468391804336e-06
0.05 0.38 0 1.5140003370617098e-06
0.05 0.39 0 1.4983227794199058e-06
0.05 0.4 0 1.411321298400091e-06
0.05 0.41000000000000003 0 1.3174671827519129e-06
0.05 0.42 0 1.3044008803112922e-06
0.05 0.43 0 1.2152681249948656e-06
0.05 0.44 0 1.2121279456005555e-06
0.05 0.45 0 1.4251055530815255e-06
0.05 0.46 0 1.6004733156298828e-06
0.05 0.47000000000000003 0 1.6023056198003575e-06
0.05 0.48 0 1.5189585793505215e-06
0.05 0.49 0 1.466967324645916e-06
0.05 0.5 0 1.4590073908494024e-06
0.06 0.0 0 1.1470806862628845e-06
0.06 0.01 0 1.1798951030957546e-06
0.06 0.02 0 1.1489920454941213e-06
0.06 0.03 0 1.1456550449124502e-06
0.06 0.04 0 1.2340993242577407e-06
0.06 0.05 0 1.2406077975589664e-06
0.06 0.06 0 1.2660138448907717e-06
0.06 0.07 0 1.3775782956145142e-06
0.06 0.08 0 1.4284278805781695e-06
0.06 0.09 0 1.3983608517381833e-06
0.06 0.1 0 1.3045681608588517e-06
0.06 0.11 0 1.2355980552212112e-06
0.06 0.12 0 1.2310064892690059e-06
0.06 0.13 0 1.253201083884179e-06
0.06 0.14 0 1.3028929840867792e-06
0.06 0.15 0 1.2944194282202254e-06
0.06 0.16 0 1.3397493138790753e-06
0.06 0.17 0 1.553791531546732e-06
0.06 0.18 0 1.65546197549018e-06
0.06 0.19 0 1.6671623607392945e-06
0.06 0.2 0 1.7570990102271097e-06
0.06 0.21 0 1.7330204201450708e-06
0.06 0.22 0 1.6774260485426678e-06
0.06 0.23 0 1.6982485899361532e-06
0.06 0.24 0 1.7181863821746043e-06
0.06 0.25 0 1.7009481388378513e-06
0.06 0.26 0 1.6104163388115726e-06
0.06 0.27 0 1.5529441597178293e-06
0.06 0.28 0 1.5435666013962446e-06
0.06 0.29 0 1.5550186624331225e-06
0.06 0.3 0 1.6366795799387838e-06
0.06 0.31 0 1.606090020205501e-06
0.06 0.32 0 1.5299840621399459e-06
0.06 0.33 0 1.5689894485348231e-06
0.06 0.34 0 1.4772039359294317e-06
0.06 0.35000000000000003 0 1.3440717876014427e-06
0.06 0.36 0 1.3844335685219062e-06
0.06 0.37 0 1.482380468122231e-06
0.06 0.38 0 1.5578313036536774e-06
0.06 0.39 0 1.545475209215799e-06
0.06 0.4 0 1.4280457654222072e-06
0.06 0.41000000000000003 0 1.3018113079539234e-06
0.06 0.42 0 1.2269600342708559e-06
0.06 0.43 0 1.2758363327263843e-06
0.06 0.44 0 1.3274483781037771e-06
0.06 0.45 0 1.3069377546132555e-06
0.06 0.46 0 1.393347482167936e-06
0.06 0.47000000000000003 0 1.5096216065581527e-06
0.06 0.48 0 1.6099854341856806e-06
0.06 0.49 0 1.7672012289959494e-06
0.06 0.5 0 1.7194615596251626e-06
0.07 0.0 0 1.3125390176098526e-06
0.07 0.01 0 1.2287189807353548e-06
0.07 0.02 0 1.1665302493944437e-06
0.07 0.03 0 1.1563675059964883e-06
0.07 0.04 0 1.163043945782084e-06
0.07 0.05 0 1.2229950579381768e-06
0.07 0.06 0 1.2475961108970714e-06
0.07 0.07 0 1.277977405424301e-06
0.07 0.08 0 1.4182058419041634e-06
0.07 0.09 0 1.4229298684336412e-06
0.07 0.1 0 1.328488959110742e-06
0.07 0.11 0 1.3269831566470182e-06
0.07 0.12 0 1.2757449032517753e-06
0.07 0.13 0 1.1862304392071097e-06
0.07 0.14 0 1.1434562741121018e-06
0.07 0.15 0 1.1364398422110913e-06
0.07 0.16 0 1.1574985281427343e-06
0.07 0.17 0 1.165490260832877e-06
0.07 0.18 0 1.1989988308585046e-06
0.07 0.19 0 1.2240716701419276e-06
0.07 0.2 0 1.214304846325611e-06
0.07 0.21 0 1.2936986238311566e-06
0.07 0.22 0 1.3607882111630025e-06
0.07 0.23 0 1.4015540042016236e-06
0.07 0.24 0 1.5766821729614364e-06
0.07 0.25 0 1.6753620935183292e-06
0.07 0.26 0 1.6472815534822588e-06
0.07 0.27 0 1.6663618763225792e-06
0.07 0.28 0 1.6507680236894572e-06
0.07 0.29 0 1.6529935348101457e-06
0.07 0.3 0 1.7224571019803618e-06
0.07 0.31 0 1.7600937817408176e-06
0.07 0.32 0 1.6537046902013315e-06
0.07 0.33 0 1.4377536764080195e-06
0.07 0.34 0 1.3595480673912533e-06
0.07 0.35000000000000003 0 1.365593297166553e-06
0.07 0.36 0 1.300148937833141e-06
0.07 0.37 0 1.265351386438997e-06
0.07 0.38 0 1.191801072167359e-06
0.07 0.39 0 1.106259251081592e-06
0.07 0.4 0 1.1794881576168816e-06
0.07 0.41000000000000003 0 1.2917991602325645e-06
0.07 0.42 0 1.3454438962315499e-06
0.07 0.43 0 1.3696324979344205e-06
0.07 0.44 0 1.3034115964310813e-06
0.07 0.45 0 1.221375003133448e-06
0.07 0.46 0 1.185777174635229e-06
0.07 0.47000000000000003 0 1.1824723324671238e-06
0.07 0.48 0 1.1268105568401077e-06
0.07 0.49 0 1.016005079603808e-06
0.07 0.5 0 1.0643543002203816e-06
0.08 0.0 0 1.3065131937040195e-06
0.08 0.01 0 1.381039918845019e-06
0.08 0.02 0 1.5227960801729392e-06
0.08 0.03 0 1.578926953605547e-06
0.08 0.04 0 1.5498233945483167e-06
0.08 0.05 0 1.5257897091901391e-06
0.08 0.06 0 1.469166937308323e-06
0.08 0.07 0 1.3795906408879385e-06
0.08 0.08 0 1.2810038125740249e-06
0.08 0.09 0 1.2799533310525802e-06
0.08 0.1 0 1.315733774909456e-06
0.08 0.11 0 1.2946412587068215e-06
0.08 0.12 0 1.36429702847824e-06
0.08 0.13 0 1.4216059538593378e-06
0.08 0.14 0 1.3675701339515714e-06
0.08 0.15 0 1.3906687445611375e-06
0.08 0.16 0 1.427724863008721e-06
0.08 0.17 0 1.4654304727364443e-06
0.08 0.18 0 1.5651407839608076e-06
0.08 0.19 0 1.5494033262396986e-06
0.08 0.2 0 1.4574918250514015e-06
0.08 0.21 0 1.455299185139392e-06
0.08 0.22 0 1.5773286484239333e-06
0.08 0.23 0 1.7011862080384918e-06
0.08 0.24 0 1.6677628015139315e-06
0.08 0.25 0 1.6796251059949267e-06
0.08 0.26 0 1.7620915952823198e-06
0.08 0.27 0 1.7844353918930988e-06
0.08 0.28 0 1.951316972858707e-06
0.08 0.29 0 2.1145505660014887e-06
0.08 0.3 0 2.034827289928223e-06
0.08 0.31 0 1.9697436460051623e-06
0.08 0.32 0 1.9339733555945024e-06
0.08 0.33 0 1.95659503489507e-06
0.08 0.34 0 2.0721667516475817e-06
0.08 0.35000000000000003 0 2.015882004190279e-06
0.08 0.36 0 1.7601586571637312e-06
0.08 0.37 0 1.5031859319384583e-06
0.08 0.38 0 1.4039156387461788e-06
0.08 0.39 0 1.3955541755790128e-06
0.08 0.4 0 1.3148620420280997e-06
0.08 0.41000000000000003 0 1.327516891524564e-06
0.08 0.42 0 1.4473866673150314e-06
0.08 0.43 0 1.4887850372183362e-06
0.08 0.44 0 1.5652429592823694e-06
0.08 0.45 0 1.596912588701387e-06
0.08 0.46 0 1.4696554508530425e-06
0.08 0.47000000000000003 0 1.3992143420433946e-06
0.08 0.48 0 1.4021819317190046e-06
0.08 0.49 0 1.4488789457802221e-06
0.08 0.5 0 1.5195477873542748e-06
0.09 0.0 0 1.4914082462556588e-06
0.09 0.01 0 1.513510462332125e-06
0.09 0.02 0 1.4196420564466236e-06
0.09 0.03 0 1.5380806192279171e-06
0.09 0.04 0 1.7846241028912485e-06
0.09 0.05 0 1.7806726639406148e-06
0.09 0.06 0 1.6581181855534768e-06
0.09 0.07 0 1.5421689282763798e-06
0.09 0.08 0 1.5428561257973888e-06
0.09 0.09 0 1.7146270738439217e-06
0.09 0.1 0 1.7920490849676766e-06
0.09 0.11 0 1.7131052843343824e-06
0.09 0.12 0 1.6535188255328755e-06
0.09 0.13 0 1.6949219825648915e-06
0.09 0.14 0 1.7390615238126784e-06
0.09 0.15 0 1.6393888056008315e-06
0.09 0.16 0 1.6212414837356314e-06
0.09 0.17 0 1.6803422295413254e-06
0.09 0.18 0 1.5792653976394497e-06
0.09 0.19 0 1.5346897781181887e-06
0.09 0.2 0 1.5938451628257155e-06
0.09 0.21 0 1.6338359512554846e-06
0.09 0.22 0 1.7358311368832434e-06
0.09 0.23 0 1.7652189842096094e-06
0.09 0.24 0 1.7063213680161104e-06
0.09 0.25 0 1.7800556285025807e-06
0.09 0.26 0 1.9995371684728005e-06
0.09 0.27 0 2.2444415503474108e-06
0.09 0.28 0 2.280746054865943e-06
0.09 0.29 0 2.182200916395359e-06
0.09 0.3 0 2.119483135292298e-06
0.09 0.31 0 2.002666504908184e-06
0.09 0.32 0 2.011787926856477e-06
0.09 0.33 0 2.072785727329607e-06
0.09 0.34 0 1.9185896294785513e-06
0.09 0.35000000000000003 0 1.881726937366992e-06
0.09 0.36 0 1.9972198683002793e-06
0.09 0.37 0 1.983393728555351e-06
0.09 0.38 0 1.9217213104942985e-06
0.09 0.39 0 1.8640507109094218e-06
0.09 0.4 0 1.8485482335563885e-06
0.09 0.41000000000000003 0 1.896609995702164e-06
0.09 0.42 0 1.9374222521370166e-06
0.09 0.43 0 1.9690093988531626e-06
0.09 0.44 0 1.9136934874648565e-06
0.09 0.45 0 1.922353899818076e-06
0.09 0.46 0 2.0911847909666375e-06
0.09 0.47000000000000003 0 2.1424040942012485e-06
0.09 0.48 0 2.1881328860683064e-06
0.09 0.49 0 2.261733834443922e-06
0.09 0.5 0 2.1213740814971804e-06
0.1 0.0 0 1.5723754892506755e-06
0.1 0.01 0 1.6071867886243643e-06
0.1 0.02 0 1.7141362428752012e-06
0.1 0.03 0 1.8300273568316089e-06
0.1 0.04 0 1.8533030607200197e-06
0.1 0.05 0 1.7993201094076156e-06
0.1 0.06 0 1.7065114591730898e-06
0.1 0.07 0 1.8278115600106981e-06
0.1 0.08 0 2.0569061218987234e-06
0.1 0.09 0 1.9088234995072224e-06
0.1 0.1 0 1.679951934969465e-06
0.1 0.11 0 1.6034189080509255e-06
0.1 0.12 0 1.5771455605716733e-06
0.1 0.13 0 1.6476960428260424e-06
0.1 0.14 0 1.690350916987572e-06
0.1 0.15 0 1.638312725277432e-06
0.1 0.16 0 1.6355104307485215e-06
0.1 0.17 0 1.6964196837440612e-06
0.1 0.18 0 1.7706932701874357e-06
0.1 0.19 0 1.7419508213298217e-06
0.1 0.2 0 1.7247822649415765e-06
0.1 0.21 0 1.839207193115563e-06
0.1 0.22 0 1.842372002539142e-06
0.1 0.23 0 1.791081016102395e-06
0.1 0.24 0 1.7779205705960662e-06
0.1 0.25 0 1.6937553063139837e-06
0.1 0.26 0 1.7657613792037632e-06
0.1 0.27 0 1.937569419790251e-06
0.1 0.28 0 1.8852810650329434e-06
0.1 0.29 0 1.801315727553822e-06
0.1 0.3 0 1.8535614999573026e-06
0.1 0.31 0 1.960557528323455e-06
0.1 0.32 0 1.9341765725129367e-06
0.1 0.33 0 1.7757161785141736e-06
0.1 0.34 0 1.7264098417694252e-06
0.1 0.35000000000000003 0 1.7233867904610843e-06
0.1 0.36 0 1.7250116573137044e-06
0.1 0.37 0 1.7819525468685297e-06
0.1 0.38 0 1.75907639166538e-06
0.1 0.39 0 1.8406162467514894e-06
0.1 0.4 0 2.0433719021023492e-06
0.1 0.41000000000000003 0 1.9590924816663974e-06
0.1 0.42 0 1.8002896528740115e-06
0.1 0.43 0 1.8136375040895455e-06
0.1 0.44 0 1.8944125451899142e-06
0.1 0.45 0 2.0017815829403467e-06
0.1 0.46 0 2.0831672115494266e-06
0.1 0.47000000000000003 0 2.161494958110271e-06
0.1 0.48 0 2.1900392145069297e-06
0.1 0.49 0 2.1557781417555436e-06
0.1 0.5 0 2.1761027208012567e-06
0.11 0.0 0 1.714477566579938e-06
0.11 0.01 0 1.754220277515075e-06
0.11 0.02 0 1.7435115547805198e-06
0.11 0.03 0 1.5507895924260681e-06
0.11 0.04 0 1.4569378014201298e-06
0.11 0.05 0 1.5312940240089804e-06
0.11 0.06 0 1.6167965994768929e-06
0.11 0.07 0 1.6085526167394797e-06
0.11 0.08 0 1.526097537968321e-06
0.11 0.09 0 1.4979939799075612e-06
0.11 0.1 0 1.452823829467095e-06
0.11 0.11 0 1.389833231496631e-06
0.11 0.12 0 1.4119737249110178e-06
0.11 0.13 0 1.4075535913599562e-06
0.11 0.14 0 1.453440354614639e-06
0.11 0.15 0 1.5819741384248106e-06
0.11 0.16 0 1.5465020316788192e-06
0.11 0.17 0 1.5035591315917226e-06
0.11 0.18 0 1.5724108173062612e-06
0.11 0.19 0 1.6024269258637301e-06
0.11 0.2 0 1.6439814210271346e-06
0.11 0.21 0 1.7066705340405955e-06
0.11 0.22 0 1.7067552461744356e-06
0.11 0.23 0 1.5998460112138024e-06
0.11 0.24 0 1.4836289829357874e-06
0.11 0.25 0 1.5074273648667325e-06
0.11 0.26 0 1.4785021638371024e-06
0.11 0.27 0 1.332003228340321e-06
0.11 0.28 0 1.2659924565020684e-06
0.11 0.29 0 1.2490714121274817e-06
0.11 0.3 0 1.3414210514308232e-06
0.11 0.31 0 1.5239951541215278e-06
0.11 0.32 0 1.485588913362021e-06
0.11 0.33 0 1.3533637126941546e-06
0.11 0.34 0 1.3141065251773046e-06
0.11 0.35000000000000003 0 1.2717484542938508e-06
0.11 0.36 0 1.1897696002737175e-06
0.11 0.37 0 1.0961239541108574e-06
0.11 0.38 0 1.0630445813741589e-06
0.11 0.39 0 1.0563122390915507e-06
0.11 0.4 0 1.032716726111849e-06
0.11 0.41000000000000003 0 1.064412393246096e-06
0.11 0.42 0 1.0614741164254268e-06
0.11 0.43 0 1.0409510346000162e-06
0.11 0.44 0 1.1453894313688265e-06
0.11 0.45 0 1.2453644135315095e-06
0.11 0.46 0 1.3281279742483465e-06
0.11 0.47000000000000003 0 1.513310881907128e-06
0.11 0.48 0 1.6569118032188004e-06
0.11 0.49 0 1.7294327750373104e-06
0.11 0.5 0 1.7816603255162837e-06
0.12 0.0 0 1.6345221689594481e-06
0.12 0.01 0 1.6730885044551895e-06
0.12 0.02 0 1.6145470957223787e-06
0.12 0.03 0 1.647777025774582e-06
0.12 0.04 0 1.618172419921979e-06
0.12 0.05 0 1.54086263002752e-06
0.12 0.06 0 1.5319211709307112e-06
0.12 0.07 0 1.4476886305796773e-06
0.12 0.08 0 1.4073169149105433e-06
0.12 0.09 0 1.4574591488669508e-06
0.12 0.1 0 1.422664050526725e-06
0.12 0.11 0 1.393093939613001e-06
0.12 0.12 0 1.4840820125991423e-06
0.12 0.13 0 1.6448977666679783e-06
0.12 0.14 0 1.6553077316083694e-06
0.12 0.15 0 1.4770942182058515e-06
0.12 0.16 0 1.4117527345770256e-06
0.12 0.17 0 1.4454603069056194e-06
0.12 0.18 0 1.488167783846757e-06
0.12 0.19 0 1.5671509764306155e-06
0.12 0.2 0 1.4795922439896675e-06
0.12 0.21 0 1.3596962887261715e-06
0.12 0.22 0 1.4495647465402453e-06
0.12 0.23 0 1.585916734394058e-06
0.12 0.24 0 1.6705463818987595e-06
0.12 0.25 0 1.7067060236468814e-06
0.12 0.26 0 1.667835106112728e-06
0.12 0.27 0 1.6699464768300018e-06
0.12 0.28 0 1.7318924466801e-06
0.12 0.29 0 1.8199089088741618e-06
0.12 0.3 0 1.8012203267644064e-06
0.12 0.31 0 1.6917749236244696e-06
0.12 0.32 0 1.75908473401959e-06
0.12 0.33 0 1.8321663857136834e-06
0.12 0.34 0 1.7597825062252783e-06
0.12 0.35000000000000003 0 1.759891325670933e-06
0.12 0.36 0 1.683562188764602e-06
0.12 0.37 0 1.5314501671936557e-06
0.12 0.38 0 1.5003957731647808e-06
0.12 0.39 0 1.508461238002244e-06
0.12 0.4 0 1.5307865080475213e-06
0.12 0.41000000000000003 0 1.5589073268876703e-06
0.12 0.42 0 1.5774134809231246e-06
0.12 0.43 0 1.6539447595022647e-06
0.12 0.44 0 1.7693241828548523e-06
0.12 0.45 0 1.9275621678480863e-06
0.12 0.46 0 1.9438780985775584e-06
0.12 0.47000000000000003 0 1.7809032305527888e-06
0.12 0.48 0 1.8136538541388833e-06
0.12 0.49 0 1.9258906268646514e-06
0.12 0.5 0 1.9295435358315318e-06
0.13 0.0 0 2.1856384594729164e-06
0.13 0.01 0 2.2294734419197856e-06
0.13 0.02 0 2.158865648138539e-06
0.13 0.03 0 2.0964222932175916e-06
0.13 0.04 0 2.1129780688781512e-06
0.13 0.05 0 2.0871909464042127e-06
0.13 0.06 0 1.8954825035620488e-06
0.13 0.07 0 1.7405514484002243e-06
0.13 0.08 0 1.5771588014135196e-06
0.13 0.09 0 1.4495948361104816e-06
0.13 0.1 0 1.5815415193804063e-06
0.13 0.11 0 1.7441808415552704e-06
0.13 0.12 0 1.7216492112143e-06
0.13 0.13 0 1.6746468409257986e-06
0.13 0.14 0 1.592843708875208e-06
0.13 0.15 0 1.5756531822690778e-06
0.13 0.16 0 1.681480123762941e-06
0.13 0.17 0 1.7592603714267887e-06
0.13 0.18 0 1.7263332797146692e-06
0.13 0.19 0 1.5925032838783284e-06
0.13 0.2 0 1.5201701908493764e-06
0.13 0.21 0 1.5184920336333434e-06
0.13 0.22 0 1.4978848057768289e-06
0.13 0.23 0 1.5693591658107411e-06
0.13 0.24 0 1.6101092157343703e-06
0.13 0.25 0 1.6022422826348846e-06
0.13 0.26 0 1.8590657930938367e-06
0.13 0.27 0 2.166723411944282e-06
0.13 0.28 0 2.1447911174304016e-06
0.13 0.29 0 2.0027695335939446e-06
0.13 0.3 0 1.908701530524857e-06
0.13 0.31 0 1.9424234131759736e-06
0.13 0.32 0 1.9935623951092557e-06
0.13 0.33 0 1.9314799316615503e-06
0.13 0.34 0 1.8603279905074764e-06
0.13 0.35000000000000003 0 1.8453114094387115e-06
0.13 0.36 0 1.9727265408356657e-06
0.13 0.37 0 2.0350566051108303e-06
0.13 0.38 0 1.8391325103180986e-06
0.13 0.39 0 1.7727686901589349e-06
0.13 0.4 0 1.8158381344990537e-06
0.13 0.41000000000000003 0 1.7830106251623574e-06
0.13 0.42 0 1.8811504668564352e-06
0.13 0.43 0 2.039584427222853e-06
0.13 0.44 0 2.1218400951549944e-06
0.13 0.45 0 2.2085891055213082e-06
0.13 0.46 0 2.237901539028524e-06
0.13 0.47000000000000003 0 2.236273531336293e-06
0.13 0.48 0 2.252572804169631e-06
0.13 0.49 0 2.3885500607896854e-06
0.13 0.5 0 2.6169506829481023e-06
0.14 0.0 0 1.6208208560062291e-06
0.14 0.01 0 1.5649738569311548e-06
0.14 0.02 0 1.6570170509468547e-06
0.14 0.03 0 1.7631271048418605e-06
0.14 0.04 0 1.9287910001237507e-06
0.14 0.05 0 1.9517297380624915e-06
0.14 0.06 0 1.8301030715160543e-06
0.14 0.07 0 1.7680118448926546e-06
0.14 0.08 0 1.8201346375001532e-06
0.14 0.09 0 1.9408645588232575e-06
0.14 0.1 0 1.9179784331297973e-06
0.14 0.11 0 1.788420283711571e-06
0.14 0.12 0 1.6543968708148955e-06
0.14 0.13 0 1.5315410040204842e-06
0.14 0.14 0 1.584363519796366e-06
0.14 0.15 0 1.6267701797959037e-06
0.14 0.16 0 1.484848713252757e-06
0.14 0.17 0 1.4668503118774547e-06
0.14 0.18 0 1.5340093785224908e-06
0.14 0.19 0 1.5084824306621558e-06
0.14 0.2 0 1.4739881203647306e-06
0.14 0.21 0 1.4470720716218383e-06
0.14 0.22 0 1.4574178688822859e-06
0.14 0.23 0 1.5009219724943828e-06
0.14 0.24 0 1.565909182686004e-06
0.14 0.25 0 1.6674546859376167e-06
0.14 0.26 0 1.703242349770277e-06
0.14 0.27 0 1.776833731500779e-06
0.14 0.28 0 1.888614453694428e-06
0.14 0.29 0 1.8586054803872898e-06
0.14 0.3 0 1.901927287473178e-06
0.14 0.31 0 1.9374105662145186e-06
0.14 0.32 0 1.7583729290857686e-06
0.14 0.33 0 1.6640937568189027e-06
0.14 0.34 0 1.67033768063613e-06
0.14 0.35000000000000003 0 1.6519434265176597e-06
0.14 0.36 0 1.6463393999509708e-06
0.14 0.37 0 1.6264445529691538e-06
0.14 0.38 0 1.6020970906600745e-06
0.14 0.39 0 1.5547439667081078e-06
0.14 0.4 0 1.541209162451565e-06
0.14 0.41000000000000003 0 1.5800717881596721e-06
0.14 0.42 0 1.5132953619511991e-06
0.14 0.43 0 1.5172450026008674e-06
0.14 0.44 0 1.6847458447905517e-06
0.14 0.45 0 1.7640875766488118e-06
0.14 0.46 0 1.8291878288491439e-06
0.14 0.47000000000000003 0 1.9282958795751644e-06
0.14 0.48 0 2.0100566695250523e-06
0.14 0.49 0 2.268987807759481e-06
0.14 0.5 0 2.486466878166401e-06
0.15 0.0 0 1.4517304873343984e-06
0.15 0.01 0 1.4519953436703385e-06
0.15 0.02 0 1.5600926171055735e-06
0.15 0.03 0 1.6777377576352083e-06
0.15 0.04 0 1.6084055897931805e-06
0.15 0.05 0 1.6329688370531435e-06
0.15 0.06 0 1.8240710046067372e-06
0.15 0.07 0 1.9506974426985714e-06
0.15 0.08 0 2.0920042935094584e-06
0.15 0.09 0 2.108752475412409e-06
0.15 0.1 0 1.9135467315534087e-06
0.15 0.11 0 1.805528653149756e-06
0.15 0.12 0 1.7846317088460498e-06
0.15 0.13 0 1.734477620779227e-06
0.15 0.14 0 1.6187825326379577e-06
0.15 0.15 0 1.5557524346995216e-06
0.15 0.16 0 1.616928987514674e-06
0.15 0.17 0 1.59066127361558e-06
0.15 0.18 0 1.5203945101861006e-06
0.15 0.19 0 1.5241530200856958e-06
0.15 0.2 0 1.523180627528939e-06
0.15 0.21 0 1.6706776741913764e-06
0.15 0.22 0 1.8795415599768535e-06
0.15 0.23 0 1.8233774872172995e-06
0.15 0.24 0 1.7135146564364996e-06
0.15 0.25 0 1.6475650527083857e-06
0.15 0.26 0 1.5639783388123105e-06
0.15 0.27 0 1.5143664241686462e-06
0.15 0.28 0 1.4770804229837493e-06
0.15 0.29 0 1.4550506573936756e-06
0.15 0.3 0 1.42466119432078e-06
0.15 0.31 0 1.45033111371862e-06
0.15 0.32 0 1.5389877460191222e-06
0.15 0.33 0 1.4337974269627939e-06
0.15 0.34 0 1.2933698905937508e-06
0.15 0.35000000000000003 0 1.328650787614856e-06
0.15 0.36 0 1.393241369570807e-06
0.15 0.37 0 1.4762369310913453e-06
0.15 0.38 0 1.5308489729940815e-06
0.15 0.39 0 1.4715645527657995e-06
0.15 0.4 0 1.5031669431856272e-06
0.15 0.41000000000000003 0 1.61381381986738e-06
0.15 0.42 0 1.630801453269598e-06
0.15 0.43 0 1.5550601442622914e-06
0.15 0.44 0 1.502563790321613e-06
0.15 0.45 0 1.5746292002641728e-06
0.15 0.46 0 1.650157187102449e-06
0.15 0.47000000000000003 0 1.7667342907285623e-06
0.15 0.48 0 2.054010899196613e-06
0.15 0.49 0 2.1422273756374934e-06
0.15 0.5 0 2.031394456778396e-06
0.16 0.0 0 1.6255453007133755e-06
0.16 0.01 0 1.7254066927278147e-06
0.16 0.02 0 1.8425856771467465e-06
0.16 0.03 0 1.90506564697954e-06
0.16 0.04 0 1.8874035770402727e-06
0.16 0.05 0 1.8720349014012352e-06
0.16 0.06 0 1.9970317908021034e-06
0.16 0.07 0 2.2730974693502336e-06
0.16 0.08 0 2.290401945504608e-06
0.16 0.09 0 2.159935201290706e-06
0.16 0.1 0 2.1862167451637014e-06
0.16 0.11 0 2.13214897179582e-06
0.16 0.12 0 2.0823007670086824e-06
0.16 0.13 0 2.113450726008693e-06
0.16 0.14 0 2.068800015594997e-06
0.16 0.15 0 2.0852598306566783e-06
0.16 0.16 0 2.0555838230584158e-06
0.16 0.17 0 1.8492015724418e-06
0.16 0.18 0 1.7055300877359367e-06
0.16 0.19 0 1.746511101481104e-06
0.16 0.2 0 1.9105096833377695e-06
0.16 0.21 0 1.9332471222097114e-06
0.16 0.22 0 1.869972672001436e-06
0.16 0.23 0 2.000333895173686e-06
0.16 0.24 0 2.1033822465701224e-06
0.16 0.25 0 2.1132732220900754e-06
0.16 0.26 0 2.143597380641189e-06
0.16 0.27 0 2.0070526077599854e-06
0.16 0.28 0 1.9421972886960783e-06
0.16 0.29 0 2.0762276284413465e-06
0.16 0.3 0 2.1151469243547516e-06
0.16 0.31 0 2.020453379049027e-06
0.16 0.32 0 1.8650930278633686e-06
0.16 0.33 0 1.759615230465352e-06
0.16 0.34 0 1.779566681264323e-06
0.16 0.35000000000000003 0 1.8352972957049877e-06
0.16 0.36 0 1.848847143911039e-06
0.16 0.37 0 1.6910423989932857e-06
0.16 0.38 0 1.5862646087953022e-06
0.16 0.39 0 1.8155774139545932e-06
0.16 0.4 0 2.063566788133101e-06
0.16 0.41000000000000003 0 2.0919849882078854e-06
0.16 0.42 0 2.0716055062377597e-06
0.16 0.43 0 1.9413406322233316e-06
0.16 0.44 0 1.8811195676932404e-06
0.16 0.45 0 1.9578462320578216e-06
0.16 0.46 0 1.934566940107639e-06
0.16 0.47000000000000003 0 1.8023125389220198e-06
0.16 0.48 0 1.6611568558205792e-06
0.16 0.49 0 1.6156288516627558e-06
0.16 0.5 0 1.6202780463928005e-06
0.17 0.0 0 2.0522179912526595e-06
0.17 0.01 0 2.3020492662057747e-06
0.17 0.02 0 2.3275232726592422e-06
0.17 0.03 0 2.2108144190468807e-06
0.17 0.04 0 2.2105864291293524e-06
0.17 0.05 0 2.20170205842287e-06
0.17 0.06 0 2.2438781542894002e-06
0.17 0.07 0 2.244073068987453e-06
0.17 0.08 0 2.0815273155026827e-06
0.17 0.09 0 1.939231361875821e-06
0.17 0.1 0 1.9274926113759274e-06
0.17 0.11 0 2.057191391243384e-06
0.17 0.12 0 2.1012952853988147e-06
0.17 0.13 0 2.0420301834093465e-06
0.17 0.14 0 2.121954989863811e-06
0.17 0.15 0 2.108457986565097e-06
0.17 0.16 0 2.030250096971937e-06
0.17 0.17 0 2.134689697230317e-06
0.17 0.18 0 2.1406076133323286e-06
0.17 0.19 0 2.0337333855184604e-06
0.17 0.2 0 1.965118831790147e-06
0.17 0.21 0 1.8438523447120112e-06
0.17 0.22 0 1.7568813180604837e-06
0.17 0.23 0 1.7154781925354218e-06
0.17 0.24 0 1.6726447460494277e-06
0.17 0.25 0 1.6189852732642282e-06
0.17 0.26 0 1.5804480082179331e-06
0.17 0.27 0 1.679778141428373e-06
0.17 0.28 0 1.732878996534394e-06
0.17 0.29 0 1.605403934283388e-06
0.17 0.3 0 1.5116525018999088e-06
0.17 0.31 0 1.4112081200051315e-06
0.17 0.32 0 1.4070103587457032e-06
0.17 0.33 0 1.6336290231727795e-06
0.17 0.34 0 1.7497498628302613e-06
0.17 0.35000000000000003 0 1.628530838162865e-06
0.17 0.36 0 1.5463195033784906e-06
0.17 0.37 0 1.5943679527240445e-06
0.17 0.38 0 1.7313495086286082e-06
0.17 0.39 0 1.7916528579660287e-06
0.17 0.4 0 1.806351415432231e-06
0.17 0.41000000000000003 0 1.8662328896757443e-06
0.17 0.42 0 1.954495579986513e-06
0.17 0.43 0 2.168713111556058e-06
0.17 0.44 0 2.2571569778716484e-06
0.17 0.45 0 2.1231808472611372e-06
0.17 0.46 0 2.133463632913419e-06
0.17 0.47000000000000003 0 2.110864493924956e-06
0.17 0.48 0 1.9968000402853563e-06
0.17 0.49 0 2.032095077864126e-06
0.17 0.5 0 2.0526637375412514e-06
0.18 0.0 0 2.268187952542588e-06
0.18 0.01 0 2.0388898872710123e-06
0.18 0.02 0 1.995769781792564e-06
0.18 0.03 0 2.042985144320614e-06
0.18 0.04 0 1.9953653967589324e-06
0.18 0.05 0 1.9600231717738546e-06
0.18 0.06 0 1.7860522414076454e-06
0.18 0.07 0 1.5967312496302747e-06
0.18 0.08 0 1.629624066938894e-06
0.18 0.09 0 1.6378910297844673e-06
0.18 0.1 0 1.5693421321359915e-06
0.18 0.11 0 1.5813849311024295e-06
0.18 0.12 0 1.578651014730576e-06
0.18 0.13 0 1.5116325123369305e-06
0.18 0.14 0 1.4043366342902106e-06
0.18 0.15 0 1.3492866107330309e-06
0.18 0.16 0 1.3602148567455944e-06
0.18 0.17 0 1.347422786625207e-06
0.18 0.18 0 1.3892798680975308e-06
0.18 0.19 0 1.4379958672648928e-06
0.18 0.2 0 1.441464117448367e-06
0.18 0.21 0 1.5269675880643854e-06
0.18 0.22 0 1.5065159093859282e-06
0.18 0.23 0 1.39421029262143e-06
0.18 0.24 0 1.475220521395411e-06
0.18 0.25 0 1.638384457914626e-06
0.18 0.26 0 1.7393493058472852e-06
0.18 0.27 0 1.7952588875144125e-06
0.18 0.28 0 1.7705644779672248e-06
0.18 0.29 0 1.7059671585054836e-06
0.18 0.3 0 1.6393409655509009e-06
0.18 0.31 0 1.6892551522769684e-06
0.18 0.32 0 1.8004810000600003e-06
0.18 0.33 0 1.766715050178458e-06
0.18 0.34 0 1.7702499527125963e-06
0.18 0.35000000000000003 0 1.8290256078346212e-06
0.18 0.36 0 1.8537218777759895e-06
0.18 0.37 0 1.9947870602291953e-06
0.18 0.38 0 2.0190266505207296e-06
0.18 0.39 0 1.8775311393793755e-06
0.18 0.4 0 1.9011334423696141e-06
0.18 0.41000000000000003 0 1.969665319082445e-06
0.18 0.42 0 1.9198993880922516e-06
0.18 0.43 0 1.834509642391957e-06
0.18 0.44 0 1.8432811968142707e-06
0.18 0.45 0 1.959830337391892e-06
0.18 0.46 0 1.970361023727391e-06
0.18 0.47000000000000003 0 1.9367598663116697e-06
0.18 0.48 0 1.941283324083566e-06
0.18 0.49 0 1.9369871729519417e-06
0.18 0.5 0 2.1819862304226058e-06
0.19 0.0 0 2.1305468886194598e-06
0.19 0.01 0 2.0125579475645543e-06
0.19 0.02 0 2.0735228054034653e-06
0.19 0.03 0 2.123270802740962e-06
0.19 0.04 0 2.000401085062544e-06
0.19 0.05 0 1.7979954449915967e-06
0.19 0.06 0 1.739887321892302e-06
0.19 0.07 0 1.8012651858273852e-06
0.19 0.08 0 1.7307806330879501e-06
0.19 0.09 0 1.6618717193900484e-06
0.19 0.1 0 1.670579228684725e-06
0.19 0.11 0 1.6994270501701268e-06
0.19 0.12 0 1.8468440894525057e-06
0.19 0.13 0 1.86128503155037e-06
0.19 0.14 0 1.7084593731954227e-06
0.19 0.15 0 1.7647502222821785e-06
0.19 0.16 0 1.9284235028763923e-06
0.19 0.17 0 1.9939290304846317e-06
0.19 0.18 0 2.0160656579901276e-06
0.19 0.19 0 2.063570743089168e-06
0.19 0.2 0 2.154042767858823e-06
0.19 0.21 0 2.14418456897246e-06
0.19 0.22 0 2.1079301105206224e-06
0.19 0.23 0 2.0966771136574865e-06
0.19 0.24 0 1.988049316341797e-06
0.19 0.25 0 2.000048870811345e-06
0.19 0.26 0 2.0460649416425774e-06
0.19 0.27 0 1.9085178379185346e-06
0.19 0.28 0 1.8981748225792312e-06
0.19 0.29 0 2.018299885523461e-06
0.19 0.3 0 2.1229616193928594e-06
0.19 0.31 0 2.2942130890578984e-06
0.19 0.32 0 2.364570396035842e-06
0.19 0.33 0 2.296332098974303e-06
0.19 0.34 0 2.2490984433593327e-06
0.19 0.35000000000000003 0 2.2849781729736167e-06
0.19 0.36 0 2.370398003798023e-06
0.19 0.37 0 2.340800024620228e-06
0.19 0.38 0 2.3795839752615333e-06
0.19 0.39 0 2.455038669230549e-06
0.19 0.4 0 2.196626239880148e-06
0.19 0.41000000000000003 0 1.97532779996912e-06
0.19 0.42 0 1.9685204840001424e-06
0.19 0.43 0 1.9881275487387326e-06
0.19 0.44 0 2.1130584840161435e-06
0.19 0.45 0 2.2065693761397245e-06
0.19 0.46 0 2.169476341144713e-06
0.19 0.47000000000000003 0 2.249711084183525e-06
0.19 0.48 0 2.4465045423598416e-06
0.19 0.49 0 2.6192058634448008e-06
0.19 0.5 0 2.592738046367163e-06
0.2 0.0 0 2.0921571653714985e-06
0.2 0.01 0 2.1363590245735184e-06
0.2 0.02 0 2.13216230105075e-06
0.2 0.03 0 2.2964162846267975e-06
0.2 0.04 0 2.4453803391935367e-06
0.2 0.05 0 2.3682224309713845e-06
0.2 0.06 0 2.4008634191710068e-06
0.2 0.07 0 2.4681421024647972e-06
0.2 0.08 0 2.3980548845634342e-06
0.2 0.09 0 2.2659541182751487e-06
0.2 0.1 0 2.117444519355484e-06
0.2 0.11 0 1.9869870342876104e-06
0.2 0.12 0 1.8151652282574411e-06
0.2 0.13 0 1.7458383654792894e-06
0.2 0.14 0 1.8159041053279212e-06
0.2 0.15 0 1.8025174936049549e-06
0.2 0.16 0 1.8524803110688336e-06
0.2 0.17 0 1.9734552372238166e-06
0.2 0.18 0 1.941704402440471e-06
0.2 0.19 0 2.013920184394581e-06
0.2 0.2 0 2.214894417180398e-06
0.2 0.21 0 2.321817316629243e-06
0.2 0.22 0 2.4144074651514796e-06
0.2 0.23 0 2.48212199183681e-06
0.2 0.24 0 2.5347766441009784e-06
0.2 0.25 0 2.524574159675438e-06
0.2 0.26 0 2.3545113876399084e-06
0.2 0.27 0 2.136680000647571e-06
0.2 0.28 0 1.9603903451047754e-06
0.2 0.29 0 2.087470059075523e-06
0.2 0.3 0 2.4726372997045427e-06
0.2 0.31 0 2.4959080547166812e-06
0.2 0.32 0 2.3594606345175318e-06
0.2 0.33 0 2.420510454031322e-06
0.2 0.34 0 2.48616053963341e-06
0.2 0.35000000000000003 0 2.6142640447865206e-06
0.2 0.36 0 2.712582754313848e-06
0.2 0.37 0 2.6348864823791877e-06
0.2 0.38 0 2.529705776978833e-06
0.2 0.39 0 2.3824180801184328e-06
0.2 0.4 0 2.23086981798921e-06
0.2 0.41000000000000003 0 2.0794783334069335e-06
0.2 0.42 0 1.9679564967771135e-06
0.2 0.43 0 1.9150950642522587e-06
0.2 0.44 0 1.7213912083839673e-06
0.2 0.45 0 1.601933379521304e-06
0.2 0.46 0 1.7160372637585846e-06
0.2 0.47000000000000003 0 1.7626270945628213e-06
0.2 0.48 0 1.7609531788544177e-06
0.2 0.49 0 1.8129300837211058e-06
0.2 0.5 0 1.795340649981346e-06
0.21 0.0 0 2.603474300233812e-06
0.21 0.01 0 2.613892654037658e-06
0.21 0.02 0 2.642347765284901e-06
0.21 0.03 0 2.4120152457046887e-06
0.21 0.04 0 2.159103452435278e-06
0.21 0.05 0 2.1178349472276262e-06
0.21 0.06 0 2.0702481881561806e-06
0.21 0.07 0 2.122666072655505e-06
0.21 0.08 0 2.233562353079204e-06
0.21 0.09 0 2.0780787328220514e-06
0.21 0.1 0 1.997332997640501e-06
0.21 0.11 0 2.1723911576263382e-06
0.21 0.12 0 2.3792725572289383e-06
0.21 0.13 0 2.5069240744678264e-06
0.21 0.14 0 2.5028773788688264e-06
0.21 0.15 0 2.5394040788449683e-06
0.21 0.16 0 2.6836417670387874e-06
0.21 0.17 0 2.758070251257264e-06
0.21 0.18 0 2.6630500009235686e-06
0.21 0.19 0 2.327436226407236e-06
0.21 0.2 0 2.15186516933411e-06
0.21 0.21 0 2.301987868680618e-06
0.21 0.22 0 2.326471083474342e-06
0.21 0.23 0 2.29443033745785e-06
0.21 0.24 0 2.3778566156492546e-06
0.21 0.25 0 2.2764899108678087e-06
0.21 0.26 0 2.123870633778844e-06
0.21 0.27 0 2.0768921548852927e-06
0.21 0.28 0 2.089807961211343e-06
0.21 0.29 0 2.124590292686129e-06
0.21 0.3 0 2.0454698138449215e-06
0.21 0.31 0 1.9188554104981233e-06
0.21 0.32 0 1.8257703011719698e-06
0.21 0.33 0 1.8482398766977546e-06
0.21 0.34 0 2.0211171321732376e-06
0.21 0.35000000000000003 0 1.9734500730989244e-06
0.21 0.36 0 1.7665164295253416e-06
0.21 0.37 0 1.710057749906858e-06
0.21 0.38 0 1.6538897287922254e-06
0.21 0.39 0 1.6561447508367102e-06
0.21 0.4 0 1.7707617004500968e-06
0.21 0.41000000000000003 0 1.7821191776300911e-06
0.21 0.42 0 1.7752374066341394e-06
0.21 0.43 0 1.8385789462527133e-06
0.21 0.44 0 1.8732194536864057e-06
0.21 0.45 0 1.7904003888127342e-06
0.21 0.46 0 1.6401096931208154e-06
0.21 0.47000000000000003 0 1.6292197147540225e-06
0.21 0.48 0 1.6681328793818066e-06
0.21 0.49 0 1.6560464954527631e-06
0.21 0.5 0 1.7195397942985448e-06
0.22 0.0 0 2.6652055031270372e-06
0.22 0.01 0 2.653298540354885e-06
0.22 0.02 0 2.6317503854717527e-06
0.22 0.03 0 2.627445496392929e-06
0.22 0.04 0 2.7481590599821136e-06
0.22 0.05 0 2.8212971052551737e-06
0.22 0.06 0 2.7222853950869948e-06
0.22 0.07 0 2.4995750403682055e-06
0.22 0.08 0 2.347965822993523e-06
0.22 0.09 0 2.4775991946108035e-06
0.22 0.1 0 2.582228425254045e-06
0.22 0.11 0 2.5508215259872405e-06
0.22 0.12 0 2.560228689353511e-06
0.22 0.13 0 2.398540081803841e-06
0.22 0.14 0 2.3434482641935106e-06
0.22 0.15 0 2.5804182480275015e-06
0.22 0.16 0 2.617572989931536e-06
0.22 0.17 0 2.4282659057834026e-06
0.22 0.18 0 2.294775896777061e-06
0.22 0.19 0 2.2771766731108274e-06
0.22 0.2 0 2.339213196592293e-06
0.22 0.21 0 2.311531302519397e-06
0.22 0.22 0 2.2169164956122986e-06
0.22 0.23 0 2.0469866198602745e-06
0.22 0.24 0 1.8978770166190658e-06
0.22 0.25 0 1.980019759662956e-06
0.22 0.26 0 2.0341569904280998e-06
0.22 0.27 0 1.966527813312113e-06
0.22 0.28 0 1.97965373470367e-06
0.22 0.29 0 1.880362786897196e-06
0.22 0.3 0 1.7543354222983149e-06
0.22 0.31 0 1.764766542756439e-06
0.22 0.32 0 1.7672567974691915e-06
0.22 0.33 0 1.8197221921758747e-06
0.22 0.34 0 1.9755948500377636e-06
0.22 0.35000000000000003 0 2.1087540691661076e-06
0.22 0.36 0 2.0818473088079655e-06
0.22 0.37 0 1.9487842050053038e-06
0.22 0.38 0 1.9928060176317412e-06
0.22 0.39 0 2.068030649470691e-06
0.22 0.4 0 1.9739686142252044e-06
0.22 0.41000000000000003 0 1.9734234330262294e-06
0.22 0.42 0 1.983636187118062e-06
0.22 0.43 0 1.9377712351695077e-06
0.22 0.44 0 1.961589938436908e-06
0.22 0.45 0 1.8806747941909959e-06
0.22 0.46 0 1.833002403854768e-06
0.22 0.47000000000000003 0 2.0014162402053217e-06
0.22 0.48 0 2.1537684748572077e-06
0.22 0.49 0 2.1536228287829174e-06
0.22 0.5 0 2.1059283445290626e-06
0.23 0.0 0 2.302712526715488e-06
0.23 0.01 0 2.194329962079038e-06
0.23 0.02 0 2.1930309445188005e-06
0.23 0.03 0 2.442189958765555e-06
0.23 0.04 0 2.4659170403171405e-06
0.23 0.05 0 2.2690423733266698e-06
0.23 0.06 0 2.263776750192152e-06
0.23 0.07 0 2.3434080336538032e-06
0.23 0.08 0 2.4736344997380785e-06
0.23 0.09 0 2.574734807926134e-06
0.23 0.1 0 2.4738769464180173e-06
0.23 0.11 0 2.2998369451816675e-06
0.23 0.12 0 2.2156779119646255e-06
0.23 0.13 0 2.316367747546777e-06
0.23 0.14 0 2.303363488075287e-06
0.23 0.15 0 2.0533584295436876e-06
0.23 0.16 0 2.0227197721326037e-06
0.23 0.17 0 2.1748693010159886e-06
0.23 0.18 0 2.338911222147878e-06
0.23 0.19 0 2.592407416509398e-06
0.23 0.2 0 2.6590218226506154e-06
0.23 0.21 0 2.623983122300055e-06
0.23 0.22 0 2.7184631352247688e-06
0.23 0.23 0 2.6393447034438088e-06
0.23 0.24 0 2.425940039173969e-06
0.23 0.25 0 2.321313964817935e-06
0.23 0.26 0 2.362839161409545e-06
0.23 0.27 0 2.359357378991014e-06
0.23 0.28 0 2.1341433672375325e-06
0.23 0.29 0 1.9598125155135832e-06
0.23 0.3 0 1.814440581337729e-06
0.23 0.31 0 1.6124133875714308e-06
0.23 0.32 0 1.6009408471042486e-06
0.23 0.33 0 1.6706017611579603e-06
0.23 0.34 0 1.6804277744768177e-06
0.23 0.35000000000000003 0 1.7833793609062935e-06
0.23 0.36 0 1.8987759604097498e-06
0.23 0.37 0 2.053567610661545e-06
0.23 0.38 0 2.3489283483696558e-06
0.23 0.39 0 2.530629058771585e-06
0.23 0.4 0 2.464378042729911e-06
0.23 0.41000000000000003 0 2.2799278479930516e-06
0.23 0.42 0 2.2154540461554235e-06
0.23 0.43 0 2.228145254028731e-06
0.23 0.44 0 2.1093980923500346e-06
0.23 0.45 0 2.1006163663212653e-06
0.23 0.46 0 2.16230027125768e-06
0.23 0.47000000000000003 0 2.0866567750410035e-06
0.23 0.48 0 2.1214259935726725e-06
0.23 0.49 0 2.1329008404651757e-06
0.23 0.5 0 1.969569738606186e-06
0.24 0.0 0 1.5996419238492505e-06
0.24 0.01 0 1.6017564991186087e-06
0.24 0.02 0 1.5513558531388193e-06
0.24 0.03 0 1.4263820457295666e-06
0.24 0.04 0 1.4264735705021038e-06
0.24 0.05 0 1.539136890041761e-06
0.24 0.06 0 1.6146861003777675e-06
0.24 0.07 0 1.7757660779815213e-06
0.24 0.08 0 1.8774308316234717e-06
0.24 0.09 0 1.8051000404269006e-06
0.24 0.1 0 1.8553973207765963e-06
0.24 0.11 0 1.9479744044493075e-06
0.24 0.12 0 1.9881598163259703e-06
0.24 0.13 0 2.063360982388277e-06
0.24 0.14 0 2.085905097165756e-06
0.24 0.15 0 2.1383340208384433e-06
0.24 0.16 0 2.282462416385113e-06
0.24 0.17 0 2.4417331808426287e-06
0.24 0.18 0 2.504946721668579e-06
0.24 0.19 0 2.466470375457795e-06
0.24 0.2 0 2.694550276125114e-06
0.24 0.21 0 2.9820809429996576e-06
0.24 0.22 0 2.7692258973380664e-06
0.24 0.23 0 2.5396070054624085e-06
0.24 0.24 0 2.480387132663017e-06
0.24 0.25 0 2.454424833743324e-06
0.24 0.26 0 2.5077760358728047e-06
0.24 0.27 0 2.3356188490770485e-06
0.24 0.28 0 2.00693366893014e-06
0.24 0.29 0 1.8834939400232757e-06
0.24 0.3 0 1.9487062448479607e-06
0.24 0.31 0 2.010372462053999e-06
0.24 0.32 0 1.840883168517381e-06
0.24 0.33 0 1.6042108805479313e-06
0.24 0.34 0 1.4906046389227328e-06
0.24 0.35000000000000003 0 1.4340933857277345e-06
0.24 0.36 0 1.5065040889133075e-06
0.24 0.37 0 1.5878455545505978e-06
0.24 0.38 0 1.5033857023215965e-06
0.24 0.39 0 1.5406545325929514e-06
0.24 0.4 0 1.6837439931765186e-06
0.24 0.41000000000000003 0 1.6903503257100671e-06
0.24 0.42 0 1.6781000627871527e-06
0.24 0.43 0 1.7063463494653298e-06
0.24 0.44 0 1.7660556700496656e-06
0.24 0.45 0 1.819530583410307e-06
0.24 0.46 0 1.8184734019246307e-06
0.24 0.47000000000000003 0 1.8075159835794115e-06
0.24 0.48 0 1.691685477170996e-06
0.24 0.49 0 1.5549760280460875e-06
0.24 0.5 0 1.484357456757149e-06
0.25 0.0 0 2.031792993743369e-06
0.25 0.01 0 2.141172123384605e-06
0.25 0.02 0 2.1999398949824472e-06
0.25 0.03 0 2.129461901745432e-06
0.25 0.04 0 2.151879611656256e-06
0.25 0.05 0 2.2369137704748123e-06
0.25 0.06 0 2.3139490535171686e-06
0.25 0.07 0 2.2848129620901094e-06
0.25 0.08 0 2.1752922981787154e-06
0.25 0.09 0 2.0564274680958105e-06
0.25 0.1 0 1.8709516645387807e-06
0.25 0.11 0 1.8361439996474715e-06
0.25 0.12 0 1.9262746715295076e-06
0.25 0.13 0 1.908819006742909e-06
0.25 0.14 0 2.0081219465046445e-06
0.25 0.15 0 2.1546727813345756e-06
0.25 0.16 0 2.10129471942081e-06
0.25 0.17 0 2.1395678324018113e-06
0.25 0.18 0 2.316514177469546e-06
0.25 0.19 0 2.448291903878254e-06
0.25 0.2 0 2.4432884178833937e-06
0.25 0.21 0 2.3224109292606436e-06
0.25 0.22 0 2.3005654574314163e-06
0.25 0.23 0 2.3464289957241542e-06
0.25 0.24 0 2.367886895516068e-06
0.25 0.25 0 2.2199683381892996e-06
0.25 0.26 0 1.7756164654809355e-06
0.25 0.27 0 1.4843977853437478e-06
0.25 0.28 0 1.4415752960895916e-06
0.25 0.29 0 1.410833265242788e-06
0.25 0.3 0 1.438462732421025e-06
0.25 0.31 0 1.4600484763775767e-06
0.25 0.32 0 1.3738927023033042e-06
0.25 0.33 0 1.386677696547295e-06
0.25 0.34 0 1.5158266877587174e-06
0.25 0.35000000000000003 0 1.5899325870744597e-06
0.25 0.36 0 1.5089417249428523e-06
0.25 0.37 0 1.4291495270609468e-06
0.25 0.38 0 1.5654293485517725e-06
0.25 0.39 0 1.7742826792459714e-06
0.25 0.4 0 1.8906245606948803e-06
0.25 0.41000000000000003 0 1.9311788753565623e-06
0.25 0.42 0 1.8607017422100385e-06
0.25 0.43 0 1.961612269356307e-06
0.25 0.44 0 2.178380817201842e-06
0.25 0.45 0 2.019714835533938e-06
0.25 0.46 0 1.758113972536278e-06
0.25 0.47000000000000003 0 1.6468784492791043e-06
0.25 0.48 0 1.5852558429237148e-06
0.25 0.49 0 1.5566446555661038e-06
0.25 0.5 0 1.5446922648637956e-06
0.26 0.0 0 2.094127202145894e-06
0.26 0.01 0 2.1267605457161922e-06
0.26 0.02 0 2.1035105831509047e-06
0.26 0.03 0 2.106799384932705e-06
0.26 0.04 0 2.0143676584414286e-06
0.26 0.05 0 2.099106732859231e-06
0.26 0.06 0 2.2363821130507577e-06
0.26 0.07 0 2.04010601881804e-06
0.26 0.08 0 1.8488937017005364e-06
0.26 0.09 0 1.8701981090149147e-06
0.26 0.1 0 2.0121484254388456e-06
0.26 0.11 0 2.116642512498324e-06
0.26 0.12 0 2.078772088391963e-06
0.26 0.13 0 2.034757944503335e-06
0.26 0.14 0 1.9751007601920776e-06
0.26 0.15 0 1.973437355014132e-06
0.26 0.16 0 2.106292270675623e-06
0.26 0.17 0 2.10141596382591e-06
0.26 0.18 0 2.0483899635061956e-06
0.26 0.19 0 2.0289719973157196e-06
0.26 0.2 0 1.8675228639065098e-06
0.26 0.21 0 1.8495035403103192e-06
0.26 0.22 0 2.006615870112639e-06
0.26 0.23 0 1.9994538210049913e-06
0.26 0.24 0 1.8698976608732087e-06
0.26 0.25 0 1.7586402643442295e-06
0.26 0.26 0 1.7081350988133135e-06
0.26 0.27 0 1.646021384091379e-06
0.26 0.28 0 1.52598119647906e-06
0.26 0.29 0 1.4445014244520907e-06
0.26 0.3 0 1.3376495266842864e-06
0.26 0.31 0 1.286069030342415e-06
0.26 0.32 0 1.3913854332510334e-06
0.26 0.33 0 1.4366592404052338e-06
0.26 0.34 0 1.441634104841407e-06
0.26 0.35000000000000003 0 1.5273129026372766e-06
0.26 0.36 0 1.5734540415568127e-06
0.26 0.37 0 1.6815789610592543e-06
0.26 0.38 0 1.8461806624519058e-06
0.26 0.39 0 1.8672607011650087e-06
0.26 0.4 0 1.8464970363016402e-06
0.26 0.41000000000000003 0 1.9220382762561135e-06
0.26 0.42 0 2.097345501202244e-06
0.26 0.43 0 2.1146954267675457e-06
0.26 0.44 0 1.9066581074326272e-06
0.26 0.45 0 1.7705089598004222e-06
0.26 0.46 0 1.6339337426385857e-06
0.26 0.47000000000000003 0 1.5282916781635118e-06
0.26 0.48 0 1.569414889472945e-06
0.26 0.49 0 1.5232836517829098e-06
0.26 0.5 0 1.4377056828361694e-06
0.27 0.0 0 1.6332540659736062e-06
0.27 0.01 0 1.6854493194873142e-06
0.27 0.02 0 1.7281178383252066e-06
0.27 0.03 0 1.7507520167018075e-06
0.27 0.04 0 1.8264979235487998e-06
0.27 0.05 0 1.7795185420923655e-06
0.27 0.06 0 1.614073806988488e-06
0.27 0.07 0 1.5558038551845633e-06
0.27 0.08 0 1.5285367049153538e-06
0.27 0.09 0 1.5948664907477219e-06
0.27 0.1 0 1.7457037737875192e-06
0.27 0.11 0 1.655534544880734e-06
0.27 0.12 0 1.5019877238267486e-06
0.27 0.13 0 1.483792098375428e-06
0.27 0.14 0 1.4971436998413132e-06
0.27 0.15 0 1.5392437965439572e-06
0.27 0.16 0 1.5879800794077302e-06
0.27 0.17 0 1.6349816760189372e-06
0.27 0.18 0 1.6708384280192874e-06
0.27 0.19 0 1.698465126962961e-06
0.27 0.2 0 1.7813607351000462e-06
0.27 0.21 0 1.7054826534601232e-06
0.27 0.22 0 1.5302547018897699e-06
0.27 0.23 0 1.516305587667532e-06
0.27 0.24 0 1.4823246526501535e-06
0.27 0.25 0 1.4033790250539732e-06
0.27 0.26 0 1.3897200874661452e-06
0.27 0.27 0 1.323781552923049e-06
0.27 0.28 0 1.2634375574108885e-06
0.27 0.29 0 1.229963920066029e-06
0.27 0.3 0 1.1380659041327639e-06
0.27 0.31 0 1.0445117734548556e-06
0.27 0.32 0 1.000642112813488e-06
0.27 0.33 0 1.0400185775479144e-06
0.27 0.34 0 1.108165432698755e-06
0.27 0.35000000000000003 0 1.177348329507789e-06
0.27 0.36 0 1.345875458137177e-06
0.27 0.37 0 1.4446653170127267e-06
0.27 0.38 0 1.4288747992696292e-06
0.27 0.39 0 1.5436041622569589e-06
0.27 0.4 0 1.6356991601453388e-06
0.27 0.41000000000000003 0 1.6104777688489408e-06
0.27 0.42 0 1.6022348113124159e-06
0.27 0.43 0 1.5725449713463888e-06
0.27 0.44 0 1.5784293026714733e-06
0.27 0.45 0 1.5929612255692827e-06
0.27 0.46 0 1.5271886159866372e-06
0.27 0.47000000000000003 0 1.4432575369590432e-06
0.27 0.48 0 1.404677047181773e-06
0.27 0.49 0 1.4659705727096287e-06
0.27 0.5 0 1.4403007050332002e-06
0.28 0.0 0 1.314619864456273e-06
0.28 0.01 0 1.4313768253097376e-06
0.28 0.02 0 1.4862540493544711e-06
0.28 0.03 0 1.4736213202027007e-06
0.28 0.04 0 1.4725584628741547e-06
0.28 0.05 0 1.4130654440810366e-06
0.28 0.06 0 1.3626901315599445e-06
0.28 0.07 0 1.3465224849853792e-06
0.28 0.08 0 1.3550045686033555e-06
0.28 0.09 0 1.3405645025352692e-06
0.28 0.1 0 1.2882162667427002e-06
0.28 0.11 0 1.3003848195754318e-06
0.28 0.12 0 1.2617456749351852e-06
0.28 0.13 0 1.1904321228904655e-06
0.28 0.14 0 1.2834705088685148e-06
0.28 0.15 0 1.3720196929064962e-06
0.28 0.16 0 1.3567594203615146e-06
0.28 0.17 0 1.3882921902317261e-06
0.28 0.18 0 1.4103664100561312e-06
0.28 0.19 0 1.432060296109012e-06
0.28 0.2 0 1.4526184409863936e-06
0.28 0.21 0 1.3994530802659353e-06
0.28 0.22 0 1.3189066898568795e-06
0.28 0.23 0 1.2167422666779338e-06
0.28 0.24 0 1.1240459167219612e-06
0.28 0.25 0 1.0208162754006295e-06
0.28 0.26 0 9.346428295573702e-07
0.28 0.27 0 9.816122759183781e-07
0.28 0.28 0 1.0175004199460392e-06
0.28 0.29 0 9.48359223510148e-07
0.28 0.3 0 9.57479545461673e-07
0.28 0.31 0 1.0046298428435655e-06
0.28 0.32 0 1.0213315990299973e-06
0.28 0.33 0 1.0451229317222555e-06
0.28 0.34 0 1.02649434410657e-06
0.28 0.35000000000000003 0 1.013608392034734e-06
0.28 0.36 0 1.0486027374111543e-06
0.28 0.37 0 1.098219533891701e-06
0.28 0.38 0 1.1133111035658453e-06
0.28 0.39 0 1.0543651772934702e-06
0.28 0.4 0 1.0487874896588983e-06
0.28 0.41000000000000003 0 1.1051621790185396e-06
0.28 0.42 0 1.1471483388445996e-06
0.28 0.43 0 1.2679088215400213e-06
0.28 0.44 0 1.3381262470115247e-06
0.28 0.45 0 1.2871999405788089e-06
0.28 0.46 0 1.3728530310038263e-06
0.28 0.47000000000000003 0 1.524244339140785e-06
0.28 0.48 0 1.551724439661781e-06
0.28 0.49 0 1.475613277115099e-06
0.28 0.5 0 1.3407942656024524e-06
0.29 0.0 0 1.3614116166894804e-06
0.29 0.01 0 1.3561231661597021e-06
0.29 0.02 0 1.4983812475266878e-06
0.29 0.03 0 1.533524287012158e-06
0.29 0.04 0 1.3673682474232892e-06
0.29 0.05 0 1.349117136625166e-06
0.29 0.06 0 1.4090883225859272e-06
0.29 0.07 0 1.3923472761138196e-06
0.29 0.08 0 1.3583216641315527e-06
0.29 0.09 0 1.247103778615493e-06
0.29 0.1 0 1.1216464286199458e-06
0.29 0.11 0 1.0558856148453506e-06
0.29 0.12 0 1.0320002037285125e-06
0.29 0.13 0 1.0468218116269404e-06
0.29 0.14 0 1.0449582655492743e-06
0.29 0.15 0 1.0336104157066545e-06
0.29 0.16 0 9.81465923962897e-07
0.29 0.17 0 8.885943997705154e-07
0.29 0.18 0 9.169743120687314e-07
0.29 0.19 0 1.0097849822554493e-06
0.29 0.2 0 1.0474431243837678e-06
0.29 0.21 0 1.1413664772660618e-06
0.29 0.22 0 1.2228857325800385e-06
0.29 0.23 0 1.2229949933033309e-06
0.29 0.24 0 1.2459500518466156e-06
0.29 0.25 0 1.2278920213772055e-06
0.29 0.26 0 1.1375514759453497e-06
0.29 0.27 0 1.0312995748941952e-06
0.29 0.28 0 9.893078964794463e-07
0.29 0.29 0 1.029403418560541e-06
0.29 0.3 0 1.0422488578503695e-06
0.29 0.31 0 1.0506678865251307e-06
0.29 0.32 0 1.0487000372598484e-06
0.29 0.33 0 9.869747612563309e-07
0.29 0.34 0 1.013674789361747e-06
0.29 0.35000000000000003 0 1.070951370320711e-06
0.29 0.36 0 1.03168966626093e-06
0.29 0.37 0 1.02938232279295e-06
0.29 0.38 0 1.0602032386015022e-06
0.29 0.39 0 1.1049585933255864e-06
0.29 0.4 0 1.241680423739812e-06
0.29 0.41000000000000003 0 1.4039494600063668e-06
0.29 0.42 0 1.4723896911913594e-06
0.29 0.43 0 1.4216019044072282e-06
0.29 0.44 0 1.4523434788137723e-06
0.29 0.45 0 1.6553485127923801e-06
0.29 0.46 0 1.7428286719319164e-06
0.29 0.47000000000000003 0 1.690417787522249e-06
0.29 0.48 0 1.5904031072096027e-06
0.29 0.49 0 1.435282081651038e-06
0.29 0.5 0 1.4439993516157768e-06
0.3 0.0 0 1.3421784792395075e-06
0.3 0.01 0 1.438550254737344e-06
0.3 0.02 0 1.3823065831992314e-06
0.3 0.03 0 1.2091593275477253e-06
0.3 0.04 0 1.1220952695111472e-06
0.3 0.05 0 1.1499532812608684e-06
0.3 0.06 0 1.2664186269718444e-06
0.3 0.07 0 1.3014450529292007e-06
0.3 0.08 0 1.1356186083859302e-06
0.3 0.09 0 1.0686905096821048e-06
0.3 0.1 0 1.1458948089451072e-06
0.3 0.11 0 1.2092258055819795e-06
0.3 0.12 0 1.2934873522757457e-06
0.3 0.13 0 1.3170854354637457e-06
0.3 0.14 0 1.2631764880277855e-06
0.3 0.15 0 1.2862894137948565e-06
0.3 0.16 0 1.3105565895653172e-06
0.3 0.17 0 1.243362806914382e-06
0.3 0.18 0 1.130174582763769e-06
0.3 0.19 0 1.0879791417248536e-06
0.3 0.2 0 1.1277950236984332e-06
0.3 0.21 0 1.0966061471445504e-06
0.3 0.22 0 1.07755664488957e-06
0.3 0.23 0 1.1481443884388492e-06
0.3 0.24 0 1.177914160807913e-06
0.3 0.25 0 1.2140488861015e-06
0.3 0.26 0 1.2276512236150824e-06
0.3 0.27 0 1.1660887481981288e-06
0.3 0.28 0 1.1900380596521765e-06
0.3 0.29 0 1.2038812231273662e-06
0.3 0.3 0 1.0835302474382138e-06
0.3 0.31 0 9.761037443466881e-07
0.3 0.32 0 9.677470574099038e-07
0.3 0.33 0 1.0222592526639855e-06
0.3 0.34 0 9.970725326705418e-07
0.3 0.35000000000000003 0 9.191182368071131e-07
0.3 0.36 0 9.053319621187169e-07
0.3 0.37 0 9.068072870950686e-07
0.3 0.38 0 9.752304113443882e-07
0.3 0.39 0 1.1090478020492739e-06
0.3 0.4 0 1.129842768983323e-06
0.3 0.41000000000000003 0 1.1427914447014542e-06
0.3 0.42 0 1.216706242168081e-06
0.3 0.43 0 1.2646269556878289e-06
0.3 0.44 0 1.3497850636870817e-06
0.3 0.45 0 1.4190454241387475e-06
0.3 0.46 0 1.408994199629046e-06
0.3 0.47000000000000003 0 1.3951544539887302e-06
0.3 0.48 0 1.4250953759736093e-06
0.3 0.49 0 1.4847060288493892e-06
0.3 0.5 0 1.4187466272772065e-06
#STOP
