#MEDIUM_PROPERTIES_DISTRIBUTED
$MSH_TYPE
	 GROUNDWATER_FLOW	
$MMP_TYPE
	 PERMEABILITY	
$DIS_TYPE
	 NEAREST_VALUE	
;hj
$CONVERSION_FACTOR
	 1.0	
$DATA
0.0 0.0 0 1.3910002077155939e-06
0.0 0.01 0 1.4395972548313854e-06
0.0 0.02 0 1.3257767812729333e-06
0.0 0.03 0 1.3947084476768537e-06
0.0 0.04 0 1.408538705460704e-06
0.0 0.05 0 1.6347077498148597e-06
0.0 0.06 0 1.4936145952491821e-06
0.0 0.07 0 1.7263925058385937e-06
0.0 0.08 0 2.0630654900054394e-06
0.0 0.09 0 1.7206464784253009e-06
0.0 0.1 0 1.785417173192858e-06
0.0 0.11 0 1.5862118312615964e-06
0.0 0.12 0 2.137772268676792e-06
0.0 0.13 0 2.5947006397191778e-06
0.0 0.14 0 2.537792764492458e-06
0.0 0.15 0 2.8162489077049536e-06
0.0 0.16 0 2.308603143646713e-06
0.0 0.17 0 2.3884527929241095e-06
0.0 0.18 0 2.215135589550164e-06
0.0 0.19 0 2.4175715518065835e-06
0.0 0.2 0 2.159056459158882e-06
0.0 0.21 0 2.3875479188934067e-06
0.0 0.22 0 2.2669945732973566e-06
0.0 0.23 0 1.9772048095712503e-06
0.0 0.24 0 1.6580711527260146e-06
0.0 0.25 0 1.5965114398672387e-06
0.0 0.26 0 1.9082334157107623e-06
0.0 0.27 0 2.048663746118587e-06
0.0 0.28 0 2.0982026849012935e-06
0.0 0.29 0 2.2368470757732874e-06
0.0 0.3 0 2.08180525374787e-06
0.0 0.31 0 1.853425061955295e-06
0.0 0.32 0 1.958527214054666e-06
0.0 0.33 0 1.8870646033407666e-06
0.0 0.34 0 2.1867727098159244e-06
0.0 0.35000000000000003 0 2.4973230756043794e-06
0.0 0.36 0 2.3015321730609703e-06
0.0 0.37 0 2.4488411859130252e-06
0.0 0.38 0 2.122898236599196e-06
0.0 0.39 0 2.5486647733087946e-06
0.0 0.4 0 2.372787105377501e-06
0.0 0.41000000000000003 0 2.156986115741359e-06
0.0 0.42 0 2.0298227514017177e-06
0.0 0.43 0 1.8227963249941365e-06
0.0 0.44 0 1.8613140365575264e-06
0.0 0.45 0 1.9189063112494466e-06
0.0 0.46 0 1.8218389608974993e-06
0.0 0.47000000000000003 0 1.6603878893364256e-06
0.0 0.48 0 1.770998375061968e-06
0.0 0.49 0 1.6658145044896266e-06
0.0 0.5 0 1.5127160993207972e-06
0.01 0.0 0 1.2826484389882822e-06
0.01 0.01 0 1.2357917727668453e-06
0.01 0.02 0 1.2738949596437904e-06
0.01 0.03 0 1.222534009372576e-06
0.01 0.04 0 1.4689350270689673e-06
0.01 0.05 0 1.6090065257447224e-06
0.01 0.06 0 1.8205999709773033e-06
0.01 0.07 0 2.0385084926431347e-06
0.01 0.08 0 2.0271214939257104e-06
0.01 0.09 0 2.2226216226873685e-06
0.01 0.1 0 2.282217707812019e-06
0.01 0.11 0 2.5733922770198477e-06
0.01 0.12 0 2.432224677662139e-06
0.01 0.13 0 2.3974636314774515e-06
0.01 0.14 0 2.444098689278101e-06
0.01 0.15 0 2.0918306892845343e-06
0.01 0.16 0 2.0675335296418545e-06
0.01 0.17 0 2.1655343546513846e-06
0.01 0.18 0 2.3324965317600697e-06
0.01 0.19 0 2.1016966315095237e-06
0.01 0.2 0 1.957110670795187e-06
0.01 0.21 0 1.7683517070147963e-06
0.01 0.22 0 1.4104952176733952e-06
0.01 0.23 0 1.2374303275564867e-06
0.01 0.24 0 1.3025060388808498e-06
0.01 0.25 0 1.4082116435131591e-06
0.01 0.26 0 1.5454533058174046e-06
0.01 0.27 0 1.6590205307866925e-06
0.01 0.28 0 1.6599465146267247e-06
0.01 0.29 0 1.4706241966418073e-06
0.01 0.3 0 1.2317784238133962e-06
0.01 0.31 0 1.3028810982562028e-06
0.01 0.32 0 1.3993630049588349e-06
0.01 0.33 0 1.5322474400704198e-06
0.01 0.34 0 1.6860444148059849e-06
0.01 0.35000000000000003 0 1.6193731549139756e-06
0.01 0.36 0 1.4875888052567868e-06
0.01 0.37 0 1.383720923222317e-06
0.01 0.38 0 1.3536817231775116e-06
0.01 0.39 0 1.4847173857061415e-06
0.01 0.4 0 1.477307752218053e-06
0.01 0.41000000000000003 0 1.5898544466862014e-06
0.01 0.42 0 1.7276478243744614e-06
0.01 0.43 0 1.7986474587873074e-06
0.01 0.44 0 1.7244697010794077e-06
0.01 0.45 0 1.7690780394731367e-06
0.01 0.46 0 1.6708338697734898e-06
0.01 0.47000000000000003 0 1.7640244115587325e-06
0.01 0.48 0 1.7683330217823784e-06
0.01 0.49 0 1.5745053702211899e-06
0.01 0.5 0 1.6646445516689026e-06
0.02 0.0 0 1.2821910204172732e-06
0.02 0.01 0 1.2403030918818787e-06
0.02 0.02 0 1.1434938321712965e-06
0.02 0.03 0 1.2028011957354668e-06
0.02 0.04 0 1.4748203368861893e-06
0.02 0.05 0 1.4907260765355231e-06
0.02 0.06 0 1.5287862103567947e-06
0.02 0.07 0 1.604938388167298e-06
0.02 0.08 0 1.8354907154183764e-06
0.02 0.09 0 1.6735293327903783e-06
0.02 0.1 0 1.927730990176508e-06
0.02 0.11 0 1.822565441599482e-06
0.02 0.12 0 1.8950937739834205e-06
0.02 0.13 0 2.0223356022766103e-06
0.02 0.14 0 2.212513819714271e-06
0.02 0.15 0 2.0576290085925916e-06
0.02 0.16 0 1.7216860047231502e-06
0.02 0.17 0 1.587521937457495e-06
0.02 0.18 0 1.5089395273986124e-06
0.02 0.19 0 1.4116058838135974e-06
0.02 0.2 0 1.565908526355271e-06
0.02 0.21 0 1.5253503021293965e-06
0.02 0.22 0 1.5427459052925576e-06
0.02 0.23 0 1.422476241258165e-06
0.02 0.24 0 1.584807677598037e-06
0.02 0.25 0 1.2972252847909444e-06
0.02 0.26 0 1.3057284494557054e-06
0.02 0.27 0 1.2223872304949082e-06
0.02 0.28 0 1.2663843373420168e-06
0.02 0.29 0 1.2652094264202286e-06
0.02 0.3 0 1.2256593981639122e-06
0.02 0.31 0 1.2806576411738006e-06
0.02 0.32 0 1.2582826170162794e-06
0.02 0.33 0 1.4564034517369467e-06
0.02 0.34 0 1.6529192667975077e-06
0.02 0.35000000000000003 0 1.4788954477041457e-06
0.02 0.36 0 1.5981689457590772e-06
0.02 0.37 0 1.4877323550507912e-06
0.02 0.38 0 1.462208545546504e-06
0.02 0.39 0 1.255666671571352e-06
0.02 0.4 0 1.244849471346162e-06
0.02 0.41000000000000003 0 1.0648521320200643e-06
0.02 0.42 0 1.0423278503873977e-06
0.02 0.43 0 8.649361802106642e-07
0.02 0.44 0 1.0131514568324326e-06
0.02 0.45 0 9.742609306112703e-07
0.02 0.46 0 1.1647392606386761e-06
0.02 0.47000000000000003 0 1.3585929446896646e-06
0.02 0.48 0 1.2029808964571658e-06
0.02 0.49 0 1.3724477467433542e-06
0.02 0.5 0 1.2923470036343189e-06
0.03 0.0 0 1.5135781284709337e-06
0.03 0.01 0 1.5676176497491964e-06
0.03 0.02 0 1.5876094655401827e-06
0.03 0.03 0 1.5386518972822001e-06
0.03 0.04 0 1.6788923339492416e-06
0.03 0.05 0 1.9265871215912685e-06
0.03 0.06 0 1.9438834886034245e-06
0.03 0.07 0 2.1715053303485633e-06
0.03 0.08 0 1.9706562126233e-06
0.03 0.09 0 2.098464242698177e-06
0.03 0.1 0 2.045720211675071e-06
0.03 0.11 0 2.1492033580495144e-06
0.03 0.12 0 2.2599958764637178e-06
0.03 0.13 0 2.2530153273301888e-06
0.03 0.14 0 2.01544719312837e-06
0.03 0.15 0 1.8052131033672003e-06
0.03 0.16 0 1.6117474093182293e-06
0.03 0.17 0 1.33173518782361e-06
0.03 0.18 0 1.3970204492567805e-06
0.03 0.19 0 1.3172870939788674e-06
0.03 0.2 0 1.1591913317945079e-06
0.03 0.21 0 1.0774547718853466e-06
0.03 0.22 0 9.618764309091411e-07
0.03 0.23 0 1.40218360737016e-06
0.03 0.24 0 1.2711269021807498e-06
0.03 0.25 0 1.195405063362657e-06
0.03 0.26 0 1.3008539360583878e-06
0.03 0.27 0 1.2890232821520395e-06
0.03 0.28 0 1.4297914487712014e-06
0.03 0.29 0 1.2162055758479754e-06
0.03 0.3 0 1.1998199531575045e-06
0.03 0.31 0 1.2367872152675475e-06
0.03 0.32 0 1.3434703125081126e-06
0.03 0.33 0 1.509266077411037e-06
0.03 0.34 0 1.4975055839173393e-06
0.03 0.35000000000000003 0 1.2251513778805005e-06
0.03 0.36 0 1.3371499243619382e-06
0.03 0.37 0 1.4523981935420807e-06
0.03 0.38 0 1.2938876771679684e-06
0.03 0.39 0 1.2709167526320257e-06
0.03 0.4 0 1.2506664538171262e-06
0.03 0.41000000000000003 0 1.300979701104955e-06
0.03 0.42 0 1.1420046982494134e-06
0.03 0.43 0 1.110613511826111e-06
0.03 0.44 0 1.1456798655715605e-06
0.03 0.45 0 1.2098726168555327e-06
0.03 0.46 0 1.257360174190446e-06
0.03 0.47000000000000003 0 1.2844957867227687e-06
0.03 0.48 0 1.4402743976742469e-06
0.03 0.49 0 1.3563278723011098e-06
0.03 0.5 0 1.5821196268011076e-06
0.04 0.0 0 1.5814870298147295e-06
0.04 0.01 0 1.4733899957123252e-06
0.04 0.02 0 1.6989816207549463e-06
0.04 0.03 0 1.8805452746880215e-06
0.04 0.04 0 1.6239723552162835e-06
0.04 0.05 0 1.700530405940674e-06
0.04 0.06 0 1.7186799671176656e-06
0.04 0.07 0 1.7817567430130536e-06
0.04 0.08 0 1.842997543089957e-06
0.04 0.09 0 2.2732077419749854e-06
0.04 0.1 0 2.246370232343307e-06
0.04 0.11 0 2.1502473898285037e-06
0.04 0.12 0 1.754725709811842e-06
0.04 0.13 0 1.823751745503047e-06
0.04 0.14 0 1.5185987307764442e-06
0.04 0.15 0 1.6139830630252892e-06
0.04 0.16 0 1.402133750411492e-06
0.04 0.17 0 1.3902973638836605e-06
0.04 0.18 0 1.1438368924160625e-06
0.04 0.19 0 9.420158645748826e-07
0.04 0.2 0 8.939782847652723e-07
0.04 0.21 0 7.908116898013451e-07
0.04 0.22 0 8.722182631756987e-07
0.04 0.23 0 8.841404005080371e-07
0.04 0.24 0 9.219361404199734e-07
0.04 0.25 0 1.1152659134419975e-06
0.04 0.26 0 9.55838808310551e-07
0.04 0.27 0 1.0743669836081178e-06
0.04 0.28 0 9.705832633233828e-07
0.04 0.29 0 1.0748589682992113e-06
0.04 0.3 0 1.1214361391699657e-06
0.04 0.31 0 1.27316229791919e-06
0.04 0.32 0 1.0878029239263422e-06
0.04 0.33 0 1.1052758022558754e-06
0.04 0.34 0 1.0398799603823417e-06
0.04 0.35000000000000003 0 1.3592620317890168e-06
0.04 0.36 0 1.3705893253843223e-06
0.04 0.37 0 1.1834641539672884e-06
0.04 0.38 0 1.199527592739051e-06
0.04 0.39 0 1.2258230492071725e-06
0.04 0.4 0 1.2549653769875011e-06
0.04 0.41000000000000003 0 1.3024433538356148e-06
0.04 0.42 0 1.2631024745691925e-06
0.04 0.43 0 1.3025721957332975e-06
0.04 0.44 0 1.2530475152589755e-06
0.04 0.45 0 1.170541429733916e-06
0.04 0.46 0 1.2327624695909048e-06
0.04 0.47000000000000003 0 1.3680556574065911e-06
0.04 0.48 0 1.2537084000587997e-06
0.04 0.49 0 1.6701050635572614e-06
0.04 0.5 0 1.4065636063102766e-06
0.05 0.0 0 1.577122632677391e-06
0.05 0.01 0 2.1438285279997606e-06
0.05 0.02 0 2.3507110388824595e-06
0.05 0.03 0 2.2285973328471954e-06
0.05 0.04 0 2.064554113256212e-06
0.05 0.05 0 1.9272001175915867e-06
0.05 0.06 0 1.8353135407599364e-06
0.05 0.07 0 1.853913746391328e-06
0.05 0.08 0 1.7030054503566228e-06
0.05 0.09 0 1.760265879160921e-06
0.05 0.1 0 1.8688171844930522e-06
0.05 0.11 0 1.5747621252144468e-06
0.05 0.12 0 1.8807094634531368e-06
0.05 0.13 0 1.5601478226010274e-06
0.05 0.14 0 1.860915107536835e-06
0.05 0.15 0 2.147127041932981e-06
0.05 0.16 0 2.0683053938538e-06
0.05 0.17 0 2.0463140904070665e-06
0.05 0.18 0 1.8485378717738061e-06
0.05 0.19 0 1.6145218714303239e-06
0.05 0.2 0 1.280222995807756e-06
0.05 0.21 0 1.2045379411641784e-06
0.05 0.22 0 9.910614695320513e-07
0.05 0.23 0 1.0254039142340818e-06
0.05 0.24 0 8.956034852666901e-07
0.05 0.25 0 1.0425287349489852e-06
0.05 0.26 0 9.545881368385987e-07
0.05 0.27 0 7.667228483121823e-07
0.05 0.28 0 9.004073990938832e-07
0.05 0.29 0 8.889593730959353e-07
0.05 0.3 0 9.852850047984754e-07
0.05 0.31 0 1.0049323112042918e-06
0.05 0.32 0 1.171013456647041e-06
0.05 0.33 0 1.2286873311189906e-06
0.05 0.34 0 1.3079947112407545e-06
0.05 0.35000000000000003 0 1.2146389374282938e-06
0.05 0.36 0 1.089677326377333e-06
0.05 0.37 0 1.1574778933247508e-06
0.05 0.38 0 1.2631835719175083e-06
0.05 0.39 0 1.6764736602620488e-06
0.05 0.4 0 1.4671304040343094e-06
0.05 0.41000000000000003 0 1.580567677489882e-06
0.05 0.42 0 1.4613991723520524e-06
0.05 0.43 0 1.4242618358464258e-06
0.05 0.44 0 1.1935146946595238e-06
0.05 0.45 0 1.1541804948579866e-06
0.05 0.46 0 1.1489517449962382e-06
0.05 0.47000000000000003 0 1.26157778949735e-06
0.05 0.48 0 1.5034994462679843e-06
0.05 0.49 0 1.4186972462146856e-06
0.05 0.5 0 1.6351253040282372e-06
0.06 0.0 0 1.8439221437061201e-06
0.06 0.01 0 1.9716094434104874e-06
0.06 0.02 0 2.0873823979449352e-06
0.06 0.03 0 1.8683398712732938e-06
0.06 0.04 0 2.2200104927657625e-06
0.06 0.05 0 2.071623749411849e-06
0.06 0.06 0 1.958035777256324e-06
0.06 0.07 0 1.7919849666348578e-06
0.06 0.08 0 2.3540497385566557e-06
0.06 0.09 0 2.65437653723428e-06
0.06 0.1 0 2.616607305247661e-06
0.06 0.11 0 3.01611403428911e-06
0.06 0.12 0 2.8060748681948604e-06
0.06 0.13 0 2.4009692868717842e-06
0.06 0.14 0 1.962484424173541e-06
0.06 0.15 0 2.076616473594308e-06
0.06 0.16 0 2.045814462161273e-06
0.06 0.17 0 1.992483141226183e-06
0.06 0.18 0 1.8136747114824426e-06
0.06 0.19 0 1.7269534732245508e-06
0.06 0.2 0 1.596959272282858e-06
0.06 0.21 0 1.1884141185638223e-06
0.06 0.22 0 1.3626408006386523e-06
0.06 0.23 0 1.0469831314307177e-06
0.06 0.24 0 1.2824477183209534e-06
0.06 0.25 0 1.2826890790125351e-06
0.06 0.26 0 1.204798528765557e-06
0.06 0.27 0 1.0855728793407965e-06
0.06 0.28 0 9.009643598484395e-07
0.06 0.29 0 1.0261710174846962e-06
0.06 0.3 0 1.1691627152763379e-06
0.06 0.31 0 1.2946531633618378e-06
0.06 0.32 0 1.3584205984577675e-06
0.06 0.33 0 1.415191469044163e-06
0.06 0.34 0 1.313519974139895e-06
0.06 0.35000000000000003 0 1.1821217511383363e-06
0.06 0.36 0 1.0623007167287302e-06
0.06 0.37 0 1.0741093288121434e-06
0.06 0.38 0 1.2887599032147817e-06
0.06 0.39 0 1.1674512293571619e-06
0.06 0.4 0 1.3255983069955698e-06
0.06 0.41000000000000003 0 1.396516784722638e-06
0.06 0.42 0 1.4735356046173739e-06
0.06 0.43 0 1.3925632005237714e-06
0.06 0.44 0 1.6469660594073357e-06
0.06 0.45 0 1.561628052516084e-06
0.06 0.46 0 1.4851257903671118e-06
0.06 0.47000000000000003 0 1.4056736303633469e-06
0.06 0.48 0 1.4073475118690305e-06
0.06 0.49 0 1.4338456248194417e-06
0.06 0.5 0 1.3015276903325994e-06
0.07 0.0 0 1.1353154194620053e-06
0.07 0.01 0 1.2847319022159352e-06
0.07 0.02 0 1.2082807225171302e-06
0.07 0.03 0 1.6239057258964825e-06
0.07 0.04 0 1.7709339725502356e-06
0.07 0.05 0 1.5787136079305688e-06
0.07 0.06 0 1.493321981486812e-06
0.07 0.07 0 1.7273622302881803e-06
0.07 0.08 0 1.6417266908198526e-06
0.07 0.09 0 2.0399963925297827e-06
0.07 0.1 0 2.1620461750629868e-06
0.07 0.11 0 2.1961268279518334e-06
0.07 0.12 0 2.119205064581379e-06
0.07 0.13 0 1.8258029637541446e-06
0.07 0.14 0 1.8897124258106437e-06
0.07 0.15 0 1.56912324302566e-06
0.07 0.16 0 1.5755513224324233e-06
0.07 0.17 0 1.7626529618290718e-06
0.07 0.18 0 1.6957141119010823e-06
0.07 0.19 0 1.757547396458243e-06
0.07 0.2 0 1.5891855019816248e-06
0.07 0.21 0 1.594885262569129e-06
0.07 0.22 0 1.3335642734761104e-06
0.07 0.23 0 1.5627520673340784e-06
0.07 0.24 0 1.6575286132803217e-06
0.07 0.25 0 1.7678914341914185e-06
0.07 0.26 0 1.7404143126257781e-06
0.07 0.27 0 1.609903626229771e-06
0.07 0.28 0 1.593691890602446e-06
0.07 0.29 0 1.368252192429379e-06
0.07 0.3 0 1.305646376865495e-06
0.07 0.31 0 1.4970226453862393e-06
0.07 0.32 0 1.5096408274969194e-06
0.07 0.33 0 1.6987296636425364e-06
0.07 0.34 0 1.7360579739088025e-06
0.07 0.35000000000000003 0 1.7858874255395618e-06
0.07 0.36 0 1.7402839386112654e-06
0.07 0.37 0 1.5210610291256852e-06
0.07 0.38 0 1.4644731900571161e-06
0.07 0.39 0 1.486071403706814e-06
0.07 0.4 0 1.4734741537943758e-06
0.07 0.41000000000000003 0 1.515395734595043e-06
0.07 0.42 0 1.4301873670400817e-06
0.07 0.43 0 1.4301737293492147e-06
0.07 0.44 0 1.5057496745934737e-06
0.07 0.45 0 1.538058629166077e-06
0.07 0.46 0 1.4596734304780533e-06
0.07 0.47000000000000003 0 1.406785775823218e-06
0.07 0.48 0 1.3743975640646754e-06
0.07 0.49 0 1.5405404753977805e-06
0.07 0.5 0 1.7317680369746376e-06
0.08 0.0 0 1.654754116629036e-06
0.08 0.01 0 1.3213262139813093e-06
0.08 0.02 0 1.2880199521492092e-06
0.08 0.03 0 1.4644879276189455e-06
0.08 0.04 0 1.4532584564658287e-06
0.08 0.05 0 1.3636972373353327e-06
0.08 0.06 0 1.5589987117689258e-06
0.08 0.07 0 1.5936881473234747e-06
0.08 0.08 0 1.3822892512353603e-06
0.08 0.09 0 1.3282860253058035e-06
0.08 0.1 0 1.4569261599552229e-06
0.08 0.11 0 1.67722913488125e-06
0.08 0.12 0 1.4905883225674034e-06
0.08 0.13 0 1.6946671278430014e-06
0.08 0.14 0 1.613136005118044e-06
0.08 0.15 0 1.5670357775664642e-06
0.08 0.16 0 1.746046460161379e-06
0.08 0.17 0 1.9019290217376457e-06
0.08 0.18 0 1.7837068040322947e-06
0.08 0.19 0 1.6049797601017936e-06
0.08 0.2 0 1.8244677085857021e-06
0.08 0.21 0 2.0822752125583817e-06
0.08 0.22 0 2.199683005930389e-06
0.08 0.23 0 2.1532866690703834e-06
0.08 0.24 0 1.8981311261262097e-06
0.08 0.25 0 1.948740947540209e-06
0.08 0.26 0 1.6516143583576724e-06
0.08 0.27 0 1.5744097278050702e-06
0.08 0.28 0 1.2994879663792459e-06
0.08 0.29 0 1.3991534042658994e-06
0.08 0.3 0 1.6569963381652498e-06
0.08 0.31 0 1.8653175652946762e-06
0.08 0.32 0 1.8990430997471738e-06
0.08 0.33 0 1.6857111113559001e-06
0.08 0.34 0 1.3988641073820415e-06
0.08 0.35000000000000003 0 1.3493725046870955e-06
0.08 0.36 0 1.3824397021916392e-06
0.08 0.37 0 1.3547288217313697e-06
0.08 0.38 0 1.4240970632395086e-06
0.08 0.39 0 1.6339423467412405e-06
0.08 0.4 0 1.460374964867819e-06
0.08 0.41000000000000003 0 1.3233482147687835e-06
0.08 0.42 0 1.1101980146042252e-06
0.08 0.43 0 1.2776548944504946e-06
0.08 0.44 0 1.2053831265132453e-06
0.08 0.45 0 1.282095592382805e-06
0.08 0.46 0 1.3011688538444577e-06
0.08 0.47000000000000003 0 1.344777926877253e-06
0.08 0.48 0 1.2672188415582965e-06
0.08 0.49 0 1.5896317748019675e-06
0.08 0.5 0 1.6722271504244955e-06
0.09 0.0 0 1.3278003865769314e-06
0.09 0.01 0 1.4057772659229768e-06
0.09 0.02 0 1.5770680078691577e-06
0.09 0.03 0 1.5803361833226124e-06
0.09 0.04 0 1.6200639575729394e-06
0.09 0.05 0 1.5782675397986348e-06
0.09 0.06 0 1.4992998536052205e-06
0.09 0.07 0 1.0753698660660276e-06
0.09 0.08 0 1.048654644075804e-06
0.09 0.09 0 1.1289823429056322e-06
0.09 0.1 0 1.4089290393787476e-06
0.09 0.11 0 1.5540389481002223e-06
0.09 0.12 0 1.949839287138693e-06
0.09 0.13 0 1.9743919127590686e-06
0.09 0.14 0 2.024353323149179e-06
0.09 0.15 0 1.8753544640952813e-06
0.09 0.16 0 1.9739814210973532e-06
0.09 0.17 0 1.785930293681887e-06
0.09 0.18 0 1.7948885510240208e-06
0.09 0.19 0 2.016756858993255e-06
0.09 0.2 0 2.000956654781371e-06
0.09 0.21 0 1.6377853588296762e-06
0.09 0.22 0 1.6030041290814882e-06
0.09 0.23 0 1.6521396324856866e-06
0.09 0.24 0 1.7190657658301264e-06
0.09 0.25 0 1.572602236887678e-06
0.09 0.26 0 1.853932392253493e-06
0.09 0.27 0 1.8808520185334987e-06
0.09 0.28 0 2.0600685141819714e-06
0.09 0.29 0 1.946217678494092e-06
0.09 0.3 0 2.106445768098214e-06
0.09 0.31 0 1.6995889693414133e-06
0.09 0.32 0 1.5257913174864595e-06
0.09 0.33 0 1.55969878298342e-06
0.09 0.34 0 1.3675703063816556e-06
0.09 0.35000000000000003 0 1.3927482827543185e-06
0.09 0.36 0 1.3065241926267434e-06
0.09 0.37 0 1.3108799656979523e-06
0.09 0.38 0 1.343037630458239e-06
0.09 0.39 0 1.2539375114327305e-06
0.09 0.4 0 1.4633720665907112e-06
0.09 0.41000000000000003 0 1.392021711624563e-06
0.09 0.42 0 1.3422403483250386e-06
0.09 0.43 0 1.3064881409416237e-06
0.09 0.44 0 1.4094590420040601e-06
0.09 0.45 0 1.4747224277388249e-06
0.09 0.46 0 1.7242402578069263e-06
0.09 0.47000000000000003 0 1.4231077672796995e-06
0.09 0.48 0 1.6201326003378247e-06
0.09 0.49 0 1.6134089989435612e-06
0.09 0.5 0 1.5704492857294188e-06
0.1 0.0 0 1.5983579202529821e-06
0.1 0.01 0 1.739456058584648e-06
0.1 0.02 0 1.638246175998533e-06
0.1 0.03 0 1.4715340089864801e-06
0.1 0.04 0 1.4918085863331724e-06
0.1 0.05 0 1.7492823688676238e-06
0.1 0.06 0 1.7698487892007301e-06
0.1 0.07 0 1.564284716939376e-06
0.1 0.08 0 1.5652934577564827e-06
0.1 0.09 0 1.4147628028481984e-06
0.1 0.1 0 1.2390832841408638e-06
0.1 0.11 0 1.1700077000270299e-06
0.1 0.12 0 1.348264471652889e-06
0.1 0.13 0 1.2876310839854463e-06
0.1 0.14 0 1.476014799071491e-06
0.1 0.15 0 1.5781628706043624e-06
0.1 0.16 0 1.685928395469287e-06
0.1 0.17 0 1.7350954835695409e-06
0.1 0.18 0 1.8451307709507061e-06
0.1 0.19 0 1.825009227909302e-06
0.1 0.2 0 1.946925242693809e-06
0.1 0.21 0 1.7705615211614086e-06
0.1 0.22 0 2.0821350168778145e-06
0.1 0.23 0 1.9485963733422027e-06
0.1 0.24 0 1.7637649291180505e-06
0.1 0.25 0 1.9598400598279527e-06
0.1 0.26 0 1.943167527459926e-06
0.1 0.27 0 2.279046593069013e-06
0.1 0.28 0 2.244217662353791e-06
0.1 0.29 0 2.100562723097385e-06
0.1 0.3 0 2.392565537126702e-06
0.1 0.31 0 2.0884987468125844e-06
0.1 0.32 0 2.327732501489586e-06
0.1 0.33 0 1.843275319167943e-06
0.1 0.34 0 1.792344046529009e-06
0.1 0.35000000000000003 0 1.5318270223699963e-06
0.1 0.36 0 1.650620671393283e-06
0.1 0.37 0 1.4947428530507603e-06
0.1 0.38 0 1.4753384587920675e-06
0.1 0.39 0 1.3955126647933167e-06
0.1 0.4 0 1.3623850623931574e-06
0.1 0.41000000000000003 0 1.370350309545594e-06
0.1 0.42 0 1.3900678502193e-06
0.1 0.43 0 1.4875563494378842e-06
0.1 0.44 0 1.5202156468408785e-06
0.1 0.45 0 1.5307891594650596e-06
0.1 0.46 0 1.5421057197620236e-06
0.1 0.47000000000000003 0 1.355728218578026e-06
0.1 0.48 0 1.1881256675609975e-06
0.1 0.49 0 9.804766258458492e-07
0.1 0.5 0 1.1678003121052167e-06
0.11 0.0 0 1.7393839880991344e-06
0.11 0.01 0 1.7896836765884032e-06
0.11 0.02 0 1.6171281939717637e-06
0.11 0.03 0 1.4303359277129591e-06
0.11 0.04 0 1.5724587388947637e-06
0.11 0.05 0 1.5746976063745503e-06
0.11 0.06 0 1.6214483939475363e-06
0.11 0.07 0 1.757608783742418e-06
0.11 0.08 0 1.9692664856266284e-06
0.11 0.09 0 1.8377577239500822e-06
0.11 0.1 0 1.7795344739998638e-06
0.11 0.11 0 1.9226839504444986e-06
0.11 0.12 0 1.4994573829619107e-06
0.11 0.13 0 1.4413271417757483e-06
0.11 0.14 0 1.4755825907936164e-06
0.11 0.15 0 1.7090880450826984e-06
0.11 0.16 0 1.562703145881053e-06
0.11 0.17 0 1.8421324440991012e-06
0.11 0.18 0 1.912897276040959e-06
0.11 0.19 0 2.034803194663533e-06
0.11 0.2 0 1.6398937463885371e-06
0.11 0.21 0 1.9076886341854566e-06
0.11 0.22 0 1.964654072680795e-06
0.11 0.23 0 1.606580169908732e-06
0.11 0.24 0 2.046757855532145e-06
0.11 0.25 0 1.7922231987318467e-06
0.11 0.26 0 1.7914458944066863e-06
0.11 0.27 0 1.5280881507933305e-06
0.11 0.28 0 1.4369980928207826e-06
0.11 0.29 0 1.6138868123037218e-06
0.11 0.3 0 1.4911493256277506e-06
0.11 0.31 0 1.8155522661522498e-06
0.11 0.32 0 1.958271455722771e-06
0.11 0.33 0 2.1024972451270705e-06
0.11 0.34 0 1.852924864830639e-06
0.11 0.35000000000000003 0 1.9945817466549153e-06
0.11 0.36 0 1.5103814353642545e-06
0.11 0.37 0 1.4074370044999756e-06
0.11 0.38 0 1.159066440200347e-06
0.11 0.39 0 9.778204503146918e-07
0.11 0.4 0 1.1488725169085684e-06
0.11 0.41000000000000003 0 1.1123670424420026e-06
0.11 0.42 0 1.294889765765363e-06
0.11 0.43 0 1.2298395722551655e-06
0.11 0.44 0 1.0797734579053668e-06
0.11 0.45 0 1.0824013065766563e-06
0.11 0.46 0 1.1658874593816526e-06
0.11 0.47000000000000003 0 1.1403877719924102e-06
0.11 0.48 0 1.229012077450745e-06
0.11 0.49 0 1.238939769699558e-06
0.11 0.5 0 1.4376092307670828e-06
0.12 0.0 0 1.4692706035131074e-06
0.12 0.01 0 1.476948216459647e-06
0.12 0.02 0 1.3387797861914088e-06
0.12 0.03 0 1.4085769913159806e-06
0.12 0.04 0 1.1142262637785882e-06
0.12 0.05 0 1.1424282759383368e-06
0.12 0.06 0 1.3095247409338198e-06
0.12 0.07 0 1.6954627027572357e-06
0.12 0.08 0 1.691605837957554e-06
0.12 0.09 0 1.6679443499313108e-06
0.12 0.1 0 1.3780798149389759e-06
0.12 0.11 0 1.4876240561039428e-06
0.12 0.12 0 1.4887601532777063e-06
0.12 0.13 0 1.4958764309846785e-06
0.12 0.14 0 1.7750597299578186e-06
0.12 0.15 0 1.5143036676761266e-06
0.12 0.16 0 1.7291984284549945e-06
0.12 0.17 0 1.5711223291424717e-06
0.12 0.18 0 1.4234476948533624e-06
0.12 0.19 0 1.3358521194405792e-06
0.12 0.2 0 1.5981645233487372e-06
0.12 0.21 0 1.924924777231321e-06
0.12 0.22 0 1.8874501167094426e-06
0.12 0.23 0 1.965554495364222e-06
0.12 0.24 0 1.9070421268527168e-06
0.12 0.25 0 2.0195532815183007e-06
0.12 0.26 0 1.5951822194561482e-06
0.12 0.27 0 2.0304917107715277e-06
0.12 0.28 0 2.193210550630445e-06
0.12 0.29 0 2.368989166180089e-06
0.12 0.3 0 2.4037078730552706e-06
0.12 0.31 0 2.2447449227514554e-06
0.12 0.32 0 2.0816493843577275e-06
0.12 0.33 0 1.8833168053989236e-06
0.12 0.34 0 2.097467685479839e-06
0.12 0.35000000000000003 0 1.794624399756193e-06
0.12 0.36 0 1.6689812597070234e-06
0.12 0.37 0 1.6081865193356006e-06
0.12 0.38 0 1.579837400410341e-06
0.12 0.39 0 1.3776321258712925e-06
0.12 0.4 0 1.1618137277696232e-06
0.12 0.41000000000000003 0 1.296308008662318e-06
0.12 0.42 0 1.2625813794991653e-06
0.12 0.43 0 1.334344402033646e-06
0.12 0.44 0 1.358396017834735e-06
0.12 0.45 0 1.427582126286624e-06
0.12 0.46 0 1.2287807243368942e-06
0.12 0.47000000000000003 0 1.3676458734312187e-06
0.12 0.48 0 1.2786268252902578e-06
0.12 0.49 0 1.4335073086528337e-06
0.12 0.5 0 1.4134395331997486e-06
0.13 0.0 0 1.4081397724269338e-06
0.13 0.01 0 1.3706023824749992e-06
0.13 0.02 0 1.5943253327406036e-06
0.13 0.03 0 1.4053051852792998e-06
0.13 0.04 0 1.224947308951759e-06
0.13 0.05 0 1.0307876695851528e-06
0.13 0.06 0 1.13928702419238e-06
0.13 0.07 0 1.0801696410821947e-06
0.13 0.08 0 1.2959562450669732e-06
0.13 0.09 0 1.4145486223711882e-06
0.13 0.1 0 1.77402064581095e-06
0.13 0.11 0 1.537643688206224e-06
0.13 0.12 0 1.301595796200144e-06
0.13 0.13 0 1.3131685718704708e-06
0.13 0.14 0 1.218357500001041e-06
0.13 0.15 0 1.3603256796286708e-06
0.13 0.16 0 1.629793894874863e-06
0.13 0.17 0 1.5304274922143853e-06
0.13 0.18 0 1.6281123675389463e-06
0.13 0.19 0 1.799526310063837e-06
0.13 0.2 0 1.7669772910185865e-06
0.13 0.21 0 1.7051636644408018e-06
0.13 0.22 0 1.5174964312348644e-06
0.13 0.23 0 1.7655916656866126e-06
0.13 0.24 0 2.269633115645978e-06
0.13 0.25 0 1.9151243141992166e-06
0.13 0.26 0 2.3806465532458796e-06
0.13 0.27 0 2.198885732725612e-06
0.13 0.28 0 2.3128552262714003e-06
0.13 0.29 0 2.1512330405968476e-06
0.13 0.3 0 2.0163384022098544e-06
0.13 0.31 0 2.1123793263405564e-06
0.13 0.32 0 2.1139685814900296e-06
0.13 0.33 0 1.9151788499905175e-06
0.13 0.34 0 1.7789974563194563e-06
0.13 0.35000000000000003 0 1.5931421108604765e-06
0.13 0.36 0 1.561912651921431e-06
0.13 0.37 0 1.6572882172916922e-06
0.13 0.38 0 1.5468062389537984e-06
0.13 0.39 0 1.3338409518393978e-06
0.13 0.4 0 1.4329038089625533e-06
0.13 0.41000000000000003 0 1.4059169608400319e-06
0.13 0.42 0 1.561673742080209e-06
0.13 0.43 0 1.519822254785691e-06
0.13 0.44 0 1.4216417842654962e-06
0.13 0.45 0 1.3416883085852804e-06
0.13 0.46 0 1.3488925336677106e-06
0.13 0.47000000000000003 0 1.3706978439554125e-06
0.13 0.48 0 1.492029618953855e-06
0.13 0.49 0 1.3168669874132774e-06
0.13 0.5 0 1.4385493963580903e-06
0.14 0.0 0 1.3479990783719763e-06
0.14 0.01 0 1.4717351322719526e-06
0.14 0.02 0 1.5516196158884906e-06
0.14 0.03 0 1.831915125028207e-06
0.14 0.04 0 1.3291670758105663e-06
0.14 0.05 0 1.2944304789924298e-06
0.14 0.06 0 1.169268440834816e-06
0.14 0.07 0 1.2936841288247842e-06
0.14 0.08 0 1.5477478209415852e-06
0.14 0.09 0 1.6609916257363732e-06
0.14 0.1 0 1.5325219945320782e-06
0.14 0.11 0 1.4421213728584916e-06
0.14 0.12 0 1.4078793428083559e-06
0.14 0.13 0 1.4578891020383817e-06
0.14 0.14 0 1.4154227878343637e-06
0.14 0.15 0 1.586895607331933e-06
0.14 0.16 0 1.8507595274771084e-06
0.14 0.17 0 1.8939529659063222e-06
0.14 0.18 0 2.0101535166472634e-06
0.14 0.19 0 1.8184537825075499e-06
0.14 0.2 0 1.5203398582051317e-06
0.14 0.21 0 1.4817887680974116e-06
0.14 0.22 0 1.7867762688707768e-06
0.14 0.23 0 1.9355927120997512e-06
0.14 0.24 0 1.5272148366602935e-06
0.14 0.25 0 1.737086469470314e-06
0.14 0.26 0 1.94226004847285e-06
0.14 0.27 0 2.1353661395162247e-06
0.14 0.28 0 2.2216810959007102e-06
0.14 0.29 0 2.3278125261741634e-06
0.14 0.3 0 2.4809109531623483e-06
0.14 0.31 0 1.9902054776165137e-06
0.14 0.32 0 1.9765218434338064e-06
0.14 0.33 0 1.7649197520653188e-06
0.14 0.34 0 1.5289247011841884e-06
0.14 0.35000000000000003 0 1.4421241338519855e-06
0.14 0.36 0 1.3510713429883541e-06
0.14 0.37 0 1.2905961671292193e-06
0.14 0.38 0 1.1027819068764297e-06
0.14 0.39 0 1.157620090788124e-06
0.14 0.4 0 1.1405558853843665e-06
0.14 0.41000000000000003 0 1.153272788962383e-06
0.14 0.42 0 1.2933546555462961e-06
0.14 0.43 0 1.470675088606539e-06
0.14 0.44 0 1.6585526934145567e-06
0.14 0.45 0 1.3943117954426597e-06
0.14 0.46 0 1.4207437338717688e-06
0.14 0.47000000000000003 0 1.4153317318447668e-06
0.14 0.48 0 1.6841720085471655e-06
0.14 0.49 0 1.757076418257987e-06
0.14 0.5 0 2.0194623344820137e-06
0.15 0.0 0 9.462953884703893e-07
0.15 0.01 0 1.059826777784228e-06
0.15 0.02 0 1.220257928275792e-06
0.15 0.03 0 1.1289416368793313e-06
0.15 0.04 0 1.1094445392493646e-06
0.15 0.05 0 1.1378830662482466e-06
0.15 0.06 0 1.0606600308662726e-06
0.15 0.07 0 1.1860587146181815e-06
0.15 0.08 0 1.3807133645731647e-06
0.15 0.09 0 1.7368875501269213e-06
0.15 0.1 0 1.846972678916397e-06
0.15 0.11 0 1.8444667134112082e-06
0.15 0.12 0 1.7534015082705726e-06
0.15 0.13 0 1.7646806929838847e-06
0.15 0.14 0 1.3838574392378419e-06
0.15 0.15 0 1.565447683930245e-06
0.15 0.16 0 1.5456603099705833e-06
0.15 0.17 0 1.7737628379732e-06
0.15 0.18 0 1.747487872503046e-06
0.15 0.19 0 1.7894322458393272e-06
0.15 0.2 0 1.6748839420002476e-06
0.15 0.21 0 1.7724511243785241e-06
0.15 0.22 0 1.7650750138678076e-06
0.15 0.23 0 1.612622487684144e-06
0.15 0.24 0 1.4108170849681892e-06
0.15 0.25 0 1.3903094504649307e-06
0.15 0.26 0 1.3828392590506942e-06
0.15 0.27 0 1.4253249114932556e-06
0.15 0.28 0 1.3891812280161684e-06
0.15 0.29 0 1.8958310491381212e-06
0.15 0.3 0 1.9037253238827974e-06
0.15 0.31 0 2.3968656366342415e-06
0.15 0.32 0 2.204747461076877e-06
0.15 0.33 0 1.9744431339221925e-06
0.15 0.34 0 1.5982168282363576e-06
0.15 0.35000000000000003 0 1.4781742629426385e-06
0.15 0.36 0 1.3296750394033598e-06
0.15 0.37 0 1.1898764691193587e-06
0.15 0.38 0 1.1912284761901346e-06
0.15 0.39 0 1.1828191992204789e-06
0.15 0.4 0 1.1215968014710131e-06
0.15 0.41000000000000003 0 1.1296893465966092e-06
0.15 0.42 0 1.1752411994104648e-06
0.15 0.43 0 1.2771892101861417e-06
0.15 0.44 0 1.1385835393158987e-06
0.15 0.45 0 1.4066540311766343e-06
0.15 0.46 0 1.2053597279350637e-06
0.15 0.47000000000000003 0 1.1862257412590151e-06
0.15 0.48 0 1.127605817844236e-06
0.15 0.49 0 1.2388280911711303e-06
0.15 0.5 0 1.191489406452316e-06
0.16 0.0 0 1.0254145566107993e-06
0.16 0.01 0 1.0912187948693724e-06
0.16 0.02 0 1.2064688358897778e-06
0.16 0.03 0 1.4144014554209172e-06
0.16 0.04 0 1.6573952086784331e-06
0.16 0.05 0 1.7227323327942683e-06
0.16 0.06 0 1.6179546175059773e-06
0.16 0.07 0 1.7813727225767908e-06
0.16 0.08 0 2.0097068412538445e-06
0.16 0.09 0 1.9405142218630627e-06
0.16 0.1 0 2.032255052865151e-06
0.16 0.11 0 1.8713154170206387e-06
0.16 0.12 0 1.8894761539415113e-06
0.16 0.13 0 1.891043630036532e-06
0.16 0.14 0 1.9218366925329896e-06
0.16 0.15 0 1.9742905961802817e-06
0.16 0.16 0 1.946639627516158e-06
0.16 0.17 0 2.1621100480662583e-06
0.16 0.18 0 2.0913023637495433e-06
0.16 0.19 0 2.012744786946927e-06
0.16 0.2 0 2.1345617559446287e-06
0.16 0.21 0 2.477572591353426e-06
0.16 0.22 0 2.44309930221067e-06
0.16 0.23 0 2.4393463392198514e-06
0.16 0.24 0 2.473912923958881e-06
0.16 0.25 0 2.147438677615316e-06
0.16 0.26 0 1.8101085562975662e-06
0.16 0.27 0 1.6160305211938136e-06
0.16 0.28 0 1.7305093066511609e-06
0.16 0.29 0 1.7122030509681918e-06
0.16 0.3 0 1.5839383995074558e-06
0.16 0.31 0 1.4885425642357854e-06
0.16 0.32 0 1.360681348424326e-06
0.16 0.33 0 1.180148083848722e-06
0.16 0.34 0 1.251208488740597e-06
0.16 0.35000000000000003 0 1.4120964379378314e-06
0.16 0.36 0 1.154126357650449e-06
0.16 0.37 0 1.1312843810760992e-06
0.16 0.38 0 9.20748073817951e-07
0.16 0.39 0 9.831719055112007e-07
0.16 0.4 0 7.953697674505292e-07
0.16 0.41000000000000003 0 7.471022200969464e-07
0.16 0.42 0 8.850160353117156e-07
0.16 0.43 0 8.694036310160524e-07
0.16 0.44 0 9.079588587156383e-07
0.16 0.45 0 9.440766740433605e-07
0.16 0.46 0 8.573720182696052e-07
0.16 0.47000000000000003 0 8.612999108076785e-07
0.16 0.48 0 9.457838231394751e-07
0.16 0.49 0 1.0113071176363427e-06
0.16 0.5 0 1.0277297366465868e-06
0.17 0.0 0 1.5653927379655613e-06
0.17 0.01 0 1.3502607810449429e-06
0.17 0.02 0 1.2839870091522475e-06
0.17 0.03 0 1.1775975825613762e-06
0.17 0.04 0 1.4742994699537317e-06
0.17 0.05 0 1.5440179657255856e-06
0.17 0.06 0 1.6331752935917242e-06
0.17 0.07 0 1.9451919862050827e-06
0.17 0.08 0 1.8309932886987794e-06
0.17 0.09 0 1.8212682025103095e-06
0.17 0.1 0 1.7925584111943771e-06
0.17 0.11 0 1.9460246269765107e-06
0.17 0.12 0 1.7519983826612407e-06
0.17 0.13 0 1.7898834136617325e-06
0.17 0.14 0 2.3153903088425817e-06
0.17 0.15 0 2.0835795782515778e-06
0.17 0.16 0 2.2539369674088807e-06
0.17 0.17 0 2.0299006685198243e-06
0.17 0.18 0 2.3783493848053748e-06
0.17 0.19 0 2.20599540449404e-06
0.17 0.2 0 2.203997738640485e-06
0.17 0.21 0 2.1084647305300075e-06
0.17 0.22 0 2.1773696464181877e-06
0.17 0.23 0 2.1071929559735834e-06
0.17 0.24 0 2.077625818060483e-06
0.17 0.25 0 1.7185403806909274e-06
0.17 0.26 0 1.6830570246989887e-06
0.17 0.27 0 1.8468708698085763e-06
0.17 0.28 0 1.7253282426304316e-06
0.17 0.29 0 1.7603099993299971e-06
0.17 0.3 0 1.5617686304390027e-06
0.17 0.31 0 1.6093108598834713e-06
0.17 0.32 0 1.6266279059524368e-06
0.17 0.33 0 1.6472812954888336e-06
0.17 0.34 0 1.5892816935806709e-06
0.17 0.35000000000000003 0 1.1215828158215504e-06
0.17 0.36 0 1.2490434268229118e-06
0.17 0.37 0 1.0998734547179817e-06
0.17 0.38 0 1.1789663794571381e-06
0.17 0.39 0 9.568397399579093e-07
0.17 0.4 0 1.041868197716033e-06
0.17 0.41000000000000003 0 1.0059746252228528e-06
0.17 0.42 0 8.907622977832557e-07
0.17 0.43 0 8.605674444123824e-07
0.17 0.44 0 8.434221262375986e-07
0.17 0.45 0 8.774801080858784e-07
0.17 0.46 0 9.030832316638139e-07
0.17 0.47000000000000003 0 1.1365912326884684e-06
0.17 0.48 0 1.1117725743155824e-06
0.17 0.49 0 1.1690496549859936e-06
0.17 0.5 0 1.209936402635694e-06
0.18 0.0 0 1.4447639664549415e-06
0.18 0.01 0 1.3511360149700916e-06
0.18 0.02 0 1.1190107465615981e-06
0.18 0.03 0 1.3325257543061376e-06
0.18 0.04 0 1.4492858273943745e-06
0.18 0.05 0 1.5925832503949605e-06
0.18 0.06 0 1.6873997408850402e-06
0.18 0.07 0 1.644232322706361e-06
0.18 0.08 0 1.6630663567959936e-06
0.18 0.09 0 1.5022664771429532e-06
0.18 0.1 0 1.6770405898452643e-06
0.18 0.11 0 1.5252900149614337e-06
0.18 0.12 0 1.8952379283208718e-06
0.18 0.13 0 2.174109836743977e-06
0.18 0.14 0 1.902583557343267e-06
0.18 0.15 0 1.7385297881483722e-06
0.18 0.16 0 1.4395863119249853e-06
0.18 0.17 0 1.5560284480593083e-06
0.18 0.18 0 1.581633424134816e-06
0.18 0.19 0 1.6918542842776843e-06
0.18 0.2 0 1.7090480685578588e-06
0.18 0.21 0 1.715736159742426e-06
0.18 0.22 0 1.3729018844051198e-06
0.18 0.23 0 1.72597443120753e-06
0.18 0.24 0 1.5657610531059979e-06
0.18 0.25 0 1.494394830453633e-06
0.18 0.26 0 1.6363636927727447e-06
0.18 0.27 0 1.3375943963327473e-06
0.18 0.28 0 1.4428927488287548e-06
0.18 0.29 0 1.2295868390045681e-06
0.18 0.3 0 1.3815819850892258e-06
0.18 0.31 0 1.2669630736370125e-06
0.18 0.32 0 1.1006122927035424e-06
0.18 0.33 0 1.0879653615260772e-06
0.18 0.34 0 1.092234456277582e-06
0.18 0.35000000000000003 0 1.0399691718538133e-06
0.18 0.36 0 1.0688794596517497e-06
0.18 0.37 0 1.3111271235772606e-06
0.18 0.38 0 1.055359551311541e-06
0.18 0.39 0 1.279463935044523e-06
0.18 0.4 0 1.2217754347163478e-06
0.18 0.41000000000000003 0 1.2088634633045572e-06
0.18 0.42 0 1.1622973671977157e-06
0.18 0.43 0 1.0429917224601581e-06
0.18 0.44 0 1.350906479177199e-06
0.18 0.45 0 1.3207922798320658e-06
0.18 0.46 0 1.3772513403148392e-06
0.18 0.47000000000000003 0 1.3450404628527132e-06
0.18 0.48 0 1.3203657028153346e-06
0.18 0.49 0 1.4162182013012063e-06
0.18 0.5 0 1.623743378616256e-06
0.19 0.0 0 8.897966711663773e-07
0.19 0.01 0 8.367127436620601e-07
0.19 0.02 0 1.1631257180282276e-06
0.19 0.03 0 1.1332343122623237e-06
0.19 0.04 0 1.174607089354122e-06
0.19 0.05 0 1.4670309205613612e-06
0.19 0.06 0 1.6524054772529053e-06
0.19 0.07 0 1.7186114129627976e-06
0.19 0.08 0 1.5795335031679344e-06
0.19 0.09 0 1.720996501972754e-06
0.19 0.1 0 1.6469888456826081e-06
0.19 0.11 0 1.808545052752579e-06
0.19 0.12 0 1.6806884485740542e-06
0.19 0.13 0 1.8355132266669315e-06
0.19 0.14 0 1.670388154895475e-06
0.19 0.15 0 1.7603922545446993e-06
0.19 0.16 0 1.8464243957034362e-06
0.19 0.17 0 1.6555115639943343e-06
0.19 0.18 0 1.6601462816726092e-06
0.19 0.19 0 1.6462531585450281e-06
0.19 0.2 0 1.755988792460234e-06
0.19 0.21 0 1.5491294541212e-06
0.19 0.22 0 1.4520096331759712e-06
0.19 0.23 0 1.4126937118489203e-06
0.19 0.24 0 1.4580763424132805e-06
0.19 0.25 0 1.5112124431369787e-06
0.19 0.26 0 1.4514584006595654e-06
0.19 0.27 0 1.713619756228679e-06
0.19 0.28 0 1.591196462084959e-06
0.19 0.29 0 1.4981016259303913e-06
0.19 0.3 0 1.170984888034247e-06
0.19 0.31 0 1.139880075211471e-06
0.19 0.32 0 1.0429511548752428e-06
0.19 0.33 0 1.1298997822057073e-06
0.19 0.34 0 1.1331760558862991e-06
0.19 0.35000000000000003 0 1.2626784572620136e-06
0.19 0.36 0 1.3119484267768194e-06
0.19 0.37 0 1.105115965246375e-06
0.19 0.38 0 1.0926821825041094e-06
0.19 0.39 0 9.977174167971875e-07
0.19 0.4 0 9.438989830266095e-07
0.19 0.41000000000000003 0 1.0566499967355453e-06
0.19 0.42 0 1.1214452021815616e-06
0.19 0.43 0 1.4169549314748467e-06
0.19 0.44 0 1.2445223066465885e-06
0.19 0.45 0 1.080373321403129e-06
0.19 0.46 0 1.0487163057802249e-06
0.19 0.47000000000000003 0 9.5746116944706e-07
0.19 0.48 0 9.512422428063043e-07
0.19 0.49 0 1.118971129541823e-06
0.19 0.5 0 1.0407575833935601e-06
0.2 0.0 0 1.0335053484555386e-06
0.2 0.01 0 1.1118926021330515e-06
0.2 0.02 0 9.732209762002533e-07
0.2 0.03 0 8.45102896449778e-07
0.2 0.04 0 9.148907112986747e-07
0.2 0.05 0 9.728158050286323e-07
0.2 0.06 0 1.2657879185981372e-06
0.2 0.07 0 1.4157355685809057e-06
0.2 0.08 0 1.751193908171367e-06
0.2 0.09 0 1.7075349749164714e-06
0.2 0.1 0 1.891155530298069e-06
0.2 0.11 0 1.5998529168408657e-06
0.2 0.12 0 1.88066896975183e-06
0.2 0.13 0 1.6320902115002028e-06
0.2 0.14 0 1.8673188778987183e-06
0.2 0.15 0 2.4049063768710153e-06
0.2 0.16 0 2.075545455044942e-06
0.2 0.17 0 2.119359363664392e-06
0.2 0.18 0 2.280195774660001e-06
0.2 0.19 0 2.2082175980284992e-06
0.2 0.2 0 2.343181092512393e-06
0.2 0.21 0 1.9746419572410043e-06
0.2 0.22 0 1.997034563798826e-06
0.2 0.23 0 1.7409905920204316e-06
0.2 0.24 0 1.6024017392300946e-06
0.2 0.25 0 1.882276037165606e-06
0.2 0.26 0 1.949884573152877e-06
0.2 0.27 0 1.5838281568026684e-06
0.2 0.28 0 1.7059816425869684e-06
0.2 0.29 0 1.4858303674886524e-06
0.2 0.3 0 1.4749460996716026e-06
0.2 0.31 0 1.337121166142662e-06
0.2 0.32 0 1.3218201466225087e-06
0.2 0.33 0 1.4941070638081958e-06
0.2 0.34 0 1.6767860614715374e-06
0.2 0.35000000000000003 0 1.6925716540175073e-06
0.2 0.36 0 1.5163567080611847e-06
0.2 0.37 0 1.2082864960339866e-06
0.2 0.38 0 1.0763495847735468e-06
0.2 0.39 0 9.967051697098802e-07
0.2 0.4 0 9.27954515009966e-07
0.2 0.41000000000000003 0 8.930294916925944e-07
0.2 0.42 0 1.0888780841616014e-06
0.2 0.43 0 1.1144987131434342e-06
0.2 0.44 0 1.2489700522142424e-06
0.2 0.45 0 1.1472416221185435e-06
0.2 0.46 0 1.124942095173187e-06
0.2 0.47000000000000003 0 1.2364615633099664e-06
0.2 0.48 0 1.1676086099675607e-06
0.2 0.49 0 1.163725063864342e-06
0.2 0.5 0 1.1947169159488902e-06
0.21 0.0 0 1.2187342011499148e-06
0.21 0.01 0 1.112927738856902e-06
0.21 0.02 0 1.2217868080875172e-06
0.21 0.03 0 9.909987455676227e-07
0.21 0.04 0 1.0576147615430484e-06
0.21 0.05 0 1.0971888152635482e-06
0.21 0.06 0 1.052775728711905e-06
0.21 0.07 0 1.2334532401452877e-06
0.21 0.08 0 1.307210506146166e-06
0.21 0.09 0 1.512116059738988e-06
0.21 0.1 0 1.4713399064846239e-06
0.21 0.11 0 1.5569109382191636e-06
0.21 0.12 0 1.7421068936602706e-06
0.21 0.13 0 1.676330793842182e-06
0.21 0.14 0 1.97831224780125e-06
0.21 0.15 0 1.815792254922963e-06
0.21 0.16 0 1.7513452875230265e-06
0.21 0.17 0 1.5688931771337995e-06
0.21 0.18 0 1.6370421256786352e-06
0.21 0.19 0 1.6224252385129788e-06
0.21 0.2 0 1.598849241108967e-06
0.21 0.21 0 1.6014715668892768e-06
0.21 0.22 0 1.6658448446972837e-06
0.21 0.23 0 1.2921207974263354e-06
0.21 0.24 0 1.2675611745292964e-06
0.21 0.25 0 1.2281975738155019e-06
0.21 0.26 0 1.2176165311777187e-06
0.21 0.27 0 1.2818119273056035e-06
0.21 0.28 0 1.410609120174867e-06
0.21 0.29 0 1.4194622962716404e-06
0.21 0.3 0 1.246957337841108e-06
0.21 0.31 0 9.938616585662053e-07
0.21 0.32 0 9.929192316775739e-07
0.21 0.33 0 9.262888223168859e-07
0.21 0.34 0 1.0789373854068176e-06
0.21 0.35000000000000003 0 9.974438383269636e-07
0.21 0.36 0 1.0197982125998815e-06
0.21 0.37 0 9.043509794783013e-07
0.21 0.38 0 9.601876470521185e-07
0.21 0.39 0 8.056534724086265e-07
0.21 0.4 0 7.820392211843466e-07
0.21 0.41000000000000003 0 8.758195640826966e-07
0.21 0.42 0 8.428289412408199e-07
0.21 0.43 0 8.34056504628801e-07
0.21 0.44 0 8.248223206439869e-07
0.21 0.45 0 8.358260262936192e-07
0.21 0.46 0 8.991751067524869e-07
0.21 0.47000000000000003 0 8.975243348285949e-07
0.21 0.48 0 1.166941968205917e-06
0.21 0.49 0 1.0994326463064468e-06
0.21 0.5 0 1.2948711103276583e-06
0.22 0.0 0 1.5185199927139194e-06
0.22 0.01 0 1.6610380757710837e-06
0.22 0.02 0 1.2148021451237492e-06
0.22 0.03 0 1.2474051397726885e-06
0.22 0.04 0 1.2149809570853503e-06
0.22 0.05 0 1.092884425036298e-06
0.22 0.06 0 1.1639881802079772e-06
0.22 0.07 0 1.2895862129854604e-06
0.22 0.08 0 1.3446250295006054e-06
0.22 0.09 0 1.4916280049810674e-06
0.22 0.1 0 1.420426670032582e-06
0.22 0.11 0 1.5890390493222846e-06
0.22 0.12 0 1.6322907367535083e-06
0.22 0.13 0 1.6184746981629346e-06
0.22 0.14 0 1.4042048522455143e-06
0.22 0.15 0 1.2238901402991632e-06
0.22 0.16 0 1.0902468900044408e-06
0.22 0.17 0 1.0752637164008844e-06
0.22 0.18 0 9.24749903055247e-07
0.22 0.19 0 1.0572188278535759e-06
0.22 0.2 0 1.4141773930982471e-06
0.22 0.21 0 1.5841381013917803e-06
0.22 0.22 0 1.3085408020655805e-06
0.22 0.23 0 1.0641105678036244e-06
0.22 0.24 0 9.803831016875536e-07
0.22 0.25 0 1.0614957198689763e-06
0.22 0.26 0 1.1060519276724032e-06
0.22 0.27 0 1.2206780836793497e-06
0.22 0.28 0 1.2217780084286115e-06
0.22 0.29 0 1.1103779214436765e-06
0.22 0.3 0 1.0379913737357485e-06
0.22 0.31 0 1.0614236647081612e-06
0.22 0.32 0 9.032486207952173e-07
0.22 0.33 0 9.189619538363688e-07
0.22 0.34 0 9.127254398848478e-07
0.22 0.35000000000000003 0 1.0224358552845487e-06
0.22 0.36 0 9.114995398423465e-07
0.22 0.37 0 8.522480158713862e-07
0.22 0.38 0 8.960547040657886e-07
0.22 0.39 0 9.229121095579051e-07
0.22 0.4 0 1.0549804584279387e-06
0.22 0.41000000000000003 0 1.0266561104440095e-06
0.22 0.42 0 1.0304608699012206e-06
0.22 0.43 0 8.69834635628459e-07
0.22 0.44 0 9.277146603729889e-07
0.22 0.45 0 9.55197621899171e-07
0.22 0.46 0 9.207371562781787e-07
0.22 0.47000000000000003 0 1.0244440143935386e-06
0.22 0.48 0 9.454501429375086e-07
0.22 0.49 0 1.0779728007614503e-06
0.22 0.5 0 9.5945693256009e-07
0.23 0.0 0 1.1015460880904568e-06
0.23 0.01 0 1.1315338539253655e-06
0.23 0.02 0 1.0987971255806049e-06
0.23 0.03 0 1.2362965003731965e-06
0.23 0.04 0 1.085842541787472e-06
0.23 0.05 0 9.564482444625202e-07
0.23 0.06 0 9.413246448135581e-07
0.23 0.07 0 9.222268991024341e-07
0.23 0.08 0 7.961763574262065e-07
0.23 0.09 0 8.944522077124289e-07
0.23 0.1 0 1.1473724751964771e-06
0.23 0.11 0 1.3666332514839315e-06
0.23 0.12 0 1.49138259417875e-06
0.23 0.13 0 1.4232428637019673e-06
0.23 0.14 0 1.4672635409479357e-06
0.23 0.15 0 1.2588076706116732e-06
0.23 0.16 0 1.2535939136686393e-06
0.23 0.17 0 1.2415408437660923e-06
0.23 0.18 0 1.0968719482353173e-06
0.23 0.19 0 1.204385365813925e-06
0.23 0.2 0 1.0252235965140808e-06
0.23 0.21 0 9.835827429759082e-07
0.23 0.22 0 9.024866239938482e-07
0.23 0.23 0 1.172874528364242e-06
0.23 0.24 0 1.1718117837281964e-06
0.23 0.25 0 1.2141634592728307e-06
0.23 0.26 0 1.1677574980545494e-06
0.23 0.27 0 1.1348369612567232e-06
0.23 0.28 0 1.1068316087624286e-06
0.23 0.29 0 1.0019119687922203e-06
0.23 0.3 0 1.0512638374798537e-06
0.23 0.31 0 9.749820903702277e-07
0.23 0.32 0 1.0107787411390464e-06
0.23 0.33 0 1.0956611243667462e-06
0.23 0.34 0 1.140033418204136e-06
0.23 0.35000000000000003 0 1.1220409616265488e-06
0.23 0.36 0 1.127291710803511e-06
0.23 0.37 0 1.0811675535273863e-06
0.23 0.38 0 9.589522100243966e-07
0.23 0.39 0 1.0718494165829287e-06
0.23 0.4 0 8.374256371102329e-07
0.23 0.41000000000000003 0 9.11805133244341e-07
0.23 0.42 0 7.344957318741717e-07
0.23 0.43 0 8.63447368343131e-07
0.23 0.44 0 9.135556037087556e-07
0.23 0.45 0 8.605964885896646e-07
0.23 0.46 0 8.912731722097708e-07
0.23 0.47000000000000003 0 8.295181863581816e-07
0.23 0.48 0 9.140253400410978e-07
0.23 0.49 0 1.0055847639653228e-06
0.23 0.5 0 1.0521594674404837e-06
0.24 0.0 0 1.058723968302765e-06
0.24 0.01 0 9.735827571316672e-07
0.24 0.02 0 1.0370289085823312e-06
0.24 0.03 0 1.0180789885835617e-06
0.24 0.04 0 1.1177379422996014e-06
0.24 0.05 0 1.0450290711205244e-06
0.24 0.06 0 1.2368606671625747e-06
0.24 0.07 0 1.0205111698974958e-06
0.24 0.08 0 1.061945724875322e-06
0.24 0.09 0 1.0569018170195105e-06
0.24 0.1 0 1.096004508882674e-06
0.24 0.11 0 1.0566859332307325e-06
0.24 0.12 0 9.068441733104965e-07
0.24 0.13 0 1.1615516942097642e-06
0.24 0.14 0 1.126890979818213e-06
0.24 0.15 0 1.309929446499906e-06
0.24 0.16 0 1.296283984629534e-06
0.24 0.17 0 1.1785017476806864e-06
0.24 0.18 0 1.136875706494673e-06
0.24 0.19 0 9.231143037728989e-07
0.24 0.2 0 1.0109709721372355e-06
0.24 0.21 0 9.384311011641955e-07
0.24 0.22 0 1.2243413344303564e-06
0.24 0.23 0 1.1499030604261875e-06
0.24 0.24 0 1.0904577793353933e-06
0.24 0.25 0 9.387420324082769e-07
0.24 0.26 0 9.84663896865332e-07
0.24 0.27 0 9.562744072652603e-07
0.24 0.28 0 9.47007553301282e-07
0.24 0.29 0 1.0973994635213343e-06
0.24 0.3 0 1.1689974420566233e-06
0.24 0.31 0 1.1278957921169655e-06
0.24 0.32 0 9.985012252078273e-07
0.24 0.33 0 9.608503632807057e-07
0.24 0.34 0 7.646321903273798e-07
0.24 0.35000000000000003 0 8.332426737153469e-07
0.24 0.36 0 8.820320798874922e-07
0.24 0.37 0 8.920089930583419e-07
0.24 0.38 0 9.38752456791609e-07
0.24 0.39 0 8.797371933583511e-07
0.24 0.4 0 1.186605385719466e-06
0.24 0.41000000000000003 0 1.0994604608736217e-06
0.24 0.42 0 1.2609966052882258e-06
0.24 0.43 0 1.1141199147181781e-06
0.24 0.44 0 9.695431134513858e-07
0.24 0.45 0 8.799598675036975e-07
0.24 0.46 0 9.624363962136636e-07
0.24 0.47000000000000003 0 9.985103611053788e-07
0.24 0.48 0 1.060068990049736e-06
0.24 0.49 0 1.1593486776115884e-06
0.24 0.5 0 1.0048478517559987e-06
0.25 0.0 0 8.935189838949891e-07
0.25 0.01 0 1.0033039461668345e-06
0.25 0.02 0 8.962262856114818e-07
0.25 0.03 0 8.919590557639133e-07
0.25 0.04 0 7.896184969310844e-07
0.25 0.05 0 9.674082070249844e-07
0.25 0.06 0 8.546114631711762e-07
0.25 0.07 0 8.676179970227007e-07
0.25 0.08 0 9.113178334783715e-07
0.25 0.09 0 1.0495680571012947e-06
0.25 0.1 0 9.437745142434e-07
0.25 0.11 0 8.651312297107757e-07
0.25 0.12 0 1.0111757520251978e-06
0.25 0.13 0 8.931226000920203e-07
0.25 0.14 0 1.0235422178311131e-06
0.25 0.15 0 9.204933695244147e-07
0.25 0.16 0 9.052925201880136e-07
0.25 0.17 0 9.282607841144888e-07
0.25 0.18 0 8.174882508807025e-07
0.25 0.19 0 8.78124507232613e-07
0.25 0.2 0 7.84503860663059e-07
0.25 0.21 0 7.521951836880861e-07
0.25 0.22 0 8.453890705474163e-07
0.25 0.23 0 9.296416771922556e-07
0.25 0.24 0 8.937066127845208e-07
0.25 0.25 0 9.96009607846837e-07
0.25 0.26 0 9.006738083807221e-07
0.25 0.27 0 9.925554777434882e-07
0.25 0.28 0 9.742241868818337e-07
0.25 0.29 0 9.252132026045202e-07
0.25 0.3 0 1.0726186871787547e-06
0.25 0.31 0 1.0808159660871082e-06
0.25 0.32 0 1.2496929175587884e-06
0.25 0.33 0 1.1455278536107008e-06
0.25 0.34 0 1.002437295600958e-06
0.25 0.35000000000000003 0 9.053878427222504e-07
0.25 0.36 0 9.71925064063182e-07
0.25 0.37 0 8.384601150067204e-07
0.25 0.38 0 8.767809250612862e-07
0.25 0.39 0 9.590211734582026e-07
0.25 0.4 0 1.0005645116243077e-06
0.25 0.41000000000000003 0 1.1787085741014e-06
0.25 0.42 0 9.856221083473139e-07
0.25 0.43 0 9.674889824676595e-07
0.25 0.44 0 8.527263120784624e-07
0.25 0.45 0 8.787323476141264e-07
0.25 0.46 0 1.0573533497120497e-06
0.25 0.47000000000000003 0 9.328473436131861e-07
0.25 0.48 0 9.635485136762437e-07
0.25 0.49 0 9.510437214409086e-07
0.25 0.5 0 1.0264357931415915e-06
0.26 0.0 0 9.42848543550724e-07
0.26 0.01 0 9.85853256963606e-07
0.26 0.02 0 9.506233663321646e-07
0.26 0.03 0 8.22216546184185e-07
0.26 0.04 0 9.127521542961647e-07
0.26 0.05 0 9.271841333893916e-07
0.26 0.06 0 8.58392552997203e-07
0.26 0.07 0 8.897315413379623e-07
0.26 0.08 0 8.417589052957244e-07
0.26 0.09 0 7.482369790937878e-07
0.26 0.1 0 6.618144192485303e-07
0.26 0.11 0 8.462232642889628e-07
0.26 0.12 0 7.779528175547705e-07
0.26 0.13 0 7.575215691401571e-07
0.26 0.14 0 6.10231905698658e-07
0.26 0.15 0 6.791074394931517e-07
0.26 0.16 0 6.322234078690914e-07
0.26 0.17 0 6.783520243281021e-07
0.26 0.18 0 7.031719880401134e-07
0.26 0.19 0 6.938081698905039e-07
0.26 0.2 0 6.652192132429656e-07
0.26 0.21 0 7.433064167408253e-07
0.26 0.22 0 7.322600276507466e-07
0.26 0.23 0 6.979996395607543e-07
0.26 0.24 0 7.718660501360236e-07
0.26 0.25 0 9.121031386444456e-07
0.26 0.26 0 1.0340639829420563e-06
0.26 0.27 0 1.2107385171112116e-06
0.26 0.28 0 1.0728270712651516e-06
0.26 0.29 0 1.1581747484365835e-06
0.26 0.3 0 1.0622273860423627e-06
0.26 0.31 0 1.1859757601355427e-06
0.26 0.32 0 1.1832665091346212e-06
0.26 0.33 0 1.1902182497760593e-06
0.26 0.34 0 1.1561778244853368e-06
0.26 0.35000000000000003 0 1.2172795773403128e-06
0.26 0.36 0 9.392297135175041e-07
0.26 0.37 0 9.544270989321167e-07
0.26 0.38 0 8.697820747115079e-07
0.26 0.39 0 8.284627056681431e-07
0.26 0.4 0 9.331714116284339e-07
0.26 0.41000000000000003 0 9.354578130275071e-07
0.26 0.42 0 1.0223092022663483e-06
0.26 0.43 0 1.0872518768970279e-06
0.26 0.44 0 8.889987641186914e-07
0.26 0.45 0 1.0362817401798473e-06
0.26 0.46 0 8.649957962306746e-07
0.26 0.47000000000000003 0 9.704200831428472e-07
0.26 0.48 0 1.0354641300712011e-06
0.26 0.49 0 1.076880492003296e-06
0.26 0.5 0 1.1588040001068948e-06
0.27 0.0 0 1.2433058128110581e-06
0.27 0.01 0 1.1198654720516226e-06
0.27 0.02 0 9.107971288909043e-07
0.27 0.03 0 1.0383554000052004e-06
0.27 0.04 0 9.768817952933684e-07
0.27 0.05 0 9.957601330558393e-07
0.27 0.06 0 1.0170453433220631e-06
0.27 0.07 0 9.879009602669132e-07
0.27 0.08 0 8.751406257379357e-07
0.27 0.09 0 7.809740699676801e-07
0.27 0.1 0 8.133458412040485e-07
0.27 0.11 0 8.499263083654585e-07
0.27 0.12 0 7.589186432502359e-07
0.27 0.13 0 6.246800098413771e-07
0.27 0.14 0 7.7398794874466e-07
0.27 0.15 0 5.767780446495709e-07
0.27 0.16 0 5.215909408134213e-07
0.27 0.17 0 5.555000074147924e-07
0.27 0.18 0 5.713244942468745e-07
0.27 0.19 0 7.296222738814958e-07
0.27 0.2 0 6.944249158229002e-07
0.27 0.21 0 7.748531401231527e-07
0.27 0.22 0 6.982547050404564e-07
0.27 0.23 0 6.838389678470336e-07
0.27 0.24 0 9.384333559564133e-07
0.27 0.25 0 1.086350952640814e-06
0.27 0.26 0 1.0410442432466485e-06
0.27 0.27 0 1.066584686187155e-06
0.27 0.28 0 1.0398314350603115e-06
0.27 0.29 0 9.574168480114403e-07
0.27 0.3 0 9.584269443284693e-07
0.27 0.31 0 9.726488852799177e-07
0.27 0.32 0 1.0649769027112102e-06
0.27 0.33 0 1.1806181462747863e-06
0.27 0.34 0 1.2026323303967872e-06
0.27 0.35000000000000003 0 1.2030592804088718e-06
0.27 0.36 0 1.0944971810005517e-06
0.27 0.37 0 1.2544408377217022e-06
0.27 0.38 0 1.2177697550005615e-06
0.27 0.39 0 1.1409155153232962e-06
0.27 0.4 0 1.008942262462608e-06
0.27 0.41000000000000003 0 1.0436805915009049e-06
0.27 0.42 0 9.314859787522381e-07
0.27 0.43 0 9.07921617076146e-07
0.27 0.44 0 1.0180380224218935e-06
0.27 0.45 0 1.1056739673065713e-06
0.27 0.46 0 1.320683690320626e-06
0.27 0.47000000000000003 0 1.3633739779999214e-06
0.27 0.48 0 1.2438000181250705e-06
0.27 0.49 0 1.2151485451196703e-06
0.27 0.5 0 1.2431061693340974e-06
0.28 0.0 0 9.257507984395294e-07
0.28 0.01 0 8.635030754686894e-07
0.28 0.02 0 1.090475590381388e-06
0.28 0.03 0 1.2708014946087072e-06
0.28 0.04 0 1.4157387808335392e-06
0.28 0.05 0 1.1261077268492826e-06
0.28 0.06 0 1.0633781929917925e-06
0.28 0.07 0 7.276775835707144e-07
0.28 0.08 0 6.41279674826212e-07
0.28 0.09 0 6.100586463076126e-07
0.28 0.1 0 7.379772379623608e-07
0.28 0.11 0 8.793277079905475e-07
0.28 0.12 0 9.510774235260127e-07
0.28 0.13 0 1.0423088583725555e-06
0.28 0.14 0 8.119409459277336e-07
0.28 0.15 0 6.889469134127356e-07
0.28 0.16 0 8.714964737036747e-07
0.28 0.17 0 9.237964407663144e-07
0.28 0.18 0 1.1406489811184015e-06
0.28 0.19 0 1.023083365217416e-06
0.28 0.2 0 1.0710968075488722e-06
0.28 0.21 0 9.439367863502686e-07
0.28 0.22 0 7.700986878537153e-07
0.28 0.23 0 7.870791496377671e-07
0.28 0.24 0 8.841298924255951e-07
0.28 0.25 0 8.954746587681431e-07
0.28 0.26 0 1.0633645712471517e-06
0.28 0.27 0 1.1306384578244363e-06
0.28 0.28 0 1.109956464939518e-06
0.28 0.29 0 9.047093159154159e-07
0.28 0.3 0 7.976681263162549e-07
0.28 0.31 0 7.546475498459043e-07
0.28 0.32 0 8.317503844413233e-07
0.28 0.33 0 7.922669457301534e-07
0.28 0.34 0 9.083147609745846e-07
0.28 0.35000000000000003 0 8.859229656160003e-07
0.28 0.36 0 1.0397029574818463e-06
0.28 0.37 0 1.2509125807091773e-06
0.28 0.38 0 1.3566668113117078e-06
0.28 0.39 0 1.2455079242467764e-06
0.28 0.4 0 1.2710464403708447e-06
0.28 0.41000000000000003 0 1.148529281662497e-06
0.28 0.42 0 1.2378302270024158e-06
0.28 0.43 0 1.2781501834813374e-06
0.28 0.44 0 1.2514331700612602e-06
0.28 0.45 0 1.21164169648429e-06
0.28 0.46 0 1.0865739830672572e-06
0.28 0.47000000000000003 0 1.1389459980624062e-06
0.28 0.48 0 1.1369900293102157e-06
0.28 0.49 0 1.1547919652897195e-06
0.28 0.5 0 1.3985083480484933e-06
0.29 0.0 0 8.638898487683996e-07
0.29 0.01 0 8.345688837946872e-07
0.29 0.02 0 1.0175319637156708e-06
0.29 0.03 0 1.1849312837741351e-06
0.29 0.04 0 1.0268812337678219e-06
0.29 0.05 0 1.0746782634496177e-06
0.29 0.06 0 1.0256659474348847e-06
0.29 0.07 0 9.014529917065563e-07
0.29 0.08 0 1.0039579242142524e-06
0.29 0.09 0 9.905834850343235e-07
0.29 0.1 0 9.462148866016946e-07
0.29 0.11 0 8.739913888712838e-07
0.29 0.12 0 8.652492720997767e-07
0.29 0.13 0 8.819190323759281e-07
0.29 0.14 0 7.369761929460874e-07
0.29 0.15 0 8.459053106983484e-07
0.29 0.16 0 9.086170462770491e-07
0.29 0.17 0 9.065966194054123e-07
0.29 0.18 0 9.072328387505028e-07
0.29 0.19 0 1.083021111240908e-06
0.29 0.2 0 1.0561321848474541e-06
0.29 0.21 0 9.53394545486466e-07
0.29 0.22 0 1.0163964627834104e-06
0.29 0.23 0 9.03938242670645e-07
0.29 0.24 0 8.076568492046063e-07
0.29 0.25 0 6.800032192224095e-07
0.29 0.26 0 8.486477279727892e-07
0.29 0.27 0 9.368501845856436e-07
0.29 0.28 0 1.0059215932972764e-06
0.29 0.29 0 1.1110672417333648e-06
0.29 0.3 0 1.1003809820436348e-06
0.29 0.31 0 1.053591545486185e-06
0.29 0.32 0 8.985835198112455e-07
0.29 0.33 0 8.396462043760599e-07
0.29 0.34 0 7.740419133550152e-07
0.29 0.35000000000000003 0 8.26517958561045e-07
0.29 0.36 0 8.560261388047343e-07
0.29 0.37 0 9.090044388458848e-07
0.29 0.38 0 8.960143685580683e-07
0.29 0.39 0 9.856436348057964e-07
0.29 0.4 0 1.126601866537782e-06
0.29 0.41000000000000003 0 1.150900059509311e-06
0.29 0.42 0 1.2698986958486977e-06
0.29 0.43 0 1.2631792990959079e-06
0.29 0.44 0 1.5442735318962424e-06
0.29 0.45 0 1.3851098768882423e-06
0.29 0.46 0 1.455392808853832e-06
0.29 0.47000000000000003 0 1.2081349618351616e-06
0.29 0.48 0 1.2062819126857073e-06
0.29 0.49 0 1.109554173999739e-06
0.29 0.5 0 1.123421246285558e-06
0.3 0.0 0 1.1539646672559957e-06
0.3 0.01 0 1.0868786785398648e-06
0.3 0.02 0 1.1261968513165123e-06
0.3 0.03 0 1.111996081308525e-06
0.3 0.04 0 9.99522955514861e-07
0.3 0.05 0 1.1072926759384259e-06
0.3 0.06 0 9.891398584322584e-07
0.3 0.07 0 1.0946124833692343e-06
0.3 0.08 0 1.028779317833737e-06
0.3 0.09 0 9.607764199111695e-07
0.3 0.1 0 8.467553076714924e-07
0.3 0.11 0 9.356916404393123e-07
0.3 0.12 0 1.038050852830713e-06
0.3 0.13 0 1.0488076170622353e-06
0.3 0.14 0 9.364715348439024e-07
0.3 0.15 0 8.552800509524033e-07
0.3 0.16 0 8.626740495460439e-07
0.3 0.17 0 7.652011096396789e-07
0.3 0.18 0 9.63692240189968e-07
0.3 0.19 0 9.751495624106405e-07
0.3 0.2 0 9.88405448053665e-07
0.3 0.21 0 1.1260361558919546e-06
0.3 0.22 0 1.2161634907143416e-06
0.3 0.23 0 1.2229863033703134e-06
0.3 0.24 0 9.738056131189525e-07
0.3 0.25 0 1.3018869504830954e-06
0.3 0.26 0 1.3124875952092963e-06
0.3 0.27 0 1.377614472788057e-06
0.3 0.28 0 1.2073038757855187e-06
0.3 0.29 0 1.4172630157409732e-06
0.3 0.3 0 1.4098513883766646e-06
0.3 0.31 0 1.3334690085903443e-06
0.3 0.32 0 1.515435347713966e-06
0.3 0.33 0 1.5374948060627375e-06
0.3 0.34 0 1.6204404004068214e-06
0.3 0.35000000000000003 0 1.479461021336174e-06
0.3 0.36 0 1.3582404386802523e-06
0.3 0.37 0 1.1834910991281775e-06
0.3 0.38 0 1.4157646761800157e-06
0.3 0.39 0 1.683498488838604e-06
0.3 0.4 0 1.8291489556945795e-06
0.3 0.41000000000000003 0 1.8262087266814449e-06
0.3 0.42 0 1.6270761748846952e-06
0.3 0.43 0 1.893587502070186e-06
0.3 0.44 0 1.4914015831354947e-06
0.3 0.45 0 1.7105145872186089e-06
0.3 0.46 0 1.4986764383578803e-06
0.3 0.47000000000000003 0 1.7956176386637228e-06
0.3 0.48 0 1.9320676971685398e-06
0.3 0.49 0 1.7162138447676338e-06
0.3 0.5 0 1.4722907441984617e-06
#STOP
