#MEDIUM_PROPERTIES_DISTRIBUTED
$MSH_TYPE
	 GROUNDWATER_FLOW	
$MMP_TYPE
	 PERMEABILITY	
$DIS_TYPE
	 NEAREST_VALUE	
;hj
$CONVERSION_FACTOR
	 1.0	
$DATA
0.0 0.0 0 1.5073273124970708e-06
0.0 0.01 0 1.5714245881855578e-06
0.0 0.02 0 1.7088136186218237e-06
0.0 0.03 0 1.5308525204898906e-06
0.0 0.04 0 1.458305630325016e-06
0.0 0.05 0 1.7836113442962102e-06
0.0 0.06 0 1.9777502559434494e-06
0.0 0.07 0 2.5502943772576456e-06
0.0 0.08 0 2.110555030805931e-06
0.0 0.09 0 2.217114268147002e-06
0.0 0.1 0 2.596774773568826e-06
0.0 0.11 0 2.650733964278731e-06
0.0 0.12 0 2.0800551259098163e-06
0.0 0.13 0 2.224857506747492e-06
0.0 0.14 0 2.353941127083249e-06
0.0 0.15 0 2.188675899474899e-06
0.0 0.16 0 2.714125176159865e-06
0.0 0.17 0 3.072617370181658e-06
0.0 0.18 0 3.1281349809018495e-06
0.0 0.19 0 3.3196819234326538e-06
0.0 0.2 0 3.177312247886631e-06
0.0 0.21 0 3.4617893369383765e-06
0.0 0.22 0 4.166555462293603e-06
0.0 0.23 0 3.6989193959568648e-06
0.0 0.24 0 3.694390313971078e-06
0.0 0.25 0 2.971515700171192e-06
0.0 0.26 0 2.8111307363584637e-06
0.0 0.27 0 2.4694428120040385e-06
0.0 0.28 0 2.877573620616216e-06
0.0 0.29 0 2.6999407706427054e-06
0.0 0.3 0 2.2717840137012886e-06
0.0 0.31 0 2.2482934452958923e-06
0.0 0.32 0 2.2150396927769845e-06
0.0 0.33 0 2.0682724493317808e-06
0.0 0.34 0 2.724827174275543e-06
0.0 0.35000000000000003 0 2.5451136348008723e-06
0.0 0.36 0 2.524334650304355e-06
0.0 0.37 0 2.949544923123244e-06
0.0 0.38 0 2.408267388448709e-06
0.0 0.39 0 2.15881668146922e-06
0.0 0.4 0 1.6705547638884718e-06
0.0 0.41000000000000003 0 1.8391668799968717e-06
0.0 0.42 0 2.267543747386925e-06
0.0 0.43 0 2.8358860610414254e-06
0.0 0.44 0 2.9513565133742792e-06
0.0 0.45 0 2.493649835758758e-06
0.0 0.46 0 2.113585410702087e-06
0.0 0.47000000000000003 0 1.7791938650111621e-06
0.0 0.48 0 1.8416704525407264e-06
0.0 0.49 0 1.9296978587565885e-06
0.0 0.5 0 1.8940112444177127e-06
0.01 0.0 0 1.5243060007499313e-06
0.01 0.01 0 1.2458014060127212e-06
0.01 0.02 0 1.2980905057485875e-06
0.01 0.03 0 1.4202116023047914e-06
0.01 0.04 0 1.503462791887043e-06
0.01 0.05 0 1.4387533449906214e-06
0.01 0.06 0 1.928553716671468e-06
0.01 0.07 0 2.051485152340023e-06
0.01 0.08 0 1.927489002676858e-06
0.01 0.09 0 2.0563431476296454e-06
0.01 0.1 0 1.7189927419018802e-06
0.01 0.11 0 1.6944635108957346e-06
0.01 0.12 0 1.4650818295223212e-06
0.01 0.13 0 1.4994557253915465e-06
0.01 0.14 0 2.362340335427025e-06
0.01 0.15 0 3.158750847145235e-06
0.01 0.16 0 2.5230723328966107e-06
0.01 0.17 0 3.0029547934360095e-06
0.01 0.18 0 2.8020744476231054e-06
0.01 0.19 0 2.749298496691755e-06
0.01 0.2 0 2.5322629470745608e-06
0.01 0.21 0 2.7278798483378064e-06
0.01 0.22 0 2.9897505283254714e-06
0.01 0.23 0 3.3023281523311227e-06
0.01 0.24 0 2.8044924965164532e-06
0.01 0.25 0 2.2769690374855546e-06
0.01 0.26 0 2.235908763279992e-06
0.01 0.27 0 2.145878854313627e-06
0.01 0.28 0 2.1493377623067486e-06
0.01 0.29 0 2.365440263928346e-06
0.01 0.3 0 2.180546236871554e-06
0.01 0.31 0 1.8554556897937657e-06
0.01 0.32 0 2.1616529011686965e-06
0.01 0.33 0 2.094301829725514e-06
0.01 0.34 0 2.4332075375463383e-06
0.01 0.35000000000000003 0 2.5384525900383834e-06
0.01 0.36 0 2.5207443610384715e-06
0.01 0.37 0 2.151228951084444e-06
0.01 0.38 0 2.5966227715617895e-06
0.01 0.39 0 2.4562343093707443e-06
0.01 0.4 0 2.0378943585792935e-06
0.01 0.41000000000000003 0 1.9815190929577095e-06
0.01 0.42 0 2.095087180716354e-06
0.01 0.43 0 2.026567582935845e-06
0.01 0.44 0 2.4019855816648105e-06
0.01 0.45 0 1.956928541812903e-06
0.01 0.46 0 2.0439719485349235e-06
0.01 0.47000000000000003 0 2.275039509528545e-06
0.01 0.48 0 2.008868457776402e-06
0.01 0.49 0 2.1124145974966986e-06
0.01 0.5 0 2.093088476450669e-06
0.02 0.0 0 1.2740499384687602e-06
0.02 0.01 0 1.3277902057175599e-06
0.02 0.02 0 1.3527011980427397e-06
0.02 0.03 0 1.3392300497724242e-06
0.02 0.04 0 1.2241108733067005e-06
0.02 0.05 0 1.3910375016440395e-06
0.02 0.06 0 1.4402974953263642e-06
0.02 0.07 0 1.4667834241678223e-06
0.02 0.08 0 1.6203058793477403e-06
0.02 0.09 0 1.880322321871085e-06
0.02 0.1 0 1.5529856518120066e-06
0.02 0.11 0 1.551590258090659e-06
0.02 0.12 0 1.298226848890148e-06
0.02 0.13 0 1.3685173282314827e-06
0.02 0.14 0 1.4636940869994504e-06
0.02 0.15 0 1.553902103847126e-06
0.02 0.16 0 2.3468679181853243e-06
0.02 0.17 0 2.8717960291486387e-06
0.02 0.18 0 2.2086434098559113e-06
0.02 0.19 0 2.248602062564655e-06
0.02 0.2 0 2.1366728555856743e-06
0.02 0.21 0 2.1189319397179007e-06
0.02 0.22 0 2.2208713317091026e-06
0.02 0.23 0 1.686987344048102e-06
0.02 0.24 0 1.5711089056782175e-06
0.02 0.25 0 1.422866461839843e-06
0.02 0.26 0 1.5397094335564846e-06
0.02 0.27 0 1.9174586848377345e-06
0.02 0.28 0 2.0732809902582506e-06
0.02 0.29 0 2.0734525141828105e-06
0.02 0.3 0 1.8764589272266685e-06
0.02 0.31 0 1.7691364893495144e-06
0.02 0.32 0 1.6279794178017814e-06
0.02 0.33 0 1.630652788548028e-06
0.02 0.34 0 1.6937291043628425e-06
0.02 0.35000000000000003 0 2.147842116837629e-06
0.02 0.36 0 2.3362734809830676e-06
0.02 0.37 0 2.6942873267047324e-06
0.02 0.38 0 2.62506007690044e-06
0.02 0.39 0 2.450820064075977e-06
0.02 0.4 0 2.2739332193142012e-06
0.02 0.41000000000000003 0 1.9421127679537246e-06
0.02 0.42 0 1.7606914430229708e-06
0.02 0.43 0 1.6704898979638856e-06
0.02 0.44 0 1.7106086724826672e-06
0.02 0.45 0 1.4439553776115143e-06
0.02 0.46 0 1.998158478118868e-06
0.02 0.47000000000000003 0 2.199454436347465e-06
0.02 0.48 0 2.399681639915666e-06
0.02 0.49 0 2.0415814562478136e-06
0.02 0.5 0 1.5940007913017906e-06
0.03 0.0 0 1.1606010062617594e-06
0.03 0.01 0 1.2352751939593715e-06
0.03 0.02 0 1.293286912961465e-06
0.03 0.03 0 1.2995441116965629e-06
0.03 0.04 0 1.3015937961757198e-06
0.03 0.05 0 1.1614948924325642e-06
0.03 0.06 0 1.5831142205503502e-06
0.03 0.07 0 1.470114219821094e-06
0.03 0.08 0 1.3946362988307965e-06
0.03 0.09 0 1.5314193842889762e-06
0.03 0.1 0 1.865139661244461e-06
0.03 0.11 0 2.062551026649317e-06
0.03 0.12 0 2.102767836195081e-06
0.03 0.13 0 1.957267436392045e-06
0.03 0.14 0 2.0490245890297194e-06
0.03 0.15 0 2.2517336308764324e-06
0.03 0.16 0 2.111289337719918e-06
0.03 0.17 0 1.9324893302661494e-06
0.03 0.18 0 2.0312837819107335e-06
0.03 0.19 0 1.8203263420711317e-06
0.03 0.2 0 1.6471924928936718e-06
0.03 0.21 0 2.2354530136231348e-06
0.03 0.22 0 1.939913384594676e-06
0.03 0.23 0 1.6689541707196038e-06
0.03 0.24 0 1.3418744693907304e-06
0.03 0.25 0 1.3664855188718158e-06
0.03 0.26 0 1.6455003908967306e-06
0.03 0.27 0 2.2287619693482815e-06
0.03 0.28 0 1.8641895954161131e-06
0.03 0.29 0 1.9976038923290184e-06
0.03 0.3 0 1.5249443810514369e-06
0.03 0.31 0 1.2954682215781128e-06
0.03 0.32 0 1.4997885302701556e-06
0.03 0.33 0 2.0241072592722114e-06
0.03 0.34 0 2.0522864225777526e-06
0.03 0.35000000000000003 0 2.0302378485386627e-06
0.03 0.36 0 2.6065903198487777e-06
0.03 0.37 0 2.290658786948858e-06
0.03 0.38 0 2.0228081252454092e-06
0.03 0.39 0 1.5996723522697622e-06
0.03 0.4 0 1.7612681545660142e-06
0.03 0.41000000000000003 0 1.8400575034337083e-06
0.03 0.42 0 1.7904726106113914e-06
0.03 0.43 0 1.4592933005359252e-06
0.03 0.44 0 1.793737101859946e-06
0.03 0.45 0 2.320679044672857e-06
0.03 0.46 0 2.5064522580606436e-06
0.03 0.47000000000000003 0 2.5080431221614033e-06
0.03 0.48 0 2.4897708105808038e-06
0.03 0.49 0 2.089525537769243e-06
0.03 0.5 0 1.8677826543558022e-06
0.04 0.0 0 1.1037158172906776e-06
0.04 0.01 0 1.1513253257217495e-06
0.04 0.02 0 8.589672780713668e-07
0.04 0.03 0 9.161273339493189e-07
0.04 0.04 0 1.3715356111895222e-06
0.04 0.05 0 1.7474727621587967e-06
0.04 0.06 0 1.7050091542180747e-06
0.04 0.07 0 1.4338633253312566e-06
0.04 0.08 0 1.4713647301421692e-06
0.04 0.09 0 1.6934836448878143e-06
0.04 0.1 0 1.7383490555607815e-06
0.04 0.11 0 2.057611422602749e-06
0.04 0.12 0 2.385087128707505e-06
0.04 0.13 0 2.0447485732673367e-06
0.04 0.14 0 1.983791915958958e-06
0.04 0.15 0 1.8667439752129928e-06
0.04 0.16 0 1.857162189946954e-06
0.04 0.17 0 1.576064715132595e-06
0.04 0.18 0 1.515593996190335e-06
0.04 0.19 0 1.745070238376715e-06
0.04 0.2 0 1.9645705656296844e-06
0.04 0.21 0 1.6537153638996795e-06
0.04 0.22 0 1.717484014245382e-06
0.04 0.23 0 1.8414224774668784e-06
0.04 0.24 0 1.5994606262465355e-06
0.04 0.25 0 1.5138632464216033e-06
0.04 0.26 0 1.6512317780863766e-06
0.04 0.27 0 1.9174427298747224e-06
0.04 0.28 0 1.964716678506791e-06
0.04 0.29 0 1.8327478311063247e-06
0.04 0.3 0 1.8788419349026546e-06
0.04 0.31 0 2.06153247588425e-06
0.04 0.32 0 1.9346519720766198e-06
0.04 0.33 0 2.5123766929585313e-06
0.04 0.34 0 2.793594369971458e-06
0.04 0.35000000000000003 0 2.651188887706281e-06
0.04 0.36 0 2.3010890016630156e-06
0.04 0.37 0 2.132324382986074e-06
0.04 0.38 0 2.0794114868992944e-06
0.04 0.39 0 2.207756062262422e-06
0.04 0.4 0 2.174653390918656e-06
0.04 0.41000000000000003 0 2.3638574468067514e-06
0.04 0.42 0 1.8205039174271031e-06
0.04 0.43 0 1.911283009550599e-06
0.04 0.44 0 2.276502535722734e-06
0.04 0.45 0 2.683819762777576e-06
0.04 0.46 0 2.599156741231936e-06
0.04 0.47000000000000003 0 2.2733403969551985e-06
0.04 0.48 0 2.0963125673780534e-06
0.04 0.49 0 2.131216287997661e-06
0.04 0.5 0 1.8606320417441478e-06
0.05 0.0 0 1.1198867651017994e-06
0.05 0.01 0 1.542921395456711e-06
0.05 0.02 0 1.5387541103842152e-06
0.05 0.03 0 1.466345610293626e-06
0.05 0.04 0 1.4098550527111388e-06
0.05 0.05 0 1.311421379529006e-06
0.05 0.06 0 1.8128451088111227e-06
0.05 0.07 0 1.5770727411333268e-06
0.05 0.08 0 1.5699203691043696e-06
0.05 0.09 0 1.8820470171649297e-06
0.05 0.1 0 2.1628853266048743e-06
0.05 0.11 0 1.8763918860337908e-06
0.05 0.12 0 2.006157709929791e-06
0.05 0.13 0 2.0715947071701674e-06
0.05 0.14 0 2.067854849731829e-06
0.05 0.15 0 1.2109368215424771e-06
0.05 0.16 0 1.1978983024047928e-06
0.05 0.17 0 1.4828112810826592e-06
0.05 0.18 0 1.710261259908569e-06
0.05 0.19 0 1.905089616425168e-06
0.05 0.2 0 1.9371855890744893e-06
0.05 0.21 0 2.1063264569713044e-06
0.05 0.22 0 1.861590136806248e-06
0.05 0.23 0 1.9199409805882394e-06
0.05 0.24 0 2.3010175762249693e-06
0.05 0.25 0 2.4723348312143365e-06
0.05 0.26 0 1.757552611899621e-06
0.05 0.27 0 1.6628361307130027e-06
0.05 0.28 0 1.5630174863865448e-06
0.05 0.29 0 1.4164191364170609e-06
0.05 0.3 0 1.7144982943093216e-06
0.05 0.31 0 1.9736504883732788e-06
0.05 0.32 0 2.061768573172844e-06
0.05 0.33 0 2.326000752082648e-06
0.05 0.34 0 2.7450606054189534e-06
0.05 0.35000000000000003 0 3.1145914592033923e-06
0.05 0.36 0 3.034561846935111e-06
0.05 0.37 0 2.1749387497348053e-06
0.05 0.38 0 2.1474001026715423e-06
0.05 0.39 0 2.267484892500106e-06
0.05 0.4 0 1.922360647611296e-06
0.05 0.41000000000000003 0 2.135522559838601e-06
0.05 0.42 0 2.0237279871394138e-06
0.05 0.43 0 2.183031178530227e-06
0.05 0.44 0 2.1758657310646736e-06
0.05 0.45 0 2.302296902143409e-06
0.05 0.46 0 2.369502612448644e-06
0.05 0.47000000000000003 0 1.9592237017136538e-06
0.05 0.48 0 1.9064261735258567e-06
0.05 0.49 0 1.9813030173954287e-06
0.05 0.5 0 1.681620213531484e-06
0.06 0.0 0 1.5269314828951864e-06
0.06 0.01 0 1.480602433692267e-06
0.06 0.02 0 1.4717026511655018e-06
0.06 0.03 0 2.04245484863942e-06
0.06 0.04 0 2.275475196874465e-06
0.06 0.05 0 2.2316774362326415e-06
0.06 0.06 0 2.3101097895035064e-06
0.06 0.07 0 2.5849272831287448e-06
0.06 0.08 0 2.6485345074206277e-06
0.06 0.09 0 2.416892805659537e-06
0.06 0.1 0 2.5422639314885893e-06
0.06 0.11 0 3.1502180754936694e-06
0.06 0.12 0 2.853664286253156e-06
0.06 0.13 0 2.3105030530782427e-06
0.06 0.14 0 1.5569490211298401e-06
0.06 0.15 0 1.1317502157050629e-06
0.06 0.16 0 1.1772951076682663e-06
0.06 0.17 0 1.3238544752059851e-06
0.06 0.18 0 1.5551274911066372e-06
0.06 0.19 0 1.8372042752506215e-06
0.06 0.2 0 1.9701106988816563e-06
0.06 0.21 0 1.9678013682771004e-06
0.06 0.22 0 2.378474987737065e-06
0.06 0.23 0 2.2375760292122573e-06
0.06 0.24 0 2.1783409517834254e-06
0.06 0.25 0 1.589188420561297e-06
0.06 0.26 0 1.5480320529320264e-06
0.06 0.27 0 1.3292607036629121e-06
0.06 0.28 0 1.5551777605608853e-06
0.06 0.29 0 1.5275246507956183e-06
0.06 0.3 0 1.8992676886327775e-06
0.06 0.31 0 2.0987635601101186e-06
0.06 0.32 0 2.0333284540740796e-06
0.06 0.33 0 2.080027374600558e-06
0.06 0.34 0 1.939449948019376e-06
0.06 0.35000000000000003 0 2.085580790349086e-06
0.06 0.36 0 2.0189568827008907e-06
0.06 0.37 0 2.233116362979927e-06
0.06 0.38 0 2.0022807634412945e-06
0.06 0.39 0 1.896868295663841e-06
0.06 0.4 0 1.8882329193979774e-06
0.06 0.41000000000000003 0 2.4960063882582017e-06
0.06 0.42 0 2.3099074656487777e-06
0.06 0.43 0 2.7812467299399903e-06
0.06 0.44 0 2.3167054986627457e-06
0.06 0.45 0 1.6303625044580674e-06
0.06 0.46 0 1.5510017240013338e-06
0.06 0.47000000000000003 0 1.617125759222598e-06
0.06 0.48 0 1.6950104881550979e-06
0.06 0.49 0 1.6353511388036535e-06
0.06 0.5 0 1.662874824901305e-06
0.07 0.0 0 1.6365027116232692e-06
0.07 0.01 0 2.095733608177156e-06
0.07 0.02 0 2.4903496210294336e-06
0.07 0.03 0 2.5592382394297234e-06
0.07 0.04 0 2.779487990425964e-06
0.07 0.05 0 2.9795163558424884e-06
0.07 0.06 0 3.329504461089696e-06
0.07 0.07 0 3.5322669991766994e-06
0.07 0.08 0 3.565668869902088e-06
0.07 0.09 0 3.6995838367809927e-06
0.07 0.1 0 3.3387964941816122e-06
0.07 0.11 0 3.1101631595980237e-06
0.07 0.12 0 3.537651447447764e-06
0.07 0.13 0 3.0821204198704447e-06
0.07 0.14 0 2.2978853124973648e-06
0.07 0.15 0 1.8507349551396986e-06
0.07 0.16 0 1.389405617102514e-06
0.07 0.17 0 1.3757974680865256e-06
0.07 0.18 0 1.6029434818036907e-06
0.07 0.19 0 1.8216283883923598e-06
0.07 0.2 0 1.9481243020890527e-06
0.07 0.21 0 1.6200364535122874e-06
0.07 0.22 0 1.6600967106604785e-06
0.07 0.23 0 2.0179494550786675e-06
0.07 0.24 0 1.8946360476178174e-06
0.07 0.25 0 1.5970956829511766e-06
0.07 0.26 0 1.5331646045752676e-06
0.07 0.27 0 1.6506225293159397e-06
0.07 0.28 0 1.8001072472470033e-06
0.07 0.29 0 1.5565054723373512e-06
0.07 0.3 0 1.5728069744246141e-06
0.07 0.31 0 1.6803081570156674e-06
0.07 0.32 0 1.4886048736782608e-06
0.07 0.33 0 1.5576689507703218e-06
0.07 0.34 0 1.7361557775272814e-06
0.07 0.35000000000000003 0 1.96987515162321e-06
0.07 0.36 0 2.399268013347215e-06
0.07 0.37 0 2.1642037210235532e-06
0.07 0.38 0 1.8855750303142842e-06
0.07 0.39 0 1.7452984603648912e-06
0.07 0.4 0 1.8168015906190434e-06
0.07 0.41000000000000003 0 1.7089899755006283e-06
0.07 0.42 0 1.8513932843165273e-06
0.07 0.43 0 1.7789731694950694e-06
0.07 0.44 0 1.9490555769127147e-06
0.07 0.45 0 1.6164739315907965e-06
0.07 0.46 0 1.3818127754487332e-06
0.07 0.47000000000000003 0 1.4554894637575586e-06
0.07 0.48 0 1.7917583324735933e-06
0.07 0.49 0 1.7720382660035146e-06
0.07 0.5 0 1.5826592424764843e-06
0.08 0.0 0 2.021837005803352e-06
0.08 0.01 0 2.432170338771777e-06
0.08 0.02 0 2.252484199858146e-06
0.08 0.03 0 2.2408928855801294e-06
0.08 0.04 0 2.522589452172471e-06
0.08 0.05 0 2.7198803040507683e-06
0.08 0.06 0 2.79716590006584e-06
0.08 0.07 0 3.693593631775353e-06
0.08 0.08 0 3.858702427614788e-06
0.08 0.09 0 3.9798911114078475e-06
0.08 0.1 0 2.802514975658106e-06
0.08 0.11 0 3.1771663356537695e-06
0.08 0.12 0 3.0596089938533724e-06
0.08 0.13 0 2.7092211339327007e-06
0.08 0.14 0 2.019613302619065e-06
0.08 0.15 0 1.9826582416528444e-06
0.08 0.16 0 1.8342654955670623e-06
0.08 0.17 0 1.937907188858984e-06
0.08 0.18 0 2.0288341647569538e-06
0.08 0.19 0 2.229759500780094e-06
0.08 0.2 0 2.0647985605283804e-06
0.08 0.21 0 1.3790412177966014e-06
0.08 0.22 0 1.6901206924145335e-06
0.08 0.23 0 1.8598800635464952e-06
0.08 0.24 0 2.0777230829902405e-06
0.08 0.25 0 2.1454324865898294e-06
0.08 0.26 0 1.6423376495862773e-06
0.08 0.27 0 1.280524157192702e-06
0.08 0.28 0 1.3626256984036304e-06
0.08 0.29 0 1.2754046629099417e-06
0.08 0.3 0 1.4572034339458108e-06
0.08 0.31 0 1.5507336928975882e-06
0.08 0.32 0 1.4648206186762664e-06
0.08 0.33 0 1.6035886120127197e-06
0.08 0.34 0 1.6323657562498465e-06
0.08 0.35000000000000003 0 1.918054315693994e-06
0.08 0.36 0 2.5221244352737163e-06
0.08 0.37 0 1.9742601359223403e-06
0.08 0.38 0 1.73081754142608e-06
0.08 0.39 0 1.7577915506034894e-06
0.08 0.4 0 1.8767241101673487e-06
0.08 0.41000000000000003 0 1.8278856072608126e-06
0.08 0.42 0 1.7548287808336696e-06
0.08 0.43 0 1.9467927774756824e-06
0.08 0.44 0 1.8285931504471515e-06
0.08 0.45 0 1.2335003214390163e-06
0.08 0.46 0 1.1288142772114837e-06
0.08 0.47000000000000003 0 1.4885372877051868e-06
0.08 0.48 0 1.4908244975447275e-06
0.08 0.49 0 1.709222949324482e-06
0.08 0.5 0 1.6635239489468014e-06
0.09 0.0 0 1.4628304039523906e-06
0.09 0.01 0 1.6205552774547227e-06
0.09 0.02 0 2.0621711695532564e-06
0.09 0.03 0 2.4777048591455067e-06
0.09 0.04 0 2.196995731618862e-06
0.09 0.05 0 2.6100921949030308e-06
0.09 0.06 0 2.742040499134461e-06
0.09 0.07 0 2.7495253579317143e-06
0.09 0.08 0 3.216966827494147e-06
0.09 0.09 0 3.0837590778690424e-06
0.09 0.1 0 2.50135441665034e-06
0.09 0.11 0 2.33863268706808e-06
0.09 0.12 0 2.9549379424270707e-06
0.09 0.13 0 2.9790337087668677e-06
0.09 0.14 0 2.719488415582192e-06
0.09 0.15 0 2.623568803566185e-06
0.09 0.16 0 2.624557048333839e-06
0.09 0.17 0 2.4623302892926276e-06
0.09 0.18 0 2.088542204150503e-06
0.09 0.19 0 1.760707175764311e-06
0.09 0.2 0 1.909049246570992e-06
0.09 0.21 0 2.1102011363971683e-06
0.09 0.22 0 2.153860082138961e-06
0.09 0.23 0 2.9414420523489915e-06
0.09 0.24 0 2.6368854650657927e-06
0.09 0.25 0 2.6652846395176913e-06
0.09 0.26 0 1.876365754194483e-06
0.09 0.27 0 1.5807438350020297e-06
0.09 0.28 0 1.2878918595126157e-06
0.09 0.29 0 1.197067545876339e-06
0.09 0.3 0 1.1259671774244513e-06
0.09 0.31 0 1.163797307618833e-06
0.09 0.32 0 1.4677137928719738e-06
0.09 0.33 0 1.6207934073423099e-06
0.09 0.34 0 1.6902174871141772e-06
0.09 0.35000000000000003 0 2.0242465800840786e-06
0.09 0.36 0 2.3362042286697797e-06
0.09 0.37 0 2.048039300539161e-06
0.09 0.38 0 2.174915904010023e-06
0.09 0.39 0 1.825208710973895e-06
0.09 0.4 0 2.1443461475624614e-06
0.09 0.41000000000000003 0 2.1492988634096274e-06
0.09 0.42 0 2.1934771349011225e-06
0.09 0.43 0 2.1765661985538723e-06
0.09 0.44 0 1.895345958645946e-06
0.09 0.45 0 1.417169086660606e-06
0.09 0.46 0 1.3670366333652366e-06
0.09 0.47000000000000003 0 1.360477483998161e-06
0.09 0.48 0 1.4036535714284022e-06
0.09 0.49 0 1.293165605936917e-06
0.09 0.5 0 1.2233881315272198e-06
0.1 0.0 0 1.2904155083959342e-06
0.1 0.01 0 1.3378516042982462e-06
0.1 0.02 0 1.6407509222873173e-06
0.1 0.03 0 1.7521526658364995e-06
0.1 0.04 0 2.012795942464228e-06
0.1 0.05 0 2.057398405992331e-06
0.1 0.06 0 1.5976069334486264e-06
0.1 0.07 0 1.8478954172679325e-06
0.1 0.08 0 2.1374547076589243e-06
0.1 0.09 0 2.1008300948558103e-06
0.1 0.1 0 2.508794023902394e-06
0.1 0.11 0 2.4013192909007637e-06
0.1 0.12 0 2.322488309728946e-06
0.1 0.13 0 2.370343099138973e-06
0.1 0.14 0 2.007704304208862e-06
0.1 0.15 0 2.2470607650065627e-06
0.1 0.16 0 2.1503699573196554e-06
0.1 0.17 0 1.9849942332643516e-06
0.1 0.18 0 1.7547764011024262e-06
0.1 0.19 0 1.8703965724778314e-06
0.1 0.2 0 2.2697294236858495e-06
0.1 0.21 0 2.379121744866022e-06
0.1 0.22 0 2.595324445479246e-06
0.1 0.23 0 2.761103131343305e-06
0.1 0.24 0 2.2600882389137246e-06
0.1 0.25 0 2.6669512675325423e-06
0.1 0.26 0 2.1901784096002996e-06
0.1 0.27 0 1.6318065968893528e-06
0.1 0.28 0 1.7599774997223826e-06
0.1 0.29 0 1.4163248006426912e-06
0.1 0.3 0 1.2803801621306748e-06
0.1 0.31 0 1.3557429146974878e-06
0.1 0.32 0 1.5769871152517723e-06
0.1 0.33 0 1.6079525700886547e-06
0.1 0.34 0 1.5531468198561757e-06
0.1 0.35000000000000003 0 1.6390019628752783e-06
0.1 0.36 0 2.073798768988595e-06
0.1 0.37 0 2.487565787233096e-06
0.1 0.38 0 2.0341376640349418e-06
0.1 0.39 0 1.854248810413357e-06
0.1 0.4 0 1.8222266026243063e-06
0.1 0.41000000000000003 0 1.7663323959954122e-06
0.1 0.42 0 1.8385445984471365e-06
0.1 0.43 0 2.1260569077528085e-06
0.1 0.44 0 1.7044823237491796e-06
0.1 0.45 0 1.4462092362067149e-06
0.1 0.46 0 1.0704251768361748e-06
0.1 0.47000000000000003 0 1.0619927612813073e-06
0.1 0.48 0 1.129092307773842e-06
0.1 0.49 0 1.1659358018538688e-06
0.1 0.5 0 1.2385653244475026e-06
0.11 0.0 0 1.4117339672937223e-06
0.11 0.01 0 1.9087818221714104e-06
0.11 0.02 0 1.8056694950854276e-06
0.11 0.03 0 1.5033665303200112e-06
0.11 0.04 0 1.3863053034028563e-06
0.11 0.05 0 1.4993812570186064e-06
0.11 0.06 0 1.816989640581427e-06
0.11 0.07 0 1.4520237811104436e-06
0.11 0.08 0 1.7953357708281305e-06
0.11 0.09 0 2.3988727980227054e-06
0.11 0.1 0 2.917164276980732e-06
0.11 0.11 0 1.9938343630022346e-06
0.11 0.12 0 2.099924361234053e-06
0.11 0.13 0 1.9227332948920715e-06
0.11 0.14 0 2.080144078414243e-06
0.11 0.15 0 2.0795745421040357e-06
0.11 0.16 0 1.539990566704913e-06
0.11 0.17 0 1.6016676887340175e-06
0.11 0.18 0 1.682894484234706e-06
0.11 0.19 0 1.5832429745482088e-06
0.11 0.2 0 2.1614581578723356e-06
0.11 0.21 0 2.704557589685576e-06
0.11 0.22 0 2.4938539469002613e-06
0.11 0.23 0 2.8560770616038246e-06
0.11 0.24 0 2.359052095682652e-06
0.11 0.25 0 2.3773514439700743e-06
0.11 0.26 0 2.1137034346942813e-06
0.11 0.27 0 1.6517922917941477e-06
0.11 0.28 0 1.3654971385864188e-06
0.11 0.29 0 1.2682650419304688e-06
0.11 0.3 0 1.3123182008638917e-06
0.11 0.31 0 1.3251633024576872e-06
0.11 0.32 0 1.323332748288642e-06
0.11 0.33 0 1.6415751248686182e-06
0.11 0.34 0 1.664285765151369e-06
0.11 0.35000000000000003 0 2.0341344933352148e-06
0.11 0.36 0 1.5457415534805141e-06
0.11 0.37 0 1.0927431264667417e-06
0.11 0.38 0 1.1886070408835194e-06
0.11 0.39 0 1.5033287911029372e-06
0.11 0.4 0 1.5588150091200118e-06
0.11 0.41000000000000003 0 1.5620802699869183e-06
0.11 0.42 0 1.4897879628107084e-06
0.11 0.43 0 1.308590839971474e-06
0.11 0.44 0 1.4709153873479815e-06
0.11 0.45 0 1.292424564717715e-06
0.11 0.46 0 1.1952585083401014e-06
0.11 0.47000000000000003 0 1.1919400085467918e-06
0.11 0.48 0 1.2286614132326538e-06
0.11 0.49 0 1.3741645013042157e-06
0.11 0.5 0 1.5969301290614042e-06
0.12 0.0 0 1.4968025237153083e-06
0.12 0.01 0 1.021149197201667e-06
0.12 0.02 0 1.03530052528392e-06
0.12 0.03 0 1.3452083175089324e-06
0.12 0.04 0 1.6333593570657115e-06
0.12 0.05 0 1.8083159782206892e-06
0.12 0.06 0 2.1124596199480305e-06
0.12 0.07 0 2.0016252434627513e-06
0.12 0.08 0 1.8726654050168495e-06
0.12 0.09 0 1.7459652361033094e-06
0.12 0.1 0 2.246273604567524e-06
0.12 0.11 0 2.488645668176729e-06
0.12 0.12 0 1.6406637357987121e-06
0.12 0.13 0 1.619809545913395e-06
0.12 0.14 0 1.6025104913399634e-06
0.12 0.15 0 1.511244139235282e-06
0.12 0.16 0 1.334021048441675e-06
0.12 0.17 0 1.705431311393829e-06
0.12 0.18 0 2.032385313505111e-06
0.12 0.19 0 1.9833493958452604e-06
0.12 0.2 0 2.618471474291726e-06
0.12 0.21 0 2.807534329093102e-06
0.12 0.22 0 2.7704253314597202e-06
0.12 0.23 0 2.193990842495668e-06
0.12 0.24 0 2.1344755989017503e-06
0.12 0.25 0 2.26318975293126e-06
0.12 0.26 0 1.84703698323496e-06
0.12 0.27 0 1.4401651398730596e-06
0.12 0.28 0 1.880177103096429e-06
0.12 0.29 0 1.7214486375156187e-06
0.12 0.3 0 1.5452749283352503e-06
0.12 0.31 0 1.4518368607722568e-06
0.12 0.32 0 1.5833808023419965e-06
0.12 0.33 0 1.7413534075598687e-06
0.12 0.34 0 1.4157241027044161e-06
0.12 0.35000000000000003 0 1.4661887842337663e-06
0.12 0.36 0 1.2780165102796852e-06
0.12 0.37 0 1.0507726424809837e-06
0.12 0.38 0 1.1188358454541493e-06
0.12 0.39 0 1.6296305170921325e-06
0.12 0.4 0 2.0101158388345846e-06
0.12 0.41000000000000003 0 1.8086136352169723e-06
0.12 0.42 0 1.4005870093548308e-06
0.12 0.43 0 1.5256064457697273e-06
0.12 0.44 0 1.2921441195090077e-06
0.12 0.45 0 1.2376866344001422e-06
0.12 0.46 0 1.0716728116188476e-06
0.12 0.47000000000000003 0 1.0201852202266569e-06
0.12 0.48 0 9.888124820275831e-07
0.12 0.49 0 1.151384401306674e-06
0.12 0.5 0 1.4451727857037535e-06
0.13 0.0 0 1.132242849123497e-06
0.13 0.01 0 1.0952550638191563e-06
0.13 0.02 0 1.2364488621980256e-06
0.13 0.03 0 1.7110035727327869e-06
0.13 0.04 0 1.948173927844632e-06
0.13 0.05 0 1.8701561317120058e-06
0.13 0.06 0 1.589978576980353e-06
0.13 0.07 0 1.5805475376794472e-06
0.13 0.08 0 1.5348202786247245e-06
0.13 0.09 0 1.6036928641324452e-06
0.13 0.1 0 1.8820364831728132e-06
0.13 0.11 0 1.6441965379402202e-06
0.13 0.12 0 1.608700938718141e-06
0.13 0.13 0 1.5293044809250752e-06
0.13 0.14 0 1.6027895088011477e-06
0.13 0.15 0 1.935692951781786e-06
0.13 0.16 0 1.7887703937875632e-06
0.13 0.17 0 1.670442117425576e-06
0.13 0.18 0 2.6952649022990333e-06
0.13 0.19 0 2.5544437947903557e-06
0.13 0.2 0 2.6824310986730734e-06
0.13 0.21 0 2.5803407527829766e-06
0.13 0.22 0 2.1720529906895164e-06
0.13 0.23 0 1.905576225730361e-06
0.13 0.24 0 1.8551485279223007e-06
0.13 0.25 0 1.8301756625173399e-06
0.13 0.26 0 2.22541386510901e-06
0.13 0.27 0 2.5172053945759524e-06
0.13 0.28 0 1.982898533989182e-06
0.13 0.29 0 1.8806591951794814e-06
0.13 0.3 0 1.661765257648655e-06
0.13 0.31 0 1.30362224147243e-06
0.13 0.32 0 1.3286525503528637e-06
0.13 0.33 0 1.8557525629680208e-06
0.13 0.34 0 1.6187643152176679e-06
0.13 0.35000000000000003 0 1.374979158789508e-06
0.13 0.36 0 1.336601122643593e-06
0.13 0.37 0 1.6677045510044726e-06
0.13 0.38 0 1.9205984547292674e-06
0.13 0.39 0 1.6056891026154732e-06
0.13 0.4 0 1.5329756074812908e-06
0.13 0.41000000000000003 0 1.496246350505476e-06
0.13 0.42 0 1.5666377199280634e-06
0.13 0.43 0 1.2742342591956221e-06
0.13 0.44 0 1.4146313377670305e-06
0.13 0.45 0 1.4839518300934456e-06
0.13 0.46 0 9.787277527631082e-07
0.13 0.47000000000000003 0 8.838988948008044e-07
0.13 0.48 0 1.0521458089869422e-06
0.13 0.49 0 1.0234806656070955e-06
0.13 0.5 0 1.1809814830980924e-06
0.14 0.0 0 1.4578249160140457e-06
0.14 0.01 0 1.2449632996238039e-06
0.14 0.02 0 1.2216125663856434e-06
0.14 0.03 0 1.570484930987029e-06
0.14 0.04 0 2.2144982560356852e-06
0.14 0.05 0 2.5948129885862377e-06
0.14 0.06 0 2.061412562329565e-06
0.14 0.07 0 1.9428154845095235e-06
0.14 0.08 0 1.4566139302748991e-06
0.14 0.09 0 1.4038519404476533e-06
0.14 0.1 0 1.3768203771693926e-06
0.14 0.11 0 1.7041379246069464e-06
0.14 0.12 0 1.7960615354259544e-06
0.14 0.13 0 1.5826298108943444e-06
0.14 0.14 0 1.407280761189431e-06
0.14 0.15 0 1.6584844849685976e-06
0.14 0.16 0 1.88213875846929e-06
0.14 0.17 0 1.965945151409913e-06
0.14 0.18 0 2.0602903304408254e-06
0.14 0.19 0 2.19148777093661e-06
0.14 0.2 0 2.4395251982460553e-06
0.14 0.21 0 1.8701924583248321e-06
0.14 0.22 0 1.7133134866129962e-06
0.14 0.23 0 2.0550527159961236e-06
0.14 0.24 0 2.04860057943956e-06
0.14 0.25 0 1.7893399153932332e-06
0.14 0.26 0 1.5548859914113953e-06
0.14 0.27 0 1.4642011766348278e-06
0.14 0.28 0 1.8188834947888159e-06
0.14 0.29 0 1.714182420773837e-06
0.14 0.3 0 1.92815692574711e-06
0.14 0.31 0 2.2065624110103794e-06
0.14 0.32 0 1.9739226353605132e-06
0.14 0.33 0 1.4673041630454792e-06
0.14 0.34 0 1.5193430181421071e-06
0.14 0.35000000000000003 0 1.3110250911410993e-06
0.14 0.36 0 1.4365843959591174e-06
0.14 0.37 0 1.5715634583595531e-06
0.14 0.38 0 1.623018575881751e-06
0.14 0.39 0 1.6785464742315103e-06
0.14 0.4 0 1.619874254593982e-06
0.14 0.41000000000000003 0 1.6146138620148174e-06
0.14 0.42 0 1.6404032818979857e-06
0.14 0.43 0 1.5147164449763978e-06
0.14 0.44 0 1.1610321644716256e-06
0.14 0.45 0 1.027376601559708e-06
0.14 0.46 0 8.44431662884693e-07
0.14 0.47000000000000003 0 9.211795178620515e-07
0.14 0.48 0 8.77002501399435e-07
0.14 0.49 0 9.672474735018911e-07
0.14 0.5 0 9.717379177678133e-07
0.15 0.0 0 1.1993111719539222e-06
0.15 0.01 0 1.6834156511454677e-06
0.15 0.02 0 1.5435152171055604e-06
0.15 0.03 0 1.9357853728967716e-06
0.15 0.04 0 2.5412987261880214e-06
0.15 0.05 0 2.97496531788326e-06
0.15 0.06 0 2.3549203690711154e-06
0.15 0.07 0 2.0485079624765338e-06
0.15 0.08 0 1.8773300631132825e-06
0.15 0.09 0 1.7544670270409382e-06
0.15 0.1 0 1.8067600949026634e-06
0.15 0.11 0 1.7522579893245651e-06
0.15 0.12 0 2.2708885215348284e-06
0.15 0.13 0 2.204968984571662e-06
0.15 0.14 0 1.7925671291283103e-06
0.15 0.15 0 1.70364415956589e-06
0.15 0.16 0 2.012628906543664e-06
0.15 0.17 0 1.9590426867288213e-06
0.15 0.18 0 1.7325652127857583e-06
0.15 0.19 0 1.4918748336456677e-06
0.15 0.2 0 1.3807014879703175e-06
0.15 0.21 0 1.7991877712782987e-06
0.15 0.22 0 2.1114200494631157e-06
0.15 0.23 0 1.9076424088079837e-06
0.15 0.24 0 2.0069218897879413e-06
0.15 0.25 0 2.4143830948349195e-06
0.15 0.26 0 1.8919114533115883e-06
0.15 0.27 0 1.8158126699196145e-06
0.15 0.28 0 1.8512484993719887e-06
0.15 0.29 0 1.9947775957091145e-06
0.15 0.3 0 2.0951109164531968e-06
0.15 0.31 0 1.6652139806373394e-06
0.15 0.32 0 1.4117136835183259e-06
0.15 0.33 0 1.7606312839372079e-06
0.15 0.34 0 1.912874232205679e-06
0.15 0.35000000000000003 0 1.9048065278068696e-06
0.15 0.36 0 1.9871782864106196e-06
0.15 0.37 0 1.6381679832986336e-06
0.15 0.38 0 1.3817686457924736e-06
0.15 0.39 0 1.315923100443556e-06
0.15 0.4 0 1.5902901922861663e-06
0.15 0.41000000000000003 0 1.574302999426812e-06
0.15 0.42 0 1.5890977766210644e-06
0.15 0.43 0 1.2698764816622805e-06
0.15 0.44 0 1.1947382847227924e-06
0.15 0.45 0 1.1753865132980568e-06
0.15 0.46 0 1.2036172279689971e-06
0.15 0.47000000000000003 0 1.0891454188230612e-06
0.15 0.48 0 9.718921651926767e-07
0.15 0.49 0 7.529199531460109e-07
0.15 0.5 0 7.741120223417734e-07
0.16 0.0 0 1.7615042790069164e-06
0.16 0.01 0 1.4216527664864604e-06
0.16 0.02 0 1.6841995985353044e-06
0.16 0.03 0 1.8370216841189554e-06
0.16 0.04 0 1.8155305574232471e-06
0.16 0.05 0 1.6576993870703963e-06
0.16 0.06 0 1.5471800407258124e-06
0.16 0.07 0 1.7922896093297284e-06
0.16 0.08 0 2.0454929975174516e-06
0.16 0.09 0 1.986427319680783e-06
0.16 0.1 0 2.21439378357547e-06
0.16 0.11 0 2.497320276335582e-06
0.16 0.12 0 2.24272775298085e-06
0.16 0.13 0 1.9288896234536903e-06
0.16 0.14 0 1.5081070646471849e-06
0.16 0.15 0 1.539202334128854e-06
0.16 0.16 0 1.5791952467654007e-06
0.16 0.17 0 1.8064444645409005e-06
0.16 0.18 0 1.4840887049430522e-06
0.16 0.19 0 1.6742397568467426e-06
0.16 0.2 0 1.6033344764910204e-06
0.16 0.21 0 1.553167918370776e-06
0.16 0.22 0 1.5059213675955764e-06
0.16 0.23 0 1.7349890675079963e-06
0.16 0.24 0 2.048891980254895e-06
0.16 0.25 0 2.2416143374302378e-06
0.16 0.26 0 2.281453715373228e-06
0.16 0.27 0 2.4495168659482234e-06
0.16 0.28 0 2.5002524585200466e-06
0.16 0.29 0 2.0820246422285832e-06
0.16 0.3 0 1.9484478574514903e-06
0.16 0.31 0 1.9543939445435655e-06
0.16 0.32 0 2.2187604298523546e-06
0.16 0.33 0 1.5808945379202614e-06
0.16 0.34 0 1.7368514248611776e-06
0.16 0.35000000000000003 0 1.9508261319099663e-06
0.16 0.36 0 1.78039243812804e-06
0.16 0.37 0 1.7817046051742807e-06
0.16 0.38 0 1.510165737587551e-06
0.16 0.39 0 1.1466536412532667e-06
0.16 0.4 0 1.1206876545552926e-06
0.16 0.41000000000000003 0 1.2806184566307718e-06
0.16 0.42 0 1.5520383477705247e-06
0.16 0.43 0 1.6458340535722431e-06
0.16 0.44 0 1.3883172539560289e-06
0.16 0.45 0 1.3567901126968754e-06
0.16 0.46 0 1.1159343564988868e-06
0.16 0.47000000000000003 0 8.972054184558309e-07
0.16 0.48 0 8.20198394417346e-07
0.16 0.49 0 9.158439054227018e-07
0.16 0.5 0 9.68457155015314e-07
0.17 0.0 0 2.031547208922107e-06
0.17 0.01 0 2.265254322884701e-06
0.17 0.02 0 2.22840028688569e-06
0.17 0.03 0 1.6273069892876565e-06
0.17 0.04 0 1.616420813817831e-06
0.17 0.05 0 1.7500385349066943e-06
0.17 0.06 0 1.7697268862610235e-06
0.17 0.07 0 1.730622717655826e-06
0.17 0.08 0 1.8925028004973761e-06
0.17 0.09 0 1.9159022992280638e-06
0.17 0.1 0 1.8772974344305308e-06
0.17 0.11 0 1.5793360326246552e-06
0.17 0.12 0 1.6545108062696123e-06
0.17 0.13 0 1.811851355219487e-06
0.17 0.14 0 1.8454295908228107e-06
0.17 0.15 0 1.8474081889452044e-06
0.17 0.16 0 1.8883386345958766e-06
0.17 0.17 0 1.8357167565852994e-06
0.17 0.18 0 1.55361884687997e-06
0.17 0.19 0 1.3952512124450782e-06
0.17 0.2 0 1.5779859143631172e-06
0.17 0.21 0 1.775607288248191e-06
0.17 0.22 0 1.928828543432879e-06
0.17 0.23 0 2.056489831018179e-06
0.17 0.24 0 2.274427002586076e-06
0.17 0.25 0 2.226665810736169e-06
0.17 0.26 0 1.953739275394843e-06
0.17 0.27 0 2.0679022299128394e-06
0.17 0.28 0 2.177532179878466e-06
0.17 0.29 0 2.459636390434362e-06
0.17 0.3 0 2.1932544404899096e-06
0.17 0.31 0 2.4860190320480988e-06
0.17 0.32 0 2.329570366064109e-06
0.17 0.33 0 1.9797093509214453e-06
0.17 0.34 0 1.7059292769436508e-06
0.17 0.35000000000000003 0 1.8302605253041235e-06
0.17 0.36 0 1.7745461401069625e-06
0.17 0.37 0 1.7051657870001288e-06
0.17 0.38 0 1.3421095231663934e-06
0.17 0.39 0 1.3786658164689775e-06
0.17 0.4 0 1.4951848572833348e-06
0.17 0.41000000000000003 0 1.579396126531402e-06
0.17 0.42 0 1.800558585042754e-06
0.17 0.43 0 1.479781167146711e-06
0.17 0.44 0 1.3437824399402249e-06
0.17 0.45 0 1.2595524712094315e-06
0.17 0.46 0 1.2092160299765206e-06
0.17 0.47000000000000003 0 1.2183450575689733e-06
0.17 0.48 0 1.4932619255375767e-06
0.17 0.49 0 1.3661888920027557e-06
0.17 0.5 0 1.2127553386980803e-06
0.18 0.0 0 2.2010359304841787e-06
0.18 0.01 0 1.8060484742095988e-06
0.18 0.02 0 1.9133940491957134e-06
0.18 0.03 0 1.644009466433145e-06
0.18 0.04 0 1.5461591416637408e-06
0.18 0.05 0 1.6296262702282894e-06
0.18 0.06 0 2.203986104297425e-06
0.18 0.07 0 1.9931010630731034e-06
0.18 0.08 0 1.437429739453386e-06
0.18 0.09 0 1.3173725829462785e-06
0.18 0.1 0 1.4702318828963317e-06
0.18 0.11 0 1.656343847244361e-06
0.18 0.12 0 1.4129892721476985e-06
0.18 0.13 0 1.241009122251851e-06
0.18 0.14 0 1.3328853068565655e-06
0.18 0.15 0 1.438293835482149e-06
0.18 0.16 0 1.5821399848195707e-06
0.18 0.17 0 1.9121512137478323e-06
0.18 0.18 0 1.6858723959410618e-06
0.18 0.19 0 1.8548039510380613e-06
0.18 0.2 0 2.1387226638468844e-06
0.18 0.21 0 1.8832960194854866e-06
0.18 0.22 0 1.838596768012559e-06
0.18 0.23 0 1.8576494381913632e-06
0.18 0.24 0 1.8036442075780745e-06
0.18 0.25 0 1.961991939702517e-06
0.18 0.26 0 2.063089483467188e-06
0.18 0.27 0 2.2064634996877334e-06
0.18 0.28 0 2.4872621240957098e-06
0.18 0.29 0 2.3246605351006233e-06
0.18 0.3 0 2.4525934647039e-06
0.18 0.31 0 2.494526322261414e-06
0.18 0.32 0 2.316249755596745e-06
0.18 0.33 0 1.8928030120822778e-06
0.18 0.34 0 1.7257613031011332e-06
0.18 0.35000000000000003 0 1.8995237632273992e-06
0.18 0.36 0 1.736753853920166e-06
0.18 0.37 0 1.5510405963537954e-06
0.18 0.38 0 1.4385886491455583e-06
0.18 0.39 0 1.5880550490731555e-06
0.18 0.4 0 1.7365339623639582e-06
0.18 0.41000000000000003 0 1.9267979617695667e-06
0.18 0.42 0 1.5009777877182254e-06
0.18 0.43 0 1.2725366790048737e-06
0.18 0.44 0 1.215768285817541e-06
0.18 0.45 0 1.1906910633729863e-06
0.18 0.46 0 1.2172012219110208e-06
0.18 0.47000000000000003 0 1.3010416240779498e-06
0.18 0.48 0 1.2452751137417023e-06
0.18 0.49 0 1.398259991589423e-06
0.18 0.5 0 1.4047197405277758e-06
0.19 0.0 0 2.3633443239313723e-06
0.19 0.01 0 2.1262641924319677e-06
0.19 0.02 0 1.8760703758112673e-06
0.19 0.03 0 2.300291016043662e-06
0.19 0.04 0 1.984849628570746e-06
0.19 0.05 0 1.5857666135857106e-06
0.19 0.06 0 1.4518571616215568e-06
0.19 0.07 0 1.4869745036302076e-06
0.19 0.08 0 1.5494024316359665e-06
0.19 0.09 0 1.5288020618554345e-06
0.19 0.1 0 1.464525903059934e-06
0.19 0.11 0 1.675535156286617e-06
0.19 0.12 0 1.5958672362197955e-06
0.19 0.13 0 1.1264364978160505e-06
0.19 0.14 0 1.1159257784636155e-06
0.19 0.15 0 1.053752698767022e-06
0.19 0.16 0 1.3220665801072993e-06
0.19 0.17 0 1.400791795104871e-06
0.19 0.18 0 1.5788996035541262e-06
0.19 0.19 0 1.5965639919844099e-06
0.19 0.2 0 1.7071143130152268e-06
0.19 0.21 0 1.4723989684200129e-06
0.19 0.22 0 1.3635250739370003e-06
0.19 0.23 0 1.1555841245432077e-06
0.19 0.24 0 1.4683914750948347e-06
0.19 0.25 0 1.7784897803419194e-06
0.19 0.26 0 2.026342157443116e-06
0.19 0.27 0 2.387283206461131e-06
0.19 0.28 0 2.0668877062382777e-06
0.19 0.29 0 2.1372391515870767e-06
0.19 0.3 0 1.7233612513657766e-06
0.19 0.31 0 1.3972121379202522e-06
0.19 0.32 0 1.530636354710628e-06
0.19 0.33 0 2.0539033792722847e-06
0.19 0.34 0 1.8603122397489434e-06
0.19 0.35000000000000003 0 1.8143483486000328e-06
0.19 0.36 0 1.4286243042218553e-06
0.19 0.37 0 1.3478931770724696e-06
0.19 0.38 0 1.3087371062269942e-06
0.19 0.39 0 1.3565059237332034e-06
0.19 0.4 0 1.619766139209503e-06
0.19 0.41000000000000003 0 1.6916600836666657e-06
0.19 0.42 0 1.455367036660729e-06
0.19 0.43 0 1.2973124198050713e-06
0.19 0.44 0 1.2540034153675799e-06
0.19 0.45 0 1.2571979637871773e-06
0.19 0.46 0 1.461368246445338e-06
0.19 0.47000000000000003 0 1.375245126799651e-06
0.19 0.48 0 1.2469276702901982e-06
0.19 0.49 0 1.2560134368334793e-06
0.19 0.5 0 1.346717942960486e-06
0.2 0.0 0 1.9481879515797664e-06
0.2 0.01 0 1.9513535867717127e-06
0.2 0.02 0 1.9958978508437556e-06
0.2 0.03 0 2.04680610097809e-06
0.2 0.04 0 2.4288709400995304e-06
0.2 0.05 0 2.3608895616396287e-06
0.2 0.06 0 1.981636516628856e-06
0.2 0.07 0 1.57628025918978e-06
0.2 0.08 0 1.3394308353671369e-06
0.2 0.09 0 1.3562152655185617e-06
0.2 0.1 0 1.2386324444661928e-06
0.2 0.11 0 1.1900016891412117e-06
0.2 0.12 0 1.2096588675244521e-06
0.2 0.13 0 1.129966073578232e-06
0.2 0.14 0 9.821371983836406e-07
0.2 0.15 0 9.537994973401994e-07
0.2 0.16 0 1.153891113481564e-06
0.2 0.17 0 1.2248061337835426e-06
0.2 0.18 0 1.3006389815466333e-06
0.2 0.19 0 1.8187614798582409e-06
0.2 0.2 0 1.6096906722843666e-06
0.2 0.21 0 1.1055535242029758e-06
0.2 0.22 0 1.0045223504713466e-06
0.2 0.23 0 1.3915615095696218e-06
0.2 0.24 0 1.681731166500547e-06
0.2 0.25 0 1.4407832667537163e-06
0.2 0.26 0 1.6111508905585654e-06
0.2 0.27 0 1.8202102009631985e-06
0.2 0.28 0 1.9523884331516168e-06
0.2 0.29 0 1.8952212897840776e-06
0.2 0.3 0 2.2532441939578613e-06
0.2 0.31 0 2.4415496356535e-06
0.2 0.32 0 2.0056464274139995e-06
0.2 0.33 0 1.514035782089498e-06
0.2 0.34 0 1.5610569360773994e-06
0.2 0.35000000000000003 0 1.1469346477378582e-06
0.2 0.36 0 1.107393317460579e-06
0.2 0.37 0 1.2560305094220752e-06
0.2 0.38 0 1.5001070622055362e-06
0.2 0.39 0 1.5895545490187872e-06
0.2 0.4 0 1.6109019335636727e-06
0.2 0.41000000000000003 0 1.567523665690551e-06
0.2 0.42 0 1.5321304060144894e-06
0.2 0.43 0 1.5617250146626982e-06
0.2 0.44 0 1.469403229512949e-06
0.2 0.45 0 1.3975528275695914e-06
0.2 0.46 0 1.2189141969727955e-06
0.2 0.47000000000000003 0 1.3820933766902232e-06
0.2 0.48 0 1.3277819989460637e-06
0.2 0.49 0 1.3251841743082497e-06
0.2 0.5 0 9.529523890627483e-07
0.21 0.0 0 1.5440935775879631e-06
0.21 0.01 0 1.9853744369377185e-06
0.21 0.02 0 1.8255898340644689e-06
0.21 0.03 0 2.2000512172172503e-06
0.21 0.04 0 2.420541009157567e-06
0.21 0.05 0 2.247211725466709e-06
0.21 0.06 0 1.90773181421815e-06
0.21 0.07 0 1.4170582728738991e-06
0.21 0.08 0 1.2664419030003673e-06
0.21 0.09 0 1.7577267546648328e-06
0.21 0.1 0 1.3068987807943695e-06
0.21 0.11 0 1.0879922194464307e-06
0.21 0.12 0 1.2213385225181648e-06
0.21 0.13 0 1.1420910758370773e-06
0.21 0.14 0 1.2384686092090954e-06
0.21 0.15 0 1.3059067866053104e-06
0.21 0.16 0 1.6274562820556821e-06
0.21 0.17 0 1.83145066056472e-06
0.21 0.18 0 1.5248270005809512e-06
0.21 0.19 0 1.092308455315477e-06
0.21 0.2 0 1.158143855067583e-06
0.21 0.21 0 1.2689814100676518e-06
0.21 0.22 0 1.3648428809073167e-06
0.21 0.23 0 1.5285649439980488e-06
0.21 0.24 0 1.7172668825804405e-06
0.21 0.25 0 1.574626576065867e-06
0.21 0.26 0 1.6592650007527874e-06
0.21 0.27 0 1.9540950102388705e-06
0.21 0.28 0 2.0089234822088785e-06
0.21 0.29 0 1.8942837145847899e-06
0.21 0.3 0 1.6804683544850704e-06
0.21 0.31 0 1.516963406503481e-06
0.21 0.32 0 1.5317581996156203e-06
0.21 0.33 0 1.754608912990351e-06
0.21 0.34 0 1.815662254985355e-06
0.21 0.35000000000000003 0 1.7936002488103788e-06
0.21 0.36 0 1.8540997615871042e-06
0.21 0.37 0 1.3414751637472383e-06
0.21 0.38 0 1.4460139829784968e-06
0.21 0.39 0 1.5583794976904702e-06
0.21 0.4 0 1.2505638608838407e-06
0.21 0.41000000000000003 0 1.2710116439064851e-06
0.21 0.42 0 1.2317616739431758e-06
0.21 0.43 0 1.4304538303371735e-06
0.21 0.44 0 1.6699502949727017e-06
0.21 0.45 0 1.4170828650310524e-06
0.21 0.46 0 1.6114498683538361e-06
0.21 0.47000000000000003 0 1.8683983705410086e-06
0.21 0.48 0 1.3307789539650784e-06
0.21 0.49 0 1.0249583434617699e-06
0.21 0.5 0 1.0544289160002997e-06
0.22 0.0 0 1.2189692991325668e-06
0.22 0.01 0 1.5833253535191515e-06
0.22 0.02 0 1.7134574293756882e-06
0.22 0.03 0 1.3684550391412296e-06
0.22 0.04 0 1.5158690310402541e-06
0.22 0.05 0 1.420574589160106e-06
0.22 0.06 0 1.4493970005056833e-06
0.22 0.07 0 1.3405281833815443e-06
0.22 0.08 0 1.4208797448583457e-06
0.22 0.09 0 1.5636232089314254e-06
0.22 0.1 0 1.4650931298376977e-06
0.22 0.11 0 1.9289186555547353e-06
0.22 0.12 0 2.0736843661960724e-06
0.22 0.13 0 1.7637144249510634e-06
0.22 0.14 0 1.5923597719592543e-06
0.22 0.15 0 1.3149860570322025e-06
0.22 0.16 0 1.2384405115151972e-06
0.22 0.17 0 1.5000075333789938e-06
0.22 0.18 0 1.2022371770872962e-06
0.22 0.19 0 1.4753585560499208e-06
0.22 0.2 0 1.2155878527932815e-06
0.22 0.21 0 1.2260340513079964e-06
0.22 0.22 0 1.4129287458873096e-06
0.22 0.23 0 1.4678863243922446e-06
0.22 0.24 0 1.3909718669125866e-06
0.22 0.25 0 1.5137687360763993e-06
0.22 0.26 0 1.587337742590961e-06
0.22 0.27 0 1.4840253327473479e-06
0.22 0.28 0 1.4840448349994363e-06
0.22 0.29 0 1.338910107513157e-06
0.22 0.3 0 1.3889308763206171e-06
0.22 0.31 0 1.5246487719278282e-06
0.22 0.32 0 1.977206435690521e-06
0.22 0.33 0 1.9372550829532945e-06
0.22 0.34 0 2.020913301473138e-06
0.22 0.35000000000000003 0 1.8519309659731216e-06
0.22 0.36 0 2.312865936400431e-06
0.22 0.37 0 1.9007388933361988e-06
0.22 0.38 0 1.3986891129801526e-06
0.22 0.39 0 1.1677364470488029e-06
0.22 0.4 0 1.1900107313279895e-06
0.22 0.41000000000000003 0 1.257813943094184e-06
0.22 0.42 0 1.1740900986431568e-06
0.22 0.43 0 1.439863165713232e-06
0.22 0.44 0 1.6187689699665553e-06
0.22 0.45 0 1.196295424330505e-06
0.22 0.46 0 1.2578216003551042e-06
0.22 0.47000000000000003 0 1.3451287316876916e-06
0.22 0.48 0 1.133816838707035e-06
0.22 0.49 0 1.0249129894930246e-06
0.22 0.5 0 1.017018318469314e-06
0.23 0.0 0 1.448702604199013e-06
0.23 0.01 0 1.6993900710454718e-06
0.23 0.02 0 1.7671703927727314e-06
0.23 0.03 0 1.7176688657332378e-06
0.23 0.04 0 1.7486713833994664e-06
0.23 0.05 0 1.3794643375353024e-06
0.23 0.06 0 1.2369888069036925e-06
0.23 0.07 0 1.1945452983447745e-06
0.23 0.08 0 1.1060989322624799e-06
0.23 0.09 0 1.477026684793599e-06
0.23 0.1 0 1.623674162825395e-06
0.23 0.11 0 1.9637411938130434e-06
0.23 0.12 0 2.527984821486163e-06
0.23 0.13 0 2.7196695422200954e-06
0.23 0.14 0 2.497938999340384e-06
0.23 0.15 0 1.9442206283429537e-06
0.23 0.16 0 1.5561488625921044e-06
0.23 0.17 0 1.281701514544955e-06
0.23 0.18 0 1.1464135454369736e-06
0.23 0.19 0 1.0012096311110002e-06
0.23 0.2 0 9.222594435966918e-07
0.23 0.21 0 1.2799703039209397e-06
0.23 0.22 0 1.3854994386343567e-06
0.23 0.23 0 1.370616978747222e-06
0.23 0.24 0 1.8411538152443418e-06
0.23 0.25 0 1.638076278202397e-06
0.23 0.26 0 1.2641570680046246e-06
0.23 0.27 0 1.2165512891542501e-06
0.23 0.28 0 1.3426684642527839e-06
0.23 0.29 0 1.637661794333423e-06
0.23 0.3 0 1.466517566615989e-06
0.23 0.31 0 1.4412984051346676e-06
0.23 0.32 0 1.589250176888462e-06
0.23 0.33 0 1.883243681364603e-06
0.23 0.34 0 1.7334507651141506e-06
0.23 0.35000000000000003 0 1.8780058235056237e-06
0.23 0.36 0 2.1834631047860893e-06
0.23 0.37 0 1.810161295863044e-06
0.23 0.38 0 1.2413667307106417e-06
0.23 0.39 0 1.1618205689108767e-06
0.23 0.4 0 1.0257937587138997e-06
0.23 0.41000000000000003 0 1.4417748635666285e-06
0.23 0.42 0 1.6455012535428695e-06
0.23 0.43 0 1.2205514516244663e-06
0.23 0.44 0 1.2451926931883306e-06
0.23 0.45 0 1.1683276047894793e-06
0.23 0.46 0 1.4945325592919546e-06
0.23 0.47000000000000003 0 1.293656954008016e-06
0.23 0.48 0 1.3547127700617558e-06
0.23 0.49 0 1.2284709318288256e-06
0.23 0.5 0 1.252068731528986e-06
0.24 0.0 0 2.1665909874527e-06
0.24 0.01 0 2.0678768982852413e-06
0.24 0.02 0 1.9024532362272958e-06
0.24 0.03 0 1.315191241880349e-06
0.24 0.04 0 1.4851949467436973e-06
0.24 0.05 0 1.2895333079087386e-06
0.24 0.06 0 1.3970632437642326e-06
0.24 0.07 0 1.3303010472832604e-06
0.24 0.08 0 1.323274084678763e-06
0.24 0.09 0 1.5452059543355733e-06
0.24 0.1 0 1.7434727002616067e-06
0.24 0.11 0 1.8249268068597447e-06
0.24 0.12 0 1.962889443123946e-06
0.24 0.13 0 1.8817782935203597e-06
0.24 0.14 0 2.0957319168955034e-06
0.24 0.15 0 2.2394985565158098e-06
0.24 0.16 0 1.6879300041783313e-06
0.24 0.17 0 1.702256265600485e-06
0.24 0.18 0 1.4304558867623332e-06
0.24 0.19 0 1.3170235903307417e-06
0.24 0.2 0 1.1977338847432228e-06
0.24 0.21 0 1.2850142338065605e-06
0.24 0.22 0 1.5002861203518786e-06
0.24 0.23 0 1.7310036304151428e-06
0.24 0.24 0 1.6522060736429467e-06
0.24 0.25 0 1.8931245237070246e-06
0.24 0.26 0 1.93775043485454e-06
0.24 0.27 0 1.6676815617132547e-06
0.24 0.28 0 1.8213027030722521e-06
0.24 0.29 0 1.957996709878294e-06
0.24 0.3 0 1.6636271793282935e-06
0.24 0.31 0 1.9096046995484357e-06
0.24 0.32 0 1.7079315842574798e-06
0.24 0.33 0 1.7189552478524238e-06
0.24 0.34 0 1.7688503919145805e-06
0.24 0.35000000000000003 0 1.5750272530512936e-06
0.24 0.36 0 1.6044983788599367e-06
0.24 0.37 0 1.3312916081402643e-06
0.24 0.38 0 1.1132168562749674e-06
0.24 0.39 0 1.2641876340466261e-06
0.24 0.4 0 1.432265661718439e-06
0.24 0.41000000000000003 0 1.3900175967652603e-06
0.24 0.42 0 1.4430283473474358e-06
0.24 0.43 0 1.3257469081060553e-06
0.24 0.44 0 1.483918602913461e-06
0.24 0.45 0 1.2549366251166244e-06
0.24 0.46 0 1.3427273183341558e-06
0.24 0.47000000000000003 0 1.4060751183027286e-06
0.24 0.48 0 1.2988030639456324e-06
0.24 0.49 0 1.3950965578062105e-06
0.24 0.5 0 1.3402917980415542e-06
0.25 0.0 0 1.6040512898870462e-06
0.25 0.01 0 1.8550134631342556e-06
0.25 0.02 0 1.58589777853992e-06
0.25 0.03 0 1.478928935214674e-06
0.25 0.04 0 1.513863531604788e-06
0.25 0.05 0 1.2740656759105584e-06
0.25 0.06 0 1.2304652267673383e-06
0.25 0.07 0 1.3924852720740459e-06
0.25 0.08 0 1.248935993063383e-06
0.25 0.09 0 1.3715587510781442e-06
0.25 0.1 0 1.2082412119039508e-06
0.25 0.11 0 1.1628409651051843e-06
0.25 0.12 0 1.4520771148215811e-06
0.25 0.13 0 1.4718043468781906e-06
0.25 0.14 0 1.5286691910748896e-06
0.25 0.15 0 1.4574896101847451e-06
0.25 0.16 0 1.7396987761136475e-06
0.25 0.17 0 1.5381948565456204e-06
0.25 0.18 0 1.297862013886021e-06
0.25 0.19 0 1.0463044518811192e-06
0.25 0.2 0 1.1649859515946743e-06
0.25 0.21 0 1.4146864342178777e-06
0.25 0.22 0 1.836989080041043e-06
0.25 0.23 0 1.4053056729450452e-06
0.25 0.24 0 1.537121020181451e-06
0.25 0.25 0 2.1160421236412583e-06
0.25 0.26 0 2.1042380332046253e-06
0.25 0.27 0 2.1073664942993695e-06
0.25 0.28 0 1.8954202954963509e-06
0.25 0.29 0 1.8125553927168942e-06
0.25 0.3 0 1.711057848327114e-06
0.25 0.31 0 1.7723794242872065e-06
0.25 0.32 0 1.7004668979239088e-06
0.25 0.33 0 2.6355033054218343e-06
0.25 0.34 0 2.218806062849247e-06
0.25 0.35000000000000003 0 1.5612243799527808e-06
0.25 0.36 0 1.513094318209284e-06
0.25 0.37 0 1.5446729000181949e-06
0.25 0.38 0 1.374461752560856e-06
0.25 0.39 0 1.483445558075482e-06
0.25 0.4 0 1.3510204748871008e-06
0.25 0.41000000000000003 0 1.6681587497395918e-06
0.25 0.42 0 1.5003583516809049e-06
0.25 0.43 0 1.0535864929426122e-06
0.25 0.44 0 1.096440170068533e-06
0.25 0.45 0 1.2422587029895512e-06
0.25 0.46 0 1.2949206069688116e-06
0.25 0.47000000000000003 0 1.339758095703645e-06
0.25 0.48 0 1.6464880070949268e-06
0.25 0.49 0 2.1505969785110866e-06
0.25 0.5 0 1.8976324830830575e-06
0.26 0.0 0 1.5591379648232164e-06
0.26 0.01 0 1.4734409912435775e-06
0.26 0.02 0 1.304207057290984e-06
0.26 0.03 0 1.26657940116704e-06
0.26 0.04 0 1.5887573182453464e-06
0.26 0.05 0 1.6086860200222705e-06
0.26 0.06 0 1.4220906900819477e-06
0.26 0.07 0 1.2202561315389414e-06
0.26 0.08 0 1.1829155034526654e-06
0.26 0.09 0 9.242463125691523e-07
0.26 0.1 0 9.472070137785497e-07
0.26 0.11 0 1.1958883232303323e-06
0.26 0.12 0 1.431120029962742e-06
0.26 0.13 0 1.4055294347664346e-06
0.26 0.14 0 1.5947610768058636e-06
0.26 0.15 0 1.535597972995078e-06
0.26 0.16 0 1.4646029349295668e-06
0.26 0.17 0 1.3353593831355862e-06
0.26 0.18 0 1.5127587403331552e-06
0.26 0.19 0 1.6767485897167956e-06
0.26 0.2 0 1.494240226864944e-06
0.26 0.21 0 1.2383081445679131e-06
0.26 0.22 0 1.3720679535329172e-06
0.26 0.23 0 1.8825248757983712e-06
0.26 0.24 0 1.845253066993152e-06
0.26 0.25 0 2.1984685849415264e-06
0.26 0.26 0 2.7872197343298986e-06
0.26 0.27 0 2.304506593288368e-06
0.26 0.28 0 1.699150750283385e-06
0.26 0.29 0 1.7244045402538383e-06
0.26 0.3 0 1.876578702471967e-06
0.26 0.31 0 2.4253662360984795e-06
0.26 0.32 0 2.5393312106833315e-06
0.26 0.33 0 2.0632976440000717e-06
0.26 0.34 0 2.1172843604595802e-06
0.26 0.35000000000000003 0 1.7769462089416427e-06
0.26 0.36 0 1.6458149793012953e-06
0.26 0.37 0 1.72725327743943e-06
0.26 0.38 0 2.0561058255102988e-06
0.26 0.39 0 1.7779115637334783e-06
0.26 0.4 0 1.4939400121055379e-06
0.26 0.41000000000000003 0 1.3636838033789132e-06
0.26 0.42 0 1.1168732730951203e-06
0.26 0.43 0 1.1634253422280716e-06
0.26 0.44 0 1.037445811228747e-06
0.26 0.45 0 1.0906842820296732e-06
0.26 0.46 0 1.254025218855482e-06
0.26 0.47000000000000003 0 1.4283086117996346e-06
0.26 0.48 0 1.2468829849259806e-06
0.26 0.49 0 1.691317492929853e-06
0.26 0.5 0 1.5783692007781083e-06
0.27 0.0 0 1.7466276334273026e-06
0.27 0.01 0 1.8447546807732939e-06
0.27 0.02 0 1.6792419204423805e-06
0.27 0.03 0 1.7255860714367868e-06
0.27 0.04 0 1.8206048986853074e-06
0.27 0.05 0 1.9518721103902016e-06
0.27 0.06 0 1.2369189470707325e-06
0.27 0.07 0 1.080548016730184e-06
0.27 0.08 0 1.1763718261116476e-06
0.27 0.09 0 1.5128547545790143e-06
0.27 0.1 0 1.5389343658625506e-06
0.27 0.11 0 1.1752929819179593e-06
0.27 0.12 0 1.2754105624589897e-06
0.27 0.13 0 1.6336290717833884e-06
0.27 0.14 0 1.8092811633482336e-06
0.27 0.15 0 2.001544479630823e-06
0.27 0.16 0 2.577038999138902e-06
0.27 0.17 0 2.192476614229549e-06
0.27 0.18 0 1.6919449351107247e-06
0.27 0.19 0 1.335617689694451e-06
0.27 0.2 0 1.5217685568449432e-06
0.27 0.21 0 1.416591910378306e-06
0.27 0.22 0 1.464246100114916e-06
0.27 0.23 0 2.1583535714721508e-06
0.27 0.24 0 2.8570820561523823e-06
0.27 0.25 0 2.65793322909869e-06
0.27 0.26 0 2.28272588052817e-06
0.27 0.27 0 1.807528295268472e-06
0.27 0.28 0 2.0923539150595514e-06
0.27 0.29 0 1.6078283437276058e-06
0.27 0.3 0 1.5616069942854856e-06
0.27 0.31 0 1.9155900418210694e-06
0.27 0.32 0 2.0424293934788963e-06
0.27 0.33 0 2.1164770559085143e-06
0.27 0.34 0 2.4804710862698064e-06
0.27 0.35000000000000003 0 2.4711173516402323e-06
0.27 0.36 0 2.223313619555595e-06
0.27 0.37 0 1.891372742618606e-06
0.27 0.38 0 1.5285274068699318e-06
0.27 0.39 0 1.7848146352892038e-06
0.27 0.4 0 1.4032011774627547e-06
0.27 0.41000000000000003 0 1.3327875703525626e-06
0.27 0.42 0 1.2661930377396045e-06
0.27 0.43 0 1.4300112148257941e-06
0.27 0.44 0 1.4802874362130421e-06
0.27 0.45 0 1.778637790806002e-06
0.27 0.46 0 1.6910751987688391e-06
0.27 0.47000000000000003 0 1.5412282394303794e-06
0.27 0.48 0 1.5633322722883826e-06
0.27 0.49 0 1.5591026091941241e-06
0.27 0.5 0 1.4287125195607637e-06
0.28 0.0 0 1.760737233377761e-06
0.28 0.01 0 1.9133914442342203e-06
0.28 0.02 0 2.052121027177498e-06
0.28 0.03 0 2.1387361335568886e-06
0.28 0.04 0 2.1131706870424334e-06
0.28 0.05 0 1.562236626017656e-06
0.28 0.06 0 1.4632907125972792e-06
0.28 0.07 0 1.432485139053648e-06
0.28 0.08 0 1.5028948458500233e-06
0.28 0.09 0 1.502794029458324e-06
0.28 0.1 0 1.4879525604237065e-06
0.28 0.11 0 1.4253536917542928e-06
0.28 0.12 0 1.392680613517613e-06
0.28 0.13 0 1.5899600101586571e-06
0.28 0.14 0 1.944851649987945e-06
0.28 0.15 0 2.0580169099697755e-06
0.28 0.16 0 1.6090795934019662e-06
0.28 0.17 0 1.9448869695967032e-06
0.28 0.18 0 1.957543980793233e-06
0.28 0.19 0 1.8723397574326424e-06
0.28 0.2 0 2.0389713547618413e-06
0.28 0.21 0 2.3851810936948236e-06
0.28 0.22 0 2.3277727563748716e-06
0.28 0.23 0 2.3471615903696045e-06
0.28 0.24 0 1.919657677228087e-06
0.28 0.25 0 1.958655794711777e-06
0.28 0.26 0 2.3106186434092845e-06
0.28 0.27 0 1.8660829423821942e-06
0.28 0.28 0 1.9488371139473624e-06
0.28 0.29 0 1.8388866809853503e-06
0.28 0.3 0 1.9535637830595814e-06
0.28 0.31 0 2.257001596442302e-06
0.28 0.32 0 2.6952397158555027e-06
0.28 0.33 0 2.42591176020247e-06
0.28 0.34 0 2.1793610470873953e-06
0.28 0.35000000000000003 0 1.8168785439773442e-06
0.28 0.36 0 1.7562049370127597e-06
0.28 0.37 0 1.4768331795785684e-06
0.28 0.38 0 1.7380972176591878e-06
0.28 0.39 0 1.793062898378988e-06
0.28 0.4 0 1.499286599806599e-06
0.28 0.41000000000000003 0 1.344571027794933e-06
0.28 0.42 0 1.5558929776793063e-06
0.28 0.43 0 2.0396391964323936e-06
0.28 0.44 0 2.2278951339051897e-06
0.28 0.45 0 1.515007260385565e-06
0.28 0.46 0 1.3619366843348242e-06
0.28 0.47000000000000003 0 1.5253778551890036e-06
0.28 0.48 0 1.2847961635749432e-06
0.28 0.49 0 1.4486859983194248e-06
0.28 0.5 0 1.7299651212949358e-06
0.29 0.0 0 2.08528416832708e-06
0.29 0.01 0 2.277895763252133e-06
0.29 0.02 0 2.345257287832987e-06
0.29 0.03 0 2.9859585697283126e-06
0.29 0.04 0 2.724883281658683e-06
0.29 0.05 0 2.2542593433147674e-06
0.29 0.06 0 1.6925545629928285e-06
0.29 0.07 0 1.5830792352211443e-06
0.29 0.08 0 1.7900044687609828e-06
0.29 0.09 0 1.7702368230973144e-06
0.29 0.1 0 1.3738638801658543e-06
0.29 0.11 0 1.9386087200859694e-06
0.29 0.12 0 2.153796699525004e-06
0.29 0.13 0 2.052590449420251e-06
0.29 0.14 0 1.588733641295832e-06
0.29 0.15 0 1.851942074743365e-06
0.29 0.16 0 2.033917851810118e-06
0.29 0.17 0 2.0262419725187704e-06
0.29 0.18 0 1.8576931091238886e-06
0.29 0.19 0 1.7803207348923113e-06
0.29 0.2 0 2.1486936798477854e-06
0.29 0.21 0 2.6729402442914396e-06
0.29 0.22 0 2.84370226897947e-06
0.29 0.23 0 2.7387489258119718e-06
0.29 0.24 0 2.7568130768834897e-06
0.29 0.25 0 2.0235129722711113e-06
0.29 0.26 0 2.172269163763073e-06
0.29 0.27 0 2.345601864179942e-06
0.29 0.28 0 2.6703331441315396e-06
0.29 0.29 0 2.1529875317864105e-06
0.29 0.3 0 1.6948744853402861e-06
0.29 0.31 0 1.4541341753091498e-06
0.29 0.32 0 1.5312740737986508e-06
0.29 0.33 0 1.8902950614649234e-06
0.29 0.34 0 1.6821427369288159e-06
0.29 0.35000000000000003 0 1.6637085305724508e-06
0.29 0.36 0 1.7785473873851303e-06
0.29 0.37 0 1.7320005523191025e-06
0.29 0.38 0 1.6359091337505509e-06
0.29 0.39 0 1.5249262434203191e-06
0.29 0.4 0 1.529496519284532e-06
0.29 0.41000000000000003 0 1.8088321022952208e-06
0.29 0.42 0 1.9921817146359575e-06
0.29 0.43 0 1.7915400856319253e-06
0.29 0.44 0 1.6260327277257245e-06
0.29 0.45 0 1.3092954916851452e-06
0.29 0.46 0 1.321981256662989e-06
0.29 0.47000000000000003 0 1.3670941388598686e-06
0.29 0.48 0 1.6507307198982595e-06
0.29 0.49 0 1.547565841153062e-06
0.29 0.5 0 1.4469035763371178e-06
0.3 0.0 0 2.4998518105044766e-06
0.3 0.01 0 2.2270273084464397e-06
0.3 0.02 0 2.5554353419471293e-06
0.3 0.03 0 2.165370572922668e-06
0.3 0.04 0 2.2086057556740723e-06
0.3 0.05 0 2.1777224662006247e-06
0.3 0.06 0 2.1530000036551593e-06
0.3 0.07 0 2.1761414713229296e-06
0.3 0.08 0 2.0424878699842572e-06
0.3 0.09 0 2.0133367223376954e-06
0.3 0.1 0 2.4198498674182617e-06
0.3 0.11 0 2.156278437336572e-06
0.3 0.12 0 1.7483269274050484e-06
0.3 0.13 0 2.0462262266338462e-06
0.3 0.14 0 1.9697141451670844e-06
0.3 0.15 0 1.848559594238198e-06
0.3 0.16 0 1.527494051614542e-06
0.3 0.17 0 1.7053702265264854e-06
0.3 0.18 0 2.252590320152155e-06
0.3 0.19 0 2.160169751325116e-06
0.3 0.2 0 2.3486047084694337e-06
0.3 0.21 0 3.0448733396769655e-06
0.3 0.22 0 2.609425915375261e-06
0.3 0.23 0 2.5521809084704977e-06
0.3 0.24 0 2.3588515689104965e-06
0.3 0.25 0 2.604084123716649e-06
0.3 0.26 0 2.5092504828103683e-06
0.3 0.27 0 2.6631139232875268e-06
0.3 0.28 0 2.5666549787413943e-06
0.3 0.29 0 2.626647489937426e-06
0.3 0.3 0 2.0057653136617146e-06
0.3 0.31 0 1.9144410073613354e-06
0.3 0.32 0 1.5735318938536161e-06
0.3 0.33 0 1.2655103950534858e-06
0.3 0.34 0 1.3818179933483277e-06
0.3 0.35000000000000003 0 1.4384679140192968e-06
0.3 0.36 0 1.4244822266012263e-06
0.3 0.37 0 1.2430114360733556e-06
0.3 0.38 0 1.6768152462655544e-06
0.3 0.39 0 1.970498117943838e-06
0.3 0.4 0 2.3095342816306065e-06
0.3 0.41000000000000003 0 1.778158031737317e-06
0.3 0.42 0 1.8860273238311328e-06
0.3 0.43 0 1.5704066065563616e-06
0.3 0.44 0 1.3914608882606942e-06
0.3 0.45 0 1.4661424122530286e-06
0.3 0.46 0 1.6968142944061796e-06
0.3 0.47000000000000003 0 1.7403092990125906e-06
0.3 0.48 0 1.5084906741359288e-06
0.3 0.49 0 1.194184880695689e-06
0.3 0.5 0 1.3716908845791212e-06
#STOP
