#MEDIUM_PROPERTIES_DISTRIBUTED
$MSH_TYPE
	 GROUNDWATER_FLOW	
$MMP_TYPE
	 PERMEABILITY	
$DIS_TYPE
	 NEAREST_VALUE	
;hj
$CONVERSION_FACTOR
	 1.0	
$DATA
0.0 0.0 0 3.5508234587904174e-06
0.0 0.01 0 4.3511483536595686e-06
0.0 0.02 0 3.5514488062114247e-06
0.0 0.03 0 3.3430565927456303e-06
0.0 0.04 0 3.7742904381694962e-06
0.0 0.05 0 3.415331895322551e-06
0.0 0.06 0 3.591884467606811e-06
0.0 0.07 0 3.5383522953945117e-06
0.0 0.08 0 3.885622248130376e-06
0.0 0.09 0 5.3187008055905605e-06
0.0 0.1 0 5.995997243178185e-06
0.0 0.11 0 6.5696611004912265e-06
0.0 0.12 0 5.771892923115818e-06
0.0 0.13 0 5.362439755292978e-06
0.0 0.14 0 6.722721610126496e-06
0.0 0.15 0 5.8446754134433826e-06
0.0 0.16 0 6.1174583350252895e-06
0.0 0.17 0 7.655541243090799e-06
0.0 0.18 0 6.105228583970812e-06
0.0 0.19 0 6.362367656372671e-06
0.0 0.2 0 6.735980838154868e-06
0.0 0.21 0 6.98890828463199e-06
0.0 0.22 0 1.2734330353090525e-05
0.0 0.23 0 1.618714846894944e-05
0.0 0.24 0 1.5133626172087237e-05
0.0 0.25 0 1.680172416450148e-05
0.0 0.26 0 1.4861554724622423e-05
0.0 0.27 0 1.4610800515157291e-05
0.0 0.28 0 1.4754986634684036e-05
0.0 0.29 0 1.4410803061645863e-05
0.0 0.3 0 1.667069159386852e-05
0.0 0.31 0 1.4692434090796479e-05
0.0 0.32 0 1.291744686464634e-05
0.0 0.33 0 1.1164267638301595e-05
0.0 0.34 0 8.74625290384604e-06
0.0 0.35000000000000003 0 1.000945746567396e-05
0.0 0.36 0 8.513914998706446e-06
0.0 0.37 0 6.477504549441287e-06
0.0 0.38 0 7.2831931641480234e-06
0.0 0.39 0 5.6272208825535515e-06
0.0 0.4 0 5.120391079887103e-06
0.0 0.41000000000000003 0 5.955567977835893e-06
0.0 0.42 0 4.75808956943858e-06
0.0 0.43 0 5.356693411771675e-06
0.0 0.44 0 6.175710193732011e-06
0.0 0.45 0 5.511491028684474e-06
0.0 0.46 0 6.319810907554053e-06
0.0 0.47000000000000003 0 5.920896216889908e-06
0.0 0.48 0 5.450812817766626e-06
0.0 0.49 0 5.834892328017716e-06
0.0 0.5 0 5.6600334449011336e-06
0.01 0.0 0 3.7703806896613503e-06
0.01 0.01 0 3.5585998245150396e-06
0.01 0.02 0 3.7636881395646452e-06
0.01 0.03 0 3.870987747361211e-06
0.01 0.04 0 4.217767979264257e-06
0.01 0.05 0 4.548938153465246e-06
0.01 0.06 0 3.864714513497244e-06
0.01 0.07 0 4.5198290251954885e-06
0.01 0.08 0 5.1930272941287695e-06
0.01 0.09 0 5.429424400818003e-06
0.01 0.1 0 6.861036388258614e-06
0.01 0.11 0 5.757794388610826e-06
0.01 0.12 0 5.808048721414063e-06
0.01 0.13 0 7.681051026011551e-06
0.01 0.14 0 6.568447347951778e-06
0.01 0.15 0 8.162304879975277e-06
0.01 0.16 0 1.1909331424010949e-05
0.01 0.17 0 1.2040577710155377e-05
0.01 0.18 0 1.3656620414920486e-05
0.01 0.19 0 1.1821507821239506e-05
0.01 0.2 0 1.0118492668596873e-05
0.01 0.21 0 1.2369947580204515e-05
0.01 0.22 0 1.2684710302065369e-05
0.01 0.23 0 1.3181166660007958e-05
0.01 0.24 0 1.3737929258805695e-05
0.01 0.25 0 1.3816067071535674e-05
0.01 0.26 0 1.4387704238766454e-05
0.01 0.27 0 1.1238280904726522e-05
0.01 0.28 0 1.0823072345662907e-05
0.01 0.29 0 1.1503976842896695e-05
0.01 0.3 0 9.298243098935538e-06
0.01 0.31 0 9.670763980979513e-06
0.01 0.32 0 8.155590444126833e-06
0.01 0.33 0 6.194877123836814e-06
0.01 0.34 0 6.977256759469868e-06
0.01 0.35000000000000003 0 5.371864067324184e-06
0.01 0.36 0 4.23380783590055e-06
0.01 0.37 0 4.632354393203713e-06
0.01 0.38 0 3.844894121379675e-06
0.01 0.39 0 4.004357435575433e-06
0.01 0.4 0 4.679370170268131e-06
0.01 0.41000000000000003 0 4.5019838272964126e-06
0.01 0.42 0 5.2180324652857264e-06
0.01 0.43 0 5.683450433412083e-06
0.01 0.44 0 6.12472998144928e-06
0.01 0.45 0 6.714408524370277e-06
0.01 0.46 0 6.589875505665144e-06
0.01 0.47000000000000003 0 7.583549090724951e-06
0.01 0.48 0 7.6199475621757145e-06
0.01 0.49 0 7.639932562099065e-06
0.01 0.5 0 8.416365146116503e-06
0.02 0.0 0 2.905197104428448e-06
0.02 0.01 0 3.320538203584254e-06
0.02 0.02 0 3.804116584848691e-06
0.02 0.03 0 5.356208121415007e-06
0.02 0.04 0 5.6781220160405264e-06
0.02 0.05 0 4.612756537347411e-06
0.02 0.06 0 5.50815813243219e-06
0.02 0.07 0 6.379940781598916e-06
0.02 0.08 0 7.6094552155874246e-06
0.02 0.09 0 1.0000282608730926e-05
0.02 0.1 0 8.108067083949972e-06
0.02 0.11 0 6.923875509226855e-06
0.02 0.12 0 6.780218690781399e-06
0.02 0.13 0 5.150192878952956e-06
0.02 0.14 0 5.508182529887985e-06
0.02 0.15 0 7.712756318965155e-06
0.02 0.16 0 9.5054847177963e-06
0.02 0.17 0 1.0768133705371642e-05
0.02 0.18 0 1.01515511053476e-05
0.02 0.19 0 1.0033264057709851e-05
0.02 0.2 0 1.101955979500445e-05
0.02 0.21 0 1.1555327573548138e-05
0.02 0.22 0 1.1356210467618866e-05
0.02 0.23 0 9.246736237264528e-06
0.02 0.24 0 8.45910086361375e-06
0.02 0.25 0 7.972869913723195e-06
0.02 0.26 0 6.024126985941221e-06
0.02 0.27 0 6.308898547327975e-06
0.02 0.28 0 7.097890943319532e-06
0.02 0.29 0 6.422329073158025e-06
0.02 0.3 0 7.511716386907101e-06
0.02 0.31 0 8.119034260407462e-06
0.02 0.32 0 8.537702248247286e-06
0.02 0.33 0 1.1885448675893756e-05
0.02 0.34 0 1.1858584094400236e-05
0.02 0.35000000000000003 0 9.517541226079823e-06
0.02 0.36 0 8.487299042314247e-06
0.02 0.37 0 6.9704574480486445e-06
0.02 0.38 0 7.00774659106427e-06
0.02 0.39 0 8.911272716139942e-06
0.02 0.4 0 1.1057865423796142e-05
0.02 0.41000000000000003 0 1.2369417070657678e-05
0.02 0.42 0 1.1967817751100871e-05
0.02 0.43 0 1.1487845002868064e-05
0.02 0.44 0 1.0087364550927616e-05
0.02 0.45 0 9.117652173763611e-06
0.02 0.46 0 1.0117458559886677e-05
0.02 0.47000000000000003 0 8.975944314603045e-06
0.02 0.48 0 7.179085436072178e-06
0.02 0.49 0 5.870010220730611e-06
0.02 0.5 0 3.843688314486863e-06
0.03 0.0 0 4.098628536914799e-06
0.03 0.01 0 4.119475521198994e-06
0.03 0.02 0 5.344565623091785e-06
0.03 0.03 0 5.650775900145661e-06
0.03 0.04 0 3.931378448178136e-06
0.03 0.05 0 3.6360552853992203e-06
0.03 0.06 0 3.63570416285404e-06
0.03 0.07 0 3.773550227657263e-06
0.03 0.08 0 5.4108083316967555e-06
0.03 0.09 0 6.082820850545174e-06
0.03 0.1 0 6.163897357341614e-06
0.03 0.11 0 6.543115695642657e-06
0.03 0.12 0 4.767189699346199e-06
0.03 0.13 0 3.976366490378305e-06
0.03 0.14 0 4.816184232471843e-06
0.03 0.15 0 5.831704200779741e-06
0.03 0.16 0 6.404010137346676e-06
0.03 0.17 0 5.7639447221417995e-06
0.03 0.18 0 5.2757819869052445e-06
0.03 0.19 0 5.3188999901058785e-06
0.03 0.2 0 5.597070489684255e-06
0.03 0.21 0 6.878366897813333e-06
0.03 0.22 0 7.267122039847666e-06
0.03 0.23 0 7.673680591931075e-06
0.03 0.24 0 8.51183893017236e-06
0.03 0.25 0 6.478624044700153e-06
0.03 0.26 0 6.060098053497986e-06
0.03 0.27 0 6.679986001144406e-06
0.03 0.28 0 4.907132557557041e-06
0.03 0.29 0 4.0375123739132715e-06
0.03 0.3 0 3.218539947858028e-06
0.03 0.31 0 2.4583501278176672e-06
0.03 0.32 0 3.332876998771304e-06
0.03 0.33 0 4.902452373096505e-06
0.03 0.34 0 6.584161143281597e-06
0.03 0.35000000000000003 0 9.034235526594667e-06
0.03 0.36 0 8.94087003427038e-06
0.03 0.37 0 8.433732263334862e-06
0.03 0.38 0 8.82366950321858e-06
0.03 0.39 0 1.0143326253847959e-05
0.03 0.4 0 1.2629278160193728e-05
0.03 0.41000000000000003 0 1.2735996156450401e-05
0.03 0.42 0 1.2525667091283327e-05
0.03 0.43 0 1.005212313441041e-05
0.03 0.44 0 6.80061937962328e-06
0.03 0.45 0 7.4124588673926935e-06
0.03 0.46 0 8.122424617278717e-06
0.03 0.47000000000000003 0 8.266399895516114e-06
0.03 0.48 0 9.84199275674756e-06
0.03 0.49 0 7.622596696770229e-06
0.03 0.5 0 6.709767235690776e-06
0.04 0.0 0 1.5932158923350321e-06
0.04 0.01 0 1.9230358030852132e-06
0.04 0.02 0 2.5097150690873564e-06
0.04 0.03 0 2.221481699571525e-06
0.04 0.04 0 2.770666501359005e-06
0.04 0.05 0 2.788795401874887e-06
0.04 0.06 0 2.02961259881484e-06
0.04 0.07 0 1.838512578887433e-06
0.04 0.08 0 1.4625352203507526e-06
0.04 0.09 0 1.547650072508791e-06
0.04 0.1 0 2.104822353505421e-06
0.04 0.11 0 2.1144926471911605e-06
0.04 0.12 0 2.189035694037506e-06
0.04 0.13 0 2.259558745955395e-06
0.04 0.14 0 2.5442721892416443e-06
0.04 0.15 0 2.9500194905328637e-06
0.04 0.16 0 2.739731621728426e-06
0.04 0.17 0 3.3414869245120286e-06
0.04 0.18 0 3.607855896306767e-06
0.04 0.19 0 3.077749983427344e-06
0.04 0.2 0 3.4106845631107185e-06
0.04 0.21 0 2.8095725055194072e-06
0.04 0.22 0 2.622775651971107e-06
0.04 0.23 0 3.296438681320948e-06
0.04 0.24 0 2.681319774157769e-06
0.04 0.25 0 3.033754508361643e-06
0.04 0.26 0 4.3198315879096465e-06
0.04 0.27 0 4.397820676378392e-06
0.04 0.28 0 5.430495422798182e-06
0.04 0.29 0 5.2597885018228575e-06
0.04 0.3 0 4.102779788019958e-06
0.04 0.31 0 4.076097156026907e-06
0.04 0.32 0 3.811717420376186e-06
0.04 0.33 0 4.2844639925522655e-06
0.04 0.34 0 4.842757119384067e-06
0.04 0.35000000000000003 0 4.711520937386374e-06
0.04 0.36 0 4.884295419951094e-06
0.04 0.37 0 3.810564111005302e-06
0.04 0.38 0 3.532307419403239e-06
0.04 0.39 0 3.852472846646298e-06
0.04 0.4 0 3.390892673230217e-06
0.04 0.41000000000000003 0 4.3348345292635736e-06
0.04 0.42 0 4.1610912761440184e-06
0.04 0.43 0 2.657569433667265e-06
0.04 0.44 0 2.640130139131452e-06
0.04 0.45 0 2.241924301885549e-06
0.04 0.46 0 2.1241173312027238e-06
0.04 0.47000000000000003 0 2.9217146555546882e-06
0.04 0.48 0 2.955119441046066e-06
0.04 0.49 0 3.7731476278435593e-06
0.04 0.5 0 5.029122923252063e-06
0.05 0.0 0 2.8755771056863405e-06
0.05 0.01 0 3.0355036606463274e-06
0.05 0.02 0 2.4268727588743774e-06
0.05 0.03 0 2.840199083571687e-06
0.05 0.04 0 2.9445660844125766e-06
0.05 0.05 0 2.829773234842372e-06
0.05 0.06 0 2.636179258633424e-06
0.05 0.07 0 2.1814527143351997e-06
0.05 0.08 0 2.5380574400694276e-06
0.05 0.09 0 2.9111527708386716e-06
0.05 0.1 0 3.2216116407694118e-06
0.05 0.11 0 3.576772102465934e-06
0.05 0.12 0 3.113148043236455e-06
0.05 0.13 0 3.694551649771591e-06
0.05 0.14 0 3.906737212332112e-06
0.05 0.15 0 3.356067668501326e-06
0.05 0.16 0 4.819772319359623e-06
0.05 0.17 0 5.3680264661767616e-06
0.05 0.18 0 5.053627446134636e-06
0.05 0.19 0 5.896556369923081e-06
0.05 0.2 0 4.540483745684464e-06
0.05 0.21 0 4.2744147174125745e-06
0.05 0.22 0 4.786530092952721e-06
0.05 0.23 0 3.73139260897019e-06
0.05 0.24 0 3.6850871735675845e-06
0.05 0.25 0 3.674912465973759e-06
0.05 0.26 0 3.3475980825175134e-06
0.05 0.27 0 3.5648994677071686e-06
0.05 0.28 0 3.3980373813053968e-06
0.05 0.29 0 3.7030193686161105e-06
0.05 0.3 0 4.001133187301133e-06
0.05 0.31 0 4.359295198781517e-06
0.05 0.32 0 6.10926833096418e-06
0.05 0.33 0 6.566159264604437e-06
0.05 0.34 0 7.844382590203204e-06
0.05 0.35000000000000003 0 1.0316770923093586e-05
0.05 0.36 0 8.744918600075884e-06
0.05 0.37 0 9.184515752795152e-06
0.05 0.38 0 8.727388734140499e-06
0.05 0.39 0 6.551606028255273e-06
0.05 0.4 0 8.038261376680016e-06
0.05 0.41000000000000003 0 7.940901423634716e-06
0.05 0.42 0 6.446240154645928e-06
0.05 0.43 0 6.902069995045484e-06
0.05 0.44 0 5.660788051982835e-06
0.05 0.45 0 4.449575872098774e-06
0.05 0.46 0 3.435101680641798e-06
0.05 0.47000000000000003 0 2.3483156862496638e-06
0.05 0.48 0 2.188319223781467e-06
0.05 0.49 0 2.154097272875507e-06
0.05 0.5 0 2.123231260269389e-06
0.06 0.0 0 1.91174188353038e-06
0.06 0.01 0 1.9020780846990083e-06
0.06 0.02 0 2.045906245415783e-06
0.06 0.03 0 2.2238035798761685e-06
0.06 0.04 0 2.4706653845323358e-06
0.06 0.05 0 2.171363719447077e-06
0.06 0.06 0 2.0508700579338465e-06
0.06 0.07 0 2.397094591314286e-06
0.06 0.08 0 2.215513970352784e-06
0.06 0.09 0 2.149137579072758e-06
0.06 0.1 0 1.8635933832570517e-06
0.06 0.11 0 1.388207336862169e-06
0.06 0.12 0 1.6713567785072706e-06
0.06 0.13 0 1.8618541692889276e-06
0.06 0.14 0 1.7815032757652584e-06
0.06 0.15 0 2.359754053848311e-06
0.06 0.16 0 2.390555051352534e-06
0.06 0.17 0 2.182665614673304e-06
0.06 0.18 0 2.5427973404621726e-06
0.06 0.19 0 2.8963907531726564e-06
0.06 0.2 0 4.193892453017902e-06
0.06 0.21 0 6.443049274788375e-06
0.06 0.22 0 7.423320722263147e-06
0.06 0.23 0 7.467510005117337e-06
0.06 0.24 0 7.03517954607156e-06
0.06 0.25 0 7.6893222481469e-06
0.06 0.26 0 9.192943141203668e-06
0.06 0.27 0 1.1459860710703984e-05
0.06 0.28 0 1.5621880450049444e-05
0.06 0.29 0 1.5144546356637745e-05
0.06 0.3 0 1.3972660855808325e-05
0.06 0.31 0 1.5610170754611596e-05
0.06 0.32 0 1.44502040844621e-05
0.06 0.33 0 1.7836477267360388e-05
0.06 0.34 0 2.66972133170508e-05
0.06 0.35000000000000003 0 2.834778770019863e-05
0.06 0.36 0 3.165420035124853e-05
0.06 0.37 0 3.0200015962689265e-05
0.06 0.38 0 2.31280684458527e-05
0.06 0.39 0 2.3764576849508734e-05
0.06 0.4 0 2.193449695154091e-05
0.06 0.41000000000000003 0 1.6274498064213265e-05
0.06 0.42 0 1.3589474628291042e-05
0.06 0.43 0 1.133264667672247e-05
0.06 0.44 0 9.115299762290482e-06
0.06 0.45 0 6.749942849972402e-06
0.06 0.46 0 5.062087702797448e-06
0.06 0.47000000000000003 0 4.229852591260229e-06
0.06 0.48 0 3.483900050153298e-06
0.06 0.49 0 3.248789947497885e-06
0.06 0.5 0 2.976680423183854e-06
0.07 0.0 0 3.010221627207095e-06
0.07 0.01 0 2.9855430642228234e-06
0.07 0.02 0 3.2968641990874786e-06
0.07 0.03 0 3.5818538602417117e-06
0.07 0.04 0 2.6668504309155395e-06
0.07 0.05 0 1.9310077473324266e-06
0.07 0.06 0 1.8402899261383184e-06
0.07 0.07 0 1.5684170056460905e-06
0.07 0.08 0 1.4953250661524289e-06
0.07 0.09 0 1.4255499461030435e-06
0.07 0.1 0 1.01030800730909e-06
0.07 0.11 0 9.438999395856752e-07
0.07 0.12 0 9.438988166621654e-07
0.07 0.13 0 8.7330645751872e-07
0.07 0.14 0 1.2890483810850143e-06
0.07 0.15 0 1.854559389273545e-06
0.07 0.16 0 2.0129843275401818e-06
0.07 0.17 0 2.217697833167661e-06
0.07 0.18 0 2.1454781558282632e-06
0.07 0.19 0 2.2977110231757846e-06
0.07 0.2 0 2.9430110412155163e-06
0.07 0.21 0 3.520713795662736e-06
0.07 0.22 0 3.7901179830722905e-06
0.07 0.23 0 3.460249646501138e-06
0.07 0.24 0 3.4437608960620147e-06
0.07 0.25 0 3.784247431937698e-06
0.07 0.26 0 4.36218588978207e-06
0.07 0.27 0 6.522787468170335e-06
0.07 0.28 0 7.626902561924694e-06
0.07 0.29 0 7.325651140307045e-06
0.07 0.3 0 8.79803976722684e-06
0.07 0.31 0 8.486431214914595e-06
0.07 0.32 0 9.927843379483657e-06
0.07 0.33 0 1.7109887127341505e-05
0.07 0.34 0 2.0525709293872352e-05
0.07 0.35000000000000003 0 2.1722821845909665e-05
0.07 0.36 0 1.9924026650582736e-05
0.07 0.37 0 1.4248866190513313e-05
0.07 0.38 0 1.502426563892585e-05
0.07 0.39 0 1.770157577617105e-05
0.07 0.4 0 1.754723630589202e-05
0.07 0.41000000000000003 0 1.7397377770277526e-05
0.07 0.42 0 1.4841824595814886e-05
0.07 0.43 0 1.1760672250655281e-05
0.07 0.44 0 8.413830453178982e-06
0.07 0.45 0 6.826968699551499e-06
0.07 0.46 0 7.457853597963714e-06
0.07 0.47000000000000003 0 6.712684588606166e-06
0.07 0.48 0 5.838412300711264e-06
0.07 0.49 0 4.8339388243403715e-06
0.07 0.5 0 3.4877054840951214e-06
0.08 0.0 0 2.102424924450513e-06
0.08 0.01 0 2.2772161909467483e-06
0.08 0.02 0 3.151303759849102e-06
0.08 0.03 0 2.9435175241211425e-06
0.08 0.04 0 2.4783315857843883e-06
0.08 0.05 0 3.0354358033813767e-06
0.08 0.06 0 2.702952771286105e-06
0.08 0.07 0 2.738902705394783e-06
0.08 0.08 0 3.264535894235108e-06
0.08 0.09 0 2.691262043717566e-06
0.08 0.1 0 2.8551499148071906e-06
0.08 0.11 0 2.775909526758264e-06
0.08 0.12 0 2.1648137877048247e-06
0.08 0.13 0 2.6820893007829433e-06
0.08 0.14 0 3.526823740049741e-06
0.08 0.15 0 4.566130182303892e-06
0.08 0.16 0 5.671946591259087e-06
0.08 0.17 0 5.243930552322556e-06
0.08 0.18 0 4.956951851052067e-06
0.08 0.19 0 4.168037180524803e-06
0.08 0.2 0 3.892054937890036e-06
0.08 0.21 0 4.327553898061709e-06
0.08 0.22 0 3.6338770885291702e-06
0.08 0.23 0 3.796567881063983e-06
0.08 0.24 0 3.8284430667687135e-06
0.08 0.25 0 3.124928834793202e-06
0.08 0.26 0 4.215336901070919e-06
0.08 0.27 0 4.952450303423826e-06
0.08 0.28 0 5.425855135033403e-06
0.08 0.29 0 8.19612590213707e-06
0.08 0.3 0 7.370065544475814e-06
0.08 0.31 0 6.592853604982998e-06
0.08 0.32 0 7.874587395007471e-06
0.08 0.33 0 7.513077510797152e-06
0.08 0.34 0 8.334351632483993e-06
0.08 0.35000000000000003 0 8.136282450881851e-06
0.08 0.36 0 6.817160753453529e-06
0.08 0.37 0 6.960558768346793e-06
0.08 0.38 0 6.09699366617388e-06
0.08 0.39 0 5.5989925597922815e-06
0.08 0.4 0 5.025821716438922e-06
0.08 0.41000000000000003 0 4.455236852299688e-06
0.08 0.42 0 5.004726508037749e-06
0.08 0.43 0 3.928735536195263e-06
0.08 0.44 0 3.566433499494858e-06
0.08 0.45 0 4.770002420101597e-06
0.08 0.46 0 4.397463847234168e-06
0.08 0.47000000000000003 0 4.6696094416193556e-06
0.08 0.48 0 4.489483212882333e-06
0.08 0.49 0 3.1472025337042244e-06
0.08 0.5 0 3.568479196099083e-06
0.09 0.0 0 6.282243315669578e-07
0.09 0.01 0 9.071139115317458e-07
0.09 0.02 0 9.120353061323798e-07
0.09 0.03 0 1.0632648167215553e-06
0.09 0.04 0 1.8559626208034373e-06
0.09 0.05 0 2.1868604413783075e-06
0.09 0.06 0 2.8489525036638086e-06
0.09 0.07 0 3.5268927681106065e-06
0.09 0.08 0 3.4214662112600727e-06
0.09 0.09 0 4.124781208697452e-06
0.09 0.1 0 3.882116303670815e-06
0.09 0.11 0 3.147667593381676e-06
0.09 0.12 0 2.6051794675124336e-06
0.09 0.13 0 1.966185151338432e-06
0.09 0.14 0 1.8893431302082772e-06
0.09 0.15 0 1.644882285981777e-06
0.09 0.16 0 1.611861431536404e-06
0.09 0.17 0 2.078956391605907e-06
0.09 0.18 0 1.95929221759222e-06
0.09 0.19 0 2.4051596239275e-06
0.09 0.2 0 3.0811253807584263e-06
0.09 0.21 0 2.661860558440974e-06
0.09 0.22 0 3.4012326259331968e-06
0.09 0.23 0 3.7689451440127926e-06
0.09 0.24 0 3.387216496664074e-06
0.09 0.25 0 4.4298207460904386e-06
0.09 0.26 0 4.4043543182468316e-06
0.09 0.27 0 4.6592834155390375e-06
0.09 0.28 0 6.2141887429240034e-06
0.09 0.29 0 5.844364337868463e-06
0.09 0.3 0 5.89392597855898e-06
0.09 0.31 0 6.301017915870432e-06
0.09 0.32 0 6.76058944229788e-06
0.09 0.33 0 7.63848029510221e-06
0.09 0.34 0 6.579216686689981e-06
0.09 0.35000000000000003 0 6.425502851603669e-06
0.09 0.36 0 5.9887291087900895e-06
0.09 0.37 0 4.598044060030064e-06
0.09 0.38 0 4.423846793156873e-06
0.09 0.39 0 3.469595177917663e-06
0.09 0.4 0 3.343910164742757e-06
0.09 0.41000000000000003 0 4.5100839752723645e-06
0.09 0.42 0 3.6016099581865042e-06
0.09 0.43 0 3.305207811513987e-06
0.09 0.44 0 3.551454725106206e-06
0.09 0.45 0 2.5922700272712407e-06
0.09 0.46 0 2.377295043714981e-06
0.09 0.47000000000000003 0 2.1006233007706273e-06
0.09 0.48 0 1.8584696766489418e-06
0.09 0.49 0 2.4811331899402975e-06
0.09 0.5 0 2.5850473798275163e-06
0.1 0.0 0 5.341201803197854e-07
0.1 0.01 0 5.41551944175631e-07
0.1 0.02 0 5.654349520055416e-07
0.1 0.03 0 6.610115627937985e-07
0.1 0.04 0 6.347326210262682e-07
0.1 0.05 0 6.64542400813704e-07
0.1 0.06 0 7.363369976914215e-07
0.1 0.07 0 9.801915903814667e-07
0.1 0.08 0 1.44071692729966e-06
0.1 0.09 0 1.7623913785560766e-06
0.1 0.1 0 2.0711563548121018e-06
0.1 0.11 0 1.8500340974336963e-06
0.1 0.12 0 1.662283478666206e-06
0.1 0.13 0 1.9466167001567457e-06
0.1 0.14 0 1.784034319734397e-06
0.1 0.15 0 1.9038743476441293e-06
0.1 0.16 0 2.232213692626996e-06
0.1 0.17 0 1.8202535297965666e-06
0.1 0.18 0 2.004622116907824e-06
0.1 0.19 0 2.370791271413757e-06
0.1 0.2 0 2.2657827583516744e-06
0.1 0.21 0 2.9306863196059942e-06
0.1 0.22 0 3.423272208995572e-06
0.1 0.23 0 3.4006603700540207e-06
0.1 0.24 0 3.8439126153062095e-06
0.1 0.25 0 3.941307039163242e-06
0.1 0.26 0 4.450238953283133e-06
0.1 0.27 0 5.364979819763051e-06
0.1 0.28 0 5.5989662430814834e-06
0.1 0.29 0 5.400981878773204e-06
0.1 0.3 0 5.1066266078829234e-06
0.1 0.31 0 6.241395219753502e-06
0.1 0.32 0 7.353624084853143e-06
0.1 0.33 0 6.896811063937463e-06
0.1 0.34 0 7.796981816729337e-06
0.1 0.35000000000000003 0 7.2549621169144595e-06
0.1 0.36 0 5.599709842152528e-06
0.1 0.37 0 5.064299343360894e-06
0.1 0.38 0 3.628338848355385e-06
0.1 0.39 0 3.030702290474972e-06
0.1 0.4 0 3.138956857264078e-06
0.1 0.41000000000000003 0 2.1429407128009782e-06
0.1 0.42 0 1.6381442720839815e-06
0.1 0.43 0 1.6893765736604376e-06
0.1 0.44 0 1.6061960195206881e-06
0.1 0.45 0 1.6345298190859538e-06
0.1 0.46 0 1.526640519225852e-06
0.1 0.47000000000000003 0 1.3050119809607993e-06
0.1 0.48 0 1.230038652699687e-06
0.1 0.49 0 1.1307843197660547e-06
0.1 0.5 0 1.0615946142586395e-06
0.11 0.0 0 2.6969987563850176e-07
0.11 0.01 0 3.1675549139310464e-07
0.11 0.02 0 4.228552397565069e-07
0.11 0.03 0 4.83153957142734e-07
0.11 0.04 0 4.590772030414944e-07
0.11 0.05 0 4.1274765972300617e-07
0.11 0.06 0 4.62719451916136e-07
0.11 0.07 0 5.895761702581158e-07
0.11 0.08 0 7.110293498220274e-07
0.11 0.09 0 8.924553774144588e-07
0.11 0.1 0 8.426259233992869e-07
0.11 0.11 0 7.446698934946568e-07
0.11 0.12 0 9.409794381422364e-07
0.11 0.13 0 1.107239926074617e-06
0.11 0.14 0 1.4461757543567971e-06
0.11 0.15 0 2.0946163164409197e-06
0.11 0.16 0 1.8694105727395657e-06
0.11 0.17 0 1.6714709320798219e-06
0.11 0.18 0 1.7073278918983593e-06
0.11 0.19 0 1.5044400388995955e-06
0.11 0.2 0 1.7918312068364044e-06
0.11 0.21 0 2.322568471054339e-06
0.11 0.22 0 2.3387353435740373e-06
0.11 0.23 0 2.2339742872627286e-06
0.11 0.24 0 2.0823367772637464e-06
0.11 0.25 0 2.4051687052176063e-06
0.11 0.26 0 3.4926768522380636e-06
0.11 0.27 0 4.943490557235453e-06
0.11 0.28 0 5.865287621531805e-06
0.11 0.29 0 5.054605297072449e-06
0.11 0.3 0 4.485014229001719e-06
0.11 0.31 0 3.888510180150395e-06
0.11 0.32 0 2.7299338477591626e-06
0.11 0.33 0 2.733139078861975e-06
0.11 0.34 0 2.76556693082385e-06
0.11 0.35000000000000003 0 2.030528801448034e-06
0.11 0.36 0 1.768126303200133e-06
0.11 0.37 0 1.4243098208879528e-06
0.11 0.38 0 1.3884718532024966e-06
0.11 0.39 0 2.152287118568068e-06
0.11 0.4 0 2.4098176615671294e-06
0.11 0.41000000000000003 0 2.3710508304255034e-06
0.11 0.42 0 2.700618688748772e-06
0.11 0.43 0 2.523788535528736e-06
0.11 0.44 0 2.4132536033045483e-06
0.11 0.45 0 2.3274879546884966e-06
0.11 0.46 0 2.2083548605035133e-06
0.11 0.47000000000000003 0 2.151751688642129e-06
0.11 0.48 0 1.7705592397678825e-06
0.11 0.49 0 1.5514648239588153e-06
0.11 0.5 0 1.443329381904987e-06
0.12 0.0 0 5.987685263263477e-07
0.12 0.01 0 7.050380793885577e-07
0.12 0.02 0 8.687652185110023e-07
0.12 0.03 0 1.1214231714266942e-06
0.12 0.04 0 1.0997064495485896e-06
0.12 0.05 0 1.233858426932909e-06
0.12 0.06 0 1.4729149522642295e-06
0.12 0.07 0 1.398188158619833e-06
0.12 0.08 0 1.7958836361674874e-06
0.12 0.09 0 1.8259106228830333e-06
0.12 0.1 0 1.3905329676224927e-06
0.12 0.11 0 1.48186234386746e-06
0.12 0.12 0 1.2319413647470993e-06
0.12 0.13 0 1.1437020216607886e-06
0.12 0.14 0 1.5711538000574155e-06
0.12 0.15 0 1.6060953338795136e-06
0.12 0.16 0 1.8639839672254315e-06
0.12 0.17 0 2.1718708275261003e-06
0.12 0.18 0 1.8221091619209598e-06
0.12 0.19 0 1.8317202840511992e-06
0.12 0.2 0 1.8648123739189893e-06
0.12 0.21 0 1.8675763467337127e-06
0.12 0.22 0 1.717532070763061e-06
0.12 0.23 0 1.289367670368706e-06
0.12 0.24 0 1.2729047094149542e-06
0.12 0.25 0 1.2540298840109985e-06
0.12 0.26 0 1.2896316538486002e-06
0.12 0.27 0 1.6052769610148568e-06
0.12 0.28 0 1.4299094505945958e-06
0.12 0.29 0 1.5886010636534131e-06
0.12 0.3 0 1.8690807284768186e-06
0.12 0.31 0 1.4430080578208638e-06
0.12 0.32 0 1.7945161522733994e-06
0.12 0.33 0 2.2797472587790764e-06
0.12 0.34 0 1.9505199249883617e-06
0.12 0.35000000000000003 0 1.883883599092657e-06
0.12 0.36 0 1.3355019321667024e-06
0.12 0.37 0 1.0778366145573836e-06
0.12 0.38 0 1.3377813905089325e-06
0.12 0.39 0 1.3643905710034684e-06
0.12 0.4 0 1.5286518613544128e-06
0.12 0.41000000000000003 0 1.7343845088613777e-06
0.12 0.42 0 1.740613677126819e-06
0.12 0.43 0 1.7860384709006789e-06
0.12 0.44 0 1.5609099079283915e-06
0.12 0.45 0 1.8665578786370456e-06
0.12 0.46 0 2.335827915397088e-06
0.12 0.47000000000000003 0 2.1238617699512847e-06
0.12 0.48 0 2.270478580825046e-06
0.12 0.49 0 1.8392851519451337e-06
0.12 0.5 0 1.6055742610456958e-06
0.13 0.0 0 1.7905815059781011e-06
0.13 0.01 0 2.1354830699737656e-06
0.13 0.02 0 2.8171133068765464e-06
0.13 0.03 0 2.296522068192258e-06
0.13 0.04 0 2.430114488154802e-06
0.13 0.05 0 2.300665521052997e-06
0.13 0.06 0 1.6383287058137516e-06
0.13 0.07 0 1.9833611325406755e-06
0.13 0.08 0 2.0658245052444114e-06
0.13 0.09 0 2.0437003744144764e-06
0.13 0.1 0 2.7442784530730814e-06
0.13 0.11 0 2.4570368365450184e-06
0.13 0.12 0 2.1795814338990943e-06
0.13 0.13 0 2.0333450462479086e-06
0.13 0.14 0 1.6544752799443687e-06
0.13 0.15 0 1.795307195537273e-06
0.13 0.16 0 1.8135696019139325e-06
0.13 0.17 0 1.7277219457128772e-06
0.13 0.18 0 1.58414874578654e-06
0.13 0.19 0 1.234514174404222e-06
0.13 0.2 0 1.2669324522348582e-06
0.13 0.21 0 1.054879871267066e-06
0.13 0.22 0 8.476099804364722e-07
0.13 0.23 0 1.1010816431411775e-06
0.13 0.24 0 1.0892455338677304e-06
0.13 0.25 0 1.1553276117766827e-06
0.13 0.26 0 1.3679657439570757e-06
0.13 0.27 0 1.080345811552689e-06
0.13 0.28 0 1.285607304444001e-06
0.13 0.29 0 1.5495956637645127e-06
0.13 0.3 0 1.3196989829070793e-06
0.13 0.31 0 1.702393509492379e-06
0.13 0.32 0 2.0734170666106936e-06
0.13 0.33 0 2.1464452342946348e-06
0.13 0.34 0 2.2298928148713826e-06
0.13 0.35000000000000003 0 1.8243456912520451e-06
0.13 0.36 0 1.8386861593410097e-06
0.13 0.37 0 1.9188781087037223e-06
0.13 0.38 0 1.8090597051968562e-06
0.13 0.39 0 1.8247168776242023e-06
0.13 0.4 0 1.5188981487983294e-06
0.13 0.41000000000000003 0 1.5451799416184234e-06
0.13 0.42 0 1.4601148456642944e-06
0.13 0.43 0 1.0494038923605396e-06
0.13 0.44 0 1.226442013499318e-06
0.13 0.45 0 1.2971106078340823e-06
0.13 0.46 0 1.1710516867895785e-06
0.13 0.47000000000000003 0 1.4701957289788335e-06
0.13 0.48 0 1.3222226835590617e-06
0.13 0.49 0 1.340075850286342e-06
0.13 0.5 0 1.7266042267003652e-06
0.14 0.0 0 1.912001955962492e-06
0.14 0.01 0 2.493801854086502e-06
0.14 0.02 0 2.1840306337587037e-06
0.14 0.03 0 2.4245429832554164e-06
0.14 0.04 0 2.2402030531163105e-06
0.14 0.05 0 1.7437985289481844e-06
0.14 0.06 0 1.8996939595590403e-06
0.14 0.07 0 1.8380757032940412e-06
0.14 0.08 0 1.7732208857759547e-06
0.14 0.09 0 1.8472186928841249e-06
0.14 0.1 0 1.6718634193326159e-06
0.14 0.11 0 1.53903310701525e-06
0.14 0.12 0 1.2864961850752493e-06
0.14 0.13 0 1.2284076918422885e-06
0.14 0.14 0 1.3327274769676565e-06
0.14 0.15 0 1.2534144319708932e-06
0.14 0.16 0 1.3621738485889342e-06
0.14 0.17 0 1.272895036838226e-06
0.14 0.18 0 1.1829156505840154e-06
0.14 0.19 0 1.6170866012085674e-06
0.14 0.2 0 1.56265033013082e-06
0.14 0.21 0 1.420496253793609e-06
0.14 0.22 0 1.7920106117692122e-06
0.14 0.23 0 1.7912996647630693e-06
0.14 0.24 0 2.0746301854050377e-06
0.14 0.25 0 2.688953282741528e-06
0.14 0.26 0 2.7840435997346217e-06
0.14 0.27 0 3.486355559984566e-06
0.14 0.28 0 3.724220610290605e-06
0.14 0.29 0 2.945483647576457e-06
0.14 0.3 0 2.765861307310805e-06
0.14 0.31 0 3.0360451066316517e-06
0.14 0.32 0 3.5778410005957614e-06
0.14 0.33 0 3.505928576536859e-06
0.14 0.34 0 2.9913284247535e-06
0.14 0.35000000000000003 0 2.695090806981361e-06
0.14 0.36 0 2.0269466682825015e-06
0.14 0.37 0 1.726035423783494e-06
0.14 0.38 0 1.6896226769328884e-06
0.14 0.39 0 1.5729182818046116e-06
0.14 0.4 0 2.102274826095611e-06
0.14 0.41000000000000003 0 2.45010280732714e-06
0.14 0.42 0 2.1010573609426604e-06
0.14 0.43 0 2.491731372778537e-06
0.14 0.44 0 2.583633390174996e-06
0.14 0.45 0 2.275501464316477e-06
0.14 0.46 0 2.4243664398915546e-06
0.14 0.47000000000000003 0 2.1317641237166335e-06
0.14 0.48 0 1.9967109240808325e-06
0.14 0.49 0 2.222254561660804e-06
0.14 0.5 0 2.026519527803601e-06
0.15 0.0 0 1.95199021719129e-06
0.15 0.01 0 2.120952324281515e-06
0.15 0.02 0 2.7503191254583037e-06
0.15 0.03 0 3.1369857742534768e-06
0.15 0.04 0 2.588458281297432e-06
0.15 0.05 0 2.2636865688863882e-06
0.15 0.06 0 2.0462195714967174e-06
0.15 0.07 0 1.967668736420021e-06
0.15 0.08 0 2.1355025365828946e-06
0.15 0.09 0 2.3922343542323844e-06
0.15 0.1 0 2.424155418515257e-06
0.15 0.11 0 1.944644354269707e-06
0.15 0.12 0 1.7720887629249132e-06
0.15 0.13 0 1.8681756685482662e-06
0.15 0.14 0 1.7649100285102054e-06
0.15 0.15 0 1.9350591073964698e-06
0.15 0.16 0 1.9428365475645915e-06
0.15 0.17 0 1.8982494071458954e-06
0.15 0.18 0 2.854259322004711e-06
0.15 0.19 0 3.553983608802694e-06
0.15 0.2 0 3.492954887197121e-06
0.15 0.21 0 4.010698746310674e-06
0.15 0.22 0 3.2950584142816903e-06
0.15 0.23 0 2.3833141635215376e-06
0.15 0.24 0 2.1675040728446654e-06
0.15 0.25 0 2.116863107829001e-06
0.15 0.26 0 2.6972867432507902e-06
0.15 0.27 0 3.2761594716599383e-06
0.15 0.28 0 2.6244669339732305e-06
0.15 0.29 0 1.8915741727213086e-06
0.15 0.3 0 1.5939850691561012e-06
0.15 0.31 0 1.7761158713587971e-06
0.15 0.32 0 2.1231596180399284e-06
0.15 0.33 0 2.5881714527063576e-06
0.15 0.34 0 3.30657290028139e-06
0.15 0.35000000000000003 0 2.727826836703785e-06
0.15 0.36 0 1.8842342257681844e-06
0.15 0.37 0 1.52473404550414e-06
0.15 0.38 0 1.2143324627202456e-06
0.15 0.39 0 1.4786226546823076e-06
0.15 0.4 0 1.912946120289553e-06
0.15 0.41000000000000003 0 1.5598731392246636e-06
0.15 0.42 0 1.4987677666818862e-06
0.15 0.43 0 1.3955965271327767e-06
0.15 0.44 0 1.1025264521667076e-06
0.15 0.45 0 1.1879379313942478e-06
0.15 0.46 0 1.1920382358269365e-06
0.15 0.47000000000000003 0 1.1023026674489483e-06
0.15 0.48 0 1.124238198285788e-06
0.15 0.49 0 1.0007913267029777e-06
0.15 0.5 0 9.407381833482402e-07
0.16 0.0 0 2.6450722340617984e-06
0.16 0.01 0 2.840704675325962e-06
0.16 0.02 0 3.0304662588346144e-06
0.16 0.03 0 2.715896807359934e-06
0.16 0.04 0 2.506293264305888e-06
0.16 0.05 0 1.9973479196169993e-06
0.16 0.06 0 1.7154611631761045e-06
0.16 0.07 0 1.5417729682878038e-06
0.16 0.08 0 1.4853308205477777e-06
0.16 0.09 0 1.6655505630112642e-06
0.16 0.1 0 1.303661381627643e-06
0.16 0.11 0 1.162789298655323e-06
0.16 0.12 0 1.4396607960754002e-06
0.16 0.13 0 1.4436458338088745e-06
0.16 0.14 0 1.9028445164126655e-06
0.16 0.15 0 2.3842047291656874e-06
0.16 0.16 0 2.2546584202211808e-06
0.16 0.17 0 3.1919479634003873e-06
0.16 0.18 0 3.6771202820812648e-06
0.16 0.19 0 3.6175264988331813e-06
0.16 0.2 0 5.147665969826196e-06
0.16 0.21 0 5.516924217439025e-06
0.16 0.22 0 4.778317805293737e-06
0.16 0.23 0 3.788753460831034e-06
0.16 0.24 0 2.7661620166606477e-06
0.16 0.25 0 2.8755665397825423e-06
0.16 0.26 0 3.028600904845269e-06
0.16 0.27 0 2.9821611964175426e-06
0.16 0.28 0 2.766447084845759e-06
0.16 0.29 0 2.1538576229541005e-06
0.16 0.3 0 2.1771096594777425e-06
0.16 0.31 0 1.9536865671879106e-06
0.16 0.32 0 1.7796030810132725e-06
0.16 0.33 0 2.5858922985058586e-06
0.16 0.34 0 2.4675501543320256e-06
0.16 0.35000000000000003 0 1.9555704829535798e-06
0.16 0.36 0 1.7363925407219843e-06
0.16 0.37 0 1.1185254747457844e-06
0.16 0.38 0 1.133925476946089e-06
0.16 0.39 0 1.3968926372723166e-06
0.16 0.4 0 1.247304357040491e-06
0.16 0.41000000000000003 0 1.4677724424172753e-06
0.16 0.42 0 1.496550354674416e-06
0.16 0.43 0 1.2862361021990743e-06
0.16 0.44 0 1.3006733002932263e-06
0.16 0.45 0 1.1311604493746133e-06
0.16 0.46 0 1.0642922580244437e-06
0.16 0.47000000000000003 0 9.298245796314364e-07
0.16 0.48 0 7.638616301573433e-07
0.16 0.49 0 7.72465212771981e-07
0.16 0.5 0 6.748290782222407e-07
0.17 0.0 0 2.9173500331539352e-06
0.17 0.01 0 2.4050328337607654e-06
0.17 0.02 0 2.487767309221827e-06
0.17 0.03 0 2.6528813116770967e-06
0.17 0.04 0 2.3573922636323394e-06
0.17 0.05 0 2.5104309731386137e-06
0.17 0.06 0 1.8921240971046303e-06
0.17 0.07 0 1.569380118992537e-06
0.17 0.08 0 1.8644133167828741e-06
0.17 0.09 0 1.5004241211812312e-06
0.17 0.1 0 1.734970889587662e-06
0.17 0.11 0 2.5927352125527373e-06
0.17 0.12 0 2.5590128055870105e-06
0.17 0.13 0 2.9729280724500495e-06
0.17 0.14 0 2.6331892696488514e-06
0.17 0.15 0 1.9082017177960437e-06
0.17 0.16 0 1.9835021221754523e-06
0.17 0.17 0 1.6469275812279868e-06
0.17 0.18 0 1.4247168755863346e-06
0.17 0.19 0 1.5418681157113671e-06
0.17 0.2 0 1.570980074440129e-06
0.17 0.21 0 1.6635891027533123e-06
0.17 0.22 0 1.3470749758198721e-06
0.17 0.23 0 1.2874504766283482e-06
0.17 0.24 0 1.688561304132616e-06
0.17 0.25 0 1.8677044746202916e-06
0.17 0.26 0 2.614978131830987e-06
0.17 0.27 0 3.021392678210552e-06
0.17 0.28 0 2.6151876342799162e-06
0.17 0.29 0 2.9684643110771116e-06
0.17 0.3 0 2.09384712227863e-06
0.17 0.31 0 1.4551992021823432e-06
0.17 0.32 0 1.7169905374877143e-06
0.17 0.33 0 1.5295655074604387e-06
0.17 0.34 0 1.5498623599375851e-06
0.17 0.35000000000000003 0 1.681244660399818e-06
0.17 0.36 0 1.3167984022492286e-06
0.17 0.37 0 1.3242232248226201e-06
0.17 0.38 0 1.2313337937522924e-06
0.17 0.39 0 1.0544345665503197e-06
0.17 0.4 0 1.143472468905057e-06
0.17 0.41000000000000003 0 1.2104565678505602e-06
0.17 0.42 0 1.509743325590072e-06
0.17 0.43 0 1.6638781211259174e-06
0.17 0.44 0 1.6012995589449789e-06
0.17 0.45 0 1.7234318062424857e-06
0.17 0.46 0 1.3038248864567593e-06
0.17 0.47000000000000003 0 1.1828813060511522e-06
0.17 0.48 0 1.3101466856145286e-06
0.17 0.49 0 1.0526409263457634e-06
0.17 0.5 0 1.2207523480988678e-06
0.18 0.0 0 2.4066322643469003e-06
0.18 0.01 0 3.5691017685249384e-06
0.18 0.02 0 4.115201530944498e-06
0.18 0.03 0 3.937181869940513e-06
0.18 0.04 0 4.295047994361264e-06
0.18 0.05 0 3.004759229911492e-06
0.18 0.06 0 2.476395535264897e-06
0.18 0.07 0 2.455023239527924e-06
0.18 0.08 0 1.5827595212331125e-06
0.18 0.09 0 1.304000602363338e-06
0.18 0.1 0 1.2801153208074942e-06
0.18 0.11 0 1.159650186343479e-06
0.18 0.12 0 1.2885883269944644e-06
0.18 0.13 0 1.3374783971533157e-06
0.18 0.14 0 1.498894814232572e-06
0.18 0.15 0 1.7853873115428498e-06
0.18 0.16 0 1.732567249507119e-06
0.18 0.17 0 1.655282482189561e-06
0.18 0.18 0 1.4596381392342124e-06
0.18 0.19 0 1.5284458354915652e-06
0.18 0.2 0 1.6428970789633204e-06
0.18 0.21 0 1.2081669625296687e-06
0.18 0.22 0 1.1938006512225808e-06
0.18 0.23 0 1.3538649853748504e-06
0.18 0.24 0 1.2753619529646457e-06
0.18 0.25 0 1.6139763041103372e-06
0.18 0.26 0 1.6630151735489128e-06
0.18 0.27 0 1.4911703030826433e-06
0.18 0.28 0 1.7095111966087914e-06
0.18 0.29 0 1.3538297060245642e-06
0.18 0.3 0 1.0802180566952357e-06
0.18 0.31 0 1.186633808599803e-06
0.18 0.32 0 1.1237417491605181e-06
0.18 0.33 0 1.0820314678329958e-06
0.18 0.34 0 1.0323577110233341e-06
0.18 0.35000000000000003 0 9.88109320886577e-07
0.18 0.36 0 1.1377489056444273e-06
0.18 0.37 0 1.3529517618764106e-06
0.18 0.38 0 1.7553261788717304e-06
0.18 0.39 0 2.000430229036762e-06
0.18 0.4 0 2.035695611927595e-06
0.18 0.41000000000000003 0 2.309142122247989e-06
0.18 0.42 0 2.025975400375428e-06
0.18 0.43 0 1.9061085614235536e-06
0.18 0.44 0 2.098477486910247e-06
0.18 0.45 0 1.6171826591435452e-06
0.18 0.46 0 1.4494714713215648e-06
0.18 0.47000000000000003 0 1.3783425606503754e-06
0.18 0.48 0 9.865268617431464e-07
0.18 0.49 0 9.741430441271811e-07
0.18 0.5 0 9.886689816077417e-07
0.19 0.0 0 2.600686849008895e-06
0.19 0.01 0 3.088560049281804e-06
0.19 0.02 0 2.934740872656031e-06
0.19 0.03 0 2.940521966178044e-06
0.19 0.04 0 2.2836406778333183e-06
0.19 0.05 0 2.1427685809440966e-06
0.19 0.06 0 2.8008499647979414e-06
0.19 0.07 0 2.921995060965628e-06
0.19 0.08 0 2.931762752141263e-06
0.19 0.09 0 2.9943674884047618e-06
0.19 0.1 0 2.5793598947598417e-06
0.19 0.11 0 2.1883630041841747e-06
0.19 0.12 0 2.1074011839331013e-06
0.19 0.13 0 2.6232541267869967e-06
0.19 0.14 0 3.340709842001255e-06
0.19 0.15 0 3.4908231715562495e-06
0.19 0.16 0 3.1775488621442134e-06
0.19 0.17 0 2.4929993211055954e-06
0.19 0.18 0 2.5662827217635233e-06
0.19 0.19 0 3.1814509813251005e-06
0.19 0.2 0 2.77602399059674e-06
0.19 0.21 0 2.572555468542888e-06
0.19 0.22 0 2.2958648017044794e-06
0.19 0.23 0 1.4266735789940845e-06
0.19 0.24 0 1.1397199156099986e-06
0.19 0.25 0 1.0762351029710272e-06
0.19 0.26 0 1.0576023172066132e-06
0.19 0.27 0 1.3631248812073779e-06
0.19 0.28 0 1.317947060993228e-06
0.19 0.29 0 1.0025837704794161e-06
0.19 0.3 0 9.648264612310992e-07
0.19 0.31 0 9.97595335245066e-07
0.19 0.32 0 1.1181271702873164e-06
0.19 0.33 0 1.3078827956262688e-06
0.19 0.34 0 1.4225220243290609e-06
0.19 0.35000000000000003 0 1.4061047463383577e-06
0.19 0.36 0 1.2206535225063997e-06
0.19 0.37 0 1.2105727489184375e-06
0.19 0.38 0 1.2150999477641103e-06
0.19 0.39 0 1.176363914162007e-06
0.19 0.4 0 1.4199066311776833e-06
0.19 0.41000000000000003 0 1.3791606671971266e-06
0.19 0.42 0 1.2587055145982778e-06
0.19 0.43 0 1.5034189810802466e-06
0.19 0.44 0 1.3867384113769607e-06
0.19 0.45 0 1.330999797126566e-06
0.19 0.46 0 1.3932917242263343e-06
0.19 0.47000000000000003 0 9.429581594464825e-07
0.19 0.48 0 7.511111945717504e-07
0.19 0.49 0 7.833835796183977e-07
0.19 0.5 0 7.666892721770886e-07
0.2 0.0 0 1.9834740891153863e-06
0.2 0.01 0 1.681951248008359e-06
0.2 0.02 0 1.7577476581914688e-06
0.2 0.03 0 1.3911273917502684e-06
0.2 0.04 0 1.1049932418752253e-06
0.2 0.05 0 1.1559652543596546e-06
0.2 0.06 0 1.0671238105122191e-06
0.2 0.07 0 1.2033683025558654e-06
0.2 0.08 0 1.6305646974922562e-06
0.2 0.09 0 2.0783933590597743e-06
0.2 0.1 0 2.315197089540039e-06
0.2 0.11 0 2.0560927951762327e-06
0.2 0.12 0 2.3048817295398576e-06
0.2 0.13 0 2.6293900293129434e-06
0.2 0.14 0 2.3578994829007454e-06
0.2 0.15 0 2.295455968874622e-06
0.2 0.16 0 1.6840474948618677e-06
0.2 0.17 0 1.3736498994799506e-06
0.2 0.18 0 1.5996064996598692e-06
0.2 0.19 0 1.3148919520019549e-06
0.2 0.2 0 1.3557881959435702e-06
0.2 0.21 0 1.6715587261287048e-06
0.2 0.22 0 1.2940376834915104e-06
0.2 0.23 0 1.2015831130637008e-06
0.2 0.24 0 1.2135826357189412e-06
0.2 0.25 0 1.2452097649352692e-06
0.2 0.26 0 1.7849050654746649e-06
0.2 0.27 0 1.930441936337896e-06
0.2 0.28 0 1.673410546268842e-06
0.2 0.29 0 1.4681353538559118e-06
0.2 0.3 0 1.2613666630956294e-06
0.2 0.31 0 1.3926498977254997e-06
0.2 0.32 0 1.5019162836551479e-06
0.2 0.33 0 1.7289391910586967e-06
0.2 0.34 0 1.8895683381741904e-06
0.2 0.35000000000000003 0 1.2945352229520866e-06
0.2 0.36 0 1.0753878070111076e-06
0.2 0.37 0 9.251783384924428e-07
0.2 0.38 0 7.441649286175718e-07
0.2 0.39 0 1.0350803121394026e-06
0.2 0.4 0 1.14094784833655e-06
0.2 0.41000000000000003 0 1.0296171890429414e-06
0.2 0.42 0 1.2131885793132314e-06
0.2 0.43 0 1.0410451538626316e-06
0.2 0.44 0 1.1378116712992182e-06
0.2 0.45 0 1.62931254884978e-06
0.2 0.46 0 1.6128743301343766e-06
0.2 0.47000000000000003 0 1.742822088607916e-06
0.2 0.48 0 1.7905741840570024e-06
0.2 0.49 0 1.6480203329497996e-06
0.2 0.5 0 1.6506066924910826e-06
0.21 0.0 0 2.8159085883011086e-06
0.21 0.01 0 3.208182567004239e-06
0.21 0.02 0 3.114630925964889e-06
0.21 0.03 0 3.6422605135417687e-06
0.21 0.04 0 3.9815744693173084e-06
0.21 0.05 0 3.507577547870677e-06
0.21 0.06 0 3.352716520678562e-06
0.21 0.07 0 2.8653467174177e-06
0.21 0.08 0 3.1476764703750966e-06
0.21 0.09 0 3.1316707979035443e-06
0.21 0.1 0 2.2030735653496186e-06
0.21 0.11 0 2.431473355763832e-06
0.21 0.12 0 2.341123097889642e-06
0.21 0.13 0 1.902580702522739e-06
0.21 0.14 0 2.1834093788699406e-06
0.21 0.15 0 1.8044114029626086e-06
0.21 0.16 0 1.7921338810962563e-06
0.21 0.17 0 2.2277326181705575e-06
0.21 0.18 0 1.6906674234637853e-06
0.21 0.19 0 1.635015282693464e-06
0.21 0.2 0 1.7385671307885972e-06
0.21 0.21 0 1.4521718917746729e-06
0.21 0.22 0 1.4202282832892075e-06
0.21 0.23 0 1.2460074287726902e-06
0.21 0.24 0 1.2480392788183356e-06
0.21 0.25 0 1.3720648311309458e-06
0.21 0.26 0 1.2304445002466333e-06
0.21 0.27 0 1.217529913371494e-06
0.21 0.28 0 9.63372610571491e-07
0.21 0.29 0 8.14238441522184e-07
0.21 0.3 0 8.640594379863575e-07
0.21 0.31 0 6.699711741416369e-07
0.21 0.32 0 7.296551532521613e-07
0.21 0.33 0 8.633284721284749e-07
0.21 0.34 0 7.366347440180506e-07
0.21 0.35000000000000003 0 9.975996517230943e-07
0.21 0.36 0 1.1810320605244164e-06
0.21 0.37 0 1.184569817910068e-06
0.21 0.38 0 1.7825183605215243e-06
0.21 0.39 0 1.96697515900881e-06
0.21 0.4 0 2.1145560905175255e-06
0.21 0.41000000000000003 0 2.678070136948844e-06
0.21 0.42 0 2.7643232783536633e-06
0.21 0.43 0 3.590487216067796e-06
0.21 0.44 0 4.30646258717497e-06
0.21 0.45 0 3.97975302817725e-06
0.21 0.46 0 3.420704038939785e-06
0.21 0.47000000000000003 0 2.4690324795941586e-06
0.21 0.48 0 2.2843490869649754e-06
0.21 0.49 0 1.994006651091003e-06
0.21 0.5 0 1.5947240529893247e-06
0.22 0.0 0 1.2137903425935107e-06
0.22 0.01 0 1.2440758628394465e-06
0.22 0.02 0 1.6738464955156548e-06
0.22 0.03 0 1.777705939990697e-06
0.22 0.04 0 1.991612025270395e-06
0.22 0.05 0 2.1835201181820742e-06
0.22 0.06 0 1.9021866726862497e-06
0.22 0.07 0 2.400088672753904e-06
0.22 0.08 0 2.3292138370002878e-06
0.22 0.09 0 1.684362942636539e-06
0.22 0.1 0 1.9660773771171897e-06
0.22 0.11 0 1.9684978259652825e-06
0.22 0.12 0 1.8722887550216256e-06
0.22 0.13 0 2.170925096875344e-06
0.22 0.14 0 1.9310834580519057e-06
0.22 0.15 0 2.0522929507443402e-06
0.22 0.16 0 2.3415806280660535e-06
0.22 0.17 0 2.1398507812661332e-06
0.22 0.18 0 2.2465765812673895e-06
0.22 0.19 0 2.309471811776035e-06
0.22 0.2 0 2.259640830461606e-06
0.22 0.21 0 1.9005895376799666e-06
0.22 0.22 0 1.4245762935911267e-06
0.22 0.23 0 1.4586519165606384e-06
0.22 0.24 0 1.4263389579959233e-06
0.22 0.25 0 1.493546651557106e-06
0.22 0.26 0 1.9221485085619958e-06
0.22 0.27 0 1.745649848257198e-06
0.22 0.28 0 1.8544234977937141e-06
0.22 0.29 0 2.2193351815319364e-06
0.22 0.3 0 1.9285912404608317e-06
0.22 0.31 0 2.317424029369939e-06
0.22 0.32 0 2.7327030770492865e-06
0.22 0.33 0 2.518475225055514e-06
0.22 0.34 0 3.1481437489706463e-06
0.22 0.35000000000000003 0 3.5292467610587728e-06
0.22 0.36 0 3.7052225912750693e-06
0.22 0.37 0 4.721897519414392e-06
0.22 0.38 0 5.15269162153989e-06
0.22 0.39 0 5.084770877100906e-06
0.22 0.4 0 4.407914800485339e-06
0.22 0.41000000000000003 0 3.832203557187334e-06
0.22 0.42 0 3.96472913343731e-06
0.22 0.43 0 3.881561242986893e-06
0.22 0.44 0 4.004889436808898e-06
0.22 0.45 0 3.486931073678904e-06
0.22 0.46 0 2.6981661559077694e-06
0.22 0.47000000000000003 0 2.959682764538901e-06
0.22 0.48 0 2.7517355005467986e-06
0.22 0.49 0 2.5105612173697853e-06
0.22 0.5 0 3.28397075176113e-06
0.23 0.0 0 1.1443185240555068e-06
0.23 0.01 0 1.229884066977592e-06
0.23 0.02 0 1.054724136226483e-06
0.23 0.03 0 9.493707266217209e-07
0.23 0.04 0 8.632793983974961e-07
0.23 0.05 0 7.473916876177291e-07
0.23 0.06 0 1.0433905873073443e-06
0.23 0.07 0 1.3862803971427535e-06
0.23 0.08 0 1.3592587886765348e-06
0.23 0.09 0 1.6231066311122888e-06
0.23 0.1 0 1.677685774179473e-06
0.23 0.11 0 1.4620966082474583e-06
0.23 0.12 0 1.4506346045159217e-06
0.23 0.13 0 1.384048118270004e-06
0.23 0.14 0 1.3437526846142453e-06
0.23 0.15 0 1.2296362345704815e-06
0.23 0.16 0 9.603057138897205e-07
0.23 0.17 0 7.715157565566217e-07
0.23 0.18 0 7.186886080285642e-07
0.23 0.19 0 8.242740283350884e-07
0.23 0.2 0 8.359199372507197e-07
0.23 0.21 0 7.368533157870756e-07
0.23 0.22 0 7.929555313897577e-07
0.23 0.23 0 7.753017821224755e-07
0.23 0.24 0 8.395101287976678e-07
0.23 0.25 0 1.2633378745684292e-06
0.23 0.26 0 1.4751321683499975e-06
0.23 0.27 0 1.6537748384134302e-06
0.23 0.28 0 1.9284346147425426e-06
0.23 0.29 0 1.5961872817547601e-06
0.23 0.3 0 1.6047013955391855e-06
0.23 0.31 0 1.9563515221437853e-06
0.23 0.32 0 2.022005182478408e-06
0.23 0.33 0 2.3167835337898577e-06
0.23 0.34 0 2.3297524885250136e-06
0.23 0.35000000000000003 0 1.9221487055885813e-06
0.23 0.36 0 1.917152462301754e-06
0.23 0.37 0 2.3141539692763657e-06
0.23 0.38 0 3.0020360196391034e-06
0.23 0.39 0 3.3521917302618193e-06
0.23 0.4 0 3.33708306093491e-06
0.23 0.41000000000000003 0 3.2384411263957055e-06
0.23 0.42 0 2.653246418330458e-06
0.23 0.43 0 2.488661272799484e-06
0.23 0.44 0 2.469119635549358e-06
0.23 0.45 0 2.2102131848057185e-06
0.23 0.46 0 2.553746504861087e-06
0.23 0.47000000000000003 0 2.3486132209229618e-06
0.23 0.48 0 1.7453037605333452e-06
0.23 0.49 0 2.1548290209064827e-06
0.23 0.5 0 2.77718155062608e-06
0.24 0.0 0 2.3064675517688234e-06
0.24 0.01 0 2.446851096432582e-06
0.24 0.02 0 2.170503771169793e-06
0.24 0.03 0 1.7494966496911865e-06
0.24 0.04 0 9.792266866261737e-07
0.24 0.05 0 8.075732686645452e-07
0.24 0.06 0 8.143039432798175e-07
0.24 0.07 0 7.180611995940969e-07
0.24 0.08 0 9.129446803347864e-07
0.24 0.09 0 1.0644180177906633e-06
0.24 0.1 0 9.531755111385635e-07
0.24 0.11 0 8.976437345557902e-07
0.24 0.12 0 8.620179305948742e-07
0.24 0.13 0 1.0442075582193171e-06
0.24 0.14 0 1.2600600728400945e-06
0.24 0.15 0 1.3341546446884344e-06
0.24 0.16 0 1.4063216638694697e-06
0.24 0.17 0 1.2757709805837009e-06
0.24 0.18 0 1.4813866707845813e-06
0.24 0.19 0 1.7498312890833454e-06
0.24 0.2 0 1.58813056386292e-06
0.24 0.21 0 1.883944990106698e-06
0.24 0.22 0 1.7497057840353227e-06
0.24 0.23 0 1.3651781857517477e-06
0.24 0.24 0 1.6515306202283526e-06
0.24 0.25 0 1.62298573724369e-06
0.24 0.26 0 1.647545357747973e-06
0.24 0.27 0 2.0095284550873524e-06
0.24 0.28 0 1.5858601930861533e-06
0.24 0.29 0 1.3821165403600988e-06
0.24 0.3 0 1.4247702901342663e-06
0.24 0.31 0 1.460582653299539e-06
0.24 0.32 0 1.9921753051731643e-06
0.24 0.33 0 2.3377974562725718e-06
0.24 0.34 0 2.2699233732390793e-06
0.24 0.35000000000000003 0 2.078603539336774e-06
0.24 0.36 0 1.918484209802051e-06
0.24 0.37 0 2.4222486904638197e-06
0.24 0.38 0 2.672306939156421e-06
0.24 0.39 0 2.9931386521825214e-06
0.24 0.4 0 3.919950719702677e-06
0.24 0.41000000000000003 0 3.1594824394636475e-06
0.24 0.42 0 2.7382994789666727e-06
0.24 0.43 0 2.686131642955834e-06
0.24 0.44 0 2.248288798686237e-06
0.24 0.45 0 3.030468907226829e-06
0.24 0.46 0 3.157826849851826e-06
0.24 0.47000000000000003 0 2.0800331456258937e-06
0.24 0.48 0 1.9387530788616216e-06
0.24 0.49 0 1.6215767028463691e-06
0.24 0.5 0 1.4120045835793638e-06
0.25 0.0 0 1.5768444660356957e-06
0.25 0.01 0 1.560916068278625e-06
0.25 0.02 0 1.7492635738239664e-06
0.25 0.03 0 1.480273269067648e-06
0.25 0.04 0 1.5924166873181984e-06
0.25 0.05 0 1.3737301123181333e-06
0.25 0.06 0 9.543825722306642e-07
0.25 0.07 0 8.467272215470419e-07
0.25 0.08 0 7.486080394519141e-07
0.25 0.09 0 7.768839139570397e-07
0.25 0.1 0 7.523442521511916e-07
0.25 0.11 0 7.396377830868787e-07
0.25 0.12 0 9.842818585181691e-07
0.25 0.13 0 9.733987050257125e-07
0.25 0.14 0 1.059541974062415e-06
0.25 0.15 0 1.3056817446252167e-06
0.25 0.16 0 1.178843057478803e-06
0.25 0.17 0 1.5981264027720206e-06
0.25 0.18 0 1.908658675139521e-06
0.25 0.19 0 1.5589563157952319e-06
0.25 0.2 0 1.7897512260030272e-06
0.25 0.21 0 1.4711571443835846e-06
0.25 0.22 0 1.1409704626099147e-06
0.25 0.23 0 1.3617663200898817e-06
0.25 0.24 0 1.3669785396344893e-06
0.25 0.25 0 1.69435095864105e-06
0.25 0.26 0 2.3168613428225134e-06
0.25 0.27 0 2.4610955280496763e-06
0.25 0.28 0 2.7711382817986202e-06
0.25 0.29 0 2.7097894880301364e-06
0.25 0.3 0 3.182847991154423e-06
0.25 0.31 0 4.445625933179598e-06
0.25 0.32 0 5.13923653263815e-06
0.25 0.33 0 6.645032782653724e-06
0.25 0.34 0 6.154565096695482e-06
0.25 0.35000000000000003 0 5.2637577891303325e-06
0.25 0.36 0 6.192371884216906e-06
0.25 0.37 0 4.7917430857726225e-06
0.25 0.38 0 4.592985285886162e-06
0.25 0.39 0 5.972032308044063e-06
0.25 0.4 0 4.896130215168418e-06
0.25 0.41000000000000003 0 4.693772698631214e-06
0.25 0.42 0 4.0163141613297465e-06
0.25 0.43 0 2.7644865156147937e-06
0.25 0.44 0 2.8989433108179696e-06
0.25 0.45 0 2.410459646303628e-06
0.25 0.46 0 1.7843089913657792e-06
0.25 0.47000000000000003 0 1.76729978437625e-06
0.25 0.48 0 1.6970346402639923e-06
0.25 0.49 0 1.8109552841536758e-06
0.25 0.5 0 1.6681730211623782e-06
0.26 0.0 0 1.643411270796109e-06
0.26 0.01 0 1.7116224836064764e-06
0.26 0.02 0 1.9036279495827442e-06
0.26 0.03 0 2.3932646804392037e-06
0.26 0.04 0 2.262198384702014e-06
0.26 0.05 0 2.09514318713728e-06
0.26 0.06 0 1.7808562877881975e-06
0.26 0.07 0 1.5798188993597456e-06
0.26 0.08 0 1.8573678273910203e-06
0.26 0.09 0 1.5797363351061564e-06
0.26 0.1 0 1.4987914469526804e-06
0.26 0.11 0 1.690665629081439e-06
0.26 0.12 0 1.1758950381655084e-06
0.26 0.13 0 9.9877421911825e-07
0.26 0.14 0 9.238103965960772e-07
0.26 0.15 0 7.632672204745066e-07
0.26 0.16 0 1.1208674600701473e-06
0.26 0.17 0 1.6031340705324912e-06
0.26 0.18 0 1.8955363995971916e-06
0.26 0.19 0 2.4746509271471993e-06
0.26 0.2 0 2.2115190903271452e-06
0.26 0.21 0 1.868039096999715e-06
0.26 0.22 0 1.8406359117013557e-06
0.26 0.23 0 1.929786206852156e-06
0.26 0.24 0 2.5361572209807204e-06
0.26 0.25 0 3.1457991423697643e-06
0.26 0.26 0 3.876857199559033e-06
0.26 0.27 0 3.993243070784286e-06
0.26 0.28 0 3.1066844915699354e-06
0.26 0.29 0 3.4917730746156986e-06
0.26 0.3 0 4.100526700862657e-06
0.26 0.31 0 4.606264767904492e-06
0.26 0.32 0 6.468967243861449e-06
0.26 0.33 0 6.003231252169702e-06
0.26 0.34 0 5.628110385490705e-06
0.26 0.35000000000000003 0 6.590286466615414e-06
0.26 0.36 0 5.098612436298719e-06
0.26 0.37 0 4.753732116414098e-06
0.26 0.38 0 5.352941131209896e-06
0.26 0.39 0 4.506720682004261e-06
0.26 0.4 0 3.9623009007827944e-06
0.26 0.41000000000000003 0 3.1475795175279432e-06
0.26 0.42 0 2.500109482081561e-06
0.26 0.43 0 2.355704275741414e-06
0.26 0.44 0 1.8384894047790308e-06
0.26 0.45 0 1.3130597536512417e-06
0.26 0.46 0 9.56158210972222e-07
0.26 0.47000000000000003 0 8.780889835250106e-07
0.26 0.48 0 1.0080029045489011e-06
0.26 0.49 0 9.611824861194003e-07
0.26 0.5 0 1.123588621944037e-06
0.27 0.0 0 1.3850586326442937e-06
0.27 0.01 0 1.717523506372216e-06
0.27 0.02 0 2.0298671623088442e-06
0.27 0.03 0 1.951646412911106e-06
0.27 0.04 0 2.014498471787413e-06
0.27 0.05 0 1.7951904666574178e-06
0.27 0.06 0 1.7263561922345047e-06
0.27 0.07 0 1.9998704450964253e-06
0.27 0.08 0 1.5631101971471296e-06
0.27 0.09 0 1.2816765711220443e-06
0.27 0.1 0 1.3302491853930438e-06
0.27 0.11 0 1.1136142599606152e-06
0.27 0.12 0 1.130066861592736e-06
0.27 0.13 0 1.2080318442351247e-06
0.27 0.14 0 9.691356081970565e-07
0.27 0.15 0 8.819954469159898e-07
0.27 0.16 0 8.449882848708671e-07
0.27 0.17 0 8.556875545287211e-07
0.27 0.18 0 1.1603025588097363e-06
0.27 0.19 0 1.6937330034979283e-06
0.27 0.2 0 2.2910130965860657e-06
0.27 0.21 0 2.5716860397818895e-06
0.27 0.22 0 2.55384620793619e-06
0.27 0.23 0 2.5359348837968947e-06
0.27 0.24 0 2.575636688014071e-06
0.27 0.25 0 3.476221938167965e-06
0.27 0.26 0 4.3357651563806425e-06
0.27 0.27 0 3.712846592247866e-06
0.27 0.28 0 3.5558206079394063e-06
0.27 0.29 0 3.0622598747380357e-06
0.27 0.3 0 2.3302269959556936e-06
0.27 0.31 0 2.3898931234760587e-06
0.27 0.32 0 2.1661077722417366e-06
0.27 0.33 0 1.962528575327902e-06
0.27 0.34 0 2.1449647182053114e-06
0.27 0.35000000000000003 0 1.6442933566286635e-06
0.27 0.36 0 1.268172287567843e-06
0.27 0.37 0 1.3136435001031737e-06
0.27 0.38 0 1.2284634600886502e-06
0.27 0.39 0 1.0813323367021953e-06
0.27 0.4 0 9.337330589795289e-07
0.27 0.41000000000000003 0 8.637234499514726e-07
0.27 0.42 0 9.370305096999066e-07
0.27 0.43 0 9.946254276078603e-07
0.27 0.44 0 1.0114157285273441e-06
0.27 0.45 0 9.140557016937761e-07
0.27 0.46 0 8.745384210775287e-07
0.27 0.47000000000000003 0 9.523894812418268e-07
0.27 0.48 0 8.541298733746163e-07
0.27 0.49 0 9.778236816447401e-07
0.27 0.5 0 1.4135486879928963e-06
0.28 0.0 0 7.753119702142653e-07
0.28 0.01 0 9.023906340324256e-07
0.28 0.02 0 8.038750485340678e-07
0.28 0.03 0 7.896801852586192e-07
0.28 0.04 0 6.705385869099407e-07
0.28 0.05 0 5.349270386049903e-07
0.28 0.06 0 6.406811573608003e-07
0.28 0.07 0 6.174814374613086e-07
0.28 0.08 0 5.875218981319735e-07
0.28 0.09 0 7.700913542192975e-07
0.28 0.1 0 7.740785519386553e-07
0.28 0.11 0 8.927412574101215e-07
0.28 0.12 0 1.2476120162676566e-06
0.28 0.13 0 1.3340094656006554e-06
0.28 0.14 0 1.4681559371185915e-06
0.28 0.15 0 1.4425254120755856e-06
0.28 0.16 0 1.2724460088518004e-06
0.28 0.17 0 1.322040584957339e-06
0.28 0.18 0 1.4799079757772802e-06
0.28 0.19 0 1.926625431816595e-06
0.28 0.2 0 2.0346903201123384e-06
0.28 0.21 0 1.6231700887576635e-06
0.28 0.22 0 1.276015875435844e-06
0.28 0.23 0 8.564639530405015e-07
0.28 0.24 0 8.758380135763507e-07
0.28 0.25 0 1.2216517170698078e-06
0.28 0.26 0 1.2039371897676077e-06
0.28 0.27 0 1.43767507321052e-06
0.28 0.28 0 1.4935874350459234e-06
0.28 0.29 0 1.0591078980973622e-06
0.28 0.3 0 1.0948834394862427e-06
0.28 0.31 0 1.1841899487919536e-06
0.28 0.32 0 1.447051341846188e-06
0.28 0.33 0 2.2890350012857112e-06
0.28 0.34 0 2.167206725681649e-06
0.28 0.35000000000000003 0 1.6877104786533394e-06
0.28 0.36 0 1.4662884660889917e-06
0.28 0.37 0 1.227299683633111e-06
0.28 0.38 0 1.1329603231671392e-06
0.28 0.39 0 9.454237758155077e-07
0.28 0.4 0 8.9856610695608e-07
0.28 0.41000000000000003 0 9.058286087485177e-07
0.28 0.42 0 7.352524756374286e-07
0.28 0.43 0 7.500451394027405e-07
0.28 0.44 0 7.242601157028796e-07
0.28 0.45 0 7.169946988825956e-07
0.28 0.46 0 9.123810879123873e-07
0.28 0.47000000000000003 0 7.077677425370094e-07
0.28 0.48 0 6.11934676458737e-07
0.28 0.49 0 7.867984272379498e-07
0.28 0.5 0 7.217480166578253e-07
0.29 0.0 0 1.0158956511847545e-06
0.29 0.01 0 8.545032752398082e-07
0.29 0.02 0 1.043656299805526e-06
0.29 0.03 0 1.069028622181212e-06
0.29 0.04 0 9.611078044898393e-07
0.29 0.05 0 1.2935445942353853e-06
0.29 0.06 0 1.2446991499104697e-06
0.29 0.07 0 1.2279408801838504e-06
0.29 0.08 0 1.4828723419959527e-06
0.29 0.09 0 1.3241550404674128e-06
0.29 0.1 0 1.3516561453801848e-06
0.29 0.11 0 1.3443524709258813e-06
0.29 0.12 0 1.2335131450792682e-06
0.29 0.13 0 1.2326101332811909e-06
0.29 0.14 0 9.987254972142264e-07
0.29 0.15 0 9.087193127588228e-07
0.29 0.16 0 7.465960395087989e-07
0.29 0.17 0 5.802756311006692e-07
0.29 0.18 0 7.224109193931158e-07
0.29 0.19 0 7.328085610991632e-07
0.29 0.2 0 7.524819724888212e-07
0.29 0.21 0 9.292253023895814e-07
0.29 0.22 0 7.433775847568503e-07
0.29 0.23 0 8.363945156687213e-07
0.29 0.24 0 1.0494207953382512e-06
0.29 0.25 0 8.712517928384984e-07
0.29 0.26 0 1.0851678748751495e-06
0.29 0.27 0 1.276646773212131e-06
0.29 0.28 0 1.1940028393695613e-06
0.29 0.29 0 1.3467295287554525e-06
0.29 0.3 0 1.2420364442667044e-06
0.29 0.31 0 1.3183574387713852e-06
0.29 0.32 0 1.4614012023680678e-06
0.29 0.33 0 1.2018468715867958e-06
0.29 0.34 0 1.067048451208414e-06
0.29 0.35000000000000003 0 9.149871018809096e-07
0.29 0.36 0 9.799060628483017e-07
0.29 0.37 0 1.088197126496628e-06
0.29 0.38 0 8.412813114847958e-07
0.29 0.39 0 9.116780468415659e-07
0.29 0.4 0 8.999955711704521e-07
0.29 0.41000000000000003 0 7.005890352654672e-07
0.29 0.42 0 8.44688193662084e-07
0.29 0.43 0 8.482869352710782e-07
0.29 0.44 0 9.58727835732542e-07
0.29 0.45 0 1.3846466722010085e-06
0.29 0.46 0 1.0823412457659096e-06
0.29 0.47000000000000003 0 9.544680778614118e-07
0.29 0.48 0 1.0558746681068218e-06
0.29 0.49 0 9.488285582186484e-07
0.29 0.5 0 1.0982980828871304e-06
0.3 0.0 0 6.584032256451511e-07
0.3 0.01 0 8.235796751310962e-07
0.3 0.02 0 8.601918310636047e-07
0.3 0.03 0 9.397202582449607e-07
0.3 0.04 0 1.252828088861314e-06
0.3 0.05 0 1.2828510211328143e-06
0.3 0.06 0 1.3180671111909561e-06
0.3 0.07 0 1.1860057018040295e-06
0.3 0.08 0 9.91456908495553e-07
0.3 0.09 0 9.143214535514944e-07
0.3 0.1 0 7.34891397166544e-07
0.3 0.11 0 7.450240225319452e-07
0.3 0.12 0 7.04629308092873e-07
0.3 0.13 0 5.569051388556503e-07
0.3 0.14 0 6.142315717963601e-07
0.3 0.15 0 5.204919251726689e-07
0.3 0.16 0 4.7267386085983096e-07
0.3 0.17 0 7.101796604454164e-07
0.3 0.18 0 7.937545763695185e-07
0.3 0.19 0 9.36364172354844e-07
0.3 0.2 0 1.121247280333993e-06
0.3 0.21 0 9.151295785187581e-07
0.3 0.22 0 1.0320949657242747e-06
0.3 0.23 0 1.1789905590559152e-06
0.3 0.24 0 1.0741534550622299e-06
0.3 0.25 0 1.1949732426521418e-06
0.3 0.26 0 1.212666744545765e-06
0.3 0.27 0 1.1400610858083348e-06
0.3 0.28 0 9.685664280760016e-07
0.3 0.29 0 7.968457530448026e-07
0.3 0.3 0 8.603870972022026e-07
0.3 0.31 0 7.970311671737814e-07
0.3 0.32 0 7.023975551718016e-07
0.3 0.33 0 6.326836625611524e-07
0.3 0.34 0 4.914604344209315e-07
0.3 0.35000000000000003 0 5.890656198817456e-07
0.3 0.36 0 6.726793631847649e-07
0.3 0.37 0 5.646116599457365e-07
0.3 0.38 0 7.141732169258763e-07
0.3 0.39 0 7.930402191353639e-07
0.3 0.4 0 7.965536272935046e-07
0.3 0.41000000000000003 0 1.1536931570592738e-06
0.3 0.42 0 1.443497973621254e-06
0.3 0.43 0 1.9410397653899247e-06
0.3 0.44 0 2.5069571635441103e-06
0.3 0.45 0 1.929690985427802e-06
0.3 0.46 0 1.4810673010141336e-06
0.3 0.47000000000000003 0 1.3272989349538808e-06
0.3 0.48 0 1.3664214231774022e-06
0.3 0.49 0 1.582600862631664e-06
0.3 0.5 0 1.6534079195612372e-06
#STOP
