#MEDIUM_PROPERTIES_DISTRIBUTED
$MSH_TYPE
	 GROUNDWATER_FLOW	
$MMP_TYPE
	 PERMEABILITY	
$DIS_TYPE
	 NEAREST_VALUE	
;hj
$CONVERSION_FACTOR
	 1.0	
$DATA
0.0 0.0 0 2.6808450818816327e-06
0.0 0.01 0 4.096646649116117e-06
0.0 0.02 0 4.389690689609965e-06
0.0 0.03 0 3.5030002309317192e-06
0.0 0.04 0 6.793186574816089e-06
0.0 0.05 0 2.6924277438762698e-06
0.0 0.06 0 8.805951593601629e-06
0.0 0.07 0 3.6985555038675884e-06
0.0 0.08 0 3.299223872929155e-06
0.0 0.09 0 2.273539975948314e-06
0.0 0.1 0 5.3570459460653885e-06
0.0 0.11 0 4.823834181158475e-06
0.0 0.12 0 1.2557283800572661e-05
0.0 0.13 0 8.53645843858286e-06
0.0 0.14 0 2.8447362460888136e-06
0.0 0.15 0 1.620335934889938e-05
0.0 0.16 0 3.63676479166214e-05
0.0 0.17 0 5.4798774206254844e-05
0.0 0.18 0 2.6460442686142227e-05
0.0 0.19 0 4.813376261294791e-05
0.0 0.2 0 7.169726985303736e-06
0.0 0.21 0 6.1604268759944325e-06
0.0 0.22 0 7.387166188450886e-06
0.0 0.23 0 1.4460305362215749e-05
0.0 0.24 0 1.9455844717560422e-05
0.0 0.25 0 1.9881090654004982e-05
0.0 0.26 0 1.8462844629690608e-05
0.0 0.27 0 1.9421229731867663e-05
0.0 0.28 0 1.9114342231808844e-05
0.0 0.29 0 1.570257908395337e-05
0.0 0.3 0 2.686658745073491e-05
0.0 0.31 0 8.055280616924594e-05
0.0 0.32 0 3.8669001196091774e-05
0.0 0.33 0 8.950561422861791e-05
0.0 0.34 0 4.5264808741041644e-05
0.0 0.35000000000000003 0 6.058698768946835e-05
0.0 0.36 0 2.1994494485643367e-05
0.0 0.37 0 7.763318296426618e-05
0.0 0.38 0 1.6327445712532188e-05
0.0 0.39 0 2.252708126533211e-05
0.0 0.4 0 1.2606286681086276e-05
0.0 0.41000000000000003 0 2.2622018709482285e-05
0.0 0.42 0 1.4545289927908593e-05
0.0 0.43 0 1.5921675800856396e-05
0.0 0.44 0 6.053419200163075e-06
0.0 0.45 0 3.60273070469034e-06
0.0 0.46 0 4.055577221439631e-06
0.0 0.47000000000000003 0 5.637375594536378e-06
0.0 0.48 0 1.4748539797506488e-05
0.0 0.49 0 8.856707608666106e-06
0.0 0.5 0 4.651941391199983e-06
0.01 0.0 0 4.3811338668598326e-06
0.01 0.01 0 3.1113672620468977e-06
0.01 0.02 0 4.737648066264944e-06
0.01 0.03 0 1.1753427930583704e-06
0.01 0.04 0 3.6975609121118516e-06
0.01 0.05 0 4.80632013847797e-06
0.01 0.06 0 1.0858193650921313e-05
0.01 0.07 0 1.3779773587739617e-05
0.01 0.08 0 2.7681338316408313e-05
0.01 0.09 0 8.81250556646004e-06
0.01 0.1 0 1.3776584684766677e-05
0.01 0.11 0 1.4054641123335806e-05
0.01 0.12 0 5.603737034870964e-06
0.01 0.13 0 1.0056947256626775e-05
0.01 0.14 0 5.527305103120727e-06
0.01 0.15 0 6.362266421976107e-06
0.01 0.16 0 8.846684761062551e-06
0.01 0.17 0 1.2482613160468017e-05
0.01 0.18 0 4.24149033514284e-06
0.01 0.19 0 9.297842951084417e-06
0.01 0.2 0 1.0865177533980582e-05
0.01 0.21 0 6.116059802221189e-06
0.01 0.22 0 7.856801189188473e-06
0.01 0.23 0 5.893529450677879e-06
0.01 0.24 0 8.3279385330836e-06
0.01 0.25 0 1.2782187737103162e-05
0.01 0.26 0 1.949245652719347e-05
0.01 0.27 0 1.6916515243453973e-05
0.01 0.28 0 1.5418189782143756e-05
0.01 0.29 0 9.159504775002987e-06
0.01 0.3 0 6.00659739082377e-06
0.01 0.31 0 7.932673085940077e-06
0.01 0.32 0 7.185039724890372e-06
0.01 0.33 0 3.472112486416726e-05
0.01 0.34 0 7.128877403307198e-05
0.01 0.35000000000000003 0 6.978983480922547e-05
0.01 0.36 0 4.639459913604045e-05
0.01 0.37 0 6.26285631568624e-05
0.01 0.38 0 3.357446340352377e-05
0.01 0.39 0 2.0732678503722093e-05
0.01 0.4 0 2.5569658522056653e-05
0.01 0.41000000000000003 0 3.498794094229545e-05
0.01 0.42 0 4.253172458595161e-05
0.01 0.43 0 2.3804168991281656e-05
0.01 0.44 0 4.397883638802729e-05
0.01 0.45 0 5.045411044155709e-05
0.01 0.46 0 4.256040699496724e-05
0.01 0.47000000000000003 0 3.556502154970965e-05
0.01 0.48 0 6.235491316237062e-05
0.01 0.49 0 6.641675829907587e-05
0.01 0.5 0 4.630264874904344e-05
0.02 0.0 0 1.5766331274735315e-06
0.02 0.01 0 5.305623820058918e-07
0.02 0.02 0 1.0137341705139927e-06
0.02 0.03 0 1.2226743716262206e-06
0.02 0.04 0 1.6431014723215759e-06
0.02 0.05 0 4.4247096028042964e-07
0.02 0.06 0 1.0050553932801352e-06
0.02 0.07 0 1.1975803778883017e-06
0.02 0.08 0 1.3363749430792125e-06
0.02 0.09 0 2.2965140442378215e-06
0.02 0.1 0 2.3807227638791266e-06
0.02 0.11 0 5.907811543027008e-06
0.02 0.12 0 5.498144673298768e-06
0.02 0.13 0 4.381639992953271e-06
0.02 0.14 0 2.55853207458352e-06
0.02 0.15 0 5.5548849165840376e-06
0.02 0.16 0 4.097939535587336e-06
0.02 0.17 0 1.7325404258685301e-06
0.02 0.18 0 5.286585209135277e-06
0.02 0.19 0 6.42524291968681e-06
0.02 0.2 0 1.0342999116521364e-05
0.02 0.21 0 5.986957067518036e-06
0.02 0.22 0 1.681556670555893e-05
0.02 0.23 0 6.048037836587273e-06
0.02 0.24 0 1.2551004205222688e-05
0.02 0.25 0 5.788114228908273e-06
0.02 0.26 0 4.433883266639344e-06
0.02 0.27 0 3.979952084824729e-06
0.02 0.28 0 1.3451658970579235e-05
0.02 0.29 0 1.810401102570582e-05
0.02 0.3 0 2.3255802726238748e-05
0.02 0.31 0 3.8284951443096334e-05
0.02 0.32 0 3.428101383801892e-05
0.02 0.33 0 7.70271868688499e-05
0.02 0.34 0 7.189534251521957e-05
0.02 0.35000000000000003 0 9.889821496623013e-05
0.02 0.36 0 0.0001255645781065744
0.02 0.37 0 0.00020203103253574144
0.02 0.38 0 8.124370372260728e-05
0.02 0.39 0 0.0001549084049951791
0.02 0.4 0 0.00033352614025481845
0.02 0.41000000000000003 0 0.00019431982131136552
0.02 0.42 0 0.0001992392700206625
0.02 0.43 0 0.0003887914307322067
0.02 0.44 0 0.0005742846437359676
0.02 0.45 0 0.00035517890348743417
0.02 0.46 0 0.0003026758642288578
0.02 0.47000000000000003 0 0.0002244802991917649
0.02 0.48 0 0.0002829757213600999
0.02 0.49 0 0.0005773951698128431
0.02 0.5 0 0.0004251758123084146
0.03 0.0 0 1.0032104723107174e-06
0.03 0.01 0 9.476966304615928e-07
0.03 0.02 0 2.556936671656651e-06
0.03 0.03 0 2.461357426898436e-06
0.03 0.04 0 4.220167944701855e-06
0.03 0.05 0 1.4643172039783776e-06
0.03 0.06 0 7.82083994821196e-07
0.03 0.07 0 1.884401652972653e-06
0.03 0.08 0 1.6178434351961056e-06
0.03 0.09 0 1.6338374875354314e-06
0.03 0.1 0 9.58109524248228e-07
0.03 0.11 0 2.872693715644337e-07
0.03 0.12 0 1.3149311504838513e-07
0.03 0.13 0 1.93735849248195e-07
0.03 0.14 0 2.913143163344368e-07
0.03 0.15 0 2.4565024538433873e-07
0.03 0.16 0 2.7758258834600755e-07
0.03 0.17 0 1.7424812923506356e-07
0.03 0.18 0 7.346385457725125e-07
0.03 0.19 0 9.412160256033551e-07
0.03 0.2 0 6.032821850290257e-07
0.03 0.21 0 5.933759234386537e-07
0.03 0.22 0 2.0000707988048036e-06
0.03 0.23 0 4.316240529546836e-06
0.03 0.24 0 3.4729051335787765e-06
0.03 0.25 0 4.032497876683433e-06
0.03 0.26 0 1.944505073154987e-06
0.03 0.27 0 3.8729442633665475e-06
0.03 0.28 0 4.12945662436935e-06
0.03 0.29 0 3.2549570462079236e-05
0.03 0.3 0 1.6901387235261715e-05
0.03 0.31 0 3.018327221906922e-05
0.03 0.32 0 3.60149523715011e-05
0.03 0.33 0 0.00018233727589733243
0.03 0.34 0 0.0001030749345265921
0.03 0.35000000000000003 0 0.00018051265970827932
0.03 0.36 0 9.855272119573513e-05
0.03 0.37 0 8.413446235031506e-05
0.03 0.38 0 0.00025900362171491967
0.03 0.39 0 0.00040002082812701207
0.03 0.4 0 0.0004428413901357916
0.03 0.41000000000000003 0 0.00020793443836052882
0.03 0.42 0 0.0001677782256959966
0.03 0.43 0 0.00016288846324110498
0.03 0.44 0 0.0004211807831040871
0.03 0.45 0 0.00019004235600984142
0.03 0.46 0 0.00017178123542640564
0.03 0.47000000000000003 0 0.0005054723345110718
0.03 0.48 0 0.00011842891446545162
0.03 0.49 0 3.963624499939176e-05
0.03 0.5 0 2.6024776327836167e-05
0.04 0.0 0 1.0241788776608629e-05
0.04 0.01 0 2.8051357482802287e-06
0.04 0.02 0 2.1855191991204544e-06
0.04 0.03 0 2.680155099816298e-06
0.04 0.04 0 1.6209671124161377e-06
0.04 0.05 0 1.8541320246894777e-06
0.04 0.06 0 1.5591500200291009e-06
0.04 0.07 0 2.653799690375213e-06
0.04 0.08 0 1.3598616452172163e-06
0.04 0.09 0 4.319310932039038e-06
0.04 0.1 0 1.2271856964192875e-06
0.04 0.11 0 6.376959672227031e-07
0.04 0.12 0 4.7613933192383674e-07
0.04 0.13 0 1.3736231608315104e-06
0.04 0.14 0 7.829513203785015e-07
0.04 0.15 0 1.2548204984303178e-06
0.04 0.16 0 8.082130124863086e-07
0.04 0.17 0 9.893691297575824e-07
0.04 0.18 0 1.6749691348794338e-06
0.04 0.19 0 3.876418837845034e-06
0.04 0.2 0 2.216817892989765e-06
0.04 0.21 0 3.7355241467426296e-06
0.04 0.22 0 1.2926753281529788e-06
0.04 0.23 0 1.3406080563539367e-06
0.04 0.24 0 1.5972888068484881e-06
0.04 0.25 0 3.296904056335186e-06
0.04 0.26 0 6.813038278219842e-07
0.04 0.27 0 3.3026075166091498e-06
0.04 0.28 0 2.414239321962795e-06
0.04 0.29 0 4.2049477371819164e-06
0.04 0.3 0 2.7595628357882084e-06
0.04 0.31 0 7.291461194064777e-06
0.04 0.32 0 5.930015702351649e-06
0.04 0.33 0 3.215521015051692e-05
0.04 0.34 0 1.997729780825089e-05
0.04 0.35000000000000003 0 5.238009739073787e-06
0.04 0.36 0 5.99876173432649e-06
0.04 0.37 0 6.077693119798001e-06
0.04 0.38 0 8.7128961423312e-06
0.04 0.39 0 2.4376326681112353e-05
0.04 0.4 0 6.464644573718653e-05
0.04 0.41000000000000003 0 5.10743763967636e-05
0.04 0.42 0 0.00013065484490749777
0.04 0.43 0 0.00023125267647120876
0.04 0.44 0 0.00010888090742839471
0.04 0.45 0 0.0001128920315225805
0.04 0.46 0 5.7952865749994945e-05
0.04 0.47000000000000003 0 6.132175430611775e-05
0.04 0.48 0 6.489008192662611e-05
0.04 0.49 0 6.291916652153546e-05
0.04 0.5 0 3.0396241582268487e-05
0.05 0.0 0 6.084611160213008e-07
0.05 0.01 0 9.442520499356561e-07
0.05 0.02 0 2.8258567853403213e-07
0.05 0.03 0 3.8368817798937834e-07
0.05 0.04 0 1.9866256218453675e-07
0.05 0.05 0 3.762184228098029e-07
0.05 0.06 0 2.6794147745005207e-07
0.05 0.07 0 7.868816299273103e-07
0.05 0.08 0 3.7130571371428517e-07
0.05 0.09 0 6.441615018552129e-07
0.05 0.1 0 9.64868449863796e-07
0.05 0.11 0 1.8331777451849542e-06
0.05 0.12 0 1.4518279235894015e-06
0.05 0.13 0 1.7724237702993277e-06
0.05 0.14 0 2.6028027734156413e-06
0.05 0.15 0 2.6566882322477385e-06
0.05 0.16 0 3.4603357782769337e-06
0.05 0.17 0 4.460816463360804e-06
0.05 0.18 0 3.714639630723213e-06
0.05 0.19 0 3.3226194574149533e-06
0.05 0.2 0 2.4673261982209414e-06
0.05 0.21 0 2.5719251742222936e-06
0.05 0.22 0 2.861400343124997e-06
0.05 0.23 0 1.2466585935851393e-05
0.05 0.24 0 6.822966531281273e-06
0.05 0.25 0 1.3549390620411087e-05
0.05 0.26 0 4.682462872504929e-06
0.05 0.27 0 4.574408691120416e-06
0.05 0.28 0 4.4365583691416655e-06
0.05 0.29 0 6.616433563051907e-06
0.05 0.3 0 1.8852795725000247e-06
0.05 0.31 0 4.85090449513263e-06
0.05 0.32 0 1.4780498620163729e-05
0.05 0.33 0 3.096087422076868e-06
0.05 0.34 0 7.509950384681346e-06
0.05 0.35000000000000003 0 1.3073229764625649e-05
0.05 0.36 0 1.1476105359641184e-05
0.05 0.37 0 8.348374152937899e-06
0.05 0.38 0 2.2535799600517028e-05
0.05 0.39 0 8.351569002381247e-06
0.05 0.4 0 1.1094728296345553e-05
0.05 0.41000000000000003 0 3.0151856153747835e-05
0.05 0.42 0 4.5030199815279476e-05
0.05 0.43 0 0.00041156200487693276
0.05 0.44 0 0.0002146727514851771
0.05 0.45 0 6.416081880453887e-05
0.05 0.46 0 4.900651230026047e-05
0.05 0.47000000000000003 0 0.00010369507354158461
0.05 0.48 0 2.4425526370344146e-05
0.05 0.49 0 9.26038339603676e-05
0.05 0.5 0 9.405786262368491e-05
0.06 0.0 0 1.9154765939540265e-07
0.06 0.01 0 2.3751767320001362e-07
0.06 0.02 0 1.8742641897161731e-07
0.06 0.03 0 3.3366021282822687e-07
0.06 0.04 0 1.707773554304175e-07
0.06 0.05 0 2.023461065646833e-07
0.06 0.06 0 2.5384667712985494e-07
0.06 0.07 0 2.4111503416124634e-07
0.06 0.08 0 3.8893876597617086e-07
0.06 0.09 0 8.063683148690354e-07
0.06 0.1 0 6.888610867591873e-07
0.06 0.11 0 5.971610968940163e-07
0.06 0.12 0 2.016466909055186e-06
0.06 0.13 0 8.79988531445618e-07
0.06 0.14 0 9.964980588061006e-07
0.06 0.15 0 7.453630244695647e-07
0.06 0.16 0 6.745479755365128e-07
0.06 0.17 0 8.459372084398799e-07
0.06 0.18 0 3.054536301686545e-06
0.06 0.19 0 1.796512838763404e-06
0.06 0.2 0 2.2157961706913914e-06
0.06 0.21 0 1.1567804377276405e-05
0.06 0.22 0 1.6451417165743754e-05
0.06 0.23 0 4.5422320501365986e-05
0.06 0.24 0 7.476212806306128e-05
0.06 0.25 0 3.8976644651758604e-05
0.06 0.26 0 2.7439003401280914e-05
0.06 0.27 0 4.5900072347002966e-05
0.06 0.28 0 3.68388751648404e-05
0.06 0.29 0 2.610322553002218e-05
0.06 0.3 0 5.307310372572278e-05
0.06 0.31 0 1.7777029638527163e-05
0.06 0.32 0 3.769669652019674e-05
0.06 0.33 0 4.272782340513669e-05
0.06 0.34 0 3.5427970535129285e-05
0.06 0.35000000000000003 0 3.0069304454412872e-05
0.06 0.36 0 4.494177768870225e-05
0.06 0.37 0 3.4342590134279115e-05
0.06 0.38 0 4.140834914131252e-05
0.06 0.39 0 6.900526843888898e-05
0.06 0.4 0 1.1951882256475694e-05
0.06 0.41000000000000003 0 2.8023269045344345e-05
0.06 0.42 0 7.569520402947607e-05
0.06 0.43 0 0.0001216021565045858
0.06 0.44 0 6.569800761859259e-05
0.06 0.45 0 0.000122682489404315
0.06 0.46 0 0.00011438662339787733
0.06 0.47000000000000003 0 7.428167902227897e-05
0.06 0.48 0 4.459726174804492e-05
0.06 0.49 0 1.0231078827134548e-05
0.06 0.5 0 1.0481065347428156e-05
0.07 0.0 0 7.731821390826467e-07
0.07 0.01 0 2.1589818996496693e-06
0.07 0.02 0 9.761157462462388e-07
0.07 0.03 0 8.630770115671801e-07
0.07 0.04 0 7.957885295105103e-07
0.07 0.05 0 6.912012148651213e-07
0.07 0.06 0 8.447220317620471e-07
0.07 0.07 0 1.3472564727898301e-06
0.07 0.08 0 2.1806967869400644e-06
0.07 0.09 0 8.55063251986248e-07
0.07 0.1 0 1.276615824558e-06
0.07 0.11 0 6.820533936516838e-07
0.07 0.12 0 1.4010873269193035e-06
0.07 0.13 0 8.934532392806827e-07
0.07 0.14 0 4.0603026176728933e-07
0.07 0.15 0 1.6447282915467789e-07
0.07 0.16 0 2.7530958380882617e-07
0.07 0.17 0 2.81086067449426e-07
0.07 0.18 0 1.4514611170337507e-07
0.07 0.19 0 1.31288117678169e-06
0.07 0.2 0 1.7430137083599033e-06
0.07 0.21 0 4.327092802274968e-06
0.07 0.22 0 6.8104063154490395e-06
0.07 0.23 0 1.861153593968085e-05
0.07 0.24 0 6.437524587048409e-06
0.07 0.25 0 9.757844076602699e-06
0.07 0.26 0 5.305242169780254e-06
0.07 0.27 0 4.270095875716703e-06
0.07 0.28 0 8.378710987819204e-06
0.07 0.29 0 2.422987186846215e-06
0.07 0.3 0 1.9517754326080667e-06
0.07 0.31 0 6.382606167034049e-06
0.07 0.32 0 1.2292618436647069e-05
0.07 0.33 0 9.166850223423637e-06
0.07 0.34 0 2.2422443231454255e-05
0.07 0.35000000000000003 0 6.08158292127014e-06
0.07 0.36 0 4.073722673257704e-06
0.07 0.37 0 2.1311790060147444e-05
0.07 0.38 0 2.2141773154037483e-05
0.07 0.39 0 1.2820704424335705e-05
0.07 0.4 0 3.907205970130038e-05
0.07 0.41000000000000003 0 2.5276981826519327e-05
0.07 0.42 0 1.4914755495205878e-05
0.07 0.43 0 1.0109657220077937e-05
0.07 0.44 0 4.271895411591786e-06
0.07 0.45 0 1.493307046612844e-06
0.07 0.46 0 6.025437180937181e-06
0.07 0.47000000000000003 0 1.9811755088826184e-06
0.07 0.48 0 3.910947599578151e-06
0.07 0.49 0 2.1505190915840435e-06
0.07 0.5 0 1.2446045222149175e-06
0.08 0.0 0 5.108719162570586e-06
0.08 0.01 0 3.931307969485898e-06
0.08 0.02 0 2.961962924900936e-06
0.08 0.03 0 4.064266627353026e-06
0.08 0.04 0 1.8301894193715132e-06
0.08 0.05 0 3.1849778543686083e-06
0.08 0.06 0 3.255780575598425e-06
0.08 0.07 0 2.813200482359683e-06
0.08 0.08 0 3.115766578005234e-06
0.08 0.09 0 2.521595764706492e-06
0.08 0.1 0 1.323434701523502e-06
0.08 0.11 0 2.2679263606270782e-06
0.08 0.12 0 5.376822388643373e-07
0.08 0.13 0 5.606407067794192e-07
0.08 0.14 0 6.388979854170315e-07
0.08 0.15 0 1.7855703419678995e-06
0.08 0.16 0 2.058878527247033e-07
0.08 0.17 0 4.7314615790144635e-07
0.08 0.18 0 9.424376946939295e-08
0.08 0.19 0 1.668490645820058e-07
0.08 0.2 0 1.5346507441230825e-07
0.08 0.21 0 3.0383354739087637e-07
0.08 0.22 0 2.4472564700187764e-07
0.08 0.23 0 9.119241056073657e-07
0.08 0.24 0 9.705380242591158e-07
0.08 0.25 0 4.1788163013229455e-07
0.08 0.26 0 1.034274670248491e-06
0.08 0.27 0 7.116987117717801e-07
0.08 0.28 0 7.758088897036231e-07
0.08 0.29 0 5.773776878455372e-07
0.08 0.3 0 7.453844467430962e-07
0.08 0.31 0 4.813274334079317e-07
0.08 0.32 0 7.530832228313194e-07
0.08 0.33 0 5.409825253530518e-07
0.08 0.34 0 1.0309398715133204e-06
0.08 0.35000000000000003 0 2.7400828072808895e-06
0.08 0.36 0 1.592590011545167e-06
0.08 0.37 0 1.4648111420223408e-06
0.08 0.38 0 2.7762534505128e-06
0.08 0.39 0 2.3449413754459227e-06
0.08 0.4 0 1.8903057957050066e-06
0.08 0.41000000000000003 0 4.338995726743927e-06
0.08 0.42 0 5.041255010967367e-06
0.08 0.43 0 2.1109452496536063e-06
0.08 0.44 0 3.1741370308933416e-06
0.08 0.45 0 1.9458908328625566e-06
0.08 0.46 0 2.4941396229675313e-06
0.08 0.47000000000000003 0 1.0688674127154898e-06
0.08 0.48 0 2.2476701955277257e-06
0.08 0.49 0 8.52229118601133e-07
0.08 0.5 0 1.1189982469898014e-06
0.09 0.0 0 3.758647031369566e-06
0.09 0.01 0 8.327129390980311e-06
0.09 0.02 0 4.973719337804626e-06
0.09 0.03 0 1.89844672308816e-05
0.09 0.04 0 3.759135985349203e-05
0.09 0.05 0 3.9080707847359034e-05
0.09 0.06 0 2.5510696095785154e-05
0.09 0.07 0 2.021661831452415e-05
0.09 0.08 0 1.1496405583378085e-05
0.09 0.09 0 1.2416777439954596e-05
0.09 0.1 0 8.023637909273005e-06
0.09 0.11 0 3.396115081853547e-06
0.09 0.12 0 4.5859040238982876e-07
0.09 0.13 0 5.764566018171478e-07
0.09 0.14 0 3.3387219991309505e-07
0.09 0.15 0 6.967390420505167e-07
0.09 0.16 0 2.6785985245992953e-07
0.09 0.17 0 1.6120982791064222e-07
0.09 0.18 0 1.1244575183217016e-07
0.09 0.19 0 2.922911747904843e-07
0.09 0.2 0 3.2556393036845274e-07
0.09 0.21 0 4.091222116202909e-07
0.09 0.22 0 6.776545415709068e-07
0.09 0.23 0 3.524354383037917e-07
0.09 0.24 0 9.660777324354703e-07
0.09 0.25 0 1.6784393724912505e-06
0.09 0.26 0 1.3484338284190894e-06
0.09 0.27 0 5.325013452968802e-07
0.09 0.28 0 5.564758697316249e-07
0.09 0.29 0 2.9971104199264733e-07
0.09 0.3 0 4.348744883875057e-07
0.09 0.31 0 3.513314016260716e-07
0.09 0.32 0 1.5975803427516155e-07
0.09 0.33 0 3.896172491761152e-07
0.09 0.34 0 7.554070252273411e-07
0.09 0.35000000000000003 0 6.960082719725689e-07
0.09 0.36 0 8.380236148235624e-07
0.09 0.37 0 1.4915437568736064e-06
0.09 0.38 0 7.028324571187594e-07
0.09 0.39 0 1.633963131163092e-06
0.09 0.4 0 3.5655251257735947e-06
0.09 0.41000000000000003 0 3.159559532064521e-06
0.09 0.42 0 2.3222215148634543e-06
0.09 0.43 0 1.1879180356404558e-06
0.09 0.44 0 1.1672566497691667e-06
0.09 0.45 0 1.620546807479911e-06
0.09 0.46 0 1.2110334231021223e-06
0.09 0.47000000000000003 0 1.9490798340735443e-07
0.09 0.48 0 8.3809847424038e-08
0.09 0.49 0 5.2821353940487386e-08
0.09 0.5 0 3.2406256769265676e-08
0.1 0.0 0 8.114088877065046e-06
0.1 0.01 0 4.95384583440328e-06
0.1 0.02 0 7.866747526170667e-06
0.1 0.03 0 2.194696719012419e-06
0.1 0.04 0 5.622733341453103e-06
0.1 0.05 0 9.250428524516945e-06
0.1 0.06 0 1.59149146616368e-05
0.1 0.07 0 9.30929749188996e-06
0.1 0.08 0 3.4481009758902332e-06
0.1 0.09 0 1.0458666739946622e-06
0.1 0.1 0 1.0246438412596751e-06
0.1 0.11 0 2.6731127587095402e-06
0.1 0.12 0 1.5126138915469832e-06
0.1 0.13 0 1.9038438625974623e-06
0.1 0.14 0 1.74250399528287e-06
0.1 0.15 0 1.6188667315015686e-06
0.1 0.16 0 1.3710005287534204e-06
0.1 0.17 0 7.866262374947806e-07
0.1 0.18 0 8.828425189774768e-07
0.1 0.19 0 1.5008055534583414e-06
0.1 0.2 0 3.4048505674044355e-06
0.1 0.21 0 1.107059933167907e-06
0.1 0.22 0 2.5671329165877053e-06
0.1 0.23 0 1.7734197590876864e-06
0.1 0.24 0 2.2354738999841357e-06
0.1 0.25 0 1.6293734846321159e-06
0.1 0.26 0 2.9367027182600634e-06
0.1 0.27 0 1.0335628787015277e-06
0.1 0.28 0 7.425054775224642e-07
0.1 0.29 0 4.5159511683584434e-07
0.1 0.3 0 2.519905873008307e-07
0.1 0.31 0 2.516954824182018e-07
0.1 0.32 0 1.344833016323057e-07
0.1 0.33 0 1.0072542059786645e-07
0.1 0.34 0 2.8792633310007065e-08
0.1 0.35000000000000003 0 3.207523305107774e-08
0.1 0.36 0 3.775569997716057e-08
0.1 0.37 0 1.3855163365280003e-07
0.1 0.38 0 1.9235937709120075e-07
0.1 0.39 0 5.431639228162265e-07
0.1 0.4 0 2.0363100591369327e-06
0.1 0.41000000000000003 0 1.4144996700742533e-06
0.1 0.42 0 1.0082569014906608e-06
0.1 0.43 0 5.516013547435888e-07
0.1 0.44 0 1.1698372388595144e-06
0.1 0.45 0 3.212481774934436e-07
0.1 0.46 0 1.6053688335080087e-07
0.1 0.47000000000000003 0 5.1793023974721917e-08
0.1 0.48 0 3.470897893976159e-08
0.1 0.49 0 7.74094074855992e-09
0.1 0.5 0 4.499235442030721e-09
0.11 0.0 0 3.359010309067595e-05
0.11 0.01 0 7.487729316852547e-06
0.11 0.02 0 1.2358253520668732e-05
0.11 0.03 0 3.786584023222998e-06
0.11 0.04 0 2.369034700749638e-06
0.11 0.05 0 2.161388642714696e-06
0.11 0.06 0 2.2337891693091023e-06
0.11 0.07 0 1.4605856089714563e-06
0.11 0.08 0 7.232832239162273e-07
0.11 0.09 0 9.522794172137358e-07
0.11 0.1 0 1.1930697081970036e-06
0.11 0.11 0 7.680846535317438e-07
0.11 0.12 0 4.12942334300083e-07
0.11 0.13 0 7.563688211761577e-07
0.11 0.14 0 8.586930201715622e-07
0.11 0.15 0 2.6688945451241757e-07
0.11 0.16 0 1.4009931952840944e-07
0.11 0.17 0 1.0454375699938037e-07
0.11 0.18 0 2.407602577455863e-07
0.11 0.19 0 1.8933137789940413e-07
0.11 0.2 0 1.9104172208163346e-07
0.11 0.21 0 1.2681210218686728e-07
0.11 0.22 0 3.1134490458411607e-07
0.11 0.23 0 4.775729203613645e-07
0.11 0.24 0 1.1054269892532055e-06
0.11 0.25 0 6.212606390970912e-07
0.11 0.26 0 3.897948015745751e-07
0.11 0.27 0 3.7361373557275374e-07
0.11 0.28 0 3.854863589190489e-07
0.11 0.29 0 6.442826884152329e-07
0.11 0.3 0 9.227860717016272e-07
0.11 0.31 0 6.05851723042128e-07
0.11 0.32 0 2.659782535104611e-07
0.11 0.33 0 2.4337269100875743e-07
0.11 0.34 0 2.8659278287361444e-07
0.11 0.35000000000000003 0 1.5782395912583874e-07
0.11 0.36 0 1.8863613320105677e-07
0.11 0.37 0 4.6101883736700153e-08
0.11 0.38 0 1.2967219837438737e-07
0.11 0.39 0 5.244133841890992e-08
0.11 0.4 0 1.2463682123011012e-07
0.11 0.41000000000000003 0 3.027830552781575e-08
0.11 0.42 0 1.0399345323152345e-07
0.11 0.43 0 3.895357011521175e-08
0.11 0.44 0 9.734428339735427e-08
0.11 0.45 0 2.6468522602498304e-08
0.11 0.46 0 1.9025033920307733e-08
0.11 0.47000000000000003 0 1.4905790160222076e-08
0.11 0.48 0 1.884422320226101e-08
0.11 0.49 0 2.3835970063578164e-08
0.11 0.5 0 2.56790133921541e-08
0.12 0.0 0 1.797700455028377e-05
0.12 0.01 0 1.0637235895691722e-05
0.12 0.02 0 5.547910831117084e-06
0.12 0.03 0 1.0409471704587418e-05
0.12 0.04 0 1.1590767341575517e-05
0.12 0.05 0 1.5367558932780485e-05
0.12 0.06 0 3.485056675278054e-06
0.12 0.07 0 5.100441978620537e-06
0.12 0.08 0 4.729893050059177e-06
0.12 0.09 0 3.1689238489864e-05
0.12 0.1 0 1.6484444806004394e-05
0.12 0.11 0 5.9173152684095565e-06
0.12 0.12 0 1.038769761045e-06
0.12 0.13 0 1.3297654268700116e-06
0.12 0.14 0 1.014567005923355e-06
0.12 0.15 0 5.631270723277036e-07
0.12 0.16 0 3.7024090274573294e-07
0.12 0.17 0 3.349747743988771e-07
0.12 0.18 0 1.3236955632776604e-06
0.12 0.19 0 2.1337633401308545e-06
0.12 0.2 0 5.900881791842395e-06
0.12 0.21 0 3.145787406383904e-06
0.12 0.22 0 5.174707081781203e-06
0.12 0.23 0 5.605038390393709e-06
0.12 0.24 0 2.5875660867018863e-05
0.12 0.25 0 1.946982360355161e-05
0.12 0.26 0 7.734989323475258e-06
0.12 0.27 0 2.8148705573063534e-06
0.12 0.28 0 3.8506798827092545e-06
0.12 0.29 0 7.013660950128061e-06
0.12 0.3 0 6.827422178466689e-06
0.12 0.31 0 1.8580885991062714e-06
0.12 0.32 0 8.709039947527384e-07
0.12 0.33 0 2.653277888986771e-07
0.12 0.34 0 2.042529239271046e-07
0.12 0.35000000000000003 0 6.730339311431488e-08
0.12 0.36 0 7.451898480279215e-08
0.12 0.37 0 9.885577778691582e-09
0.12 0.38 0 1.6837513939633046e-08
0.12 0.39 0 1.2862580555167285e-08
0.12 0.4 0 2.190947973600114e-08
0.12 0.41000000000000003 0 9.435554826657557e-09
0.12 0.42 0 1.1303380712295976e-08
0.12 0.43 0 1.2260319823270678e-08
0.12 0.44 0 3.304599574978597e-08
0.12 0.45 0 1.0267691893962063e-07
0.12 0.46 0 1.250134704672498e-07
0.12 0.47000000000000003 0 2.409197648993585e-07
0.12 0.48 0 1.5011580352842634e-07
0.12 0.49 0 2.734054696050753e-07
0.12 0.5 0 4.038737986600026e-07
0.13 0.0 0 3.1656934073594612e-06
0.13 0.01 0 1.218578482839934e-05
0.13 0.02 0 7.498199232313038e-06
0.13 0.03 0 1.1845634113920145e-05
0.13 0.04 0 2.138834410849927e-05
0.13 0.05 0 0.00010283813527078021
0.13 0.06 0 2.7068391339431498e-05
0.13 0.07 0 1.2704332563553526e-05
0.13 0.08 0 3.5236559956231206e-06
0.13 0.09 0 3.081908600589158e-06
0.13 0.1 0 2.707012018718213e-06
0.13 0.11 0 1.9935119782671268e-06
0.13 0.12 0 1.8282308938105276e-06
0.13 0.13 0 7.803662528498699e-07
0.13 0.14 0 1.3109805892643027e-06
0.13 0.15 0 9.664240017536564e-07
0.13 0.16 0 2.0168938480508498e-06
0.13 0.17 0 1.2336845206583105e-06
0.13 0.18 0 7.313442061901406e-06
0.13 0.19 0 1.239980623197874e-05
0.13 0.2 0 3.9760835499087794e-05
0.13 0.21 0 5.089630327159082e-05
0.13 0.22 0 6.995418641075744e-05
0.13 0.23 0 9.412618047688277e-05
0.13 0.24 0 5.0309470830923575e-05
0.13 0.25 0 4.2698744666063774e-05
0.13 0.26 0 2.576517470179578e-05
0.13 0.27 0 2.6468220522036668e-05
0.13 0.28 0 7.630249946740586e-06
0.13 0.29 0 7.610336541814474e-06
0.13 0.3 0 3.998076174504911e-06
0.13 0.31 0 1.812096949732025e-06
0.13 0.32 0 1.6535090766372043e-06
0.13 0.33 0 5.224391898646093e-07
0.13 0.34 0 2.7956250078712883e-07
0.13 0.35000000000000003 0 1.785119664784523e-07
0.13 0.36 0 1.32760112972957e-07
0.13 0.37 0 2.787022821460123e-08
0.13 0.38 0 3.129960326799466e-08
0.13 0.39 0 4.54482215185247e-08
0.13 0.4 0 4.0064195773943784e-08
0.13 0.41000000000000003 0 8.177215472201768e-08
0.13 0.42 0 8.923178236034701e-08
0.13 0.43 0 2.91609383709039e-07
0.13 0.44 0 2.030468467487275e-07
0.13 0.45 0 4.311378486649996e-07
0.13 0.46 0 2.275965887977613e-07
0.13 0.47000000000000003 0 3.5743910195136265e-07
0.13 0.48 0 4.9040347350719156e-08
0.13 0.49 0 5.221706533161223e-08
0.13 0.5 0 4.6991074857957896e-08
0.14 0.0 0 1.4958661135076188e-05
0.14 0.01 0 2.147562295993095e-05
0.14 0.02 0 2.0199535436921808e-05
0.14 0.03 0 1.0159858003760387e-05
0.14 0.04 0 7.779650194330508e-06
0.14 0.05 0 1.2051708088555674e-05
0.14 0.06 0 1.1313130205803745e-05
0.14 0.07 0 5.316209472935983e-06
0.14 0.08 0 7.21157699238673e-06
0.14 0.09 0 1.1658682114613324e-05
0.14 0.1 0 2.0587532468389128e-05
0.14 0.11 0 1.1159609723032466e-05
0.14 0.12 0 3.0186715437847385e-05
0.14 0.13 0 2.4929549696011292e-05
0.14 0.14 0 5.317369306680329e-05
0.14 0.15 0 2.773173189267895e-05
0.14 0.16 0 4.4035562377003264e-05
0.14 0.17 0 1.7038175582612267e-05
0.14 0.18 0 7.342076625174011e-06
0.14 0.19 0 3.6140106712818344e-06
0.14 0.2 0 6.413873830252558e-06
0.14 0.21 0 3.428563382608025e-05
0.14 0.22 0 6.819100467863793e-05
0.14 0.23 0 0.00013807662475047092
0.14 0.24 0 6.070921216191949e-05
0.14 0.25 0 7.592692280536621e-05
0.14 0.26 0 0.00010455272415165873
0.14 0.27 0 0.00015921382331685884
0.14 0.28 0 7.46926046910385e-05
0.14 0.29 0 4.040839438112767e-05
0.14 0.3 0 3.543020233273188e-05
0.14 0.31 0 1.3064429722426074e-05
0.14 0.32 0 6.463451147888374e-06
0.14 0.33 0 2.648454470106407e-06
0.14 0.34 0 1.7843837295574512e-06
0.14 0.35000000000000003 0 9.074107259978142e-07
0.14 0.36 0 4.783834414894545e-07
0.14 0.37 0 4.693477041215237e-07
0.14 0.38 0 3.02042970321102e-07
0.14 0.39 0 2.319024670116329e-07
0.14 0.4 0 1.4414133343131207e-07
0.14 0.41000000000000003 0 6.853528786943124e-07
0.14 0.42 0 5.781198359612789e-07
0.14 0.43 0 3.297098499022338e-07
0.14 0.44 0 7.343207764347507e-08
0.14 0.45 0 1.106089025835779e-07
0.14 0.46 0 1.3440266205797788e-07
0.14 0.47000000000000003 0 1.2040252239519427e-07
0.14 0.48 0 3.663506507206944e-08
0.14 0.49 0 2.212052688245992e-08
0.14 0.5 0 2.4057386574452003e-08
0.15 0.0 0 1.5691319025710555e-06
0.15 0.01 0 4.1247944052676385e-06
0.15 0.02 0 2.5641012243289337e-06
0.15 0.03 0 1.4713292703548732e-06
0.15 0.04 0 1.08308673877387e-06
0.15 0.05 0 7.022555370142021e-07
0.15 0.06 0 7.71868517980488e-07
0.15 0.07 0 1.2546000504999324e-06
0.15 0.08 0 9.679097846805557e-06
0.15 0.09 0 6.418246685217014e-06
0.15 0.1 0 1.325753596572701e-05
0.15 0.11 0 9.74436517863344e-06
0.15 0.12 0 1.7034022212228662e-05
0.15 0.13 0 3.7440481339286506e-06
0.15 0.14 0 6.504451389922316e-06
0.15 0.15 0 2.9387662647700793e-06
0.15 0.16 0 2.9346923894592387e-06
0.15 0.17 0 3.5418268298130342e-06
0.15 0.18 0 1.1455665195207866e-06
0.15 0.19 0 7.316102109819832e-07
0.15 0.2 0 1.6122618830009397e-06
0.15 0.21 0 4.9583830028098565e-06
0.15 0.22 0 5.890234440150367e-06
0.15 0.23 0 1.3894531272713627e-05
0.15 0.24 0 8.378372020846534e-06
0.15 0.25 0 8.507470285101004e-06
0.15 0.26 0 3.744886860268266e-05
0.15 0.27 0 3.0079149041894377e-05
0.15 0.28 0 5.522126261355902e-05
0.15 0.29 0 3.5925231323320876e-05
0.15 0.3 0 2.8419601321357382e-05
0.15 0.31 0 1.3099650238307918e-05
0.15 0.32 0 4.4291271907042685e-05
0.15 0.33 0 4.975645205670651e-06
0.15 0.34 0 2.046539955170925e-06
0.15 0.35000000000000003 0 7.5985896926443e-07
0.15 0.36 0 5.478663203147052e-07
0.15 0.37 0 3.957960337032183e-07
0.15 0.38 0 5.783065145020588e-07
0.15 0.39 0 1.3547731983818604e-07
0.15 0.4 0 1.1376975454524449e-07
0.15 0.41000000000000003 0 3.6342330935670616e-07
0.15 0.42 0 3.4260350048990596e-07
0.15 0.43 0 2.614212401605246e-07
0.15 0.44 0 3.4530477533855956e-07
0.15 0.45 0 8.148096076010916e-07
0.15 0.46 0 1.6868348963962804e-06
0.15 0.47000000000000003 0 1.6899865649650404e-06
0.15 0.48 0 7.878201989170099e-07
0.15 0.49 0 4.3209688985692815e-07
0.15 0.5 0 2.1417026638793757e-07
0.16 0.0 0 1.6146020772209752e-06
0.16 0.01 0 4.979756651994115e-06
0.16 0.02 0 4.99121600202544e-06
0.16 0.03 0 5.891979105483128e-06
0.16 0.04 0 4.8378879016431664e-06
0.16 0.05 0 2.5967449807331957e-06
0.16 0.06 0 4.209924766487434e-06
0.16 0.07 0 2.440929125768703e-06
0.16 0.08 0 3.4789109843661163e-06
0.16 0.09 0 1.4122267352580512e-06
0.16 0.1 0 2.396471572342882e-06
0.16 0.11 0 4.2006739821593e-06
0.16 0.12 0 1.2127114957317585e-05
0.16 0.13 0 4.505368494946185e-06
0.16 0.14 0 2.1904522734553573e-06
0.16 0.15 0 1.2946805744726625e-06
0.16 0.16 0 4.836375858398176e-07
0.16 0.17 0 6.893824020874886e-07
0.16 0.18 0 1.951121686755616e-06
0.16 0.19 0 1.3774823544968036e-06
0.16 0.2 0 1.1200528225641102e-06
0.16 0.21 0 1.8111485790523408e-06
0.16 0.22 0 4.318618031285902e-06
0.16 0.23 0 2.281164209854173e-06
0.16 0.24 0 5.794245218513196e-06
0.16 0.25 0 3.0051915365319556e-06
0.16 0.26 0 1.2372704974680386e-05
0.16 0.27 0 6.83170155150331e-06
0.16 0.28 0 7.660353484388229e-06
0.16 0.29 0 1.6321420873269783e-06
0.16 0.3 0 2.654838954476811e-06
0.16 0.31 0 1.1016864279124582e-06
0.16 0.32 0 2.594779383157758e-06
0.16 0.33 0 2.173629282985888e-06
0.16 0.34 0 6.972522067195254e-07
0.16 0.35000000000000003 0 2.460363381721745e-07
0.16 0.36 0 1.6709697191981238e-07
0.16 0.37 0 1.693467771638631e-07
0.16 0.38 0 1.1219048027866568e-07
0.16 0.39 0 2.2998021910943314e-07
0.16 0.4 0 8.557839133148791e-08
0.16 0.41000000000000003 0 1.959386925499381e-07
0.16 0.42 0 3.0782871413850076e-07
0.16 0.43 0 5.330530153029574e-07
0.16 0.44 0 5.5166261016997e-07
0.16 0.45 0 1.3267725283667858e-06
0.16 0.46 0 9.679327356675045e-07
0.16 0.47000000000000003 0 4.3643082101181406e-07
0.16 0.48 0 6.904297454958771e-07
0.16 0.49 0 3.30708517343172e-07
0.16 0.5 0 1.902203733053102e-07
0.17 0.0 0 3.816122408715606e-06
0.17 0.01 0 6.684097261334629e-06
0.17 0.02 0 5.440061034937029e-06
0.17 0.03 0 1.9406861849372735e-06
0.17 0.04 0 7.272482184246163e-06
0.17 0.05 0 9.235317774124113e-06
0.17 0.06 0 1.2503441955351854e-05
0.17 0.07 0 6.976307380343017e-06
0.17 0.08 0 1.4214843619031196e-05
0.17 0.09 0 3.1914972545607454e-06
0.17 0.1 0 7.698971410826014e-06
0.17 0.11 0 9.596824764260486e-06
0.17 0.12 0 8.514663421444127e-06
0.17 0.13 0 1.913179381834686e-05
0.17 0.14 0 2.6102366951780473e-05
0.17 0.15 0 8.342075168400105e-06
0.17 0.16 0 1.0801988245270997e-05
0.17 0.17 0 1.2869656582927557e-05
0.17 0.18 0 3.225505766368556e-06
0.17 0.19 0 6.115897278826011e-06
0.17 0.2 0 1.2625731917843246e-05
0.17 0.21 0 4.807012143097343e-06
0.17 0.22 0 4.0507717229414025e-06
0.17 0.23 0 1.9337907634302907e-06
0.17 0.24 0 8.324970651392995e-07
0.17 0.25 0 2.6375595853545085e-06
0.17 0.26 0 4.4360068706954565e-06
0.17 0.27 0 1.174252739826742e-06
0.17 0.28 0 1.4922941470545933e-06
0.17 0.29 0 2.224591818849115e-06
0.17 0.3 0 1.0454614504106061e-06
0.17 0.31 0 1.7502826975503245e-06
0.17 0.32 0 7.206532861598854e-07
0.17 0.33 0 5.629539752119034e-07
0.17 0.34 0 5.934033875258295e-07
0.17 0.35000000000000003 0 2.053155095816561e-06
0.17 0.36 0 1.9507944322847676e-06
0.17 0.37 0 1.664888916174982e-05
0.17 0.38 0 2.5774108194477853e-06
0.17 0.39 0 1.0738133761620622e-06
0.17 0.4 0 1.287478591270176e-06
0.17 0.41000000000000003 0 2.7884563631951554e-06
0.17 0.42 0 7.648989224856628e-07
0.17 0.43 0 9.943217637552665e-07
0.17 0.44 0 2.223422374759428e-06
0.17 0.45 0 4.567896166557623e-06
0.17 0.46 0 9.14011768786652e-06
0.17 0.47000000000000003 0 4.623705497883629e-06
0.17 0.48 0 3.061569787335172e-06
0.17 0.49 0 2.716062824819771e-06
0.17 0.5 0 1.2673907622767181e-06
0.18 0.0 0 1.4150786279437613e-05
0.18 0.01 0 2.6231979119531237e-06
0.18 0.02 0 9.579088864380551e-06
0.18 0.03 0 8.065059332655212e-06
0.18 0.04 0 1.6854485906248236e-05
0.18 0.05 0 2.8106343676498076e-05
0.18 0.06 0 0.0001268558441544988
0.18 0.07 0 4.43889429447154e-05
0.18 0.08 0 3.082974870966806e-05
0.18 0.09 0 2.0028997141128302e-05
0.18 0.1 0 9.067169395156862e-06
0.18 0.11 0 2.4512913801346713e-05
0.18 0.12 0 1.0532197857790409e-05
0.18 0.13 0 3.984076818233749e-06
0.18 0.14 0 2.367502634030217e-06
0.18 0.15 0 4.06045319362166e-06
0.18 0.16 0 9.856737504773901e-07
0.18 0.17 0 1.5165699363610169e-06
0.18 0.18 0 4.998945181696947e-07
0.18 0.19 0 2.3899466255902795e-07
0.18 0.2 0 7.603093944776629e-07
0.18 0.21 0 2.2256551505230092e-06
0.18 0.22 0 9.86547440942957e-07
0.18 0.23 0 1.6291645984432002e-06
0.18 0.24 0 3.5389080004796243e-06
0.18 0.25 0 2.1627169423278495e-06
0.18 0.26 0 2.6873915530234197e-06
0.18 0.27 0 2.9320237231314767e-06
0.18 0.28 0 1.0808209063199243e-06
0.18 0.29 0 2.0931500794226605e-06
0.18 0.3 0 2.4516441367194177e-06
0.18 0.31 0 7.234559070762057e-06
0.18 0.32 0 6.129784548080338e-06
0.18 0.33 0 5.854450701188328e-06
0.18 0.34 0 5.539440609391517e-07
0.18 0.35000000000000003 0 4.317875817989979e-06
0.18 0.36 0 6.2799944655073665e-06
0.18 0.37 0 6.866176698730834e-06
0.18 0.38 0 2.183569520155373e-06
0.18 0.39 0 2.6272901803889056e-06
0.18 0.4 0 2.4624543389818377e-06
0.18 0.41000000000000003 0 7.986783381732206e-06
0.18 0.42 0 1.160132099277044e-05
0.18 0.43 0 4.276636244494615e-06
0.18 0.44 0 1.260714718949554e-05
0.18 0.45 0 1.6183830706709544e-05
0.18 0.46 0 6.833107834978073e-06
0.18 0.47000000000000003 0 4.789548267940854e-06
0.18 0.48 0 4.161291087452589e-06
0.18 0.49 0 1.0963535134419208e-06
0.18 0.5 0 4.3933343295462044e-07
0.19 0.0 0 2.358889310330176e-05
0.19 0.01 0 3.0675676708325105e-05
0.19 0.02 0 5.5551123928323316e-05
0.19 0.03 0 3.871182550777199e-05
0.19 0.04 0 9.074290597787947e-05
0.19 0.05 0 3.272358780976984e-05
0.19 0.06 0 2.92069449224391e-05
0.19 0.07 0 5.925345142235594e-05
0.19 0.08 0 1.640047672795897e-05
0.19 0.09 0 9.525981839785074e-06
0.19 0.1 0 1.7567298835602653e-05
0.19 0.11 0 9.14930604205176e-06
0.19 0.12 0 3.390363504631746e-06
0.19 0.13 0 6.533419481633882e-06
0.19 0.14 0 1.2167210509798442e-06
0.19 0.15 0 4.4720775134754655e-07
0.19 0.16 0 1.0588248802361117e-06
0.19 0.17 0 1.0659022375904057e-06
0.19 0.18 0 1.1122534022843291e-06
0.19 0.19 0 8.482926312751471e-07
0.19 0.2 0 2.403772697614391e-07
0.19 0.21 0 1.4657584605775687e-07
0.19 0.22 0 7.11840676018241e-07
0.19 0.23 0 4.5013813942814906e-07
0.19 0.24 0 1.109364499969983e-06
0.19 0.25 0 2.6961554036259576e-06
0.19 0.26 0 2.1930973016072405e-06
0.19 0.27 0 6.95042610507397e-06
0.19 0.28 0 2.795754470285447e-05
0.19 0.29 0 2.2274992143943746e-05
0.19 0.3 0 1.3738116972474744e-05
0.19 0.31 0 3.9910568526254505e-05
0.19 0.32 0 1.2851355824448046e-05
0.19 0.33 0 1.0721821191169314e-05
0.19 0.34 0 4.53449349025319e-06
0.19 0.35000000000000003 0 1.4447399622193545e-06
0.19 0.36 0 1.2134587865942043e-06
0.19 0.37 0 1.0047073031074989e-06
0.19 0.38 0 1.2152255805934707e-06
0.19 0.39 0 2.24477252862946e-06
0.19 0.4 0 6.03335379852742e-06
0.19 0.41000000000000003 0 2.2388354855684666e-06
0.19 0.42 0 4.319456882763089e-06
0.19 0.43 0 5.0565037736512386e-06
0.19 0.44 0 3.4179092344778246e-06
0.19 0.45 0 3.4237380414600915e-06
0.19 0.46 0 2.0585610363853015e-06
0.19 0.47000000000000003 0 3.021375791002845e-06
0.19 0.48 0 1.3855020245360624e-06
0.19 0.49 0 1.4324801822842494e-06
0.19 0.5 0 2.343156366743887e-07
0.2 0.0 0 1.1548924585970914e-05
0.2 0.01 0 3.245954901655165e-06
0.2 0.02 0 1.361210099229788e-05
0.2 0.03 0 8.226312085015918e-06
0.2 0.04 0 8.321805063710267e-06
0.2 0.05 0 1.0644199975843336e-05
0.2 0.06 0 2.3491678955241232e-06
0.2 0.07 0 1.3810821819749087e-06
0.2 0.08 0 7.276593425097952e-06
0.2 0.09 0 1.458454467838466e-05
0.2 0.1 0 8.98501604876707e-06
0.2 0.11 0 1.956285248433599e-05
0.2 0.12 0 1.9365389178975777e-05
0.2 0.13 0 2.0419999121956483e-05
0.2 0.14 0 3.720299973009414e-05
0.2 0.15 0 1.277597417855892e-05
0.2 0.16 0 1.6581502238565643e-05
0.2 0.17 0 1.2975833763639408e-05
0.2 0.18 0 1.2162219687155687e-05
0.2 0.19 0 4.621697337243263e-06
0.2 0.2 0 1.86747694414634e-05
0.2 0.21 0 2.531995679002345e-06
0.2 0.22 0 2.5261463440401674e-06
0.2 0.23 0 3.6567147203236196e-06
0.2 0.24 0 4.064440509243836e-06
0.2 0.25 0 1.9759007893032393e-06
0.2 0.26 0 3.8378324309277035e-06
0.2 0.27 0 7.496755585128262e-06
0.2 0.28 0 8.425921505675316e-06
0.2 0.29 0 1.8431149967226717e-05
0.2 0.3 0 2.984470144120128e-06
0.2 0.31 0 9.028261634628212e-07
0.2 0.32 0 5.116865363029015e-07
0.2 0.33 0 5.023219228202331e-07
0.2 0.34 0 3.589412776866438e-07
0.2 0.35000000000000003 0 5.991195983515226e-07
0.2 0.36 0 4.538087198950643e-07
0.2 0.37 0 1.3792553683231882e-07
0.2 0.38 0 1.0542041284897494e-07
0.2 0.39 0 1.1544472664652589e-07
0.2 0.4 0 1.975526970026674e-07
0.2 0.41000000000000003 0 3.4777067305394737e-07
0.2 0.42 0 2.9403624412890066e-07
0.2 0.43 0 4.4893168834507097e-07
0.2 0.44 0 7.287648419187543e-07
0.2 0.45 0 7.843768401844528e-07
0.2 0.46 0 3.204730916380182e-07
0.2 0.47000000000000003 0 8.791820643082757e-07
0.2 0.48 0 7.570783744185264e-07
0.2 0.49 0 5.843680377218656e-07
0.2 0.5 0 5.547163920237483e-07
0.21 0.0 0 2.950241416414179e-05
0.21 0.01 0 2.4743119090971185e-05
0.21 0.02 0 2.6964851266574204e-05
0.21 0.03 0 6.45273501782561e-05
0.21 0.04 0 5.45662816103452e-05
0.21 0.05 0 1.9165485920534716e-05
0.21 0.06 0 1.998201571255104e-05
0.21 0.07 0 2.682839949159466e-05
0.21 0.08 0 2.4081502612540775e-05
0.21 0.09 0 0.00012494598158391704
0.21 0.1 0 0.00015583687675111395
0.21 0.11 0 4.1634493390047644e-05
0.21 0.12 0 6.155176227937197e-05
0.21 0.13 0 3.367170781546777e-05
0.21 0.14 0 1.9078843744207185e-05
0.21 0.15 0 2.2068799933818783e-05
0.21 0.16 0 2.81277435054502e-05
0.21 0.17 0 5.617912433727064e-06
0.21 0.18 0 1.444809068455164e-05
0.21 0.19 0 2.417206570293989e-05
0.21 0.2 0 1.7900041266488295e-05
0.21 0.21 0 3.118864724777804e-05
0.21 0.22 0 1.4178786408807717e-05
0.21 0.23 0 1.9349267331843034e-05
0.21 0.24 0 6.242145662918723e-06
0.21 0.25 0 3.263092103209289e-06
0.21 0.26 0 4.956138877274244e-07
0.21 0.27 0 4.63313483126794e-06
0.21 0.28 0 1.8927620202756597e-06
0.21 0.29 0 2.2577334789227095e-06
0.21 0.3 0 2.063772954659402e-06
0.21 0.31 0 2.702332753790644e-06
0.21 0.32 0 9.33137370786851e-07
0.21 0.33 0 9.134715581172267e-07
0.21 0.34 0 1.2423828746337813e-06
0.21 0.35000000000000003 0 1.5175881597227254e-06
0.21 0.36 0 1.5808970107618036e-06
0.21 0.37 0 5.518461574351704e-07
0.21 0.38 0 8.054792788805721e-07
0.21 0.39 0 1.3043686218624946e-06
0.21 0.4 0 1.2783641862168572e-06
0.21 0.41000000000000003 0 9.617832226136785e-07
0.21 0.42 0 1.0010021947820424e-06
0.21 0.43 0 1.7920114587496561e-06
0.21 0.44 0 4.179006560917951e-06
0.21 0.45 0 8.911449348395517e-06
0.21 0.46 0 9.44141409211405e-06
0.21 0.47000000000000003 0 1.6571477339504652e-05
0.21 0.48 0 1.157066124927582e-05
0.21 0.49 0 6.85110122210661e-06
0.21 0.5 0 4.189443039983001e-06
0.22 0.0 0 2.63714301460472e-06
0.22 0.01 0 5.1161493762530015e-06
0.22 0.02 0 8.710883199225958e-06
0.22 0.03 0 2.1700162367529482e-05
0.22 0.04 0 3.82367865539486e-05
0.22 0.05 0 0.0001160236959438616
0.22 0.06 0 4.323490381835379e-05
0.22 0.07 0 0.00016730525572643254
0.22 0.08 0 0.00012473199753376948
0.22 0.09 0 9.870035216949941e-05
0.22 0.1 0 3.729475643687703e-05
0.22 0.11 0 3.5894583660104465e-05
0.22 0.12 0 2.334924508438858e-05
0.22 0.13 0 5.1404758704950493e-05
0.22 0.14 0 4.2218248247377734e-05
0.22 0.15 0 2.008842972548902e-05
0.22 0.16 0 1.1025154586836725e-05
0.22 0.17 0 1.720646402682966e-05
0.22 0.18 0 8.311063544062253e-06
0.22 0.19 0 1.4389875659014734e-05
0.22 0.2 0 4.096797818096999e-06
0.22 0.21 0 6.0008314786634236e-06
0.22 0.22 0 3.3634160624149325e-06
0.22 0.23 0 1.204528245061524e-05
0.22 0.24 0 2.5852401539072546e-06
0.22 0.25 0 3.6463482310123386e-06
0.22 0.26 0 1.8893865272271848e-06
0.22 0.27 0 2.0135955285881737e-06
0.22 0.28 0 5.262120861893921e-07
0.22 0.29 0 4.473653978993656e-07
0.22 0.3 0 3.900720223383616e-07
0.22 0.31 0 4.821816447260119e-07
0.22 0.32 0 7.998291099131334e-07
0.22 0.33 0 8.993890128268192e-07
0.22 0.34 0 8.361652640641661e-07
0.22 0.35000000000000003 0 5.671864342428545e-07
0.22 0.36 0 2.905700544689732e-07
0.22 0.37 0 2.0917634948652825e-07
0.22 0.38 0 4.623284280524137e-07
0.22 0.39 0 6.084418205919935e-07
0.22 0.4 0 2.2659236296049964e-07
0.22 0.41000000000000003 0 3.595645295732035e-07
0.22 0.42 0 6.277514361753221e-07
0.22 0.43 0 1.8582585410949282e-06
0.22 0.44 0 5.568196692105149e-06
0.22 0.45 0 2.516466356149982e-05
0.22 0.46 0 2.2168513519878335e-05
0.22 0.47000000000000003 0 2.1744919127992676e-05
0.22 0.48 0 6.710232327973268e-06
0.22 0.49 0 2.64794379294093e-06
0.22 0.5 0 4.2982015644315675e-06
0.23 0.0 0 1.559675793720513e-05
0.23 0.01 0 3.8233575999210945e-05
0.23 0.02 0 1.0543944459533308e-05
0.23 0.03 0 1.9886978609210667e-05
0.23 0.04 0 4.083271368697012e-06
0.23 0.05 0 3.6780000062224664e-06
0.23 0.06 0 2.882674718912773e-06
0.23 0.07 0 4.7035946445315706e-06
0.23 0.08 0 8.26280973254224e-06
0.23 0.09 0 7.501536222675969e-06
0.23 0.1 0 3.705887896015766e-06
0.23 0.11 0 6.107742521867437e-06
0.23 0.12 0 3.441707197890752e-05
0.23 0.13 0 1.3464623683499841e-05
0.23 0.14 0 9.856092568527788e-06
0.23 0.15 0 1.8807319614839987e-05
0.23 0.16 0 9.68919786945976e-06
0.23 0.17 0 1.1624951097261045e-05
0.23 0.18 0 1.5961498130704625e-05
0.23 0.19 0 2.0139220488654025e-05
0.23 0.2 0 5.5331219396443e-06
0.23 0.21 0 1.042495311224047e-05
0.23 0.22 0 4.920802753161053e-06
0.23 0.23 0 5.820600329050018e-06
0.23 0.24 0 2.561534758340476e-06
0.23 0.25 0 4.19569227321607e-06
0.23 0.26 0 1.1403661805945623e-05
0.23 0.27 0 2.1399527268402777e-05
0.23 0.28 0 1.1645370758726295e-05
0.23 0.29 0 5.607239985986912e-06
0.23 0.3 0 6.160761324858028e-06
0.23 0.31 0 6.563958191030614e-06
0.23 0.32 0 1.836580833331005e-05
0.23 0.33 0 1.1837149896535295e-05
0.23 0.34 0 4.735341365410324e-06
0.23 0.35000000000000003 0 1.4128637082667448e-06
0.23 0.36 0 1.5387579735169992e-06
0.23 0.37 0 1.9255770670881894e-06
0.23 0.38 0 8.507167101991137e-07
0.23 0.39 0 5.204128775399092e-07
0.23 0.4 0 3.6977734700163046e-07
0.23 0.41000000000000003 0 8.374602126379774e-07
0.23 0.42 0 1.0336273969767848e-06
0.23 0.43 0 5.636005859978639e-06
0.23 0.44 0 1.9433975366735926e-06
0.23 0.45 0 2.2440979215638616e-06
0.23 0.46 0 3.048333981471689e-06
0.23 0.47000000000000003 0 7.351903509344936e-06
0.23 0.48 0 8.639621944908657e-06
0.23 0.49 0 1.2622636586529023e-05
0.23 0.5 0 4.573066966039128e-06
0.24 0.0 0 9.587119099211902e-06
0.24 0.01 0 2.5600535196539764e-05
0.24 0.02 0 2.790091176625222e-05
0.24 0.03 0 2.264337166319034e-05
0.24 0.04 0 1.0921763322562896e-05
0.24 0.05 0 4.072257718191895e-06
0.24 0.06 0 1.0157297138825675e-05
0.24 0.07 0 1.069858340862516e-05
0.24 0.08 0 1.652044442632339e-05
0.24 0.09 0 7.480046940727629e-06
0.24 0.1 0 1.4182887747294088e-05
0.24 0.11 0 1.5011221599893685e-05
0.24 0.12 0 3.3512143122649895e-05
0.24 0.13 0 3.2596201735065946e-05
0.24 0.14 0 2.9929438452775837e-05
0.24 0.15 0 2.6378225617655554e-05
0.24 0.16 0 2.1258555646249923e-05
0.24 0.17 0 4.58778795869733e-05
0.24 0.18 0 6.772344162941288e-05
0.24 0.19 0 6.315513098881856e-05
0.24 0.2 0 2.650468166220697e-05
0.24 0.21 0 2.8778565227384704e-05
0.24 0.22 0 5.278999190498556e-05
0.24 0.23 0 5.2178521235875026e-05
0.24 0.24 0 1.9510599377998793e-05
0.24 0.25 0 1.0629996211975737e-05
0.24 0.26 0 3.4144425186163984e-05
0.24 0.27 0 3.408231977435005e-05
0.24 0.28 0 2.9664690102422387e-05
0.24 0.29 0 1.6704181218252353e-05
0.24 0.3 0 1.3808834506776479e-05
0.24 0.31 0 7.138471264586402e-06
0.24 0.32 0 9.341090348665314e-06
0.24 0.33 0 6.4701465712607995e-06
0.24 0.34 0 4.1772724356090005e-06
0.24 0.35000000000000003 0 5.206651110431657e-06
0.24 0.36 0 3.1195703106396584e-06
0.24 0.37 0 9.002879725934689e-06
0.24 0.38 0 9.971786651416343e-06
0.24 0.39 0 5.919651174221166e-06
0.24 0.4 0 1.0199717972308572e-06
0.24 0.41000000000000003 0 1.997845457082258e-06
0.24 0.42 0 1.8277323578788164e-06
0.24 0.43 0 4.656115668674613e-06
0.24 0.44 0 9.339816512362254e-06
0.24 0.45 0 2.4081563059721057e-06
0.24 0.46 0 2.0860919428662123e-06
0.24 0.47000000000000003 0 2.183201159992174e-06
0.24 0.48 0 6.168710795081078e-06
0.24 0.49 0 2.2397079745668597e-06
0.24 0.5 0 8.512044253688863e-06
0.25 0.0 0 3.3643550299132567e-06
0.25 0.01 0 2.1114349099462016e-06
0.25 0.02 0 4.295934691552799e-06
0.25 0.03 0 1.2014241720576195e-05
0.25 0.04 0 2.4590390977768685e-05
0.25 0.05 0 1.8310571629427765e-05
0.25 0.06 0 4.1455049537585956e-05
0.25 0.07 0 2.2360292410508285e-05
0.25 0.08 0 3.948708223836366e-05
0.25 0.09 0 3.285607758283422e-05
0.25 0.1 0 2.9441258350834837e-05
0.25 0.11 0 3.790169024621565e-05
0.25 0.12 0 4.423859349896917e-05
0.25 0.13 0 5.610876072315971e-05
0.25 0.14 0 4.366778098286841e-05
0.25 0.15 0 3.83405598984512e-05
0.25 0.16 0 1.3945128952482633e-05
0.25 0.17 0 6.452154735277672e-05
0.25 0.18 0 5.177372831872408e-05
0.25 0.19 0 2.8086238815066713e-05
0.25 0.2 0 6.982657425992349e-06
0.25 0.21 0 8.863993148251356e-06
0.25 0.22 0 3.971067300292711e-06
0.25 0.23 0 4.898185782406104e-06
0.25 0.24 0 8.333616787269114e-06
0.25 0.25 0 1.6126422833226157e-05
0.25 0.26 0 1.7264264639151118e-05
0.25 0.27 0 1.3933919125370338e-05
0.25 0.28 0 2.995969185199668e-05
0.25 0.29 0 4.115648504860385e-05
0.25 0.3 0 6.134550212690013e-05
0.25 0.31 0 3.070464271455467e-05
0.25 0.32 0 2.2222364025928286e-05
0.25 0.33 0 2.455907916730457e-05
0.25 0.34 0 2.863510593355318e-05
0.25 0.35000000000000003 0 2.2459552509029965e-05
0.25 0.36 0 2.8331464189736982e-05
0.25 0.37 0 3.5527083810686487e-05
0.25 0.38 0 2.281031714333428e-05
0.25 0.39 0 1.8498306598341694e-05
0.25 0.4 0 1.5439465832060387e-05
0.25 0.41000000000000003 0 3.873699174713421e-06
0.25 0.42 0 9.58647918276082e-06
0.25 0.43 0 6.8264173933245435e-06
0.25 0.44 0 2.2444543401235207e-05
0.25 0.45 0 2.0791504364478223e-05
0.25 0.46 0 4.968143352812585e-05
0.25 0.47000000000000003 0 4.871552662239271e-06
0.25 0.48 0 1.8782033501477665e-05
0.25 0.49 0 1.1273551178584145e-05
0.25 0.5 0 1.1555281267727983e-05
0.26 0.0 0 4.749584419656929e-06
0.26 0.01 0 1.8752182208278187e-06
0.26 0.02 0 8.952404362242408e-07
0.26 0.03 0 1.1942312532968132e-06
0.26 0.04 0 1.195122199877247e-06
0.26 0.05 0 1.7002716835749068e-06
0.26 0.06 0 1.9185420155715422e-06
0.26 0.07 0 4.326333190094988e-06
0.26 0.08 0 2.1687803651413225e-06
0.26 0.09 0 4.358563205175116e-06
0.26 0.1 0 2.6145823406280684e-06
0.26 0.11 0 8.688406122726085e-06
0.26 0.12 0 2.095910778593142e-06
0.26 0.13 0 2.8721510375322475e-06
0.26 0.14 0 9.732459890970824e-07
0.26 0.15 0 3.6292351468704192e-06
0.26 0.16 0 1.5703482939996105e-06
0.26 0.17 0 3.0138682383867695e-06
0.26 0.18 0 1.2627040592926357e-06
0.26 0.19 0 1.2072440865203293e-06
0.26 0.2 0 7.667465669726792e-07
0.26 0.21 0 1.4532632072381858e-06
0.26 0.22 0 2.5931199328056013e-06
0.26 0.23 0 1.4651308228583347e-06
0.26 0.24 0 3.2454350697383505e-06
0.26 0.25 0 4.493756018371111e-06
0.26 0.26 0 7.044516614396424e-06
0.26 0.27 0 3.8830474764737445e-06
0.26 0.28 0 1.5158065626101595e-05
0.26 0.29 0 1.574047935151884e-05
0.26 0.3 0 1.6917004333713727e-05
0.26 0.31 0 3.475021604007159e-05
0.26 0.32 0 3.136178823556073e-05
0.26 0.33 0 1.782796844571944e-05
0.26 0.34 0 1.346773740093373e-05
0.26 0.35000000000000003 0 2.8964864220983804e-05
0.26 0.36 0 1.9119476184415393e-05
0.26 0.37 0 8.989167986504683e-06
0.26 0.38 0 2.3308804440907712e-06
0.26 0.39 0 1.4896281344488094e-06
0.26 0.4 0 5.085314408411033e-06
0.26 0.41000000000000003 0 3.1308630712648362e-06
0.26 0.42 0 4.5443683590979095e-06
0.26 0.43 0 2.851299592292602e-06
0.26 0.44 0 3.1714461071325288e-06
0.26 0.45 0 1.3204284705642614e-06
0.26 0.46 0 7.545560871815953e-06
0.26 0.47000000000000003 0 9.111612969374758e-06
0.26 0.48 0 1.400444592668279e-05
0.26 0.49 0 1.0525559682675178e-05
0.26 0.5 0 2.5863604973650133e-06
0.27 0.0 0 1.8553677131103713e-06
0.27 0.01 0 1.3994222738204098e-06
0.27 0.02 0 1.6299394981283153e-06
0.27 0.03 0 1.7018508929837465e-06
0.27 0.04 0 9.265010368997476e-07
0.27 0.05 0 2.1448466572285582e-06
0.27 0.06 0 1.6909217314839562e-06
0.27 0.07 0 2.0903438596269853e-06
0.27 0.08 0 2.5866385939998606e-06
0.27 0.09 0 7.100682349390284e-06
0.27 0.1 0 5.394737944609608e-06
0.27 0.11 0 5.4461678989155264e-06
0.27 0.12 0 1.401772657309244e-06
0.27 0.13 0 2.7096598687247716e-06
0.27 0.14 0 2.6902923955556366e-06
0.27 0.15 0 3.037378065139811e-06
0.27 0.16 0 3.6209931149624005e-06
0.27 0.17 0 5.935245829284351e-06
0.27 0.18 0 3.6245930700051157e-06
0.27 0.19 0 2.3632115369969828e-06
0.27 0.2 0 4.242004184489117e-06
0.27 0.21 0 2.906566091868117e-06
0.27 0.22 0 5.267015876042122e-06
0.27 0.23 0 3.2873181060841715e-06
0.27 0.24 0 3.6959896026669724e-06
0.27 0.25 0 2.6129789092752377e-06
0.27 0.26 0 3.0540412149556197e-06
0.27 0.27 0 3.6454591257269744e-06
0.27 0.28 0 3.698748444232206e-06
0.27 0.29 0 5.2538597412969776e-06
0.27 0.3 0 3.4819493185351334e-06
0.27 0.31 0 4.2701539159877675e-06
0.27 0.32 0 1.5381786386170025e-06
0.27 0.33 0 3.2782623193927063e-06
0.27 0.34 0 4.949511728664891e-06
0.27 0.35000000000000003 0 6.725037612323426e-06
0.27 0.36 0 3.4185682631664254e-06
0.27 0.37 0 1.112074004918176e-06
0.27 0.38 0 7.84730375830558e-07
0.27 0.39 0 1.0583756622103754e-06
0.27 0.4 0 2.681121055669715e-06
0.27 0.41000000000000003 0 3.652847065413934e-06
0.27 0.42 0 1.15474329404966e-05
0.27 0.43 0 1.4734737734250293e-05
0.27 0.44 0 1.6468745681753245e-05
0.27 0.45 0 1.657008211318368e-05
0.27 0.46 0 7.632687781664457e-06
0.27 0.47000000000000003 0 6.492772270937735e-06
0.27 0.48 0 2.5354159507479457e-06
0.27 0.49 0 1.7637230078862964e-06
0.27 0.5 0 8.66055798150834e-07
0.28 0.0 0 1.6825002083603682e-06
0.28 0.01 0 2.816802155815238e-07
0.28 0.02 0 3.660081119816274e-07
0.28 0.03 0 6.220117404764706e-07
0.28 0.04 0 8.603016106618274e-07
0.28 0.05 0 5.847451965236823e-07
0.28 0.06 0 5.61407522366636e-07
0.28 0.07 0 4.5406196970912495e-07
0.28 0.08 0 8.926754714707583e-07
0.28 0.09 0 5.987756858427081e-06
0.28 0.1 0 3.234676733525446e-06
0.28 0.11 0 1.7335652306119755e-06
0.28 0.12 0 1.5702299774053678e-06
0.28 0.13 0 2.192121530395575e-06
0.28 0.14 0 1.9607443824364917e-06
0.28 0.15 0 2.2305563000192164e-06
0.28 0.16 0 2.9560426585050134e-06
0.28 0.17 0 2.0694973892339526e-06
0.28 0.18 0 7.5541547752631354e-06
0.28 0.19 0 6.458807748699092e-06
0.28 0.2 0 1.8625993711887545e-05
0.28 0.21 0 8.571045638376534e-06
0.28 0.22 0 4.3524551544018324e-06
0.28 0.23 0 3.026526650707905e-06
0.28 0.24 0 1.758660701774662e-05
0.28 0.25 0 1.830613209613193e-05
0.28 0.26 0 6.311164628093373e-06
0.28 0.27 0 1.2391089919846195e-05
0.28 0.28 0 1.0241534371256387e-05
0.28 0.29 0 1.2783048279327172e-05
0.28 0.3 0 1.3380426481859787e-05
0.28 0.31 0 1.4608090707776058e-05
0.28 0.32 0 3.918899086643736e-06
0.28 0.33 0 5.8634921274416665e-06
0.28 0.34 0 8.401833850131495e-06
0.28 0.35000000000000003 0 4.845629662901729e-06
0.28 0.36 0 3.719898267329837e-06
0.28 0.37 0 1.567273109762312e-06
0.28 0.38 0 2.2245004523777733e-06
0.28 0.39 0 3.9072928342889025e-06
0.28 0.4 0 6.381499570572766e-06
0.28 0.41000000000000003 0 1.8774132272326287e-06
0.28 0.42 0 2.666399086168154e-06
0.28 0.43 0 1.9566570005764755e-06
0.28 0.44 0 4.519714854373118e-06
0.28 0.45 0 9.25342490617798e-06
0.28 0.46 0 5.501615791052264e-06
0.28 0.47000000000000003 0 1.0260033645003364e-06
0.28 0.48 0 1.4200927720128264e-06
0.28 0.49 0 2.365992340268291e-06
0.28 0.5 0 2.4148028519603003e-06
0.29 0.0 0 5.657996231232176e-06
0.29 0.01 0 3.263693055049426e-06
0.29 0.02 0 1.4158125408326438e-06
0.29 0.03 0 7.139612623213333e-07
0.29 0.04 0 1.1098181744605755e-06
0.29 0.05 0 1.1065028529379984e-06
0.29 0.06 0 6.17787037390765e-07
0.29 0.07 0 2.1219308262629696e-06
0.29 0.08 0 1.1376956608926862e-06
0.29 0.09 0 1.147369448147395e-06
0.29 0.1 0 1.8075277272645233e-06
0.29 0.11 0 1.1822722951972065e-06
0.29 0.12 0 8.363477225226023e-07
0.29 0.13 0 1.417630914467913e-06
0.29 0.14 0 1.8835425419470607e-06
0.29 0.15 0 9.590736620813925e-07
0.29 0.16 0 1.6689722153066161e-06
0.29 0.17 0 3.1240303196644543e-07
0.29 0.18 0 5.161444313938714e-07
0.29 0.19 0 1.1468191973958012e-06
0.29 0.2 0 1.213731050376461e-06
0.29 0.21 0 7.355208560426257e-07
0.29 0.22 0 9.617296648733027e-07
0.29 0.23 0 9.63415303199467e-07
0.29 0.24 0 1.5844047597056704e-06
0.29 0.25 0 6.586718919941568e-06
0.29 0.26 0 8.28165590018741e-06
0.29 0.27 0 2.9743512747783173e-05
0.29 0.28 0 7.17190282325417e-05
0.29 0.29 0 4.177395933559419e-05
0.29 0.3 0 6.146214037091346e-05
0.29 0.31 0 4.7453185403323026e-05
0.29 0.32 0 2.8544383163333086e-05
0.29 0.33 0 7.4106130711560255e-06
0.29 0.34 0 2.882241859894358e-05
0.29 0.35000000000000003 0 7.017088693804771e-06
0.29 0.36 0 7.016245993139591e-06
0.29 0.37 0 1.1377087877117954e-06
0.29 0.38 0 3.7937793742505e-06
0.29 0.39 0 2.082948623339928e-06
0.29 0.4 0 3.7172651443895332e-06
0.29 0.41000000000000003 0 5.462012366939992e-07
0.29 0.42 0 8.008830517245014e-07
0.29 0.43 0 6.952577955297894e-07
0.29 0.44 0 1.696643007626029e-06
0.29 0.45 0 2.280731593918471e-06
0.29 0.46 0 3.3806573539450587e-06
0.29 0.47000000000000003 0 3.1806702915524033e-06
0.29 0.48 0 2.791497950078726e-06
0.29 0.49 0 3.6013245702541083e-06
0.29 0.5 0 1.4945316960299204e-06
0.3 0.0 0 8.814316667772135e-07
0.3 0.01 0 9.401226261965371e-07
0.3 0.02 0 6.556559832930567e-07
0.3 0.03 0 1.0065358813458214e-06
0.3 0.04 0 1.9448959405119742e-07
0.3 0.05 0 9.741119166242272e-07
0.3 0.06 0 4.665118252921225e-07
0.3 0.07 0 5.522284861717832e-07
0.3 0.08 0 6.919303379329876e-07
0.3 0.09 0 1.1755054957573905e-06
0.3 0.1 0 1.788503769141505e-07
0.3 0.11 0 1.0184773817469291e-07
0.3 0.12 0 1.2839219763100982e-07
0.3 0.13 0 7.253365110614993e-08
0.3 0.14 0 2.0340043157177266e-07
0.3 0.15 0 1.7615574015009796e-07
0.3 0.16 0 1.300750234997116e-07
0.3 0.17 0 8.153910018190803e-08
0.3 0.18 0 1.6271433520000156e-07
0.3 0.19 0 1.2835051889759622e-07
0.3 0.2 0 3.183238841200282e-07
0.3 0.21 0 4.1491687429624125e-07
0.3 0.22 0 5.793144834541812e-07
0.3 0.23 0 1.3152659877107558e-06
0.3 0.24 0 2.4328315149736707e-06
0.3 0.25 0 1.755992487219574e-06
0.3 0.26 0 4.6867421634240375e-06
0.3 0.27 0 2.3803275689800967e-06
0.3 0.28 0 7.959088776768866e-07
0.3 0.29 0 6.490226294517618e-07
0.3 0.3 0 2.3117547203054148e-06
0.3 0.31 0 4.977313055187756e-07
0.3 0.32 0 8.235908609198404e-07
0.3 0.33 0 1.2536646428593113e-06
0.3 0.34 0 2.7197180174742372e-06
0.3 0.35000000000000003 0 7.323640713670993e-07
0.3 0.36 0 5.83775862146841e-07
0.3 0.37 0 1.687367042176723e-07
0.3 0.38 0 3.5572108495095984e-07
0.3 0.39 0 4.977719852275709e-07
0.3 0.4 0 6.229691167935238e-07
0.3 0.41000000000000003 0 8.26241452486549e-07
0.3 0.42 0 8.51625402494359e-07
0.3 0.43 0 1.166637741205362e-06
0.3 0.44 0 1.7694452437104915e-06
0.3 0.45 0 4.3564630106625475e-06
0.3 0.46 0 1.6251402455898916e-06
0.3 0.47000000000000003 0 1.7062410357500034e-06
0.3 0.48 0 1.0953202869975696e-06
0.3 0.49 0 1.8731480345868002e-06
0.3 0.5 0 5.735732774011066e-06
#STOP
