#MEDIUM_PROPERTIES_DISTRIBUTED
$MSH_TYPE
	 GROUNDWATER_FLOW	
$MMP_TYPE
	 PERMEABILITY	
$DIS_TYPE
	 NEAREST_VALUE	
;hj
$CONVERSION_FACTOR
	 1.0	
$DATA
0.0 0.0 0 4.06958700318688e-07
0.0 0.01 0 2.332658861195821e-07
0.0 0.02 0 7.484008883186379e-07
0.0 0.03 0 7.87551392160582e-07
0.0 0.04 0 1.159225167000508e-06
0.0 0.05 0 8.338437141365584e-07
0.0 0.06 0 5.0414739040884405e-06
0.0 0.07 0 6.004865539288735e-06
0.0 0.08 0 2.1665941945841696e-05
0.0 0.09 0 1.9738180992192967e-05
0.0 0.1 0 9.84527759692306e-06
0.0 0.11 0 1.1871216662495538e-06
0.0 0.12 0 1.507920268891395e-07
0.0 0.13 0 9.605834173342498e-08
0.0 0.14 0 2.2123544599733513e-08
0.0 0.15 0 1.6835156516610158e-07
0.0 0.16 0 2.823340203810869e-07
0.0 0.17 0 1.233637415836168e-06
0.0 0.18 0 3.9158462656092164e-07
0.0 0.19 0 3.236466468003298e-07
0.0 0.2 0 3.4451226439455426e-07
0.0 0.21 0 3.902233443675985e-07
0.0 0.22 0 2.3796732798795096e-07
0.0 0.23 0 4.029059880049932e-08
0.0 0.24 0 7.652117766672758e-09
0.0 0.25 0 1.498935407168796e-08
0.0 0.26 0 1.7003720897898273e-08
0.0 0.27 0 2.3968897623117125e-08
0.0 0.28 0 5.875616391280961e-08
0.0 0.29 0 5.534951580124396e-08
0.0 0.3 0 1.0393776285766496e-07
0.0 0.31 0 1.2879586149629257e-07
0.0 0.32 0 1.2238268224263876e-07
0.0 0.33 0 6.753918134648639e-08
0.0 0.34 0 3.324437489090526e-08
0.0 0.35000000000000003 0 1.7213654251370113e-08
0.0 0.36 0 1.0537068744786277e-08
0.0 0.37 0 2.988354179110072e-08
0.0 0.38 0 5.607069161704045e-09
0.0 0.39 0 4.205440178856648e-09
0.0 0.4 0 4.3323976069226155e-09
0.0 0.41000000000000003 0 6.797944597036792e-09
0.0 0.42 0 2.1364646570209272e-08
0.0 0.43 0 8.141406128642191e-08
0.0 0.44 0 4.148390088336034e-08
0.0 0.45 0 1.0693572604900321e-08
0.0 0.46 0 4.179308590834008e-08
0.0 0.47000000000000003 0 7.321330807976234e-08
0.0 0.48 0 2.9141122485078235e-06
0.0 0.49 0 7.339144500292803e-06
0.0 0.5 0 8.465519463390334e-06
0.01 0.0 0 6.887946791017423e-07
0.01 0.01 0 1.2121603721504128e-07
0.01 0.02 0 1.1547784507003798e-07
0.01 0.03 0 5.165436203849309e-07
0.01 0.04 0 2.5142155416095805e-07
0.01 0.05 0 2.4105298228756024e-07
0.01 0.06 0 1.6119400868540857e-06
0.01 0.07 0 1.9504686188579026e-06
0.01 0.08 0 4.056201894897958e-06
0.01 0.09 0 2.715051976139527e-05
0.01 0.1 0 3.7556825572610408e-06
0.01 0.11 0 7.671910754690857e-07
0.01 0.12 0 4.753010299728977e-07
0.01 0.13 0 2.5622349735197134e-07
0.01 0.14 0 2.7468628528120827e-07
0.01 0.15 0 7.285547279314271e-07
0.01 0.16 0 2.3617880089207946e-07
0.01 0.17 0 2.8265030109187066e-07
0.01 0.18 0 4.628675165855075e-07
0.01 0.19 0 5.822928120429383e-07
0.01 0.2 0 2.147471552033155e-06
0.01 0.21 0 2.7704724236163744e-07
0.01 0.22 0 6.328575304564261e-07
0.01 0.23 0 1.8133529521539998e-08
0.01 0.24 0 1.1602232776291212e-08
0.01 0.25 0 5.666838157725459e-08
0.01 0.26 0 1.3734758770700536e-07
0.01 0.27 0 3.192902943411717e-07
0.01 0.28 0 1.407900325752402e-07
0.01 0.29 0 1.3853361508323422e-07
0.01 0.3 0 2.7092073120048836e-07
0.01 0.31 0 8.161516959809635e-07
0.01 0.32 0 7.143353409857087e-07
0.01 0.33 0 3.2353135246211796e-07
0.01 0.34 0 7.653940524652885e-08
0.01 0.35000000000000003 0 4.626550037395933e-08
0.01 0.36 0 4.84205125997233e-08
0.01 0.37 0 2.0897161799572672e-08
0.01 0.38 0 5.101298485717168e-08
0.01 0.39 0 6.2727598499839756e-09
0.01 0.4 0 4.425403934643415e-09
0.01 0.41000000000000003 0 1.1590811130334889e-08
0.01 0.42 0 1.4469320512157052e-08
0.01 0.43 0 3.4466502203165604e-08
0.01 0.44 0 3.000617510687138e-07
0.01 0.45 0 3.0174498515655215e-07
0.01 0.46 0 2.080269234971269e-07
0.01 0.47000000000000003 0 8.355165175444204e-07
0.01 0.48 0 4.887591236781961e-07
0.01 0.49 0 1.295904000623154e-06
0.01 0.5 0 2.4005553236618315e-06
0.02 0.0 0 1.1649289814452607e-06
0.02 0.01 0 1.6929334435827436e-06
0.02 0.02 0 9.067427547557012e-07
0.02 0.03 0 8.214623708227357e-07
0.02 0.04 0 9.893513024350738e-07
0.02 0.05 0 6.5739824776746e-07
0.02 0.06 0 8.777365217507786e-07
0.02 0.07 0 3.601729252414348e-06
0.02 0.08 0 3.025578421505729e-06
0.02 0.09 0 2.4886364817110184e-06
0.02 0.1 0 4.153129248271542e-06
0.02 0.11 0 6.413529167280389e-07
0.02 0.12 0 4.2777495319261507e-07
0.02 0.13 0 6.370736316583476e-07
0.02 0.14 0 1.8309176166356586e-07
0.02 0.15 0 9.629184408019714e-08
0.02 0.16 0 3.57047072149664e-07
0.02 0.17 0 2.61365319439352e-07
0.02 0.18 0 3.7463438780302153e-07
0.02 0.19 0 3.9436958989792025e-06
0.02 0.2 0 3.6151914160614967e-07
0.02 0.21 0 1.2768257206611447e-07
0.02 0.22 0 3.1659205819288714e-07
0.02 0.23 0 2.1555780325693424e-07
0.02 0.24 0 1.231731514247081e-07
0.02 0.25 0 2.3004591810008143e-07
0.02 0.26 0 1.2129922880037796e-07
0.02 0.27 0 2.1630443440959135e-07
0.02 0.28 0 2.1350446235528282e-07
0.02 0.29 0 9.390221475697561e-07
0.02 0.3 0 3.4067369602131416e-07
0.02 0.31 0 2.300221952075545e-06
0.02 0.32 0 3.3677380830660933e-06
0.02 0.33 0 4.376574029469606e-07
0.02 0.34 0 5.289337849307046e-07
0.02 0.35000000000000003 0 2.683491271553774e-07
0.02 0.36 0 1.498658609744765e-07
0.02 0.37 0 3.114559367698956e-07
0.02 0.38 0 4.898714631252983e-07
0.02 0.39 0 6.289821247870358e-08
0.02 0.4 0 4.8276478577812884e-08
0.02 0.41000000000000003 0 5.165739499269491e-08
0.02 0.42 0 9.739420239227457e-08
0.02 0.43 0 1.4833560398260685e-07
0.02 0.44 0 2.1025308715215586e-07
0.02 0.45 0 6.290923680894921e-07
0.02 0.46 0 2.396775765873565e-07
0.02 0.47000000000000003 0 1.3762261429128578e-06
0.02 0.48 0 6.630605586659883e-07
0.02 0.49 0 1.7250795070260428e-07
0.02 0.5 0 1.0118537042900239e-06
0.03 0.0 0 8.053257589467106e-07
0.03 0.01 0 3.942891631368497e-06
0.03 0.02 0 8.92542123730642e-06
0.03 0.03 0 1.5363315144933077e-06
0.03 0.04 0 2.14750900387899e-07
0.03 0.05 0 3.180270360009348e-07
0.03 0.06 0 5.046888586464449e-07
0.03 0.07 0 2.5637113127621336e-06
0.03 0.08 0 5.413460085217132e-06
0.03 0.09 0 2.1006796985084856e-06
0.03 0.1 0 1.7279051116923885e-06
0.03 0.11 0 1.6624914189939732e-06
0.03 0.12 0 1.7610706854966237e-06
0.03 0.13 0 1.0892456401798925e-06
0.03 0.14 0 2.547297787000722e-07
0.03 0.15 0 1.9921057676309552e-07
0.03 0.16 0 6.404545912566018e-07
0.03 0.17 0 1.063834484077117e-06
0.03 0.18 0 1.729834513252274e-06
0.03 0.19 0 1.2954513472205112e-06
0.03 0.2 0 5.068667943716908e-07
0.03 0.21 0 2.3355521870671185e-07
0.03 0.22 0 2.1562159276507306e-07
0.03 0.23 0 3.8719717167798686e-07
0.03 0.24 0 1.6474595990651192e-06
0.03 0.25 0 6.089145628678435e-07
0.03 0.26 0 4.795619081950911e-07
0.03 0.27 0 6.743817779777507e-08
0.03 0.28 0 1.46918976113417e-07
0.03 0.29 0 5.909811074422798e-07
0.03 0.3 0 1.2112398749737518e-06
0.03 0.31 0 8.47641308586165e-06
0.03 0.32 0 6.15130174434885e-06
0.03 0.33 0 2.2944362411108373e-06
0.03 0.34 0 4.220584459419386e-06
0.03 0.35000000000000003 0 1.2573972175568064e-06
0.03 0.36 0 3.4567014441412223e-07
0.03 0.37 0 5.081112254167386e-07
0.03 0.38 0 2.980412187405646e-07
0.03 0.39 0 4.536855561811566e-07
0.03 0.4 0 1.578822318228298e-06
0.03 0.41000000000000003 0 1.5924411504427268e-07
0.03 0.42 0 4.052177399841422e-07
0.03 0.43 0 1.1893085750171118e-06
0.03 0.44 0 1.3362004730732933e-06
0.03 0.45 0 8.757106427124143e-07
0.03 0.46 0 2.665479345185351e-07
0.03 0.47000000000000003 0 1.7996717053787145e-07
0.03 0.48 0 6.274096020231953e-08
0.03 0.49 0 2.0260391630470167e-07
0.03 0.5 0 3.314421436910928e-07
0.04 0.0 0 1.883891971074367e-07
0.04 0.01 0 1.2029932743936952e-07
0.04 0.02 0 1.5374908625394982e-07
0.04 0.03 0 1.7899159531471025e-07
0.04 0.04 0 1.6557834688414256e-07
0.04 0.05 0 9.777069089553298e-07
0.04 0.06 0 7.704941893243956e-07
0.04 0.07 0 8.267561846882894e-07
0.04 0.08 0 1.0727834015343537e-06
0.04 0.09 0 2.251894275359608e-06
0.04 0.1 0 1.3567676408204783e-06
0.04 0.11 0 1.3373908729285758e-06
0.04 0.12 0 3.2582104995553924e-06
0.04 0.13 0 4.4363468487654385e-07
0.04 0.14 0 1.1100052144222303e-06
0.04 0.15 0 6.50912810380356e-07
0.04 0.16 0 7.945122157693753e-07
0.04 0.17 0 3.989817941114765e-06
0.04 0.18 0 4.5455279042187475e-06
0.04 0.19 0 8.053624002006989e-07
0.04 0.2 0 3.3013659025416704e-07
0.04 0.21 0 3.054657165921065e-07
0.04 0.22 0 1.7322077228174635e-07
0.04 0.23 0 4.4825153009807096e-07
0.04 0.24 0 7.662338092503888e-07
0.04 0.25 0 1.3154649464844622e-06
0.04 0.26 0 2.214120630426224e-07
0.04 0.27 0 5.660641183545798e-07
0.04 0.28 0 1.3004904397895176e-07
0.04 0.29 0 3.030056769071442e-07
0.04 0.3 0 2.090045364867176e-06
0.04 0.31 0 3.037525737692641e-06
0.04 0.32 0 4.3263328183974675e-06
0.04 0.33 0 1.74777515253449e-05
0.04 0.34 0 9.967781639001211e-06
0.04 0.35000000000000003 0 1.1122494126171798e-05
0.04 0.36 0 2.2192799103763104e-05
0.04 0.37 0 2.7850782480883787e-06
0.04 0.38 0 1.0166934847198497e-06
0.04 0.39 0 1.9775527729873585e-06
0.04 0.4 0 1.3433501815657006e-06
0.04 0.41000000000000003 0 3.9454552096372444e-07
0.04 0.42 0 1.369552525999412e-07
0.04 0.43 0 1.581007978419735e-07
0.04 0.44 0 8.094801200054053e-07
0.04 0.45 0 1.7980828721831964e-06
0.04 0.46 0 1.221096436403886e-06
0.04 0.47000000000000003 0 5.227044675488578e-07
0.04 0.48 0 7.805148859997165e-08
0.04 0.49 0 2.4640209435648997e-07
0.04 0.5 0 1.328353736745683e-07
0.05 0.0 0 7.412145878380372e-08
0.05 0.01 0 9.521606116375538e-08
0.05 0.02 0 3.2830487910043116e-08
0.05 0.03 0 4.824605683063647e-08
0.05 0.04 0 1.0449976320478872e-07
0.05 0.05 0 2.0826674059245728e-07
0.05 0.06 0 2.25391057883543e-07
0.05 0.07 0 2.0811368590817414e-07
0.05 0.08 0 1.1486433765101686e-07
0.05 0.09 0 2.9945921711823265e-07
0.05 0.1 0 7.488342084788285e-07
0.05 0.11 0 9.42154849901864e-07
0.05 0.12 0 4.490495233387751e-06
0.05 0.13 0 4.061893940403166e-06
0.05 0.14 0 2.5782324939604522e-05
0.05 0.15 0 1.4153913754954497e-05
0.05 0.16 0 6.434188391822285e-06
0.05 0.17 0 6.594570271874556e-06
0.05 0.18 0 2.449721474583711e-06
0.05 0.19 0 4.248204425396398e-06
0.05 0.2 0 8.564566134749434e-07
0.05 0.21 0 6.847118039675375e-07
0.05 0.22 0 1.2306165133165978e-06
0.05 0.23 0 6.484646771185616e-07
0.05 0.24 0 4.6889745178482313e-07
0.05 0.25 0 4.953012581696081e-07
0.05 0.26 0 4.597724967399429e-07
0.05 0.27 0 3.0203168313160735e-07
0.05 0.28 0 6.594295519013931e-07
0.05 0.29 0 1.6821720331351363e-07
0.05 0.3 0 9.212914666984198e-07
0.05 0.31 0 3.1163185067800993e-06
0.05 0.32 0 2.632859606053815e-05
0.05 0.33 0 3.263992732306048e-05
0.05 0.34 0 1.2958753572205234e-05
0.05 0.35000000000000003 0 2.085560760663735e-06
0.05 0.36 0 3.702787968768203e-06
0.05 0.37 0 8.715436723192688e-06
0.05 0.38 0 3.7254419501588346e-06
0.05 0.39 0 1.6545832538546371e-06
0.05 0.4 0 3.418112447078947e-07
0.05 0.41000000000000003 0 3.94761674958079e-07
0.05 0.42 0 3.1557605368099077e-07
0.05 0.43 0 5.627989123046437e-07
0.05 0.44 0 4.953760125447968e-07
0.05 0.45 0 4.897661199082937e-07
0.05 0.46 0 4.457586881138622e-07
0.05 0.47000000000000003 0 1.1234956881152946e-07
0.05 0.48 0 1.4121396265987022e-07
0.05 0.49 0 1.0822552180160595e-07
0.05 0.5 0 9.781957342704808e-08
0.06 0.0 0 2.1969736310006787e-07
0.06 0.01 0 1.8453308209491483e-08
0.06 0.02 0 2.861629239489489e-08
0.06 0.03 0 9.679786894381279e-08
0.06 0.04 0 3.0744295252144716e-07
0.06 0.05 0 4.5398856969127873e-07
0.06 0.06 0 1.5921597813389187e-06
0.06 0.07 0 1.693088452666916e-06
0.06 0.08 0 6.18688878561727e-07
0.06 0.09 0 6.052413886160629e-07
0.06 0.1 0 2.0044217831455784e-06
0.06 0.11 0 4.3816224824954445e-06
0.06 0.12 0 9.761422347288546e-06
0.06 0.13 0 2.6075821163869714e-05
0.06 0.14 0 1.5044668212174034e-05
0.06 0.15 0 3.307911124193599e-05
0.06 0.16 0 9.521231366760726e-05
0.06 0.17 0 1.9911229674716894e-05
0.06 0.18 0 7.13464282086346e-06
0.06 0.19 0 7.3498030346719065e-06
0.06 0.2 0 1.0275437414408252e-06
0.06 0.21 0 8.38291387035114e-07
0.06 0.22 0 2.2455401076014042e-06
0.06 0.23 0 1.6208118952916562e-06
0.06 0.24 0 9.698537340395566e-07
0.06 0.25 0 1.1282621453301521e-06
0.06 0.26 0 1.6199156782778834e-06
0.06 0.27 0 4.657026974503399e-07
0.06 0.28 0 4.3573982461912905e-07
0.06 0.29 0 1.7858200075782048e-07
0.06 0.3 0 5.582054356223754e-08
0.06 0.31 0 8.312605742638468e-07
0.06 0.32 0 3.424250185625688e-06
0.06 0.33 0 1.1131111305715752e-05
0.06 0.34 0 4.560186164327606e-06
0.06 0.35000000000000003 0 3.1775491351021125e-06
0.06 0.36 0 4.08675832628234e-07
0.06 0.37 0 1.977260993016731e-06
0.06 0.38 0 3.59022543626473e-06
0.06 0.39 0 1.1404941578242338e-06
0.06 0.4 0 8.529142173589524e-07
0.06 0.41000000000000003 0 1.429664832146168e-06
0.06 0.42 0 3.0229359069404585e-06
0.06 0.43 0 5.0332563433236634e-06
0.06 0.44 0 1.4706598189118239e-06
0.06 0.45 0 4.3230553865497437e-07
0.06 0.46 0 8.695087809022336e-07
0.06 0.47000000000000003 0 3.944858506062304e-07
0.06 0.48 0 6.356023051548034e-07
0.06 0.49 0 2.480306400949078e-07
0.06 0.5 0 5.979268547207722e-08
0.07 0.0 0 3.1631820410078736e-06
0.07 0.01 0 1.186438720067656e-06
0.07 0.02 0 9.89773202026596e-07
0.07 0.03 0 8.977416924355338e-07
0.07 0.04 0 9.955908017367116e-07
0.07 0.05 0 4.03524156404604e-06
0.07 0.06 0 4.473420508595211e-06
0.07 0.07 0 1.0024853153553723e-05
0.07 0.08 0 3.854862072445315e-06
0.07 0.09 0 3.138628824178582e-06
0.07 0.1 0 2.3892456342313803e-06
0.07 0.11 0 1.3435200297447832e-06
0.07 0.12 0 2.5145710073743343e-06
0.07 0.13 0 4.446015281020738e-06
0.07 0.14 0 2.2168054250964137e-06
0.07 0.15 0 6.658202504853126e-06
0.07 0.16 0 1.299194031510548e-05
0.07 0.17 0 3.1199791619322774e-06
0.07 0.18 0 7.241405788460276e-06
0.07 0.19 0 8.19832786742339e-06
0.07 0.2 0 4.214230392751729e-06
0.07 0.21 0 4.4659312179327204e-06
0.07 0.22 0 8.262835349075735e-07
0.07 0.23 0 6.311069019767507e-07
0.07 0.24 0 7.738327179073838e-07
0.07 0.25 0 1.1456988229963774e-06
0.07 0.26 0 2.111160454861431e-06
0.07 0.27 0 7.368963336186113e-07
0.07 0.28 0 8.315703769260327e-07
0.07 0.29 0 1.7987281839208357e-07
0.07 0.3 0 2.637894444332459e-07
0.07 0.31 0 2.71922759626183e-07
0.07 0.32 0 8.645258211887021e-07
0.07 0.33 0 9.356649319646853e-07
0.07 0.34 0 2.384793441298533e-06
0.07 0.35000000000000003 0 5.629598020793928e-06
0.07 0.36 0 4.939089608570772e-06
0.07 0.37 0 2.6884287368530295e-06
0.07 0.38 0 3.3443986563936906e-06
0.07 0.39 0 4.229434425929233e-06
0.07 0.4 0 1.982261500601929e-06
0.07 0.41000000000000003 0 1.9751983617308108e-06
0.07 0.42 0 2.617121694093019e-06
0.07 0.43 0 2.028095934331626e-06
0.07 0.44 0 4.555466198415883e-06
0.07 0.45 0 3.5442573736859365e-06
0.07 0.46 0 3.1816198637904066e-06
0.07 0.47000000000000003 0 1.6458990181492544e-06
0.07 0.48 0 6.705074144653441e-07
0.07 0.49 0 4.645736508884943e-07
0.07 0.5 0 2.825035334093586e-07
0.08 0.0 0 6.287434115886649e-06
0.08 0.01 0 6.497605952361068e-06
0.08 0.02 0 1.4908933261869708e-05
0.08 0.03 0 3.1455426244651022e-06
0.08 0.04 0 2.858364716216653e-05
0.08 0.05 0 1.3745603921383684e-05
0.08 0.06 0 2.8149689570874574e-05
0.08 0.07 0 9.348888046586448e-06
0.08 0.08 0 1.5147969698936565e-05
0.08 0.09 0 1.799062486217482e-05
0.08 0.1 0 6.773242259071891e-06
0.08 0.11 0 9.420708110347164e-06
0.08 0.12 0 3.445092929646679e-06
0.08 0.13 0 3.4837458059115106e-06
0.08 0.14 0 3.6435819396048924e-06
0.08 0.15 0 3.5763093988740274e-06
0.08 0.16 0 1.3573020060410612e-06
0.08 0.17 0 1.541391752896087e-06
0.08 0.18 0 1.6658634430820125e-06
0.08 0.19 0 2.0022618347207837e-06
0.08 0.2 0 7.063749641543083e-06
0.08 0.21 0 6.856567706792291e-06
0.08 0.22 0 4.034191374162273e-06
0.08 0.23 0 3.133518781017633e-06
0.08 0.24 0 1.7954366142167382e-06
0.08 0.25 0 1.7867346062891008e-06
0.08 0.26 0 1.0257416752776024e-06
0.08 0.27 0 5.877731998321855e-07
0.08 0.28 0 2.795984194641165e-06
0.08 0.29 0 1.536593726889927e-06
0.08 0.3 0 1.060564078930362e-06
0.08 0.31 0 1.3260758748188226e-06
0.08 0.32 0 4.2631760165636006e-07
0.08 0.33 0 1.7544058040203834e-06
0.08 0.34 0 3.343373557776936e-06
0.08 0.35000000000000003 0 1.2460949515512727e-05
0.08 0.36 0 1.725211568475009e-05
0.08 0.37 0 4.881862577372705e-06
0.08 0.38 0 5.418305563065169e-07
0.08 0.39 0 2.4334459568714026e-06
0.08 0.4 0 1.0646962493260327e-06
0.08 0.41000000000000003 0 5.96348685219184e-06
0.08 0.42 0 3.2684113930184984e-06
0.08 0.43 0 6.236486836617589e-07
0.08 0.44 0 6.6144228486211034e-06
0.08 0.45 0 9.45616479039827e-06
0.08 0.46 0 1.599206770378996e-05
0.08 0.47000000000000003 0 4.2548338123291305e-06
0.08 0.48 0 4.873823000837569e-07
0.08 0.49 0 2.0006257158160894e-07
0.08 0.5 0 1.8154603615017708e-06
0.09 0.0 0 3.691501101932769e-05
0.09 0.01 0 1.90912409052181e-05
0.09 0.02 0 1.9160453821470705e-05
0.09 0.03 0 2.3373444760954646e-05
0.09 0.04 0 7.585694276403998e-06
0.09 0.05 0 1.4127789384154648e-05
0.09 0.06 0 2.3595063928784223e-05
0.09 0.07 0 1.1328923698031616e-05
0.09 0.08 0 7.873604512306546e-06
0.09 0.09 0 9.284363808390361e-06
0.09 0.1 0 2.367502392575397e-06
0.09 0.11 0 1.4667183964128738e-05
0.09 0.12 0 3.915025692595874e-06
0.09 0.13 0 4.7638838557786204e-06
0.09 0.14 0 2.1113940931619462e-06
0.09 0.15 0 3.2514749639196966e-06
0.09 0.16 0 2.9680354949735644e-06
0.09 0.17 0 1.1377007044979452e-06
0.09 0.18 0 4.796368668490004e-06
0.09 0.19 0 2.1732211346205846e-06
0.09 0.2 0 4.391771056963887e-06
0.09 0.21 0 7.301826287065016e-06
0.09 0.22 0 1.37576181117352e-05
0.09 0.23 0 5.543194546539249e-06
0.09 0.24 0 2.3292209096191672e-05
0.09 0.25 0 7.913564368530065e-05
0.09 0.26 0 1.1742011828076787e-05
0.09 0.27 0 1.3033301209947725e-05
0.09 0.28 0 1.0644702471211803e-05
0.09 0.29 0 8.554926958815839e-06
0.09 0.3 0 4.410215872086562e-06
0.09 0.31 0 2.75366391138234e-06
0.09 0.32 0 7.371663599436393e-07
0.09 0.33 0 9.323128839533023e-07
0.09 0.34 0 1.3459158227042635e-05
0.09 0.35000000000000003 0 5.412772677873842e-06
0.09 0.36 0 5.318637176838671e-06
0.09 0.37 0 2.407605682947272e-06
0.09 0.38 0 1.2693119924187616e-06
0.09 0.39 0 1.2203514855319185e-07
0.09 0.4 0 4.2327271786225255e-07
0.09 0.41000000000000003 0 1.84412303461575e-07
0.09 0.42 0 1.0862798197743094e-07
0.09 0.43 0 1.1490529953353029e-06
0.09 0.44 0 3.6526164341797426e-06
0.09 0.45 0 4.160707887305014e-06
0.09 0.46 0 7.21575732014612e-06
0.09 0.47000000000000003 0 1.190830130787553e-06
0.09 0.48 0 4.094967351381951e-07
0.09 0.49 0 7.229245279052241e-07
0.09 0.5 0 8.166167310010418e-07
0.1 0.0 0 4.090636008458998e-05
0.1 0.01 0 1.8213104823086893e-05
0.1 0.02 0 1.4587894655429343e-05
0.1 0.03 0 1.9794737685750088e-05
0.1 0.04 0 8.696424847062511e-06
0.1 0.05 0 6.5740263673505595e-06
0.1 0.06 0 8.543279838161044e-06
0.1 0.07 0 3.3332188556953374e-06
0.1 0.08 0 1.4182130160195169e-05
0.1 0.09 0 1.0417038140313247e-05
0.1 0.1 0 1.7275902067922038e-05
0.1 0.11 0 1.9634571445591545e-05
0.1 0.12 0 2.6703864306182714e-05
0.1 0.13 0 9.487822408134487e-06
0.1 0.14 0 9.004692918394562e-06
0.1 0.15 0 1.8744916090115457e-05
0.1 0.16 0 1.7476101000300354e-05
0.1 0.17 0 1.2678149946996237e-05
0.1 0.18 0 2.3436813315532148e-05
0.1 0.19 0 8.258995603299113e-06
0.1 0.2 0 5.948534994939424e-06
0.1 0.21 0 8.684438101474978e-05
0.1 0.22 0 0.00017054900131168777
0.1 0.23 0 9.853004841837416e-05
0.1 0.24 0 7.295467543381796e-05
0.1 0.25 0 1.2089480470331046e-05
0.1 0.26 0 4.841000030904233e-06
0.1 0.27 0 4.467756734049159e-05
0.1 0.28 0 1.80996687782004e-05
0.1 0.29 0 1.7187446761801995e-05
0.1 0.3 0 1.128524473708614e-05
0.1 0.31 0 3.181942402477315e-06
0.1 0.32 0 2.0614057231878693e-06
0.1 0.33 0 3.46994188466697e-06
0.1 0.34 0 8.112390461786625e-06
0.1 0.35000000000000003 0 3.728486965615411e-06
0.1 0.36 0 1.6534709153904091e-06
0.1 0.37 0 1.2050113680175379e-06
0.1 0.38 0 3.983983391822324e-07
0.1 0.39 0 6.945583892664869e-08
0.1 0.4 0 3.5437965730841694e-08
0.1 0.41000000000000003 0 2.4262534963713665e-08
0.1 0.42 0 2.1791368132006896e-08
0.1 0.43 0 2.8709580564689637e-07
0.1 0.44 0 1.0520547186987771e-07
0.1 0.45 0 6.118448282587153e-07
0.1 0.46 0 1.463171840897124e-06
0.1 0.47000000000000003 0 3.0133822836381686e-06
0.1 0.48 0 6.656355652002942e-06
0.1 0.49 0 4.350867136653636e-06
0.1 0.5 0 1.898770650855795e-06
0.11 0.0 0 1.0850545220198023e-06
0.11 0.01 0 9.237646960540665e-06
0.11 0.02 0 5.3642620237498906e-06
0.11 0.03 0 4.6113274795751655e-06
0.11 0.04 0 7.523660406681385e-06
0.11 0.05 0 1.900354504114213e-05
0.11 0.06 0 4.1561858959255087e-05
0.11 0.07 0 0.00021372350446969185
0.11 0.08 0 0.00019077290290255846
0.11 0.09 0 6.356595776407662e-05
0.11 0.1 0 4.907188139902394e-05
0.11 0.11 0 0.0001078114835196692
0.11 0.12 0 7.031573771303566e-05
0.11 0.13 0 0.00013913046820398598
0.11 0.14 0 9.821202103313892e-05
0.11 0.15 0 8.900473513323403e-05
0.11 0.16 0 0.00010075888583636345
0.11 0.17 0 9.437898980491806e-05
0.11 0.18 0 2.7993463123956324e-05
0.11 0.19 0 1.92242845186833e-05
0.11 0.2 0 2.9468658852752984e-05
0.11 0.21 0 5.079931925829689e-05
0.11 0.22 0 8.373624038381337e-05
0.11 0.23 0 9.704358234129546e-05
0.11 0.24 0 6.969676319292275e-05
0.11 0.25 0 2.3001687515303588e-05
0.11 0.26 0 3.265373480941745e-05
0.11 0.27 0 4.50908124675827e-05
0.11 0.28 0 1.9176355192686584e-05
0.11 0.29 0 8.767589712150024e-06
0.11 0.3 0 1.164102626968608e-05
0.11 0.31 0 1.4536799930489931e-05
0.11 0.32 0 5.575577354201692e-06
0.11 0.33 0 3.574640200941428e-06
0.11 0.34 0 6.297619465885394e-07
0.11 0.35000000000000003 0 2.288721849416562e-07
0.11 0.36 0 1.2261698938393308e-06
0.11 0.37 0 4.3493758490724955e-07
0.11 0.38 0 9.424026871549433e-07
0.11 0.39 0 4.880297854026068e-07
0.11 0.4 0 8.361903101999537e-08
0.11 0.41000000000000003 0 2.964017951808369e-08
0.11 0.42 0 1.212285871781622e-07
0.11 0.43 0 1.316600518214471e-07
0.11 0.44 0 8.967361272560199e-07
0.11 0.45 0 6.107205324835733e-06
0.11 0.46 0 6.9403534117505425e-06
0.11 0.47000000000000003 0 7.949567321542286e-06
0.11 0.48 0 8.044768528670112e-06
0.11 0.49 0 4.891415229450791e-06
0.11 0.5 0 1.5921565310143015e-05
0.12 0.0 0 1.5341751449460876e-07
0.12 0.01 0 1.6810240831789949e-06
0.12 0.02 0 1.503903596250851e-06
0.12 0.03 0 2.9285407242643115e-06
0.12 0.04 0 9.657951728145089e-06
0.12 0.05 0 2.0331079903639737e-05
0.12 0.06 0 2.6647263425008736e-05
0.12 0.07 0 0.00021237673409048142
0.12 0.08 0 0.0004523842359356509
0.12 0.09 0 0.00014261965399337424
0.12 0.1 0 0.0005178838542419421
0.12 0.11 0 0.00010217521005904456
0.12 0.12 0 0.000179806474696125
0.12 0.13 0 0.0002725542536607094
0.12 0.14 0 0.0005355848586158413
0.12 0.15 0 0.00021290850032382042
0.12 0.16 0 0.00040325913154623755
0.12 0.17 0 0.0002926472099051776
0.12 0.18 0 0.00012320078944933177
0.12 0.19 0 3.3578307886132634e-05
0.12 0.2 0 6.490740096188023e-05
0.12 0.21 0 1.4404966650422675e-05
0.12 0.22 0 3.963199646386623e-06
0.12 0.23 0 2.5870644049736883e-05
0.12 0.24 0 6.828546982540644e-06
0.12 0.25 0 2.4339151317971166e-05
0.12 0.26 0 2.1180944072238842e-05
0.12 0.27 0 9.932403656525925e-06
0.12 0.28 0 1.9739063224717723e-05
0.12 0.29 0 2.2973032883042275e-05
0.12 0.3 0 9.877542742860563e-06
0.12 0.31 0 7.89197088023014e-06
0.12 0.32 0 3.097233223489234e-06
0.12 0.33 0 1.5643140429576306e-06
0.12 0.34 0 1.4672761661146845e-06
0.12 0.35000000000000003 0 8.805402429008007e-07
0.12 0.36 0 1.5587836349217969e-06
0.12 0.37 0 1.4359095192251215e-06
0.12 0.38 0 1.441393121195122e-06
0.12 0.39 0 1.302528003179807e-06
0.12 0.4 0 2.5069754618738384e-07
0.12 0.41000000000000003 0 8.588965436910083e-08
0.12 0.42 0 7.103525498027551e-08
0.12 0.43 0 7.666716411626155e-07
0.12 0.44 0 2.0625857742215968e-06
0.12 0.45 0 1.579073371250515e-05
0.12 0.46 0 1.161568095265529e-05
0.12 0.47000000000000003 0 2.2518797757997703e-05
0.12 0.48 0 2.2520662088612293e-05
0.12 0.49 0 6.295087714563377e-05
0.12 0.5 0 0.00013914148118840985
0.13 0.0 0 7.792037374427852e-07
0.13 0.01 0 3.194874951749916e-06
0.13 0.02 0 3.7829403088914974e-06
0.13 0.03 0 3.3891823383416385e-05
0.13 0.04 0 1.665063938109659e-05
0.13 0.05 0 2.3907169629622845e-05
0.13 0.06 0 0.0001342670970574785
0.13 0.07 0 0.00017471287422812605
0.13 0.08 0 0.0003898676029600283
0.13 0.09 0 0.0006601588103039171
0.13 0.1 0 0.0006361385423234201
0.13 0.11 0 0.00016873319442877366
0.13 0.12 0 0.0003561847659068378
0.13 0.13 0 0.0005101230786730719
0.13 0.14 0 0.00019501726454456162
0.13 0.15 0 0.0003061864784164839
0.13 0.16 0 9.144259722628955e-05
0.13 0.17 0 0.0001921313765086804
0.13 0.18 0 8.820597844141507e-05
0.13 0.19 0 7.585860426628674e-05
0.13 0.2 0 1.9809063967664807e-05
0.13 0.21 0 3.7540157150582806e-05
0.13 0.22 0 3.3238284894590594e-05
0.13 0.23 0 1.3332253979275415e-05
0.13 0.24 0 2.3273640155886232e-05
0.13 0.25 0 2.020008973557795e-05
0.13 0.26 0 1.69384306829518e-05
0.13 0.27 0 8.571183952398827e-06
0.13 0.28 0 4.092830267221407e-06
0.13 0.29 0 1.8321326246828949e-06
0.13 0.3 0 5.664518933974881e-06
0.13 0.31 0 4.051302285978981e-06
0.13 0.32 0 6.967167486308042e-06
0.13 0.33 0 4.843112101634307e-06
0.13 0.34 0 2.566953714899743e-06
0.13 0.35000000000000003 0 6.133118290431664e-06
0.13 0.36 0 9.544395135091646e-06
0.13 0.37 0 1.8768662051196523e-05
0.13 0.38 0 2.1422861668199865e-05
0.13 0.39 0 8.549427944568351e-06
0.13 0.4 0 6.243588823568241e-06
0.13 0.41000000000000003 0 7.323982063262895e-06
0.13 0.42 0 4.245386654640931e-06
0.13 0.43 0 8.249834766427156e-06
0.13 0.44 0 2.2415891923836334e-05
0.13 0.45 0 4.3027032557205065e-06
0.13 0.46 0 5.005341226704906e-06
0.13 0.47000000000000003 0 6.113831779736362e-06
0.13 0.48 0 4.063508563218814e-05
0.13 0.49 0 0.00014873863910628424
0.13 0.5 0 0.00043337815661622145
0.14 0.0 0 9.902977390751581e-06
0.14 0.01 0 3.7097893573452535e-06
0.14 0.02 0 5.834855395026265e-06
0.14 0.03 0 1.0510099149753176e-05
0.14 0.04 0 7.988273639423251e-06
0.14 0.05 0 0.00010454285417253113
0.14 0.06 0 0.00039918550353352584
0.14 0.07 0 0.00011496706645461895
0.14 0.08 0 0.00012697343935759358
0.14 0.09 0 8.4639480172003e-05
0.14 0.1 0 0.00017681952070992566
0.14 0.11 0 0.00011413576658785407
0.14 0.12 0 2.8166879763548186e-05
0.14 0.13 0 1.8451774091798118e-05
0.14 0.14 0 4.552187307778659e-05
0.14 0.15 0 0.000266754994722402
0.14 0.16 0 0.0017223544317115085
0.14 0.17 0 0.00039427558397205
0.14 0.18 0 0.00019303281206927098
0.14 0.19 0 0.00010202112794038485
0.14 0.2 0 2.4492757249538115e-05
0.14 0.21 0 8.803471774071494e-05
0.14 0.22 0 0.0003269966090001038
0.14 0.23 0 4.9292209165489536e-05
0.14 0.24 0 0.00015664565392387028
0.14 0.25 0 3.978519189373144e-05
0.14 0.26 0 2.9205136587279534e-05
0.14 0.27 0 1.600208073366867e-05
0.14 0.28 0 1.4296108389645988e-06
0.14 0.29 0 5.970895836064823e-07
0.14 0.3 0 7.254999633615208e-07
0.14 0.31 0 4.012247810837844e-06
0.14 0.32 0 8.228034852521683e-06
0.14 0.33 0 3.6415608832968933e-05
0.14 0.34 0 2.1007168496112442e-05
0.14 0.35000000000000003 0 3.32185771429488e-05
0.14 0.36 0 2.9958550089488385e-05
0.14 0.37 0 9.618945836015396e-05
0.14 0.38 0 0.00010280664613048152
0.14 0.39 0 9.164451231522553e-05
0.14 0.4 0 8.216539205013272e-05
0.14 0.41000000000000003 0 6.001666616066596e-05
0.14 0.42 0 5.112594687493114e-05
0.14 0.43 0 1.1818487535203868e-05
0.14 0.44 0 1.1566946133123694e-05
0.14 0.45 0 1.8087794102160153e-05
0.14 0.46 0 1.015111169238732e-05
0.14 0.47000000000000003 0 5.703124813570044e-05
0.14 0.48 0 0.0001979410925647643
0.14 0.49 0 0.0003839360009845651
0.14 0.5 0 0.0004932709245827163
0.15 0.0 0 6.906089473648361e-05
0.15 0.01 0 1.9739689249665543e-05
0.15 0.02 0 1.124845521479261e-05
0.15 0.03 0 1.1606140376182135e-05
0.15 0.04 0 1.3719682215957227e-05
0.15 0.05 0 7.891059959004401e-05
0.15 0.06 0 0.00012783279361088274
0.15 0.07 0 0.00029668173315927274
0.15 0.08 0 0.00010875804540644394
0.15 0.09 0 0.00010697503011420175
0.15 0.1 0 9.223889211205278e-05
0.15 0.11 0 5.247774833411916e-05
0.15 0.12 0 6.358637232189952e-05
0.15 0.13 0 3.5575787427629297e-05
0.15 0.14 0 5.5618479406948786e-05
0.15 0.15 0 0.0003708851558096904
0.15 0.16 0 0.00042794956322691623
0.15 0.17 0 0.00024123749816072604
0.15 0.18 0 4.142408475346755e-05
0.15 0.19 0 3.145492326903063e-05
0.15 0.2 0 1.5652058885591016e-05
0.15 0.21 0 2.031004604243059e-05
0.15 0.22 0 1.5224674325401173e-05
0.15 0.23 0 5.7378707451746577e-05
0.15 0.24 0 3.914075895443545e-05
0.15 0.25 0 6.417121483746244e-05
0.15 0.26 0 0.00010383224751156569
0.15 0.27 0 9.352186456806065e-06
0.15 0.28 0 1.1358132805876687e-05
0.15 0.29 0 3.4269014751268107e-06
0.15 0.3 0 2.7622021220825182e-06
0.15 0.31 0 1.0444909196381341e-05
0.15 0.32 0 8.732422290145754e-06
0.15 0.33 0 4.191926865345327e-06
0.15 0.34 0 1.437324807958546e-05
0.15 0.35000000000000003 0 1.452571783227595e-05
0.15 0.36 0 6.885147407611718e-06
0.15 0.37 0 3.627436927635253e-05
0.15 0.38 0 3.513481756665014e-05
0.15 0.39 0 5.015652575213672e-05
0.15 0.4 0 0.0001339232163817606
0.15 0.41000000000000003 0 7.761597708847249e-05
0.15 0.42 0 0.00017953686655429465
0.15 0.43 0 8.365618010174711e-05
0.15 0.44 0 0.0001231964416694285
0.15 0.45 0 5.617643362545398e-05
0.15 0.46 0 2.8060747368563408e-05
0.15 0.47000000000000003 0 0.00010559418285965285
0.15 0.48 0 0.00011289767974871666
0.15 0.49 0 0.00020104607426080795
0.15 0.5 0 0.001627266523568536
0.16 0.0 0 2.0633282766056582e-05
0.16 0.01 0 5.336593649768149e-06
0.16 0.02 0 3.689746396139529e-05
0.16 0.03 0 4.482245272622654e-05
0.16 0.04 0 0.00044050963246739845
0.16 0.05 0 9.769915683554676e-05
0.16 0.06 0 4.72334541377464e-05
0.16 0.07 0 3.7362680005339546e-05
0.16 0.08 0 1.4369481560841438e-05
0.16 0.09 0 4.774318454169411e-05
0.16 0.1 0 4.887669941005352e-06
0.16 0.11 0 2.2288645977203073e-06
0.16 0.12 0 1.3938459763782614e-05
0.16 0.13 0 2.356709745913255e-05
0.16 0.14 0 5.619015580508053e-05
0.16 0.15 0 0.0001482197081267952
0.16 0.16 0 8.044689410145122e-05
0.16 0.17 0 6.885152196354707e-05
0.16 0.18 0 9.216565894416903e-05
0.16 0.19 0 1.373566427477925e-05
0.16 0.2 0 1.179957368738858e-05
0.16 0.21 0 1.2394137446516295e-05
0.16 0.22 0 3.171403365564776e-05
0.16 0.23 0 2.915326872719576e-05
0.16 0.24 0 0.00012145335311997895
0.16 0.25 0 2.647370762927614e-05
0.16 0.26 0 1.0002790331934939e-05
0.16 0.27 0 2.504904505880642e-05
0.16 0.28 0 1.674040888985925e-05
0.16 0.29 0 4.257674218570021e-06
0.16 0.3 0 7.299191875785824e-06
0.16 0.31 0 2.1978786801535738e-06
0.16 0.32 0 9.1445306173421e-07
0.16 0.33 0 2.6291537279697114e-06
0.16 0.34 0 2.467760442025616e-06
0.16 0.35000000000000003 0 1.5110209974905962e-05
0.16 0.36 0 1.7894691576530433e-05
0.16 0.37 0 4.702567977178122e-05
0.16 0.38 0 1.234984574707218e-05
0.16 0.39 0 2.7637808522465538e-05
0.16 0.4 0 7.677816467895061e-05
0.16 0.41000000000000003 0 2.9278414131985645e-05
0.16 0.42 0 2.5404485102885043e-05
0.16 0.43 0 4.052821803607325e-05
0.16 0.44 0 6.866913247562795e-05
0.16 0.45 0 4.1691616361232206e-05
0.16 0.46 0 0.00016296694813086845
0.16 0.47000000000000003 0 0.00011376024761241001
0.16 0.48 0 1.9379004741251125e-05
0.16 0.49 0 0.00016922378175108718
0.16 0.5 0 0.00013324416112506208
0.17 0.0 0 4.039118476271842e-06
0.17 0.01 0 8.328228408613462e-06
0.17 0.02 0 3.239648961517269e-05
0.17 0.03 0 1.0029906757851815e-05
0.17 0.04 0 1.2527324930276469e-05
0.17 0.05 0 3.42037314236153e-05
0.17 0.06 0 2.1164392002239333e-05
0.17 0.07 0 1.553493275325804e-05
0.17 0.08 0 3.100413088399212e-06
0.17 0.09 0 2.6537415791727797e-06
0.17 0.1 0 3.1723359820525437e-07
0.17 0.11 0 1.970564796385532e-06
0.17 0.12 0 2.806928682306006e-06
0.17 0.13 0 1.251864021908982e-05
0.17 0.14 0 5.667342771499701e-05
0.17 0.15 0 2.3565793121524313e-05
0.17 0.16 0 1.8848741997713255e-05
0.17 0.17 0 2.074018155013793e-05
0.17 0.18 0 2.248317366871514e-05
0.17 0.19 0 5.961732610704727e-06
0.17 0.2 0 3.2169864957122633e-06
0.17 0.21 0 4.203096229090652e-06
0.17 0.22 0 9.815892659183757e-06
0.17 0.23 0 3.0283877887270587e-05
0.17 0.24 0 6.360529286495249e-05
0.17 0.25 0 5.3679272125806825e-05
0.17 0.26 0 5.5533008887158035e-06
0.17 0.27 0 5.744393651717795e-05
0.17 0.28 0 1.2932367753247362e-05
0.17 0.29 0 7.278843546624912e-06
0.17 0.3 0 7.292470731427405e-06
0.17 0.31 0 8.113379421402509e-07
0.17 0.32 0 1.0006402576019425e-06
0.17 0.33 0 2.8090033781552843e-06
0.17 0.34 0 3.1761094651941818e-06
0.17 0.35000000000000003 0 4.033368810582994e-06
0.17 0.36 0 6.359456433167038e-05
0.17 0.37 0 5.062559051150293e-05
0.17 0.38 0 2.3368074130493685e-05
0.17 0.39 0 9.743649893437285e-06
0.17 0.4 0 7.767956890842e-06
0.17 0.41000000000000003 0 1.2994648723682262e-06
0.17 0.42 0 1.0840943305104186e-06
0.17 0.43 0 1.7704661075050565e-06
0.17 0.44 0 2.813130490172923e-06
0.17 0.45 0 1.216572430052796e-05
0.17 0.46 0 8.010134557672923e-05
0.17 0.47000000000000003 0 4.5766013131709406e-05
0.17 0.48 0 3.9432649632086905e-05
0.17 0.49 0 9.233838514711835e-05
0.17 0.5 0 1.5165973535198694e-05
0.18 0.0 0 9.633005216615038e-06
0.18 0.01 0 2.9172552942355146e-05
0.18 0.02 0 6.127536430787214e-05
0.18 0.03 0 1.6323041985876614e-05
0.18 0.04 0 4.755156697905657e-06
0.18 0.05 0 9.913895385078875e-06
0.18 0.06 0 3.1929606752642574e-05
0.18 0.07 0 1.9199167058545214e-05
0.18 0.08 0 1.329323101988761e-05
0.18 0.09 0 2.31624733840982e-06
0.18 0.1 0 2.6211478744451057e-06
0.18 0.11 0 3.1560475491854692e-06
0.18 0.12 0 1.7768800248863465e-06
0.18 0.13 0 8.036215696733385e-07
0.18 0.14 0 4.4043090179840265e-06
0.18 0.15 0 1.0236940047823144e-05
0.18 0.16 0 1.5494324631793223e-05
0.18 0.17 0 2.127143734670222e-05
0.18 0.18 0 6.626922597441112e-06
0.18 0.19 0 3.4961439275110506e-06
0.18 0.2 0 1.1165757549687418e-05
0.18 0.21 0 1.3312353621273132e-05
0.18 0.22 0 3.8022917260745626e-05
0.18 0.23 0 6.244323482323491e-05
0.18 0.24 0 1.936389542189756e-05
0.18 0.25 0 8.120719006663625e-06
0.18 0.26 0 8.104397998686871e-06
0.18 0.27 0 8.461082567804003e-06
0.18 0.28 0 1.3098375562034268e-05
0.18 0.29 0 1.4101330977399872e-05
0.18 0.3 0 4.656045396234327e-06
0.18 0.31 0 6.800936627118159e-07
0.18 0.32 0 3.309491591257187e-06
0.18 0.33 0 1.2828840117224895e-05
0.18 0.34 0 4.325028262811078e-05
0.18 0.35000000000000003 0 2.4429557887979905e-05
0.18 0.36 0 2.0156989176272798e-05
0.18 0.37 0 2.7052230157102545e-05
0.18 0.38 0 2.265350072365093e-05
0.18 0.39 0 1.1959515656379687e-05
0.18 0.4 0 6.900702125377316e-07
0.18 0.41000000000000003 0 2.0203559159800343e-07
0.18 0.42 0 5.545168463858959e-08
0.18 0.43 0 1.504858157056053e-07
0.18 0.44 0 2.413487068202576e-07
0.18 0.45 0 1.0879161773190406e-06
0.18 0.46 0 2.1886998742454414e-06
0.18 0.47000000000000003 0 4.181538341038037e-06
0.18 0.48 0 6.9957286927201534e-06
0.18 0.49 0 8.972795372338385e-06
0.18 0.5 0 8.812683442227275e-06
0.19 0.0 0 1.7660842543073419e-06
0.19 0.01 0 2.480845147080807e-06
0.19 0.02 0 5.459039026036648e-06
0.19 0.03 0 6.326377545823064e-06
0.19 0.04 0 2.799518678821117e-05
0.19 0.05 0 3.1067020635816385e-05
0.19 0.06 0 6.694855836318514e-05
0.19 0.07 0 0.0003781838027725516
0.19 0.08 0 3.567931470157516e-05
0.19 0.09 0 2.0163175991513802e-05
0.19 0.1 0 1.5174803927177838e-05
0.19 0.11 0 5.15557080592988e-06
0.19 0.12 0 5.5729838029529436e-06
0.19 0.13 0 3.3719264497948777e-06
0.19 0.14 0 1.1129165252449483e-06
0.19 0.15 0 1.4407586746669417e-05
0.19 0.16 0 7.770822701687465e-05
0.19 0.17 0 6.643686205911792e-05
0.19 0.18 0 3.085020085326661e-05
0.19 0.19 0 1.0492667039778468e-05
0.19 0.2 0 6.042566823738074e-06
0.19 0.21 0 1.310403041555956e-05
0.19 0.22 0 9.624745831027637e-06
0.19 0.23 0 6.5739515705236455e-06
0.19 0.24 0 1.4122116123468278e-06
0.19 0.25 0 1.5256678086432787e-06
0.19 0.26 0 8.792608829695235e-06
0.19 0.27 0 2.4052576402262352e-05
0.19 0.28 0 8.75032694642967e-06
0.19 0.29 0 2.4025442008939203e-05
0.19 0.3 0 4.55778366139511e-06
0.19 0.31 0 4.447604235295266e-06
0.19 0.32 0 7.639786822476638e-06
0.19 0.33 0 3.5479379802065783e-06
0.19 0.34 0 1.1400410111935412e-05
0.19 0.35000000000000003 0 1.6244970813895804e-05
0.19 0.36 0 2.3956906696556674e-05
0.19 0.37 0 1.603038659807223e-05
0.19 0.38 0 9.79459171884415e-06
0.19 0.39 0 2.020282578363147e-06
0.19 0.4 0 1.411145629011386e-07
0.19 0.41000000000000003 0 2.2505469747331064e-08
0.19 0.42 0 4.548350213462171e-08
0.19 0.43 0 8.910832284306159e-08
0.19 0.44 0 7.785947865857132e-07
0.19 0.45 0 4.811506497102581e-06
0.19 0.46 0 6.325852611267742e-06
0.19 0.47000000000000003 0 4.464833265297678e-06
0.19 0.48 0 1.0352103390781452e-05
0.19 0.49 0 1.628685615891206e-05
0.19 0.5 0 4.6568730114180315e-05
0.2 0.0 0 4.86018146097457e-07
0.2 0.01 0 2.8353113917416816e-06
0.2 0.02 0 3.931843559628394e-06
0.2 0.03 0 2.7476094625075722e-05
0.2 0.04 0 0.00018402061304924146
0.2 0.05 0 0.000432073187043714
0.2 0.06 0 0.0005435712562986178
0.2 0.07 0 0.00010185502592616053
0.2 0.08 0 0.0001043299972789658
0.2 0.09 0 0.00012411494920645423
0.2 0.1 0 5.004110379779553e-05
0.2 0.11 0 9.29036891743677e-06
0.2 0.12 0 5.256856273213102e-06
0.2 0.13 0 9.787950254707654e-07
0.2 0.14 0 6.4985336671691355e-06
0.2 0.15 0 2.5745078964091262e-05
0.2 0.16 0 0.00011186796989802319
0.2 0.17 0 3.640992151347639e-05
0.2 0.18 0 1.902784818415571e-05
0.2 0.19 0 1.869768906052862e-05
0.2 0.2 0 2.059182372762538e-05
0.2 0.21 0 3.954405748237163e-05
0.2 0.22 0 9.435706015908038e-06
0.2 0.23 0 2.2460957081266904e-06
0.2 0.24 0 6.17252731793399e-07
0.2 0.25 0 3.753685004252843e-07
0.2 0.26 0 6.91045719242367e-07
0.2 0.27 0 3.6914269810620073e-06
0.2 0.28 0 7.4281358904215755e-06
0.2 0.29 0 3.030960588427022e-06
0.2 0.3 0 3.0870036092285393e-06
0.2 0.31 0 1.1952835165321854e-06
0.2 0.32 0 2.53202845624164e-06
0.2 0.33 0 3.955104624060856e-06
0.2 0.34 0 6.252375711787273e-06
0.2 0.35000000000000003 0 3.0633604108060695e-06
0.2 0.36 0 6.735381448793731e-06
0.2 0.37 0 9.407991879488826e-07
0.2 0.38 0 5.600722276567443e-07
0.2 0.39 0 1.089029019690897e-06
0.2 0.4 0 1.0809397014574116e-07
0.2 0.41000000000000003 0 7.62396026684826e-08
0.2 0.42 0 3.432712735342051e-08
0.2 0.43 0 6.230598142087128e-08
0.2 0.44 0 1.0343437715052762e-07
0.2 0.45 0 2.374647182319744e-06
0.2 0.46 0 1.2573087839301857e-05
0.2 0.47000000000000003 0 3.5964964342627504e-05
0.2 0.48 0 5.196399228749737e-05
0.2 0.49 0 5.5725143475685006e-05
0.2 0.5 0 4.17771433431271e-05
0.21 0.0 0 1.794824606313775e-06
0.21 0.01 0 5.256254767996483e-06
0.21 0.02 0 1.1963524410428121e-05
0.21 0.03 0 2.8687536733375767e-05
0.21 0.04 0 6.086480793667874e-05
0.21 0.05 0 6.762453950082299e-05
0.21 0.06 0 0.0001360057917205221
0.21 0.07 0 1.1478931467696393e-05
0.21 0.08 0 6.552428231885635e-05
0.21 0.09 0 2.883119733299897e-05
0.21 0.1 0 5.85276821293242e-06
0.21 0.11 0 9.81964704388948e-06
0.21 0.12 0 3.687248131223625e-06
0.21 0.13 0 7.848840127644148e-06
0.21 0.14 0 3.443421387161777e-05
0.21 0.15 0 8.86019180507995e-05
0.21 0.16 0 3.397790089225327e-05
0.21 0.17 0 0.00011338398879103871
0.21 0.18 0 2.4884073788973298e-05
0.21 0.19 0 4.618621891940921e-05
0.21 0.2 0 4.07624754960936e-05
0.21 0.21 0 2.0209699566273375e-05
0.21 0.22 0 1.0278579201255153e-05
0.21 0.23 0 2.852898361687498e-06
0.21 0.24 0 3.243432396770981e-06
0.21 0.25 0 1.6407584115993108e-06
0.21 0.26 0 3.536791605863729e-07
0.21 0.27 0 2.1662230338938171e-07
0.21 0.28 0 1.781073935995645e-07
0.21 0.29 0 2.1994179126618408e-07
0.21 0.3 0 2.8112228808180814e-07
0.21 0.31 0 3.611537614439267e-07
0.21 0.32 0 8.960956912260757e-07
0.21 0.33 0 3.834624556752465e-06
0.21 0.34 0 1.7687904633802589e-06
0.21 0.35000000000000003 0 3.1424348403615327e-06
0.21 0.36 0 1.1082335993996524e-06
0.21 0.37 0 6.751871503608192e-07
0.21 0.38 0 5.593247418853621e-07
0.21 0.39 0 3.8745333529379006e-07
0.21 0.4 0 3.9347854058985315e-07
0.21 0.41000000000000003 0 3.964944618313562e-07
0.21 0.42 0 1.9865443511360593e-07
0.21 0.43 0 1.8373175220509052e-07
0.21 0.44 0 3.016609680264432e-07
0.21 0.45 0 5.823778438119337e-07
0.21 0.46 0 1.3829053152873485e-05
0.21 0.47000000000000003 0 1.647696952674218e-05
0.21 0.48 0 3.5646833747528405e-05
0.21 0.49 0 9.674699836645186e-06
0.21 0.5 0 2.4705931464525745e-05
0.22 0.0 0 1.3249113458868047e-06
0.22 0.01 0 4.71990226478366e-06
0.22 0.02 0 6.565054330327472e-06
0.22 0.03 0 1.3937254886679461e-05
0.22 0.04 0 7.302196503649227e-06
0.22 0.05 0 5.212256730805925e-06
0.22 0.06 0 8.691073105837724e-06
0.22 0.07 0 1.331190504511588e-05
0.22 0.08 0 1.3897560581658273e-05
0.22 0.09 0 8.227695351336431e-06
0.22 0.1 0 3.582419150750308e-06
0.22 0.11 0 3.2031284675670986e-06
0.22 0.12 0 8.99258014730943e-06
0.22 0.13 0 5.25465627295382e-06
0.22 0.14 0 2.7891014474145616e-06
0.22 0.15 0 2.315223775451575e-06
0.22 0.16 0 1.1234471925177506e-06
0.22 0.17 0 1.5847098042824089e-06
0.22 0.18 0 7.87878468188379e-06
0.22 0.19 0 4.831182269129433e-06
0.22 0.2 0 7.906882111039493e-06
0.22 0.21 0 1.662547726475381e-05
0.22 0.22 0 2.763200720992687e-05
0.22 0.23 0 7.83152951773365e-06
0.22 0.24 0 3.037875083889068e-05
0.22 0.25 0 1.4248221383816445e-05
0.22 0.26 0 9.056252874668062e-06
0.22 0.27 0 1.4174553513606053e-06
0.22 0.28 0 3.3360011488808584e-07
0.22 0.29 0 3.8420386755751593e-07
0.22 0.3 0 1.5309826363509203e-07
0.22 0.31 0 2.9802845544824e-07
0.22 0.32 0 2.3427400469121402e-07
0.22 0.33 0 3.191245261330108e-07
0.22 0.34 0 2.337945408626816e-06
0.22 0.35000000000000003 0 3.0929288753326865e-06
0.22 0.36 0 1.1777797892740709e-06
0.22 0.37 0 1.9572454579614537e-06
0.22 0.38 0 2.5285346800849265e-06
0.22 0.39 0 1.6666026117593713e-06
0.22 0.4 0 8.725953098220406e-06
0.22 0.41000000000000003 0 1.7608808664539127e-06
0.22 0.42 0 3.2648959654046496e-07
0.22 0.43 0 5.03387594188959e-07
0.22 0.44 0 1.268934175365121e-06
0.22 0.45 0 3.6973585905092755e-06
0.22 0.46 0 5.176429256471752e-06
0.22 0.47000000000000003 0 4.780331839854347e-06
0.22 0.48 0 1.4857585730244532e-06
0.22 0.49 0 1.831451431908616e-06
0.22 0.5 0 3.980599442139343e-06
0.23 0.0 0 1.7899912783665305e-05
0.23 0.01 0 3.060503263391044e-05
0.23 0.02 0 2.330642971310264e-05
0.23 0.03 0 7.952239067240321e-06
0.23 0.04 0 4.249693172333415e-06
0.23 0.05 0 7.844847146376817e-06
0.23 0.06 0 8.258067445575359e-06
0.23 0.07 0 1.7972136039790246e-05
0.23 0.08 0 1.6878297877390956e-05
0.23 0.09 0 1.3909199238250923e-06
0.23 0.1 0 1.6671240632452383e-06
0.23 0.11 0 3.061966049502842e-06
0.23 0.12 0 9.140837308333334e-06
0.23 0.13 0 9.610734648428824e-06
0.23 0.14 0 1.296594267647764e-06
0.23 0.15 0 2.558938917459885e-07
0.23 0.16 0 7.475503753801496e-08
0.23 0.17 0 3.9339514222804633e-07
0.23 0.18 0 4.285163165305664e-06
0.23 0.19 0 1.3050142032473909e-05
0.23 0.2 0 4.995725564517175e-06
0.23 0.21 0 2.217450751653684e-05
0.23 0.22 0 1.8327198876101133e-05
0.23 0.23 0 6.495087911270352e-05
0.23 0.24 0 7.257250962648607e-05
0.23 0.25 0 8.995713327893435e-06
0.23 0.26 0 8.775031872261532e-06
0.23 0.27 0 4.313811567131773e-06
0.23 0.28 0 3.0517099054363488e-06
0.23 0.29 0 1.9482558319244086e-06
0.23 0.3 0 1.5554715932933226e-06
0.23 0.31 0 1.9224730277724995e-06
0.23 0.32 0 6.263209784434692e-07
0.23 0.33 0 3.5010317377944007e-06
0.23 0.34 0 1.9920773531284723e-06
0.23 0.35000000000000003 0 2.425364235052943e-06
0.23 0.36 0 3.386399962150604e-06
0.23 0.37 0 2.3339584615232885e-06
0.23 0.38 0 3.6566187299020858e-06
0.23 0.39 0 7.004468045410358e-06
0.23 0.4 0 3.9606908040218705e-06
0.23 0.41000000000000003 0 4.7819945166834736e-06
0.23 0.42 0 5.648360534390706e-06
0.23 0.43 0 3.615083128420569e-06
0.23 0.44 0 2.279813194863688e-06
0.23 0.45 0 2.0918082177411272e-06
0.23 0.46 0 1.1371798409789444e-06
0.23 0.47000000000000003 0 3.856554147983304e-07
0.23 0.48 0 1.9429809669524323e-06
0.23 0.49 0 4.321594025587503e-06
0.23 0.5 0 9.23659128652217e-06
0.24 0.0 0 7.549783838686793e-05
0.24 0.01 0 6.041671270437131e-05
0.24 0.02 0 4.779990618952141e-05
0.24 0.03 0 1.4357702010208538e-05
0.24 0.04 0 2.0895933639579706e-05
0.24 0.05 0 7.719272329836959e-05
0.24 0.06 0 1.8892515499566876e-05
0.24 0.07 0 3.785482900826788e-05
0.24 0.08 0 1.72640466525244e-05
0.24 0.09 0 5.255092270765282e-06
0.24 0.1 0 3.5062557640035243e-06
0.24 0.11 0 1.646281335013663e-05
0.24 0.12 0 4.132736050634476e-06
0.24 0.13 0 2.4939847253451555e-06
0.24 0.14 0 1.8012894623447838e-06
0.24 0.15 0 5.416475752146916e-07
0.24 0.16 0 6.8731577646039e-07
0.24 0.17 0 2.488482961580057e-06
0.24 0.18 0 4.842134071544902e-06
0.24 0.19 0 2.6908050253078605e-06
0.24 0.2 0 3.3725645543018664e-05
0.24 0.21 0 6.816017035406207e-06
0.24 0.22 0 8.582178571783513e-06
0.24 0.23 0 4.515232452121754e-05
0.24 0.24 0 3.061767940100985e-05
0.24 0.25 0 1.28303300590363e-05
0.24 0.26 0 3.534170626625913e-05
0.24 0.27 0 9.0049456527176e-06
0.24 0.28 0 1.0924476396164285e-05
0.24 0.29 0 4.9064546234970065e-06
0.24 0.3 0 3.0234620479276836e-06
0.24 0.31 0 2.6261385983791897e-06
0.24 0.32 0 2.2399969932130438e-06
0.24 0.33 0 1.454000880550506e-05
0.24 0.34 0 3.897726852556119e-06
0.24 0.35000000000000003 0 5.191203927397244e-06
0.24 0.36 0 3.973404298398056e-06
0.24 0.37 0 5.969294549144514e-07
0.24 0.38 0 3.038487869040442e-06
0.24 0.39 0 4.679856043165777e-06
0.24 0.4 0 3.2970584193814e-06
0.24 0.41000000000000003 0 2.8018470680050683e-06
0.24 0.42 0 1.1408322815951813e-05
0.24 0.43 0 7.251190378200032e-06
0.24 0.44 0 8.851580219592101e-06
0.24 0.45 0 8.60446670901907e-06
0.24 0.46 0 5.582241653830521e-06
0.24 0.47000000000000003 0 4.448941548940643e-06
0.24 0.48 0 5.003581227545333e-06
0.24 0.49 0 3.064182678932655e-05
0.24 0.5 0 8.039739509760528e-06
0.25 0.0 0 0.0006189448401401048
0.25 0.01 0 0.0003763850252578258
0.25 0.02 0 2.3979251003090903e-05
0.25 0.03 0 2.4053633346677768e-05
0.25 0.04 0 4.652616384004169e-05
0.25 0.05 0 4.290719088310528e-05
0.25 0.06 0 1.761336988562833e-05
0.25 0.07 0 6.769075204495269e-06
0.25 0.08 0 2.93347233994885e-06
0.25 0.09 0 1.0688873152892405e-05
0.25 0.1 0 1.894167384532148e-05
0.25 0.11 0 2.60086741952477e-05
0.25 0.12 0 7.465224196304413e-06
0.25 0.13 0 2.2570814125697185e-06
0.25 0.14 0 3.998851550538212e-06
0.25 0.15 0 1.8873809924813235e-06
0.25 0.16 0 5.584211825941159e-06
0.25 0.17 0 6.574829232973783e-06
0.25 0.18 0 4.608819427846749e-06
0.25 0.19 0 4.254855796229889e-06
0.25 0.2 0 2.643158355039236e-05
0.25 0.21 0 4.764019424487934e-05
0.25 0.22 0 1.0704627380630562e-05
0.25 0.23 0 3.150598097441182e-05
0.25 0.24 0 7.759873114694217e-06
0.25 0.25 0 1.5309948649808107e-05
0.25 0.26 0 8.978492404410704e-06
0.25 0.27 0 4.989248472353847e-06
0.25 0.28 0 2.0102061296844483e-06
0.25 0.29 0 4.456006098758424e-06
0.25 0.3 0 6.387032812257274e-06
0.25 0.31 0 4.711218389948109e-06
0.25 0.32 0 4.696519306499528e-06
0.25 0.33 0 2.504531539297715e-06
0.25 0.34 0 1.106039000906906e-06
0.25 0.35000000000000003 0 1.6130900649619232e-06
0.25 0.36 0 1.0495092231858132e-06
0.25 0.37 0 2.2177364331276568e-07
0.25 0.38 0 4.45224669615084e-07
0.25 0.39 0 1.35276746314208e-06
0.25 0.4 0 2.5901860915604244e-06
0.25 0.41000000000000003 0 5.418539150783369e-06
0.25 0.42 0 7.633105907713304e-06
0.25 0.43 0 1.4682224078861419e-05
0.25 0.44 0 2.4040204225399657e-05
0.25 0.45 0 1.822564342296983e-05
0.25 0.46 0 6.886668661454264e-06
0.25 0.47000000000000003 0 1.7653257234974747e-05
0.25 0.48 0 1.7151642121022507e-05
0.25 0.49 0 5.719973963769845e-05
0.25 0.5 0 1.2309560569015999e-05
0.26 0.0 0 0.0005315615830575318
0.26 0.01 0 0.00022236591922714905
0.26 0.02 0 0.0001035933145272074
0.26 0.03 0 0.00015227867146112468
0.26 0.04 0 2.0860317822817448e-05
0.26 0.05 0 1.6939536185604195e-05
0.26 0.06 0 9.924577539938715e-06
0.26 0.07 0 5.900799091831536e-06
0.26 0.08 0 1.4319592327335904e-05
0.26 0.09 0 2.4819183883594753e-05
0.26 0.1 0 7.935992596189463e-05
0.26 0.11 0 1.6855817201860852e-05
0.26 0.12 0 4.617081263521013e-06
0.26 0.13 0 2.8386450773730777e-05
0.26 0.14 0 1.625506741452568e-05
0.26 0.15 0 4.467088194774162e-05
0.26 0.16 0 5.403081110412525e-05
0.26 0.17 0 3.1282201075175373e-06
0.26 0.18 0 4.03217441551958e-06
0.26 0.19 0 3.884879466921732e-06
0.26 0.2 0 2.74656534929674e-06
0.26 0.21 0 4.6656233653351626e-05
0.26 0.22 0 4.610826973444041e-05
0.26 0.23 0 7.010778809213864e-06
0.26 0.24 0 3.2508381752371726e-06
0.26 0.25 0 1.0449393830914545e-06
0.26 0.26 0 1.537167677333219e-06
0.26 0.27 0 2.8299396145745193e-06
0.26 0.28 0 1.1836522590762837e-05
0.26 0.29 0 7.1789384169672214e-06
0.26 0.3 0 1.3954931036986663e-05
0.26 0.31 0 1.0668139022922006e-05
0.26 0.32 0 1.8584335795285482e-05
0.26 0.33 0 4.061026854130543e-06
0.26 0.34 0 3.9042937329350225e-06
0.26 0.35000000000000003 0 7.665442138114e-07
0.26 0.36 0 1.9159619538608033e-07
0.26 0.37 0 3.378152496356532e-07
0.26 0.38 0 1.5830944830739183e-07
0.26 0.39 0 4.5343892793457903e-07
0.26 0.4 0 3.6744982688999282e-06
0.26 0.41000000000000003 0 6.828892465217769e-06
0.26 0.42 0 6.815844418449621e-06
0.26 0.43 0 1.4170580470184655e-05
0.26 0.44 0 2.0655732814361132e-05
0.26 0.45 0 3.527358233717508e-05
0.26 0.46 0 3.4891009337396675e-05
0.26 0.47000000000000003 0 1.622221488497109e-05
0.26 0.48 0 6.682575976820527e-05
0.26 0.49 0 6.36369161448431e-05
0.26 0.5 0 4.143678164583812e-05
0.27 0.0 0 0.00026771855512765783
0.27 0.01 0 8.608329910117826e-05
0.27 0.02 0 0.0009683783719234619
0.27 0.03 0 0.0010975262650837173
0.27 0.04 0 0.00014575395379646427
0.27 0.05 0 9.358463066918321e-05
0.27 0.06 0 4.145338984700014e-05
0.27 0.07 0 5.5476502039607215e-05
0.27 0.08 0 7.949869634184275e-05
0.27 0.09 0 4.1772543227245975e-05
0.27 0.1 0 2.567777884127889e-05
0.27 0.11 0 1.3652498386437447e-05
0.27 0.12 0 1.5785972621235113e-05
0.27 0.13 0 1.1327585515615352e-05
0.27 0.14 0 1.5266102109682864e-05
0.27 0.15 0 1.5237082742715233e-05
0.27 0.16 0 8.946958132675979e-06
0.27 0.17 0 1.1578128589759819e-05
0.27 0.18 0 2.2832612288643765e-05
0.27 0.19 0 1.330806866079228e-05
0.27 0.2 0 1.6983281524844486e-05
0.27 0.21 0 1.3069652853100852e-05
0.27 0.22 0 1.5410022460920137e-05
0.27 0.23 0 3.2018240101295356e-05
0.27 0.24 0 2.4064201703468922e-06
0.27 0.25 0 3.447663625766656e-06
0.27 0.26 0 2.17070999071156e-06
0.27 0.27 0 5.045563054534801e-06
0.27 0.28 0 1.2890846010668552e-05
0.27 0.29 0 1.9341821040234447e-05
0.27 0.3 0 9.051373671779837e-06
0.27 0.31 0 1.1254306211518658e-05
0.27 0.32 0 9.985924206368233e-06
0.27 0.33 0 3.267886271112688e-06
0.27 0.34 0 2.7200377040269646e-06
0.27 0.35000000000000003 0 1.1568834922882997e-06
0.27 0.36 0 3.4445747558408983e-07
0.27 0.37 0 4.873954916072304e-07
0.27 0.38 0 3.8321104490851804e-07
0.27 0.39 0 2.2967293486439945e-07
0.27 0.4 0 4.867519802419899e-07
0.27 0.41000000000000003 0 3.514804583413955e-06
0.27 0.42 0 3.114551419639203e-06
0.27 0.43 0 1.95335649321428e-06
0.27 0.44 0 3.316969477549026e-06
0.27 0.45 0 9.915465980345245e-06
0.27 0.46 0 1.8684774769549673e-05
0.27 0.47000000000000003 0 3.8100675896695496e-05
0.27 0.48 0 2.06167475542239e-05
0.27 0.49 0 1.2352331962464664e-05
0.27 0.5 0 4.842774522413302e-05
0.28 0.0 0 3.506907133656652e-05
0.28 0.01 0 0.00028901654591089614
0.28 0.02 0 0.0003147519225221914
0.28 0.03 0 0.000673546556312511
0.28 0.04 0 0.0008357914237287744
0.28 0.05 0 0.00010418564786116491
0.28 0.06 0 6.384188883526312e-05
0.28 0.07 0 0.00012544612047168694
0.28 0.08 0 0.00017615278265777006
0.28 0.09 0 0.00046593692666330183
0.28 0.1 0 0.0003209235534564812
0.28 0.11 0 0.00011342150872208676
0.28 0.12 0 0.00016124156532266974
0.28 0.13 0 4.7229437634586296e-05
0.28 0.14 0 9.05957974320991e-05
0.28 0.15 0 6.276507787920269e-05
0.28 0.16 0 1.467397256648081e-05
0.28 0.17 0 2.1256104162473925e-05
0.28 0.18 0 7.160132784240052e-06
0.28 0.19 0 2.4442606662150268e-05
0.28 0.2 0 6.833747256992763e-05
0.28 0.21 0 2.9493551871523527e-05
0.28 0.22 0 1.8770761498826434e-05
0.28 0.23 0 2.053116404094314e-05
0.28 0.24 0 5.114418779843858e-06
0.28 0.25 0 5.182077658790121e-06
0.28 0.26 0 3.826483502560857e-06
0.28 0.27 0 2.9512909176842163e-06
0.28 0.28 0 8.101670359261986e-06
0.28 0.29 0 7.032762026873332e-06
0.28 0.3 0 3.086742852606645e-05
0.28 0.31 0 7.929236765511022e-06
0.28 0.32 0 1.0626989555911474e-05
0.28 0.33 0 2.4829846875152233e-06
0.28 0.34 0 2.780238145402947e-06
0.28 0.35000000000000003 0 1.948266534011492e-06
0.28 0.36 0 5.274099205057198e-07
0.28 0.37 0 9.449753618183229e-08
0.28 0.38 0 3.296455015513148e-07
0.28 0.39 0 9.400564254015095e-07
0.28 0.4 0 1.0907666383147431e-06
0.28 0.41000000000000003 0 6.246094445489946e-06
0.28 0.42 0 9.812292008330695e-07
0.28 0.43 0 5.98483046864183e-07
0.28 0.44 0 3.2838820302387513e-06
0.28 0.45 0 7.156930177741995e-06
0.28 0.46 0 1.7452168363014758e-05
0.28 0.47000000000000003 0 2.3834129141303082e-05
0.28 0.48 0 6.964670313907035e-06
0.28 0.49 0 3.567106602455816e-06
0.28 0.5 0 5.3331429244376e-05
0.29 0.0 0 1.3133212385460931e-05
0.29 0.01 0 2.664321914874194e-05
0.29 0.02 0 7.401542883295949e-05
0.29 0.03 0 1.6216601850222127e-05
0.29 0.04 0 0.00023700194778587076
0.29 0.05 0 0.00022776911004415603
0.29 0.06 0 0.0002483629415864124
0.29 0.07 0 8.745649429465231e-05
0.29 0.08 0 0.0002945718377514495
0.29 0.09 0 0.0002442089136791197
0.29 0.1 0 0.00028009747116446827
0.29 0.11 0 0.00017630325983829524
0.29 0.12 0 4.83694756706192e-05
0.29 0.13 0 0.0001016588505996738
0.29 0.14 0 0.00011294364712586112
0.29 0.15 0 0.0001775576195245552
0.29 0.16 0 4.444896395453033e-05
0.29 0.17 0 4.8019054984798224e-05
0.29 0.18 0 4.258063560865587e-05
0.29 0.19 0 3.064923254994174e-05
0.29 0.2 0 6.794303631992693e-05
0.29 0.21 0 4.4203827254589236e-05
0.29 0.22 0 5.001396168265293e-05
0.29 0.23 0 0.00010381024914581749
0.29 0.24 0 0.0003228843762413308
0.29 0.25 0 4.0095740294007e-05
0.29 0.26 0 3.2468180533139194e-06
0.29 0.27 0 2.4971717472095645e-06
0.29 0.28 0 1.1238342111291946e-06
0.29 0.29 0 1.9026153989933295e-06
0.29 0.3 0 5.787450386916793e-06
0.29 0.31 0 7.73709655927794e-06
0.29 0.32 0 2.875278979724077e-06
0.29 0.33 0 7.126786541029951e-06
0.29 0.34 0 1.7764740604977913e-06
0.29 0.35000000000000003 0 1.1428956668405983e-06
0.29 0.36 0 6.769877497456531e-07
0.29 0.37 0 1.1448153741191344e-06
0.29 0.38 0 3.1746013798783455e-07
0.29 0.39 0 1.683700893455653e-06
0.29 0.4 0 5.275191141090346e-06
0.29 0.41000000000000003 0 1.244711092486437e-06
0.29 0.42 0 2.038151230290888e-06
0.29 0.43 0 4.000720651494418e-06
0.29 0.44 0 2.073060634034321e-06
0.29 0.45 0 3.6212655081661737e-06
0.29 0.46 0 1.2736805906051291e-05
0.29 0.47000000000000003 0 1.4748903242523213e-06
0.29 0.48 0 3.2110459937684466e-06
0.29 0.49 0 3.5370126181341717e-06
0.29 0.5 0 2.9331618467920296e-06
0.3 0.0 0 2.697747738597327e-06
0.3 0.01 0 7.618684827870764e-06
0.3 0.02 0 4.3058005271336224e-05
0.3 0.03 0 3.0126481344613937e-05
0.3 0.04 0 4.551090454447661e-06
0.3 0.05 0 3.878928449015346e-05
0.3 0.06 0 4.41349919104257e-05
0.3 0.07 0 4.0135199124218566e-05
0.3 0.08 0 6.72757341754395e-05
0.3 0.09 0 2.8456475236307843e-05
0.3 0.1 0 3.432054990704978e-05
0.3 0.11 0 0.00016408669824960503
0.3 0.12 0 7.638429054042498e-05
0.3 0.13 0 5.3526854127567944e-05
0.3 0.14 0 0.00010903332652259128
0.3 0.15 0 0.0001307279276291375
0.3 0.16 0 7.691363164788886e-05
0.3 0.17 0 0.0001366780103137429
0.3 0.18 0 4.56556736459467e-05
0.3 0.19 0 1.2300581746953779e-05
0.3 0.2 0 4.741079055132526e-05
0.3 0.21 0 4.3923353825469106e-05
0.3 0.22 0 3.0471910415835514e-05
0.3 0.23 0 2.244397139548239e-05
0.3 0.24 0 5.0234232551520426e-05
0.3 0.25 0 1.534683770397906e-05
0.3 0.26 0 5.833545231066758e-06
0.3 0.27 0 4.842123031024974e-06
0.3 0.28 0 4.5025483971348563e-07
0.3 0.29 0 7.531207368350885e-07
0.3 0.3 0 1.4920687663228725e-06
0.3 0.31 0 1.1536602152809389e-06
0.3 0.32 0 5.292593230240856e-06
0.3 0.33 0 8.459606556091332e-06
0.3 0.34 0 4.230059380207116e-06
0.3 0.35000000000000003 0 6.019447761791172e-07
0.3 0.36 0 6.901697658935881e-07
0.3 0.37 0 5.728541194078168e-07
0.3 0.38 0 4.5823389736445514e-07
0.3 0.39 0 5.98331021574854e-07
0.3 0.4 0 1.8913875086438744e-06
0.3 0.41000000000000003 0 3.646370906029981e-07
0.3 0.42 0 7.484302529183043e-07
0.3 0.43 0 1.567465180395406e-06
0.3 0.44 0 1.5951936395025198e-06
0.3 0.45 0 3.50244210433414e-06
0.3 0.46 0 6.456164332726222e-06
0.3 0.47000000000000003 0 1.9990570001770133e-06
0.3 0.48 0 1.7832673599071382e-06
0.3 0.49 0 4.159475853046274e-06
0.3 0.5 0 2.9215066332424858e-06
#STOP
