#MEDIUM_PROPERTIES_DISTRIBUTED
$MSH_TYPE
	 GROUNDWATER_FLOW	
$MMP_TYPE
	 PERMEABILITY	
$DIS_TYPE
	 NEAREST_VALUE	
;hj
$CONVERSION_FACTOR
	 1.0	
$DATA
0.0 0.0 0 4.335896094498327e-06
0.0 0.01 0 1.5530586276434335e-06
0.0 0.02 0 1.1444278770015566e-06
0.0 0.03 0 9.299330995035434e-07
0.0 0.04 0 1.3467991842622367e-06
0.0 0.05 0 1.2606823992948753e-06
0.0 0.06 0 6.044332513877138e-07
0.0 0.07 0 6.96981581574537e-07
0.0 0.08 0 4.996140548128646e-07
0.0 0.09 0 1.6302153829599649e-06
0.0 0.1 0 2.330118864296804e-06
0.0 0.11 0 3.801047682880463e-06
0.0 0.12 0 2.3827370342958635e-06
0.0 0.13 0 1.1083745795329002e-06
0.0 0.14 0 3.1785040313140693e-07
0.0 0.15 0 1.7281847267329365e-07
0.0 0.16 0 1.0399378734760634e-07
0.0 0.17 0 1.4516109805955547e-07
0.0 0.18 0 2.6758832491812647e-07
0.0 0.19 0 2.644539519848517e-07
0.0 0.2 0 4.6650756673968616e-07
0.0 0.21 0 2.58387962757873e-07
0.0 0.22 0 5.204413531819782e-07
0.0 0.23 0 8.036494534244017e-07
0.0 0.24 0 2.93657713302466e-06
0.0 0.25 0 8.080708241115197e-06
0.0 0.26 0 1.8758766945509673e-05
0.0 0.27 0 2.2067379295018974e-05
0.0 0.28 0 3.496991339817057e-05
0.0 0.29 0 4.2008518531456645e-05
0.0 0.3 0 5.7154221650948994e-05
0.0 0.31 0 6.302728861645791e-05
0.0 0.32 0 2.4578723860462453e-05
0.0 0.33 0 2.8579183582593712e-05
0.0 0.34 0 2.3613319167080662e-05
0.0 0.35000000000000003 0 0.00011359522764426895
0.0 0.36 0 0.0003257635659592724
0.0 0.37 0 0.0007971854021993158
0.0 0.38 0 0.0007695310983863652
0.0 0.39 0 0.0006347687053445458
0.0 0.4 0 0.0004132652495537692
0.0 0.41000000000000003 0 0.00045331161011165545
0.0 0.42 0 0.00038905633376321014
0.0 0.43 0 0.00039039453709583413
0.0 0.44 0 0.0006921575350813859
0.0 0.45 0 0.0006960261702393214
0.0 0.46 0 0.0019176879510142094
0.0 0.47000000000000003 0 0.001351710524638089
0.0 0.48 0 0.0016241850850908823
0.0 0.49 0 0.0007560957828472696
0.0 0.5 0 0.00033447125155024865
0.01 0.0 0 6.359520458041675e-06
0.01 0.01 0 6.462457275071094e-06
0.01 0.02 0 2.200664960601475e-06
0.01 0.03 0 1.2707519930605595e-06
0.01 0.04 0 4.304035002893262e-07
0.01 0.05 0 4.0243921596947977e-07
0.01 0.06 0 7.612163891474108e-07
0.01 0.07 0 8.957849768488456e-07
0.01 0.08 0 1.3290374137570327e-06
0.01 0.09 0 5.193079775286493e-07
0.01 0.1 0 5.165492578737253e-07
0.01 0.11 0 5.763894362335206e-07
0.01 0.12 0 1.230118556677413e-06
0.01 0.13 0 1.2333603614501396e-06
0.01 0.14 0 1.4385975273645853e-06
0.01 0.15 0 1.1302768039609816e-06
0.01 0.16 0 4.323739729682127e-06
0.01 0.17 0 1.4692111864957385e-05
0.01 0.18 0 4.1880563036031175e-05
0.01 0.19 0 6.382005283042406e-05
0.01 0.2 0 3.1168408797751384e-05
0.01 0.21 0 4.386703980459872e-05
0.01 0.22 0 4.27763609538529e-05
0.01 0.23 0 0.00011324917690382094
0.01 0.24 0 0.00019088012247990595
0.01 0.25 0 0.00037416510301132547
0.01 0.26 0 0.00030862505846150493
0.01 0.27 0 0.00023290596782660116
0.01 0.28 0 5.5063380886517616e-05
0.01 0.29 0 3.255456903035286e-05
0.01 0.3 0 2.759927414900305e-05
0.01 0.31 0 5.323284500770455e-05
0.01 0.32 0 0.00015857965485125496
0.01 0.33 0 0.00012907308585867645
0.01 0.34 0 0.00018236156148211257
0.01 0.35000000000000003 0 0.00014071114377895496
0.01 0.36 0 0.00031670256720196853
0.01 0.37 0 0.0004573531083099491
0.01 0.38 0 0.000538295312690298
0.01 0.39 0 0.00024927581725592236
0.01 0.4 0 0.00021979931276791412
0.01 0.41000000000000003 0 0.0001513281627009041
0.01 0.42 0 0.0002460713499076673
0.01 0.43 0 0.00021946148347570853
0.01 0.44 0 0.00011587684471892424
0.01 0.45 0 9.836395105658117e-05
0.01 0.46 0 5.145508936045316e-05
0.01 0.47000000000000003 0 0.0001093789723839633
0.01 0.48 0 0.00012523348161165874
0.01 0.49 0 0.00022091768414270852
0.01 0.5 0 0.00020547145334728691
0.02 0.0 0 1.498650288602921e-05
0.02 0.01 0 2.1955326416196633e-05
0.02 0.02 0 4.982197299715803e-05
0.02 0.03 0 1.5303854597692118e-05
0.02 0.04 0 8.157940942076113e-06
0.02 0.05 0 4.999144312730448e-06
0.02 0.06 0 1.0753780985092386e-05
0.02 0.07 0 2.909912086629073e-05
0.02 0.08 0 1.4750580060659352e-05
0.02 0.09 0 4.937899526847918e-06
0.02 0.1 0 1.4465810863578268e-06
0.02 0.11 0 2.264165424630735e-06
0.02 0.12 0 6.646612605257007e-06
0.02 0.13 0 2.6394332181234114e-05
0.02 0.14 0 3.1127832855944735e-05
0.02 0.15 0 8.447158987824961e-05
0.02 0.16 0 0.00012239233449629056
0.02 0.17 0 0.0004294351706127882
0.02 0.18 0 0.0004959653609889253
0.02 0.19 0 0.0002871626511388373
0.02 0.2 0 0.00019140566125533113
0.02 0.21 0 8.259163744714923e-05
0.02 0.22 0 6.481651031778735e-05
0.02 0.23 0 2.5736703830077962e-05
0.02 0.24 0 1.5107419878514616e-05
0.02 0.25 0 1.0563733273575081e-05
0.02 0.26 0 1.9305341176526337e-05
0.02 0.27 0 1.4387689602297872e-05
0.02 0.28 0 1.4683669308339815e-05
0.02 0.29 0 4.474860107458842e-06
0.02 0.3 0 4.863952326762168e-06
0.02 0.31 0 8.375674582620538e-06
0.02 0.32 0 1.599476669866809e-05
0.02 0.33 0 3.102120411291992e-05
0.02 0.34 0 1.8460090645799117e-05
0.02 0.35000000000000003 0 1.881738892975117e-05
0.02 0.36 0 1.6077981723742263e-05
0.02 0.37 0 2.149911638360362e-05
0.02 0.38 0 1.5896228014527684e-05
0.02 0.39 0 1.6297432495047883e-05
0.02 0.4 0 8.04514737133913e-06
0.02 0.41000000000000003 0 1.2625347828233808e-05
0.02 0.42 0 8.789633671710876e-06
0.02 0.43 0 1.0264458685551682e-05
0.02 0.44 0 9.906372551582731e-06
0.02 0.45 0 8.737282504570475e-06
0.02 0.46 0 1.772770474677445e-05
0.02 0.47000000000000003 0 1.967747464749438e-05
0.02 0.48 0 3.6089718015806845e-05
0.02 0.49 0 4.199877847020574e-05
0.02 0.5 0 8.260233553024868e-05
0.03 0.0 0 9.528273688442282e-06
0.03 0.01 0 3.561850895669983e-05
0.03 0.02 0 4.958274875244974e-05
0.03 0.03 0 0.00010025201340791709
0.03 0.04 0 4.446775815100487e-05
0.03 0.05 0 6.9379193206564e-05
0.03 0.06 0 0.00015208787100057033
0.03 0.07 0 0.00039614017225729123
0.03 0.08 0 0.0006140216854657398
0.03 0.09 0 0.0003122573846754548
0.03 0.1 0 0.00013265709960418417
0.03 0.11 0 6.067189963690948e-05
0.03 0.12 0 3.9869480773362094e-05
0.03 0.13 0 2.1917199243205576e-05
0.03 0.14 0 3.091677328570479e-05
0.03 0.15 0 2.311454552108892e-05
0.03 0.16 0 5.6650746418902796e-05
0.03 0.17 0 3.396740133216291e-05
0.03 0.18 0 2.5352027698201223e-05
0.03 0.19 0 1.3350877861776923e-05
0.03 0.2 0 8.76611974536384e-06
0.03 0.21 0 8.771477815310458e-06
0.03 0.22 0 5.371841295297937e-06
0.03 0.23 0 3.1385862439714584e-06
0.03 0.24 0 2.1945494524403357e-06
0.03 0.25 0 3.684027243720056e-06
0.03 0.26 0 6.123355480687507e-06
0.03 0.27 0 1.8455930901706582e-05
0.03 0.28 0 1.1904989147054161e-05
0.03 0.29 0 1.763191013190513e-05
0.03 0.3 0 1.1551402554071228e-05
0.03 0.31 0 1.7216666727926302e-05
0.03 0.32 0 2.7613587264357394e-05
0.03 0.33 0 4.1769132445353234e-05
0.03 0.34 0 8.398523821544653e-05
0.03 0.35000000000000003 0 8.776008755783812e-05
0.03 0.36 0 5.577498984821073e-05
0.03 0.37 0 1.8963445264106576e-05
0.03 0.38 0 1.0201016075669991e-05
0.03 0.39 0 6.321121967255743e-06
0.03 0.4 0 1.5272197091190447e-05
0.03 0.41000000000000003 0 1.1152404890019959e-05
0.03 0.42 0 1.6648898090656846e-05
0.03 0.43 0 1.1494353832273347e-05
0.03 0.44 0 1.8726995899984736e-05
0.03 0.45 0 3.764441681229667e-05
0.03 0.46 0 3.591370650263884e-05
0.03 0.47000000000000003 0 2.3340689462306586e-05
0.03 0.48 0 9.022732456513108e-06
0.03 0.49 0 6.9127579387333414e-06
0.03 0.5 0 9.205669307918456e-06
0.04 0.0 0 4.21465035836203e-06
0.04 0.01 0 2.2249295654667796e-06
0.04 0.02 0 3.7759459706722403e-06
0.04 0.03 0 2.7591463527167614e-06
0.04 0.04 0 5.993761025904245e-06
0.04 0.05 0 4.042876007517222e-06
0.04 0.06 0 3.3849637387128e-06
0.04 0.07 0 2.007389195271877e-06
0.04 0.08 0 1.7660170061077468e-06
0.04 0.09 0 2.0906647758353134e-06
0.04 0.1 0 3.049572113442671e-06
0.04 0.11 0 2.4874960915669994e-06
0.04 0.12 0 2.1425586675843063e-06
0.04 0.13 0 4.282880978040965e-06
0.04 0.14 0 1.4075987425018117e-05
0.04 0.15 0 0.00016805866887188112
0.04 0.16 0 0.00026537175339865854
0.04 0.17 0 0.000271957438730403
0.04 0.18 0 5.3579543847863014e-05
0.04 0.19 0 2.2466969696262985e-05
0.04 0.2 0 1.8356285859537127e-05
0.04 0.21 0 2.5535319127484013e-05
0.04 0.22 0 3.1674903159971624e-05
0.04 0.23 0 4.141158504462927e-05
0.04 0.24 0 4.52254073324075e-05
0.04 0.25 0 4.8632409742478504e-05
0.04 0.26 0 5.571183873649822e-05
0.04 0.27 0 3.0022398084049958e-05
0.04 0.28 0 6.733862742003627e-05
0.04 0.29 0 8.242297369723268e-05
0.04 0.3 0 0.0002748512977799705
0.04 0.31 0 0.00025745386530435973
0.04 0.32 0 0.00021921305929668248
0.04 0.33 0 0.00021938616127549726
0.04 0.34 0 0.00035014818728851537
0.04 0.35000000000000003 0 0.000406004654155365
0.04 0.36 0 0.00020633715639347503
0.04 0.37 0 4.7537822301705497e-05
0.04 0.38 0 1.755460033991809e-05
0.04 0.39 0 3.416607641312573e-05
0.04 0.4 0 5.3416815945858044e-05
0.04 0.41000000000000003 0 0.000140910428730362
0.04 0.42 0 5.062175278156867e-05
0.04 0.43 0 4.073781974865983e-05
0.04 0.44 0 3.301142490091521e-05
0.04 0.45 0 4.5991428209389836e-05
0.04 0.46 0 4.181437509771785e-05
0.04 0.47000000000000003 0 2.256243832914372e-05
0.04 0.48 0 1.341796117448242e-05
0.04 0.49 0 1.7402667195711477e-05
0.04 0.5 0 2.8208620299883783e-05
0.05 0.0 0 0.0001192569177468789
0.05 0.01 0 0.00010147829182164806
0.05 0.02 0 4.431331101970539e-05
0.05 0.03 0 7.784128494391634e-05
0.05 0.04 0 6.94889545414009e-05
0.05 0.05 0 9.79754593528427e-05
0.05 0.06 0 3.553988092165405e-05
0.05 0.07 0 1.4672548347409877e-05
0.05 0.08 0 9.561791944733213e-06
0.05 0.09 0 2.7989596873169592e-05
0.05 0.1 0 6.799619959860998e-05
0.05 0.11 0 0.0001290482397510611
0.05 0.12 0 5.104476780580052e-05
0.05 0.13 0 1.5679282813726665e-05
0.05 0.14 0 1.1916328076765452e-05
0.05 0.15 0 7.985449206885072e-06
0.05 0.16 0 1.46683139726994e-05
0.05 0.17 0 6.791504495870237e-06
0.05 0.18 0 5.900159252647604e-06
0.05 0.19 0 4.140482317226496e-06
0.05 0.2 0 5.574308001405517e-06
0.05 0.21 0 5.683091229659976e-06
0.05 0.22 0 7.820322468907964e-06
0.05 0.23 0 7.34406297371848e-06
0.05 0.24 0 1.5094508709325842e-05
0.05 0.25 0 2.2660396807129526e-05
0.05 0.26 0 2.5115859933546686e-05
0.05 0.27 0 4.370881224562247e-05
0.05 0.28 0 4.527041890469989e-05
0.05 0.29 0 0.00017639927019584981
0.05 0.3 0 0.0001817603961466463
0.05 0.31 0 0.00015394292436526574
0.05 0.32 0 4.837321626426162e-05
0.05 0.33 0 2.7473189982638283e-05
0.05 0.34 0 2.1948660858076454e-05
0.05 0.35000000000000003 0 2.691188900155976e-05
0.05 0.36 0 9.97329491937015e-06
0.05 0.37 0 3.299142897655501e-06
0.05 0.38 0 1.217176573962411e-06
0.05 0.39 0 9.141000134322862e-07
0.05 0.4 0 2.6660271634413244e-06
0.05 0.41000000000000003 0 3.292209188615471e-06
0.05 0.42 0 1.0398838324106105e-05
0.05 0.43 0 1.4491099816457656e-05
0.05 0.44 0 4.1603771387273455e-05
0.05 0.45 0 6.500740147993843e-05
0.05 0.46 0 8.37920228939978e-05
0.05 0.47000000000000003 0 7.26687780245895e-05
0.05 0.48 0 0.00013981640400127733
0.05 0.49 0 0.0002446358202603355
0.05 0.5 0 0.0005158767133142719
0.06 0.0 0 0.00145051310143095
0.06 0.01 0 0.000847928055409919
0.06 0.02 0 0.0008214957798869053
0.06 0.03 0 0.0006965592834360863
0.06 0.04 0 0.00224177284805489
0.06 0.05 0 0.003906905234910289
0.06 0.06 0 0.005491423137174394
0.06 0.07 0 0.0019863382437992883
0.06 0.08 0 0.0006555639545603135
0.06 0.09 0 0.00017194695817811673
0.06 0.1 0 0.00021558073699186992
0.06 0.11 0 0.00018521583578117747
0.06 0.12 0 0.0002871914091664983
0.06 0.13 0 0.00020146172526415375
0.06 0.14 0 0.00010732051708871571
0.06 0.15 0 0.00011223314470151624
0.06 0.16 0 6.942639771724733e-05
0.06 0.17 0 9.3751348080308e-05
0.06 0.18 0 5.424936673642901e-05
0.06 0.19 0 3.930499410652422e-05
0.06 0.2 0 1.9228411182275616e-05
0.06 0.21 0 1.8847962278092053e-05
0.06 0.22 0 1.578365410168571e-05
0.06 0.23 0 4.553848629267602e-05
0.06 0.24 0 6.351104460163709e-05
0.06 0.25 0 0.00010755906228792803
0.06 0.26 0 7.267608313519353e-05
0.06 0.27 0 2.3338048508474675e-05
0.06 0.28 0 1.5001445394548936e-05
0.06 0.29 0 7.0246182722859895e-06
0.06 0.3 0 1.1918037140705535e-05
0.06 0.31 0 1.3902231260982017e-05
0.06 0.32 0 2.231370308862417e-05
0.06 0.33 0 1.949291777894309e-05
0.06 0.34 0 2.302683336839587e-05
0.06 0.35000000000000003 0 1.4422085538035458e-05
0.06 0.36 0 2.5320237829687135e-05
0.06 0.37 0 2.7433725994888186e-05
0.06 0.38 0 5.0387580608228105e-05
0.06 0.39 0 6.871083872985469e-05
0.06 0.4 0 4.7708583063093823e-05
0.06 0.41000000000000003 0 7.411803006508356e-05
0.06 0.42 0 6.929535612337433e-05
0.06 0.43 0 0.00015859573104317717
0.06 0.44 0 0.00014636400095424724
0.06 0.45 0 0.0001148630485271269
0.06 0.46 0 5.3746308511102905e-05
0.06 0.47000000000000003 0 6.539636689911863e-05
0.06 0.48 0 6.735813098251287e-05
0.06 0.49 0 0.00015902982333431965
0.06 0.5 0 0.0001391729544492413
0.07 0.0 0 0.003766943621040345
0.07 0.01 0 0.008392406030883304
0.07 0.02 0 0.007842565208952088
0.07 0.03 0 0.0035807897002034885
0.07 0.04 0 0.0007252179871870335
0.07 0.05 0 0.0004064365465191921
0.07 0.06 0 0.00038799074966223984
0.07 0.07 0 0.0004681356016544238
0.07 0.08 0 0.0001786747998979237
0.07 0.09 0 7.702956550274563e-05
0.07 0.1 0 2.007693054761379e-05
0.07 0.11 0 4.354974052969736e-05
0.07 0.12 0 7.754636458290313e-05
0.07 0.13 0 0.0002354082423158781
0.07 0.14 0 0.0003225877483857671
0.07 0.15 0 0.00021237232739628077
0.07 0.16 0 0.00019578358018462188
0.07 0.17 0 0.00012504064986435743
0.07 0.18 0 0.00012621957055743672
0.07 0.19 0 9.819274830546006e-05
0.07 0.2 0 0.00010347174934253106
0.07 0.21 0 7.323148757022714e-05
0.07 0.22 0 0.00011855712843685799
0.07 0.23 0 7.984814247249617e-05
0.07 0.24 0 0.00016675124790396496
0.07 0.25 0 0.00014981476577340968
0.07 0.26 0 0.00017528278785478726
0.07 0.27 0 0.00013475169868325598
0.07 0.28 0 5.336617283371809e-05
0.07 0.29 0 3.9005403451808166e-05
0.07 0.3 0 3.009740445379857e-05
0.07 0.31 0 5.774693195058603e-05
0.07 0.32 0 8.160013799205041e-05
0.07 0.33 0 7.92872483631674e-05
0.07 0.34 0 2.003622831718314e-05
0.07 0.35000000000000003 0 1.0220708522056467e-05
0.07 0.36 0 4.242774219389045e-06
0.07 0.37 0 1.3512155552521847e-05
0.07 0.38 0 3.217175570281987e-05
0.07 0.39 0 7.337690028795863e-05
0.07 0.4 0 0.00011298114293855392
0.07 0.41000000000000003 0 0.00010463399525994691
0.07 0.42 0 0.00022508816278496392
0.07 0.43 0 0.00028427578380115225
0.07 0.44 0 0.00026679010292107806
0.07 0.45 0 9.1997492911439e-05
0.07 0.46 0 4.71215396191484e-05
0.07 0.47000000000000003 0 2.7715506297015734e-05
0.07 0.48 0 8.318862603294059e-05
0.07 0.49 0 0.00010478756512007058
0.07 0.5 0 0.00023323462109158373
0.08 0.0 0 0.00036979007975066933
0.08 0.01 0 0.0010473513268637626
0.08 0.02 0 0.0017251835809208255
0.08 0.03 0 0.0010246675340889356
0.08 0.04 0 0.00042419651124260066
0.08 0.05 0 0.00027625403415373163
0.08 0.06 0 0.0004000054808814675
0.08 0.07 0 0.0007109064148709332
0.08 0.08 0 0.000849410546539402
0.08 0.09 0 0.00021710044746056084
0.08 0.1 0 8.874297700476339e-05
0.08 0.11 0 1.460166643172228e-05
0.08 0.12 0 1.3517712168106012e-05
0.08 0.13 0 1.1010555138447592e-05
0.08 0.14 0 1.858586728993968e-05
0.08 0.15 0 2.837449973398451e-05
0.08 0.16 0 3.067132738533333e-05
0.08 0.17 0 3.7566639387905346e-05
0.08 0.18 0 6.268065692232088e-05
0.08 0.19 0 0.00015987424352253412
0.08 0.2 0 0.0003732090894744906
0.08 0.21 0 0.0007230855304499018
0.08 0.22 0 0.00035067706095015137
0.08 0.23 0 0.0004028197154281409
0.08 0.24 0 0.0002250264525161477
0.08 0.25 0 0.0005451633843037998
0.08 0.26 0 0.0006413541282630551
0.08 0.27 0 0.0005034696738499535
0.08 0.28 0 0.00019103042898034787
0.08 0.29 0 4.280513232955269e-05
0.08 0.3 0 1.4660081979551511e-05
0.08 0.31 0 8.985864994864393e-06
0.08 0.32 0 9.877725348501203e-06
0.08 0.33 0 1.0114137153963297e-05
0.08 0.34 0 1.2147065208940824e-05
0.08 0.35000000000000003 0 4.325973240324907e-06
0.08 0.36 0 4.634051174952549e-06
0.08 0.37 0 2.7413600372245966e-06
0.08 0.38 0 7.509770501610841e-06
0.08 0.39 0 1.526490065302137e-05
0.08 0.4 0 2.6034055693572667e-05
0.08 0.41000000000000003 0 3.263370956494908e-05
0.08 0.42 0 2.720162692554082e-05
0.08 0.43 0 2.9071417598371685e-05
0.08 0.44 0 3.074669953310211e-05
0.08 0.45 0 3.136845433589507e-05
0.08 0.46 0 2.124390394760556e-05
0.08 0.47000000000000003 0 2.8380081480535514e-05
0.08 0.48 0 1.9448737378163633e-05
0.08 0.49 0 5.0641402231382145e-05
0.08 0.5 0 5.072760885263872e-05
0.09 0.0 0 0.0007423905668470453
0.09 0.01 0 0.000953663945561061
0.09 0.02 0 0.0017059312380449543
0.09 0.03 0 0.001875164657041766
0.09 0.04 0 0.001711771668076743
0.09 0.05 0 0.000787526906204977
0.09 0.06 0 0.00045812487476418055
0.09 0.07 0 0.00029415579269004863
0.09 0.08 0 0.0003990197404801961
0.09 0.09 0 0.0014060636406959953
0.09 0.1 0 0.0014844371128315784
0.09 0.11 0 0.0017739299973267104
0.09 0.12 0 0.0004200089916058895
0.09 0.13 0 0.00033896985532025874
0.09 0.14 0 0.00034240582729468957
0.09 0.15 0 0.00046878750032159196
0.09 0.16 0 0.00024572084052842724
0.09 0.17 0 7.941914327712697e-05
0.09 0.18 0 2.7012180857234047e-05
0.09 0.19 0 4.024775455587134e-05
0.09 0.2 0 0.00011907887641483698
0.09 0.21 0 0.00027321495394070673
0.09 0.22 0 0.0005744587725490941
0.09 0.23 0 0.00025099944063420844
0.09 0.24 0 0.00021969005915718637
0.09 0.25 0 4.4630191001638243e-05
0.09 0.26 0 1.282301653090064e-05
0.09 0.27 0 2.707408107556524e-06
0.09 0.28 0 1.446992451653191e-06
0.09 0.29 0 1.5058291133279143e-06
0.09 0.3 0 2.2836559595274214e-06
0.09 0.31 0 1.820518027951371e-06
0.09 0.32 0 1.5508290070942472e-06
0.09 0.33 0 1.6618226641501558e-06
0.09 0.34 0 1.7984189775737985e-06
0.09 0.35000000000000003 0 3.334134514582919e-06
0.09 0.36 0 1.3248731106058787e-06
0.09 0.37 0 1.5356666796324773e-06
0.09 0.38 0 1.387637864056438e-06
0.09 0.39 0 5.10924638947733e-06
0.09 0.4 0 1.3047509061243035e-05
0.09 0.41000000000000003 0 1.5930643082209332e-05
0.09 0.42 0 7.851226484771402e-06
0.09 0.43 0 4.7219848147906875e-06
0.09 0.44 0 4.224943385833026e-06
0.09 0.45 0 8.326607281441726e-06
0.09 0.46 0 1.9835996839126396e-05
0.09 0.47000000000000003 0 2.6099675827655932e-05
0.09 0.48 0 7.815436205532997e-05
0.09 0.49 0 8.494729695453274e-05
0.09 0.5 0 0.0002708416521996513
0.1 0.0 0 0.005327512969212798
0.1 0.01 0 0.005402621788757604
0.1 0.02 0 0.002191396508754366
0.1 0.03 0 0.0021591651182275174
0.1 0.04 0 0.00282028474481342
0.1 0.05 0 0.005849629724602942
0.1 0.06 0 0.002260797138293456
0.1 0.07 0 0.000816806402825976
0.1 0.08 0 0.0003648460613917484
0.1 0.09 0 0.00033680727219472103
0.1 0.1 0 0.0007342243873094506
0.1 0.11 0 0.0003252835629631978
0.1 0.12 0 0.00019278772228223525
0.1 0.13 0 6.910704141834564e-05
0.1 0.14 0 8.768203709993832e-05
0.1 0.15 0 9.554827363171595e-05
0.1 0.16 0 8.138147562523486e-05
0.1 0.17 0 2.1874146230336238e-05
0.1 0.18 0 1.0989499739183789e-05
0.1 0.19 0 4.947309386303534e-06
0.1 0.2 0 5.618907623848795e-06
0.1 0.21 0 6.752525695778488e-06
0.1 0.22 0 6.1876000251953e-06
0.1 0.23 0 1.3836325457657761e-05
0.1 0.24 0 9.896372190082874e-06
0.1 0.25 0 9.632781050886253e-06
0.1 0.26 0 3.224370740425015e-06
0.1 0.27 0 3.1082315333872483e-06
0.1 0.28 0 7.731697732261563e-06
0.1 0.29 0 5.8174458515671776e-05
0.1 0.3 0 0.00014072559387530873
0.1 0.31 0 0.0001538927529379782
0.1 0.32 0 4.2212821838239865e-05
0.1 0.33 0 2.5211069187901894e-05
0.1 0.34 0 3.997343192857201e-05
0.1 0.35000000000000003 0 4.93482819707326e-05
0.1 0.36 0 8.918552283768372e-05
0.1 0.37 0 3.837678300667808e-05
0.1 0.38 0 4.860733966193125e-05
0.1 0.39 0 5.878838999627303e-05
0.1 0.4 0 0.00013809962472218184
0.1 0.41000000000000003 0 0.00016778339544571916
0.1 0.42 0 0.00016904887757304105
0.1 0.43 0 7.753476036343742e-05
0.1 0.44 0 7.644933222132414e-05
0.1 0.45 0 7.16596906511593e-05
0.1 0.46 0 0.00013656565939061723
0.1 0.47000000000000003 0 0.00044636233195244297
0.1 0.48 0 0.0006306871810246794
0.1 0.49 0 0.001156164984567775
0.1 0.5 0 0.0003381559771154639
0.11 0.0 0 0.00016036444725926096
0.11 0.01 0 0.00011806151268965988
0.11 0.02 0 8.865362411775751e-05
0.11 0.03 0 7.935075879558544e-05
0.11 0.04 0 0.0002741577282941398
0.11 0.05 0 0.00037647117611602196
0.11 0.06 0 0.0004876346641306253
0.11 0.07 0 0.0001022002931506839
0.11 0.08 0 3.4239704398613286e-05
0.11 0.09 0 2.401711080733244e-05
0.11 0.1 0 2.7182760202297306e-05
0.11 0.11 0 7.657502186762039e-05
0.11 0.12 0 8.7962596230701e-05
0.11 0.13 0 0.00012799450080089244
0.11 0.14 0 0.00011195571558842801
0.11 0.15 0 0.00017089430117621607
0.11 0.16 0 0.00026290599444042103
0.11 0.17 0 0.0011683123088665572
0.11 0.18 0 0.001937480511510542
0.11 0.19 0 0.003603653057405109
0.11 0.2 0 0.0012071314053297025
0.11 0.21 0 0.0004376002637803716
0.11 0.22 0 0.000342708850679614
0.11 0.23 0 0.00039703076385252717
0.11 0.24 0 0.0010791725090541257
0.11 0.25 0 0.0007658899796182814
0.11 0.26 0 0.0005001199596182315
0.11 0.27 0 0.0002706424541096094
0.11 0.28 0 0.0004707678595626446
0.11 0.29 0 0.000856217312071167
0.11 0.3 0 0.002601777208893863
0.11 0.31 0 0.0017845150243759728
0.11 0.32 0 0.0019047058354887145
0.11 0.33 0 0.001019007203892362
0.11 0.34 0 0.0007145469877735648
0.11 0.35000000000000003 0 0.0006922490793648259
0.11 0.36 0 0.0003874036253230854
0.11 0.37 0 0.0004610314873965377
0.11 0.38 0 0.00023411706451025778
0.11 0.39 0 0.00014943979535402688
0.11 0.4 0 6.748022282026523e-05
0.11 0.41000000000000003 0 7.658348894919821e-05
0.11 0.42 0 9.219104750940494e-05
0.11 0.43 0 0.00024042967657853865
0.11 0.44 0 0.00014386251088637056
0.11 0.45 0 0.00011958263503322373
0.11 0.46 0 8.210632610130062e-05
0.11 0.47000000000000003 0 0.00011859746911887672
0.11 0.48 0 0.00033699757829031013
0.11 0.49 0 0.00029326008052682126
0.11 0.5 0 0.00031603936153538805
0.12 0.0 0 3.846358443190341e-05
0.12 0.01 0 3.8474731059894104e-05
0.12 0.02 0 2.1885499267874193e-05
0.12 0.03 0 1.537691829742317e-05
0.12 0.04 0 8.09187894187604e-06
0.12 0.05 0 1.822977655807682e-05
0.12 0.06 0 1.7102489899779286e-05
0.12 0.07 0 2.974354717181011e-05
0.12 0.08 0 1.0542179917525013e-05
0.12 0.09 0 2.683640189903894e-06
0.12 0.1 0 8.953083419455871e-07
0.12 0.11 0 5.693311812824771e-07
0.12 0.12 0 1.3336673621379863e-06
0.12 0.13 0 2.8303326721940923e-06
0.12 0.14 0 3.9363096102591995e-06
0.12 0.15 0 2.5842829966074324e-06
0.12 0.16 0 3.174202763485719e-06
0.12 0.17 0 4.008568204286283e-06
0.12 0.18 0 2.133811164693062e-05
0.12 0.19 0 2.8273887799969938e-05
0.12 0.2 0 5.2732145756621686e-05
0.12 0.21 0 4.3369311837218764e-05
0.12 0.22 0 5.184190883086132e-05
0.12 0.23 0 8.551152159025688e-05
0.12 0.24 0 7.252539515351206e-05
0.12 0.25 0 6.433237646556188e-05
0.12 0.26 0 5.0553160193452635e-05
0.12 0.27 0 8.1182606628934e-05
0.12 0.28 0 0.00013812571377065153
0.12 0.29 0 0.00033787751262017893
0.12 0.3 0 0.00026858872978039947
0.12 0.31 0 0.0005029547117802561
0.12 0.32 0 0.00025993750916865224
0.12 0.33 0 0.0001819493282228112
0.12 0.34 0 5.054818699462236e-05
0.12 0.35000000000000003 0 2.0625926170130162e-05
0.12 0.36 0 4.426222591762499e-05
0.12 0.37 0 0.00021826496907735406
0.12 0.38 0 0.0014846202061447598
0.12 0.39 0 0.002107745375432818
0.12 0.4 0 0.001151300797238242
0.12 0.41000000000000003 0 0.0004727510860513158
0.12 0.42 0 0.0008663463697198054
0.12 0.43 0 0.0010766816326306823
0.12 0.44 0 0.0025092294527123945
0.12 0.45 0 0.0011285594983013315
0.12 0.46 0 0.0010236968208753676
0.12 0.47000000000000003 0 0.0011224241275165027
0.12 0.48 0 0.0013219413859190837
0.12 0.49 0 0.0017085251537047805
0.12 0.5 0 0.0010836890527220213
0.13 0.0 0 4.762491828370724e-05
0.13 0.01 0 5.715975283684636e-05
0.13 0.02 0 5.52702263260567e-05
0.13 0.03 0 3.050193460701666e-05
0.13 0.04 0 1.819954604669802e-05
0.13 0.05 0 4.156544898517624e-06
0.13 0.06 0 4.05804392001182e-06
0.13 0.07 0 1.8008440639218059e-06
0.13 0.08 0 1.6455392896625209e-06
0.13 0.09 0 5.981984307673676e-07
0.13 0.1 0 2.1793025255530885e-07
0.13 0.11 0 1.2861177610020418e-07
0.13 0.12 0 1.6556507855180055e-07
0.13 0.13 0 2.8910150842086736e-07
0.13 0.14 0 4.199228307789927e-07
0.13 0.15 0 3.3736441014519374e-07
0.13 0.16 0 1.799243011084621e-07
0.13 0.17 0 2.9184237430037105e-07
0.13 0.18 0 3.2540912275107506e-07
0.13 0.19 0 1.4493768279590121e-06
0.13 0.2 0 1.8025828658077583e-06
0.13 0.21 0 2.938597046940435e-06
0.13 0.22 0 2.1631445730140157e-06
0.13 0.23 0 1.4123942922154236e-06
0.13 0.24 0 1.269948160361016e-06
0.13 0.25 0 2.440676986952272e-06
0.13 0.26 0 1.0577999642215495e-05
0.13 0.27 0 6.265514369094966e-05
0.13 0.28 0 0.0001830057412135946
0.13 0.29 0 0.0001108532404406034
0.13 0.3 0 8.777347260963899e-05
0.13 0.31 0 4.098144655654511e-05
0.13 0.32 0 0.00013162013319375736
0.13 0.33 0 0.00016363673694509004
0.13 0.34 0 0.00016712066834687092
0.13 0.35000000000000003 0 6.983030829032473e-05
0.13 0.36 0 4.002353012840354e-05
0.13 0.37 0 6.89135912699456e-05
0.13 0.38 0 0.0002253609412516951
0.13 0.39 0 0.0005861986612493202
0.13 0.4 0 0.0008808538014203219
0.13 0.41000000000000003 0 0.0012336892636723063
0.13 0.42 0 0.0012969509733156445
0.13 0.43 0 0.004453260244037427
0.13 0.44 0 0.005033884775976983
0.13 0.45 0 0.01306025426721628
0.13 0.46 0 0.009681268192374953
0.13 0.47000000000000003 0 0.007537266856128065
0.13 0.48 0 0.0035267939792131666
0.13 0.49 0 0.0013921175556868488
0.13 0.5 0 0.0008804674841220064
0.14 0.0 0 1.315459382590194e-06
0.14 0.01 0 8.57605360314735e-07
0.14 0.02 0 1.3557200986090028e-06
0.14 0.03 0 2.3569014207486343e-06
0.14 0.04 0 2.1365239885388095e-06
0.14 0.05 0 2.1286867346153144e-06
0.14 0.06 0 5.764273718699885e-07
0.14 0.07 0 6.990810718081813e-07
0.14 0.08 0 8.259913218080214e-07
0.14 0.09 0 2.2547842632315786e-06
0.14 0.1 0 2.341916185251954e-06
0.14 0.11 0 1.214181208844919e-06
0.14 0.12 0 3.477573906452261e-07
0.14 0.13 0 2.804974426978865e-07
0.14 0.14 0 3.143200975805427e-07
0.14 0.15 0 5.537787734600573e-07
0.14 0.16 0 5.651888477272539e-07
0.14 0.17 0 1.9138175150078677e-07
0.14 0.18 0 1.4746965800612324e-07
0.14 0.19 0 6.808689848957789e-08
0.14 0.2 0 1.5968435381826948e-07
0.14 0.21 0 2.1934147924276345e-07
0.14 0.22 0 3.926596841973674e-07
0.14 0.23 0 3.7430817487683253e-07
0.14 0.24 0 3.8612313239650147e-07
0.14 0.25 0 3.744620757275193e-07
0.14 0.26 0 9.228453361969992e-07
0.14 0.27 0 2.27183519693523e-06
0.14 0.28 0 6.543542244331304e-06
0.14 0.29 0 1.45356822848941e-05
0.14 0.3 0 1.1099460699914512e-05
0.14 0.31 0 2.1141160165784078e-05
0.14 0.32 0 1.860957437733532e-05
0.14 0.33 0 5.3614934012398076e-05
0.14 0.34 0 6.310669384717317e-05
0.14 0.35000000000000003 0 6.450676339909586e-05
0.14 0.36 0 3.814507986480204e-05
0.14 0.37 0 3.683094149167608e-05
0.14 0.38 0 5.480801794972503e-05
0.14 0.39 0 0.00022338582442407064
0.14 0.4 0 0.000614164730205024
0.14 0.41000000000000003 0 0.0008884782035615982
0.14 0.42 0 0.0008685864828024762
0.14 0.43 0 0.0003654416989458028
0.14 0.44 0 0.0008103141152714216
0.14 0.45 0 0.0011720938584578392
0.14 0.46 0 0.003814788078003419
0.14 0.47000000000000003 0 0.0029894599830152867
0.14 0.48 0 0.0013916970140243061
0.14 0.49 0 0.0005025705133413508
0.14 0.5 0 0.000404711000729219
0.15 0.0 0 7.792933172023611e-07
0.15 0.01 0 9.499890617842514e-07
0.15 0.02 0 7.280617809654858e-07
0.15 0.03 0 1.6837269598722848e-06
0.15 0.04 0 4.914530202592019e-06
0.15 0.05 0 3.4785708658930524e-06
0.15 0.06 0 1.5432605312676408e-06
0.15 0.07 0 2.1456120715444923e-07
0.15 0.08 0 1.5269569172559833e-07
0.15 0.09 0 2.0609144123107636e-07
0.15 0.1 0 5.237651819780555e-07
0.15 0.11 0 4.849627791573888e-07
0.15 0.12 0 4.5303057399936795e-07
0.15 0.13 0 2.3832714516119128e-07
0.15 0.14 0 4.288295477656364e-07
0.15 0.15 0 4.534947592343643e-07
0.15 0.16 0 4.1270312178668167e-07
0.15 0.17 0 3.524553935670456e-07
0.15 0.18 0 2.028627915930177e-07
0.15 0.19 0 4.882771046723066e-07
0.15 0.2 0 7.523701501697022e-07
0.15 0.21 0 2.2045781898649083e-06
0.15 0.22 0 2.9892092154394443e-06
0.15 0.23 0 4.032531621897318e-06
0.15 0.24 0 2.5992316698726274e-06
0.15 0.25 0 2.566553310359005e-06
0.15 0.26 0 1.4830844997218006e-06
0.15 0.27 0 2.8975479380004704e-06
0.15 0.28 0 5.167418060812193e-06
0.15 0.29 0 7.900875481290904e-06
0.15 0.3 0 7.3849943895668915e-06
0.15 0.31 0 1.35893817081366e-06
0.15 0.32 0 5.841009655922478e-07
0.15 0.33 0 2.850070479345624e-07
0.15 0.34 0 9.288139487726909e-07
0.15 0.35000000000000003 0 3.905368998039781e-06
0.15 0.36 0 1.7665775579708452e-05
0.15 0.37 0 2.3817695905750617e-05
0.15 0.38 0 3.638475147913622e-05
0.15 0.39 0 3.093876709619152e-05
0.15 0.4 0 7.117149514608367e-05
0.15 0.41000000000000003 0 0.00011649530504894509
0.15 0.42 0 0.00011191535187324222
0.15 0.43 0 0.00012105559570796893
0.15 0.44 0 6.0983655168742015e-05
0.15 0.45 0 0.0001315949235026047
0.15 0.46 0 0.0002038412831190884
0.15 0.47000000000000003 0 0.0005422572886496475
0.15 0.48 0 0.0006666191107224917
0.15 0.49 0 0.0008326865367808771
0.15 0.5 0 0.0006068537047606092
0.16 0.0 0 1.0994765465450035e-06
0.16 0.01 0 2.884979063566585e-07
0.16 0.02 0 1.698420499603602e-07
0.16 0.03 0 9.147559127327929e-08
0.16 0.04 0 1.0302607182253189e-07
0.16 0.05 0 1.4052625448742942e-07
0.16 0.06 0 8.382599332084604e-08
0.16 0.07 0 8.306093548185573e-08
0.16 0.08 0 7.396150564554673e-08
0.16 0.09 0 1.326770994211224e-07
0.16 0.1 0 1.8664493844559672e-07
0.16 0.11 0 3.571766891540269e-07
0.16 0.12 0 3.334889980812743e-07
0.16 0.13 0 8.164882425263252e-07
0.16 0.14 0 7.36950725160751e-07
0.16 0.15 0 1.536791394286023e-06
0.16 0.16 0 2.049630093388368e-06
0.16 0.17 0 2.8041647159554305e-06
0.16 0.18 0 3.5140433299343096e-06
0.16 0.19 0 1.02911020926063e-06
0.16 0.2 0 2.6157089865071327e-07
0.16 0.21 0 5.067627234861103e-08
0.16 0.22 0 4.0594740138183324e-08
0.16 0.23 0 7.511126753070425e-08
0.16 0.24 0 3.372013367423889e-07
0.16 0.25 0 4.4695269829997736e-07
0.16 0.26 0 7.399710701741962e-07
0.16 0.27 0 3.2911886174986553e-07
0.16 0.28 0 3.5068583981010455e-07
0.16 0.29 0 3.6118031064711144e-07
0.16 0.3 0 4.015329137878013e-07
0.16 0.31 0 6.907029730410337e-07
0.16 0.32 0 5.178913979450271e-07
0.16 0.33 0 5.793730232262158e-07
0.16 0.34 0 4.664830824908489e-07
0.16 0.35000000000000003 0 8.063332951588583e-07
0.16 0.36 0 1.4200042815542278e-06
0.16 0.37 0 3.770010469760001e-06
0.16 0.38 0 2.1812641740093144e-06
0.16 0.39 0 1.6340681209034664e-06
0.16 0.4 0 4.81136393747167e-07
0.16 0.41000000000000003 0 4.564015273516336e-07
0.16 0.42 0 5.379179625312473e-07
0.16 0.43 0 3.637970211788578e-07
0.16 0.44 0 2.3628508488206924e-07
0.16 0.45 0 7.106214557999597e-08
0.16 0.46 0 7.6311456425438e-08
0.16 0.47000000000000003 0 1.3763541261396607e-07
0.16 0.48 0 5.000955625589704e-07
0.16 0.49 0 8.376571779615228e-07
0.16 0.5 0 1.6194247293526128e-06
0.17 0.0 0 7.69495151521455e-06
0.17 0.01 0 1.0970075024176951e-05
0.17 0.02 0 5.961253000485204e-06
0.17 0.03 0 6.188550600853133e-06
0.17 0.04 0 2.9271093090644098e-06
0.17 0.05 0 1.3523063583565159e-06
0.17 0.06 0 1.087409533148032e-06
0.17 0.07 0 9.880605698295787e-07
0.17 0.08 0 8.303487337120428e-07
0.17 0.09 0 3.7952246604006746e-07
0.17 0.1 0 1.874396927128147e-07
0.17 0.11 0 1.448261606767877e-07
0.17 0.12 0 5.114643270680663e-07
0.17 0.13 0 6.059741416265278e-07
0.17 0.14 0 8.1400068661438e-07
0.17 0.15 0 1.869041995181664e-07
0.17 0.16 0 1.256850891284609e-07
0.17 0.17 0 1.7901251799156823e-07
0.17 0.18 0 3.993281713912615e-07
0.17 0.19 0 7.203954140209821e-07
0.17 0.2 0 5.027077609561017e-07
0.17 0.21 0 3.723643330398754e-07
0.17 0.22 0 4.206509891988491e-07
0.17 0.23 0 8.94698231373745e-07
0.17 0.24 0 1.2550696054720479e-06
0.17 0.25 0 3.472985232107069e-06
0.17 0.26 0 3.5453473189191918e-06
0.17 0.27 0 1.1007448760569068e-05
0.17 0.28 0 9.76795686925216e-06
0.17 0.29 0 1.0053731193804621e-05
0.17 0.3 0 8.679646590044896e-06
0.17 0.31 0 8.47300223619027e-06
0.17 0.32 0 1.1169189072354564e-05
0.17 0.33 0 6.638972639187132e-06
0.17 0.34 0 3.0338202387230735e-06
0.17 0.35000000000000003 0 2.0428828623853384e-06
0.17 0.36 0 5.732904844181671e-06
0.17 0.37 0 1.4740512159342439e-05
0.17 0.38 0 3.057143358241419e-05
0.17 0.39 0 3.428394556241449e-06
0.17 0.4 0 4.7245511574361515e-07
0.17 0.41000000000000003 0 6.636066678811344e-08
0.17 0.42 0 6.664254560196939e-08
0.17 0.43 0 1.4170707858556346e-07
0.17 0.44 0 1.5122395412901143e-07
0.17 0.45 0 1.1167056814696136e-07
0.17 0.46 0 6.230316579256107e-08
0.17 0.47000000000000003 0 7.933697938552361e-08
0.17 0.48 0 1.6664527342450936e-07
0.17 0.49 0 6.683293538851743e-07
0.17 0.5 0 1.4902411366985272e-06
0.18 0.0 0 3.026199645508819e-06
0.18 0.01 0 1.4052572882331083e-06
0.18 0.02 0 2.5240526022707074e-06
0.18 0.03 0 1.2521307916707358e-06
0.18 0.04 0 5.919213340653263e-07
0.18 0.05 0 2.3213878044944982e-07
0.18 0.06 0 2.4887687461657363e-07
0.18 0.07 0 5.238493909085757e-07
0.18 0.08 0 1.1208615625425496e-06
0.18 0.09 0 8.015348965299156e-07
0.18 0.1 0 4.948706818498438e-07
0.18 0.11 0 7.460530483807309e-07
0.18 0.12 0 1.6710837707715636e-06
0.18 0.13 0 9.8359773570282e-06
0.18 0.14 0 7.90901945132437e-06
0.18 0.15 0 8.969172402477113e-06
0.18 0.16 0 5.62782760160639e-06
0.18 0.17 0 1.1401059794413807e-05
0.18 0.18 0 2.6896918251265598e-05
0.18 0.19 0 4.901654528337018e-05
0.18 0.2 0 5.0554424515113936e-05
0.18 0.21 0 5.214028506840675e-05
0.18 0.22 0 3.897862488396107e-05
0.18 0.23 0 2.3855363644871893e-05
0.18 0.24 0 1.7064121501560032e-05
0.18 0.25 0 8.955552578402565e-06
0.18 0.26 0 2.4756623759057492e-05
0.18 0.27 0 2.480786095262064e-05
0.18 0.28 0 3.35364010193706e-05
0.18 0.29 0 1.0479921989800839e-05
0.18 0.3 0 5.0399164910249185e-06
0.18 0.31 0 5.321440260951352e-06
0.18 0.32 0 1.0874124104985182e-05
0.18 0.33 0 1.4086446163548337e-05
0.18 0.34 0 9.269606219544314e-06
0.18 0.35000000000000003 0 3.916409164722919e-06
0.18 0.36 0 2.826108374969346e-06
0.18 0.37 0 6.49247705653734e-06
0.18 0.38 0 6.979951553150927e-06
0.18 0.39 0 1.2787213542596811e-05
0.18 0.4 0 4.8702394063077165e-06
0.18 0.41000000000000003 0 5.102212314947662e-06
0.18 0.42 0 4.659315473318365e-06
0.18 0.43 0 7.818407383056365e-06
0.18 0.44 0 1.5241850108491528e-05
0.18 0.45 0 3.0524101388653605e-05
0.18 0.46 0 4.490530169481102e-05
0.18 0.47000000000000003 0 4.582512204158647e-05
0.18 0.48 0 2.526794392103339e-05
0.18 0.49 0 1.0742102460785986e-05
0.18 0.5 0 1.2793833225005728e-05
0.19 0.0 0 1.474116237658622e-07
0.19 0.01 0 1.8555698611016037e-07
0.19 0.02 0 1.421853159848994e-07
0.19 0.03 0 2.8332370299997534e-07
0.19 0.04 0 2.502510715085743e-07
0.19 0.05 0 2.6289270643726463e-07
0.19 0.06 0 2.219405811102519e-07
0.19 0.07 0 3.439993646798009e-07
0.19 0.08 0 3.162144676012879e-07
0.19 0.09 0 4.599984515893657e-07
0.19 0.1 0 4.415263692615547e-07
0.19 0.11 0 6.6028640398125e-07
0.19 0.12 0 1.997077356572388e-06
0.19 0.13 0 3.024413688881732e-06
0.19 0.14 0 9.402463604090316e-06
0.19 0.15 0 7.562169019654542e-06
0.19 0.16 0 8.985772546957822e-06
0.19 0.17 0 4.5106244219953815e-06
0.19 0.18 0 2.5940402309364827e-06
0.19 0.19 0 1.3540491875257556e-06
0.19 0.2 0 1.9298804368997346e-06
0.19 0.21 0 2.6653894339373627e-06
0.19 0.22 0 5.9281451626790004e-06
0.19 0.23 0 5.466281294389668e-06
0.19 0.24 0 3.2023995600310435e-06
0.19 0.25 0 3.616078194633568e-06
0.19 0.26 0 2.745609476832176e-06
0.19 0.27 0 7.1241925387303204e-06
0.19 0.28 0 5.618237353619705e-06
0.19 0.29 0 6.202331432082287e-06
0.19 0.3 0 4.095435242053229e-06
0.19 0.31 0 4.415690405896905e-06
0.19 0.32 0 4.292748337971667e-06
0.19 0.33 0 6.650044514114254e-06
0.19 0.34 0 5.487777143991127e-06
0.19 0.35000000000000003 0 5.540314165771531e-06
0.19 0.36 0 3.0278021991229257e-06
0.19 0.37 0 1.0463968331705205e-06
0.19 0.38 0 9.62249998918945e-07
0.19 0.39 0 8.401282966631498e-07
0.19 0.4 0 4.6046718309027955e-06
0.19 0.41000000000000003 0 1.026869229333121e-05
0.19 0.42 0 2.1946651918672128e-05
0.19 0.43 0 2.2023708323914146e-05
0.19 0.44 0 4.395789379610769e-05
0.19 0.45 0 0.00011974676005309087
0.19 0.46 0 0.00038716029193633177
0.19 0.47000000000000003 0 0.00022503437629146683
0.19 0.48 0 6.751410544401046e-05
0.19 0.49 0 2.4017179951137986e-05
0.19 0.5 0 2.1159244290973e-05
0.2 0.0 0 1.9739981734002562e-06
0.2 0.01 0 2.1235561938445703e-06
0.2 0.02 0 3.745172051754518e-06
0.2 0.03 0 2.9804164921924382e-06
0.2 0.04 0 3.03597055857568e-06
0.2 0.05 0 1.427955722736271e-06
0.2 0.06 0 7.04918681403513e-07
0.2 0.07 0 2.1275398846323478e-07
0.2 0.08 0 2.837060775156878e-07
0.2 0.09 0 3.7662720288701763e-07
0.2 0.1 0 1.5701807493781707e-06
0.2 0.11 0 3.2258717733982396e-06
0.2 0.12 0 3.1616877707601062e-06
0.2 0.13 0 3.6004386891706173e-06
0.2 0.14 0 2.4190662586604706e-06
0.2 0.15 0 5.086549404524628e-06
0.2 0.16 0 5.763911942884624e-06
0.2 0.17 0 6.33883530008867e-06
0.2 0.18 0 3.0751267791023854e-06
0.2 0.19 0 2.397170361918488e-06
0.2 0.2 0 1.4998963161928366e-06
0.2 0.21 0 2.9159001160768673e-06
0.2 0.22 0 2.327872697151545e-06
0.2 0.23 0 2.7480410852390514e-06
0.2 0.24 0 2.419032394132715e-06
0.2 0.25 0 1.9134541384464294e-06
0.2 0.26 0 3.1982010417550973e-06
0.2 0.27 0 2.425095987966891e-06
0.2 0.28 0 3.817789585828353e-06
0.2 0.29 0 3.230333096171545e-06
0.2 0.3 0 3.3041012572061306e-06
0.2 0.31 0 1.6119006200701099e-06
0.2 0.32 0 1.2343428497735074e-06
0.2 0.33 0 9.997987040122747e-07
0.2 0.34 0 5.629324257028706e-06
0.2 0.35000000000000003 0 2.2951016249539828e-05
0.2 0.36 0 6.572253199577446e-05
0.2 0.37 0 4.442706852694128e-05
0.2 0.38 0 1.2527614825594528e-05
0.2 0.39 0 1.90719151250992e-05
0.2 0.4 0 4.764099924301805e-05
0.2 0.41000000000000003 0 0.0003226655346282438
0.2 0.42 0 0.0004918350829686819
0.2 0.43 0 0.000414492300895079
0.2 0.44 0 0.0002375404021126869
0.2 0.45 0 0.00044462365930094804
0.2 0.46 0 0.0005367716702212674
0.2 0.47000000000000003 0 0.0008681607456879743
0.2 0.48 0 0.00039429403799721654
0.2 0.49 0 0.0002639970157311619
0.2 0.5 0 0.00033514121352909714
0.21 0.0 0 1.085990498467087e-05
0.21 0.01 0 1.2314930186699196e-05
0.21 0.02 0 9.441209653628285e-06
0.21 0.03 0 1.4518877710382378e-05
0.21 0.04 0 2.1142205510148553e-05
0.21 0.05 0 2.861361948901185e-05
0.21 0.06 0 1.349394483338591e-05
0.21 0.07 0 7.418437601774211e-06
0.21 0.08 0 1.689215798017334e-06
0.21 0.09 0 1.926370250657782e-06
0.21 0.1 0 1.4719898969854483e-06
0.21 0.11 0 2.3955486195610637e-06
0.21 0.12 0 2.39960832050284e-06
0.21 0.13 0 1.4075397233935684e-06
0.21 0.14 0 1.3205269442293895e-06
0.21 0.15 0 1.129143342874714e-06
0.21 0.16 0 1.8408649348578274e-06
0.21 0.17 0 2.1043280238112365e-06
0.21 0.18 0 2.113026222649316e-06
0.21 0.19 0 9.3340392458897e-07
0.21 0.2 0 8.142674702784617e-07
0.21 0.21 0 3.1129655617091694e-07
0.21 0.22 0 4.166514222725623e-07
0.21 0.23 0 2.86201684924845e-07
0.21 0.24 0 3.8215697999361526e-07
0.21 0.25 0 5.670781621695755e-07
0.21 0.26 0 6.053219434469905e-07
0.21 0.27 0 9.678530012181901e-07
0.21 0.28 0 9.244395909821088e-07
0.21 0.29 0 1.2336434499508056e-06
0.21 0.3 0 1.052537836015848e-06
0.21 0.31 0 8.225113404850995e-07
0.21 0.32 0 2.752611745770026e-07
0.21 0.33 0 2.845648526021334e-07
0.21 0.34 0 2.6549498128192496e-07
0.21 0.35000000000000003 0 1.505698374471085e-06
0.21 0.36 0 3.952095633215005e-06
0.21 0.37 0 6.203308373382378e-06
0.21 0.38 0 4.7980426300640386e-06
0.21 0.39 0 2.14802830085814e-06
0.21 0.4 0 2.774031409181944e-06
0.21 0.41000000000000003 0 3.668525051816554e-06
0.21 0.42 0 6.804652138251281e-06
0.21 0.43 0 6.476190585783438e-06
0.21 0.44 0 6.231894095002764e-06
0.21 0.45 0 2.7380992469891563e-06
0.21 0.46 0 3.0466895623728737e-06
0.21 0.47000000000000003 0 1.5507369201690582e-06
0.21 0.48 0 2.9422999163035426e-06
0.21 0.49 0 4.548158044766118e-06
0.21 0.5 0 1.0000982804072424e-05
0.22 0.0 0 9.596717638837106e-05
0.22 0.01 0 8.196585061994394e-05
0.22 0.02 0 0.00010893904741004728
0.22 0.03 0 0.00012784350453450404
0.22 0.04 0 9.066744560836717e-05
0.22 0.05 0 5.000416221385685e-05
0.22 0.06 0 4.277661637481075e-05
0.22 0.07 0 2.7198402944231952e-05
0.22 0.08 0 4.732410859375469e-05
0.22 0.09 0 2.3743648922638494e-05
0.22 0.1 0 3.6726066939831025e-05
0.22 0.11 0 3.162993277741113e-05
0.22 0.12 0 3.811351833176369e-05
0.22 0.13 0 2.684530863560241e-05
0.22 0.14 0 1.0937695606896498e-05
0.22 0.15 0 5.895917680252889e-06
0.22 0.16 0 6.083452320087556e-06
0.22 0.17 0 9.6921966804665e-06
0.22 0.18 0 1.102574468891746e-05
0.22 0.19 0 9.339625792747747e-06
0.22 0.2 0 2.6667317379671347e-06
0.22 0.21 0 2.621930620150902e-06
0.22 0.22 0 1.225871478688447e-06
0.22 0.23 0 1.7708872525064893e-06
0.22 0.24 0 1.1237580250025284e-06
0.22 0.25 0 7.536996297968691e-07
0.22 0.26 0 4.4772475869741484e-07
0.22 0.27 0 1.856139106965472e-07
0.22 0.28 0 7.486306695976802e-08
0.22 0.29 0 3.559438996270244e-08
0.22 0.3 0 3.3890193846462404e-08
0.22 0.31 0 5.674310870567007e-08
0.22 0.32 0 1.837309963239636e-07
0.22 0.33 0 1.5384975479067976e-07
0.22 0.34 0 2.01497870609965e-07
0.22 0.35000000000000003 0 8.015194254492011e-08
0.22 0.36 0 1.3855371384306116e-07
0.22 0.37 0 2.6531642462389116e-07
0.22 0.38 0 6.549043665551933e-07
0.22 0.39 0 1.300206102318811e-06
0.22 0.4 0 1.595949822329598e-06
0.22 0.41000000000000003 0 2.5793040548180434e-06
0.22 0.42 0 5.347762792790463e-06
0.22 0.43 0 1.063818555978366e-05
0.22 0.44 0 7.63060082392135e-06
0.22 0.45 0 4.021934501770757e-06
0.22 0.46 0 6.31008308226014e-07
0.22 0.47000000000000003 0 5.919859613809496e-07
0.22 0.48 0 5.949099644609996e-07
0.22 0.49 0 2.7730106230422674e-06
0.22 0.5 0 8.03997940953322e-06
0.23 0.0 0 0.00015433991331189551
0.23 0.01 0 0.00019342720444336445
0.23 0.02 0 0.00032966856451781794
0.23 0.03 0 0.00019432558675486444
0.23 0.04 0 6.879793717870309e-05
0.23 0.05 0 1.7552261692164656e-05
0.23 0.06 0 1.1143025533574046e-05
0.23 0.07 0 2.7496830116135145e-05
0.23 0.08 0 3.164572057634141e-05
0.23 0.09 0 6.596987445090244e-05
0.23 0.1 0 3.986120517857106e-05
0.23 0.11 0 7.50510829937137e-05
0.23 0.12 0 9.823547793926752e-05
0.23 0.13 0 0.00010104019594461815
0.23 0.14 0 4.115985366634099e-05
0.23 0.15 0 1.7087289623719573e-05
0.23 0.16 0 8.671783769411826e-06
0.23 0.17 0 1.1997448031232293e-05
0.23 0.18 0 1.7121955843879755e-05
0.23 0.19 0 1.8232346425773577e-05
0.23 0.2 0 3.225348291483497e-05
0.23 0.21 0 2.2472673018613748e-05
0.23 0.22 0 4.020731073277536e-05
0.23 0.23 0 1.8467240075184062e-05
0.23 0.24 0 1.5680648831257353e-05
0.23 0.25 0 1.2576882142370059e-05
0.23 0.26 0 1.932291268849237e-05
0.23 0.27 0 2.3074361597153095e-05
0.23 0.28 0 1.656363870842488e-05
0.23 0.29 0 4.576553242209214e-06
0.23 0.3 0 1.879308255905097e-06
0.23 0.31 0 1.4472614130109835e-06
0.23 0.32 0 1.3388377318552676e-06
0.23 0.33 0 2.091588424764139e-06
0.23 0.34 0 6.738593871399454e-07
0.23 0.35000000000000003 0 5.68558769970138e-07
0.23 0.36 0 3.1520113632993856e-07
0.23 0.37 0 6.855020941808e-07
0.23 0.38 0 1.4077785669283056e-06
0.23 0.39 0 2.2843456463007124e-06
0.23 0.4 0 1.8473846874203993e-06
0.23 0.41000000000000003 0 1.5371232390658784e-06
0.23 0.42 0 1.3637957788014347e-06
0.23 0.43 0 2.4100907555995206e-06
0.23 0.44 0 4.727136635262906e-06
0.23 0.45 0 3.401106196130372e-06
0.23 0.46 0 2.7961450436054696e-06
0.23 0.47000000000000003 0 6.044216796389906e-07
0.23 0.48 0 6.487332242559405e-07
0.23 0.49 0 7.404801551239808e-07
0.23 0.5 0 2.82378182095574e-06
0.24 0.0 0 0.011447303234656724
0.24 0.01 0 0.021932855959274876
0.24 0.02 0 0.022423017453108724
0.24 0.03 0 0.020380636299333014
0.24 0.04 0 0.0042725080307160716
0.24 0.05 0 0.0014913592896888402
0.24 0.06 0 0.0006683588258851194
0.24 0.07 0 0.00038029908675349535
0.24 0.08 0 0.0004064453611160251
0.24 0.09 0 0.0001548109604105381
0.24 0.1 0 0.00016508809740260492
0.24 0.11 0 0.00011774268889270239
0.24 0.12 0 0.00017088203028682832
0.24 0.13 0 0.00015508585703807637
0.24 0.14 0 0.00016054282050489383
0.24 0.15 0 7.931551110511046e-05
0.24 0.16 0 5.3488755352455856e-05
0.24 0.17 0 1.2220313625278588e-05
0.24 0.18 0 3.7968982625367113e-06
0.24 0.19 0 1.5040990958595944e-06
0.24 0.2 0 7.760494042217798e-07
0.24 0.21 0 1.2048847167138427e-06
0.24 0.22 0 6.37348043913772e-07
0.24 0.23 0 6.787270565175264e-07
0.24 0.24 0 4.4744980616247954e-07
0.24 0.25 0 7.253625035158881e-07
0.24 0.26 0 8.866978531986148e-07
0.24 0.27 0 9.270905031495474e-07
0.24 0.28 0 3.2384217717769484e-07
0.24 0.29 0 2.2828464967263837e-07
0.24 0.3 0 1.8302175087857752e-07
0.24 0.31 0 4.6138913398579077e-07
0.24 0.32 0 1.6798319045993305e-06
0.24 0.33 0 2.947077171536698e-06
0.24 0.34 0 7.726143232701443e-06
0.24 0.35000000000000003 0 4.626819749640546e-06
0.24 0.36 0 4.4524085009499185e-06
0.24 0.37 0 2.3406011545681226e-06
0.24 0.38 0 3.350984118798566e-06
0.24 0.39 0 7.713144707878356e-06
0.24 0.4 0 3.376520597594742e-05
0.24 0.41000000000000003 0 4.656588681327691e-05
0.24 0.42 0 4.681541003835318e-05
0.24 0.43 0 1.9646548976571627e-05
0.24 0.44 0 1.5659270487902903e-05
0.24 0.45 0 2.6624848570115015e-05
0.24 0.46 0 2.2220075233949805e-05
0.24 0.47000000000000003 0 2.9751043317591745e-05
0.24 0.48 0 1.2568531347182442e-05
0.24 0.49 0 1.816749556006407e-05
0.24 0.5 0 2.5413923658644563e-05
0.25 0.0 0 0.0024878664991028043
0.25 0.01 0 0.0022893015095840122
0.25 0.02 0 0.0019342173251672104
0.25 0.03 0 0.0003756511793925543
0.25 0.04 0 0.00018559194628447022
0.25 0.05 0 6.393284917614689e-05
0.25 0.06 0 6.428457139751804e-05
0.25 0.07 0 8.520282638205276e-05
0.25 0.08 0 0.00010451338735906344
0.25 0.09 0 0.0003046335309576689
0.25 0.1 0 0.00042617219723530675
0.25 0.11 0 0.0005501112682859875
0.25 0.12 0 0.00022746978088857434
0.25 0.13 0 0.00011059340917017267
0.25 0.14 0 5.519129721279927e-05
0.25 0.15 0 8.1107714647645e-05
0.25 0.16 0 3.631428055764848e-05
0.25 0.17 0 2.0859629696937207e-05
0.25 0.18 0 5.058061721231729e-06
0.25 0.19 0 3.905717393837624e-06
0.25 0.2 0 8.25793703035207e-06
0.25 0.21 0 1.2326139798439196e-05
0.25 0.22 0 2.099553119630869e-05
0.25 0.23 0 1.2914944395845145e-05
0.25 0.24 0 1.7527097998657583e-05
0.25 0.25 0 2.4073701597821816e-05
0.25 0.26 0 4.1516368172922874e-05
0.25 0.27 0 2.7039429781324502e-05
0.25 0.28 0 3.331314852193185e-05
0.25 0.29 0 2.5583883962788566e-05
0.25 0.3 0 5.96951512659807e-05
0.25 0.31 0 4.5972934211841213e-05
0.25 0.32 0 2.2315765691660947e-05
0.25 0.33 0 1.5214551568320941e-05
0.25 0.34 0 1.4095289459358695e-05
0.25 0.35000000000000003 0 5.6080652150955497e-05
0.25 0.36 0 9.361972537196326e-05
0.25 0.37 0 0.0001256197419947297
0.25 0.38 0 9.973523609322838e-05
0.25 0.39 0 0.00021173426407370297
0.25 0.4 0 0.0003868383343782861
0.25 0.41000000000000003 0 0.0008483956442852665
0.25 0.42 0 0.0002438503028566713
0.25 0.43 0 9.311298055932591e-05
0.25 0.44 0 3.883493902831496e-05
0.25 0.45 0 4.388263795370949e-05
0.25 0.46 0 0.00011106773118501141
0.25 0.47000000000000003 0 0.0001103672757598217
0.25 0.48 0 0.0001718052931534104
0.25 0.49 0 0.00013801319272629955
0.25 0.5 0 0.00017221070972665443
0.26 0.0 0 4.143994542551466e-05
0.26 0.01 0 4.175165304755496e-05
0.26 0.02 0 1.0189556512870577e-05
0.26 0.03 0 4.958029891805678e-06
0.26 0.04 0 1.4543400015549041e-06
0.26 0.05 0 2.8494098014990664e-06
0.26 0.06 0 4.093646211588643e-06
0.26 0.07 0 7.747731670861628e-06
0.26 0.08 0 1.5284078216122982e-05
0.26 0.09 0 2.5445089445234515e-05
0.26 0.1 0 5.003836102962968e-05
0.26 0.11 0 3.564146839799978e-05
0.26 0.12 0 1.17632360245541e-05
0.26 0.13 0 2.4676621900730273e-06
0.26 0.14 0 1.4214442462338794e-06
0.26 0.15 0 8.19803754205385e-07
0.26 0.16 0 1.4667530921023755e-06
0.26 0.17 0 6.264743885856719e-07
0.26 0.18 0 6.166421362909273e-07
0.26 0.19 0 4.804199572171426e-07
0.26 0.2 0 6.665958576908225e-07
0.26 0.21 0 1.1798472317702353e-06
0.26 0.22 0 1.369075917465324e-06
0.26 0.23 0 2.9998538339079333e-06
0.26 0.24 0 8.657790398316423e-06
0.26 0.25 0 3.236377756977121e-05
0.26 0.26 0 4.7927228670064624e-05
0.26 0.27 0 5.0748485664999166e-05
0.26 0.28 0 1.774062869699421e-05
0.26 0.29 0 2.175960524860125e-05
0.26 0.3 0 9.445773355110279e-06
0.26 0.31 0 6.2810952050290085e-06
0.26 0.32 0 2.1046401952553795e-06
0.26 0.33 0 1.3734510858501178e-06
0.26 0.34 0 4.139221487018623e-06
0.26 0.35000000000000003 0 1.7057264796027417e-05
0.26 0.36 0 6.472070538785043e-05
0.26 0.37 0 6.83468194926372e-05
0.26 0.38 0 5.1418177865867666e-05
0.26 0.39 0 3.8296181452124946e-05
0.26 0.4 0 9.75863688938619e-05
0.26 0.41000000000000003 0 0.00012702093827556452
0.26 0.42 0 0.00035369744202605745
0.26 0.43 0 0.00022440077008358157
0.26 0.44 0 0.00021284524684143908
0.26 0.45 0 0.00014036951305274056
0.26 0.46 0 0.00010512879971932933
0.26 0.47000000000000003 0 0.00020359626570889055
0.26 0.48 0 0.00045009222066974796
0.26 0.49 0 0.0015199775692115033
0.26 0.5 0 0.0022537703917819823
0.27 0.0 0 1.2112716712756623e-07
0.27 0.01 0 1.135293491290799e-07
0.27 0.02 0 2.2387295584553595e-07
0.27 0.03 0 2.2754952827762175e-07
0.27 0.04 0 9.336412903797447e-07
0.27 0.05 0 1.4434196650569595e-06
0.27 0.06 0 3.836392726258381e-06
0.27 0.07 0 3.294212071593289e-06
0.27 0.08 0 2.015350319935475e-06
0.27 0.09 0 1.2031609980473457e-06
0.27 0.1 0 1.0330014162032228e-06
0.27 0.11 0 1.0034798175163311e-06
0.27 0.12 0 9.414554686027999e-07
0.27 0.13 0 5.562136326806558e-07
0.27 0.14 0 1.938113722035078e-07
0.27 0.15 0 1.4556696736692568e-07
0.27 0.16 0 6.101744082628841e-08
0.27 0.17 0 1.225998546958663e-07
0.27 0.18 0 1.0830495738753927e-07
0.27 0.19 0 1.87581455868596e-07
0.27 0.2 0 1.7992689748330736e-07
0.27 0.21 0 1.6317060654420173e-07
0.27 0.22 0 1.6747936039739215e-07
0.27 0.23 0 2.027348794260263e-07
0.27 0.24 0 2.1070249870657155e-07
0.27 0.25 0 1.739785318411659e-07
0.27 0.26 0 1.2152847703127924e-07
0.27 0.27 0 7.775207930240653e-08
0.27 0.28 0 2.321424896022081e-07
0.27 0.29 0 4.4928923261193333e-07
0.27 0.3 0 2.5971418190562314e-06
0.27 0.31 0 2.992213090550569e-06
0.27 0.32 0 3.1042268411253394e-06
0.27 0.33 0 1.7750733583395125e-06
0.27 0.34 0 1.0913751840722073e-06
0.27 0.35000000000000003 0 1.0070163803257676e-06
0.27 0.36 0 1.4711164546806396e-06
0.27 0.37 0 3.131156862413273e-06
0.27 0.38 0 8.121821363918315e-06
0.27 0.39 0 1.8523678646892686e-05
0.27 0.4 0 1.559734699643224e-05
0.27 0.41000000000000003 0 2.729361768457225e-05
0.27 0.42 0 2.069187667108479e-05
0.27 0.43 0 5.896204447717563e-05
0.27 0.44 0 5.2664047279270426e-05
0.27 0.45 0 4.551504914620044e-05
0.27 0.46 0 3.551032851390092e-05
0.27 0.47000000000000003 0 5.8131190601205605e-05
0.27 0.48 0 0.00023903751689530558
0.27 0.49 0 0.0008770676794893788
0.27 0.5 0 0.0011820767823926528
0.28 0.0 0 1.3236287917040308e-06
0.28 0.01 0 8.951569833356167e-07
0.28 0.02 0 3.9198680032358733e-07
0.28 0.03 0 2.8297772745493893e-07
0.28 0.04 0 8.315114819919149e-08
0.28 0.05 0 1.3382278451573423e-07
0.28 0.06 0 2.2119345980512854e-07
0.28 0.07 0 8.996647171253919e-07
0.28 0.08 0 1.7110360296792545e-06
0.28 0.09 0 1.9805942009835377e-06
0.28 0.1 0 1.0650825144635234e-06
0.28 0.11 0 9.438475975280153e-07
0.28 0.12 0 6.313229120696789e-07
0.28 0.13 0 5.998263178824363e-07
0.28 0.14 0 5.543148702768121e-07
0.28 0.15 0 3.927728253110532e-07
0.28 0.16 0 1.1022772774682903e-06
0.28 0.17 0 1.69162467858434e-06
0.28 0.18 0 6.447902389739484e-06
0.28 0.19 0 6.210078423832207e-06
0.28 0.2 0 5.139035658854331e-06
0.28 0.21 0 2.8839453018612194e-06
0.28 0.22 0 3.055764360973339e-06
0.28 0.23 0 3.439955745023362e-06
0.28 0.24 0 5.693690492449458e-06
0.28 0.25 0 4.050763253855784e-06
0.28 0.26 0 2.5227280714977588e-06
0.28 0.27 0 1.9030428615996256e-06
0.28 0.28 0 9.646079223004093e-07
0.28 0.29 0 1.5117033370400282e-06
0.28 0.3 0 9.337409349264222e-07
0.28 0.31 0 2.0162965801538974e-06
0.28 0.32 0 3.3160604743263164e-06
0.28 0.33 0 9.13696109649752e-06
0.28 0.34 0 1.3947974360429761e-05
0.28 0.35000000000000003 0 1.648715694380383e-05
0.28 0.36 0 1.3390081144010499e-05
0.28 0.37 0 2.5823591798202853e-05
0.28 0.38 0 4.9089502322344856e-05
0.28 0.39 0 7.678830309676517e-05
0.28 0.4 0 9.442956256659541e-05
0.28 0.41000000000000003 0 4.801652763293819e-05
0.28 0.42 0 0.00011527050892969424
0.28 0.43 0 0.0001549882659667823
0.28 0.44 0 0.0003944382391292313
0.28 0.45 0 0.0002542653426957898
0.28 0.46 0 0.000141916701951302
0.28 0.47000000000000003 0 9.234776692674293e-05
0.28 0.48 0 0.00014492826492410891
0.28 0.49 0 0.0001964670268294777
0.28 0.5 0 0.0002575396313233272
0.29 0.0 0 1.8560521713291262e-06
0.29 0.01 0 7.611076249248971e-07
0.29 0.02 0 3.666693260928106e-07
0.29 0.03 0 1.352426030655638e-07
0.29 0.04 0 1.5572374360403838e-07
0.29 0.05 0 1.1849143882532852e-07
0.29 0.06 0 2.1992209982358574e-07
0.29 0.07 0 2.1117505355671287e-07
0.29 0.08 0 2.1268973090186418e-07
0.29 0.09 0 1.2251617878893019e-07
0.29 0.1 0 1.4216619042158326e-07
0.29 0.11 0 1.0117948885893553e-07
0.29 0.12 0 1.7827337046527802e-07
0.29 0.13 0 1.5777696100558082e-07
0.29 0.14 0 1.514328455798041e-07
0.29 0.15 0 1.5427939485246794e-07
0.29 0.16 0 7.930459549665526e-08
0.29 0.17 0 1.0683517379196913e-07
0.29 0.18 0 8.42529866541846e-08
0.29 0.19 0 1.6973712116015595e-07
0.29 0.2 0 2.2791184190097782e-07
0.29 0.21 0 3.587015398258294e-07
0.29 0.22 0 2.909238796327984e-07
0.29 0.23 0 4.2131780638167834e-07
0.29 0.24 0 3.5876743814265824e-07
0.29 0.25 0 7.99052380285002e-07
0.29 0.26 0 1.149531896446205e-06
0.29 0.27 0 1.5852788055507997e-06
0.29 0.28 0 2.5687452965163336e-06
0.29 0.29 0 1.6574100985466651e-06
0.29 0.3 0 2.633528641090454e-06
0.29 0.31 0 2.5603285892037907e-06
0.29 0.32 0 7.491116046410045e-06
0.29 0.33 0 1.8963719526275544e-05
0.29 0.34 0 5.169075383303156e-05
0.29 0.35000000000000003 0 4.414005585379274e-05
0.29 0.36 0 4.126026190834132e-05
0.29 0.37 0 2.0642760046528332e-05
0.29 0.38 0 3.466535602874657e-05
0.29 0.39 0 5.804768375904068e-05
0.29 0.4 0 7.070076544216318e-05
0.29 0.41000000000000003 0 8.416904235795175e-05
0.29 0.42 0 3.266931387224592e-05
0.29 0.43 0 3.9582413588080946e-05
0.29 0.44 0 3.438535649032463e-05
0.29 0.45 0 6.362035542605856e-05
0.29 0.46 0 6.821761660423015e-05
0.29 0.47000000000000003 0 8.063035250992433e-05
0.29 0.48 0 5.6171026998454214e-05
0.29 0.49 0 9.648745990226415e-05
0.29 0.5 0 0.0001224029761118697
0.3 0.0 0 1.2640314823463522e-07
0.3 0.01 0 1.4550003316015642e-07
0.3 0.02 0 1.2226154113667378e-07
0.3 0.03 0 9.643092831557326e-08
0.3 0.04 0 5.3489342215191195e-08
0.3 0.05 0 5.6826649194620604e-08
0.3 0.06 0 3.3227608289262856e-08
0.3 0.07 0 2.5305289917734764e-08
0.3 0.08 0 2.3309464356968158e-08
0.3 0.09 0 7.02422780351286e-08
0.3 0.1 0 1.3399488473493656e-07
0.3 0.11 0 3.646494048277398e-07
0.3 0.12 0 1.9419664493927328e-07
0.3 0.13 0 3.127700370410117e-07
0.3 0.14 0 8.098950677224792e-07
0.3 0.15 0 4.330907948571362e-06
0.3 0.16 0 2.2755729550765897e-05
0.3 0.17 0 2.6993547009674777e-05
0.3 0.18 0 3.313629376171432e-05
0.3 0.19 0 3.2555689347326816e-05
0.3 0.2 0 6.119272811060195e-05
0.3 0.21 0 7.1379141748639e-05
0.3 0.22 0 8.812127398169049e-05
0.3 0.23 0 4.451965894021109e-05
0.3 0.24 0 7.867086477855678e-05
0.3 0.25 0 6.812549166970631e-05
0.3 0.26 0 0.00010886758210456
0.3 0.27 0 8.722333595844324e-05
0.3 0.28 0 5.61452885730311e-05
0.3 0.29 0 6.623530292308754e-05
0.3 0.3 0 4.640791050422123e-05
0.3 0.31 0 5.1536183762679304e-05
0.3 0.32 0 3.7963439353988096e-05
0.3 0.33 0 5.3308243669670126e-05
0.3 0.34 0 7.350517153044094e-05
0.3 0.35000000000000003 0 0.00016646708317665632
0.3 0.36 0 0.0001071411772723346
0.3 0.37 0 0.00014190803181055026
0.3 0.38 0 0.00010405244051584628
0.3 0.39 0 0.00023169084989989425
0.3 0.4 0 0.00038655127180258316
0.3 0.41000000000000003 0 0.00021481513696857397
0.3 0.42 0 9.1855847465496e-05
0.3 0.43 0 2.3030199419289934e-05
0.3 0.44 0 2.9928570129576845e-05
0.3 0.45 0 8.711691580392881e-05
0.3 0.46 0 0.0005112283638982302
0.3 0.47000000000000003 0 0.0010412651599913383
0.3 0.48 0 0.001433913583253282
0.3 0.49 0 0.0004258092085674803
0.3 0.5 0 0.000292674637764019
#STOP
