#MEDIUM_PROPERTIES_DISTRIBUTED
$MSH_TYPE
	 GROUNDWATER_FLOW	
$MMP_TYPE
	 PERMEABILITY	
$DIS_TYPE
	 NEAREST_VALUE	
;hj
$CONVERSION_FACTOR
	 1.0	
$DATA
0.0 0.0 0 4.1784933676000153e-05
0.0 0.01 0 0.0003017202363439918
0.0 0.02 0 0.00016454634800891135
0.0 0.03 0 5.2116303765452e-05
0.0 0.04 0 1.7302515664760202e-05
0.0 0.05 0 1.4186700216064916e-05
0.0 0.06 0 1.992400473223875e-05
0.0 0.07 0 7.770735098464925e-06
0.0 0.08 0 5.779211872033432e-06
0.0 0.09 0 3.738392054412545e-06
0.0 0.1 0 3.40298427208314e-06
0.0 0.11 0 1.1556808417755602e-06
0.0 0.12 0 1.1222198443467933e-06
0.0 0.13 0 2.4825903239338503e-06
0.0 0.14 0 2.108588825032547e-06
0.0 0.15 0 7.878951564174452e-07
0.0 0.16 0 5.045973164161073e-07
0.0 0.17 0 3.130863438360763e-07
0.0 0.18 0 6.383515594210815e-06
0.0 0.19 0 3.37131395494446e-05
0.0 0.2 0 4.567245295599091e-05
0.0 0.21 0 8.357396500119575e-05
0.0 0.22 0 3.246178474413157e-05
0.0 0.23 0 1.7077735749193418e-05
0.0 0.24 0 2.1117452994983546e-05
0.0 0.25 0 2.7664286346813592e-05
0.0 0.26 0 3.8743245968303205e-05
0.0 0.27 0 2.7601835301153816e-05
0.0 0.28 0 1.9679432246150144e-05
0.0 0.29 0 3.3802404514939665e-05
0.0 0.3 0 1.4624752922732037e-05
0.0 0.31 0 8.499530429365064e-06
0.0 0.32 0 9.459893656504911e-07
0.0 0.33 0 1.1536502429427229e-06
0.0 0.34 0 1.2404308085304474e-06
0.0 0.35000000000000003 0 1.4998843148681428e-06
0.0 0.36 0 3.0726344257416916e-06
0.0 0.37 0 2.767591614601994e-06
0.0 0.38 0 2.3875457965424993e-06
0.0 0.39 0 3.3794442645533453e-06
0.0 0.4 0 1.0763473330260507e-06
0.0 0.41000000000000003 0 2.5940069704156184e-07
0.0 0.42 0 6.51459142133789e-07
0.0 0.43 0 8.81663787402037e-07
0.0 0.44 0 1.7871431532218684e-06
0.0 0.45 0 1.398232866918372e-06
0.0 0.46 0 2.726166826677969e-06
0.0 0.47000000000000003 0 3.4472797965734794e-06
0.0 0.48 0 6.444055290961793e-06
0.0 0.49 0 2.6861721950781357e-06
0.0 0.5 0 1.7914638646574646e-06
0.01 0.0 0 8.12696423239909e-05
0.01 0.01 0 0.00027635917476584925
0.01 0.02 0 0.00036393021665549226
0.01 0.03 0 0.00017816493008173642
0.01 0.04 0 5.841032310227899e-05
0.01 0.05 0 2.6029445594867205e-05
0.01 0.06 0 1.0987158417459907e-05
0.01 0.07 0 3.8676013353126094e-05
0.01 0.08 0 5.300130692776513e-05
0.01 0.09 0 5.342494506944281e-05
0.01 0.1 0 2.8589348586896182e-05
0.01 0.11 0 1.4696220780330251e-05
0.01 0.12 0 9.816372612820043e-06
0.01 0.13 0 1.670046118762727e-05
0.01 0.14 0 1.8457680682640677e-05
0.01 0.15 0 1.5109607419307507e-05
0.01 0.16 0 1.6538484703622775e-05
0.01 0.17 0 3.4106105510681348e-06
0.01 0.18 0 2.3641687296604626e-06
0.01 0.19 0 4.853844712555899e-06
0.01 0.2 0 1.8254795599751378e-05
0.01 0.21 0 3.820523168709707e-05
0.01 0.22 0 0.0001147363612891718
0.01 0.23 0 1.3566809276983833e-05
0.01 0.24 0 9.943988826915907e-06
0.01 0.25 0 8.96177191630839e-06
0.01 0.26 0 1.3195514726877411e-05
0.01 0.27 0 1.637045510196283e-05
0.01 0.28 0 1.4910995635125253e-05
0.01 0.29 0 4.118961807593181e-05
0.01 0.3 0 1.579495837168042e-05
0.01 0.31 0 3.234596584223851e-06
0.01 0.32 0 5.013508760297749e-07
0.01 0.33 0 7.284522822529346e-07
0.01 0.34 0 1.5080647906702474e-06
0.01 0.35000000000000003 0 1.7846036467490504e-06
0.01 0.36 0 8.043943231879319e-07
0.01 0.37 0 2.4632934656950906e-06
0.01 0.38 0 3.409279693051297e-07
0.01 0.39 0 1.658126731619086e-07
0.01 0.4 0 1.5043476224546898e-07
0.01 0.41000000000000003 0 9.332126040976047e-08
0.01 0.42 0 3.1616368145461016e-07
0.01 0.43 0 4.782322929443749e-07
0.01 0.44 0 2.006408587026898e-06
0.01 0.45 0 7.070738945071828e-06
0.01 0.46 0 9.305156790618623e-06
0.01 0.47000000000000003 0 4.007392913737881e-06
0.01 0.48 0 5.4517305607674726e-06
0.01 0.49 0 6.7904146141728406e-06
0.01 0.5 0 6.178055678719902e-06
0.02 0.0 0 2.6694991174018057e-05
0.02 0.01 0 6.979757154581114e-05
0.02 0.02 0 0.00012386262239512575
0.02 0.03 0 9.847643523309571e-05
0.02 0.04 0 6.15036799868496e-05
0.02 0.05 0 6.810999648895332e-05
0.02 0.06 0 3.553373358799654e-05
0.02 0.07 0 1.970972889901258e-05
0.02 0.08 0 3.405959467689235e-05
0.02 0.09 0 5.867022604937115e-05
0.02 0.1 0 4.648796147132243e-05
0.02 0.11 0 5.769377916732746e-05
0.02 0.12 0 6.636967690306527e-06
0.02 0.13 0 7.912772337623536e-06
0.02 0.14 0 6.29194296838953e-06
0.02 0.15 0 1.0640284492008157e-05
0.02 0.16 0 3.112627638016107e-05
0.02 0.17 0 1.6530948315900673e-05
0.02 0.18 0 5.338671131198419e-06
0.02 0.19 0 3.2659304896662595e-06
0.02 0.2 0 4.803623718410257e-06
0.02 0.21 0 4.576689985692719e-06
0.02 0.22 0 2.643250166293761e-05
0.02 0.23 0 4.222020231610762e-05
0.02 0.24 0 2.406803211390103e-05
0.02 0.25 0 4.689106523147273e-06
0.02 0.26 0 6.155915818803236e-06
0.02 0.27 0 9.754864732969914e-06
0.02 0.28 0 3.1940776458339806e-05
0.02 0.29 0 2.68273007153314e-05
0.02 0.3 0 1.62857843733406e-05
0.02 0.31 0 5.886657465590274e-06
0.02 0.32 0 1.1341787094413885e-06
0.02 0.33 0 6.184426688826276e-07
0.02 0.34 0 1.1432684298390622e-06
0.02 0.35000000000000003 0 4.707027578353157e-06
0.02 0.36 0 1.8324115299541968e-06
0.02 0.37 0 1.716302964038915e-06
0.02 0.38 0 6.965199600241438e-07
0.02 0.39 0 2.5648980232589874e-07
0.02 0.4 0 3.407935183256344e-07
0.02 0.41000000000000003 0 5.056882134365264e-07
0.02 0.42 0 6.349786804041933e-07
0.02 0.43 0 3.3005865474880475e-06
0.02 0.44 0 2.3357864895470238e-06
0.02 0.45 0 3.2560234969038023e-06
0.02 0.46 0 4.242973437740591e-06
0.02 0.47000000000000003 0 3.55802040686293e-06
0.02 0.48 0 5.570215611206357e-06
0.02 0.49 0 4.673771579080483e-06
0.02 0.5 0 4.1582625487638684e-06
0.03 0.0 0 5.528278993191216e-05
0.03 0.01 0 3.756294894968537e-05
0.03 0.02 0 3.831578366289785e-05
0.03 0.03 0 2.1601237782236367e-05
0.03 0.04 0 4.702555785140184e-05
0.03 0.05 0 2.4346770945148e-05
0.03 0.06 0 1.3621142329064217e-05
0.03 0.07 0 3.0431153329852538e-06
0.03 0.08 0 2.3921998905428134e-06
0.03 0.09 0 5.655867979209859e-06
0.03 0.1 0 4.279199224995602e-06
0.03 0.11 0 1.1779458510741041e-05
0.03 0.12 0 8.284938533377977e-06
0.03 0.13 0 3.82436903534875e-06
0.03 0.14 0 3.3440785354348405e-06
0.03 0.15 0 1.6650440558708e-06
0.03 0.16 0 2.3821530977576674e-06
0.03 0.17 0 1.0956517729613568e-05
0.03 0.18 0 5.193796531895983e-06
0.03 0.19 0 6.938202049971098e-06
0.03 0.2 0 7.187051565253935e-06
0.03 0.21 0 6.757021116404434e-06
0.03 0.22 0 1.3621353728011538e-05
0.03 0.23 0 2.959073035470283e-05
0.03 0.24 0 5.425172013970807e-05
0.03 0.25 0 1.3761324896715845e-05
0.03 0.26 0 5.749331494004204e-06
0.03 0.27 0 5.883777632122956e-06
0.03 0.28 0 1.2336489844604959e-05
0.03 0.29 0 3.4611069401801496e-05
0.03 0.3 0 3.310506714915767e-05
0.03 0.31 0 8.620378060545427e-06
0.03 0.32 0 4.843619438957777e-06
0.03 0.33 0 9.034503718841376e-07
0.03 0.34 0 8.839175123807652e-07
0.03 0.35000000000000003 0 7.088441750111467e-07
0.03 0.36 0 2.846276544775361e-07
0.03 0.37 0 1.6266831179368006e-07
0.03 0.38 0 2.2021315915937302e-07
0.03 0.39 0 1.167493142109365e-07
0.03 0.4 0 7.053545800568229e-08
0.03 0.41000000000000003 0 1.2563704774739338e-07
0.03 0.42 0 1.3917690889898316e-07
0.03 0.43 0 3.4047604980122006e-07
0.03 0.44 0 2.5918989811343035e-07
0.03 0.45 0 1.585682750740196e-07
0.03 0.46 0 1.7428085889362072e-07
0.03 0.47000000000000003 0 6.859486458930621e-07
0.03 0.48 0 6.838250486769133e-07
0.03 0.49 0 2.1708598984947742e-06
0.03 0.5 0 2.585903338590797e-06
0.04 0.0 0 0.00016049718180720254
0.04 0.01 0 0.00016326938770515963
0.04 0.02 0 0.00015295204642027578
0.04 0.03 0 9.832434412221655e-05
0.04 0.04 0 3.5402333737242605e-05
0.04 0.05 0 1.4065370963225478e-05
0.04 0.06 0 1.5116914366122098e-05
0.04 0.07 0 5.55706456761905e-06
0.04 0.08 0 3.171079918005758e-06
0.04 0.09 0 2.8584148632353204e-06
0.04 0.1 0 6.211676713047968e-06
0.04 0.11 0 5.871323226132397e-06
0.04 0.12 0 6.847249856988948e-06
0.04 0.13 0 2.0822507960048406e-06
0.04 0.14 0 3.470120257111826e-06
0.04 0.15 0 4.9069704984188876e-06
0.04 0.16 0 1.2602279959154895e-06
0.04 0.17 0 1.0745566917267636e-06
0.04 0.18 0 1.7717959432152678e-06
0.04 0.19 0 3.748159984203936e-06
0.04 0.2 0 9.891139041339554e-06
0.04 0.21 0 5.173523199433132e-06
0.04 0.22 0 2.1126651472964463e-06
0.04 0.23 0 6.2635019171731466e-06
0.04 0.24 0 8.681910530558537e-06
0.04 0.25 0 1.1946062298162045e-05
0.04 0.26 0 4.491764683708558e-06
0.04 0.27 0 1.651269745800984e-05
0.04 0.28 0 3.2231168759034135e-05
0.04 0.29 0 2.5408858274664323e-05
0.04 0.3 0 2.8978670390035337e-05
0.04 0.31 0 1.147876369601411e-05
0.04 0.32 0 1.0236704468576593e-05
0.04 0.33 0 3.3637551324842387e-06
0.04 0.34 0 1.0960085328190538e-06
0.04 0.35000000000000003 0 1.5207319577738333e-06
0.04 0.36 0 1.304209897483273e-06
0.04 0.37 0 1.452933172154928e-07
0.04 0.38 0 1.9936658674467393e-07
0.04 0.39 0 8.74510839496893e-08
0.04 0.4 0 1.0602921468667318e-07
0.04 0.41000000000000003 0 7.880732960279947e-08
0.04 0.42 0 9.998218845074457e-08
0.04 0.43 0 2.5829250627847246e-07
0.04 0.44 0 5.625478961340059e-07
0.04 0.45 0 1.0722483053678108e-06
0.04 0.46 0 8.214858055114418e-07
0.04 0.47000000000000003 0 3.586914663184477e-06
0.04 0.48 0 8.081878041976713e-06
0.04 0.49 0 1.8758442535830753e-05
0.04 0.5 0 1.7022367341183165e-05
0.05 0.0 0 4.5257808356481955e-05
0.05 0.01 0 0.00047092265442405756
0.05 0.02 0 0.0003777788726666856
0.05 0.03 0 0.00038052000031656196
0.05 0.04 0 0.0002276773392304415
0.05 0.05 0 4.926695463251425e-05
0.05 0.06 0 1.8008672534930833e-05
0.05 0.07 0 8.489825442022163e-06
0.05 0.08 0 7.411089533291734e-06
0.05 0.09 0 3.334091394761341e-05
0.05 0.1 0 7.16227985278187e-05
0.05 0.11 0 2.1001204361418336e-05
0.05 0.12 0 1.1703305329082082e-05
0.05 0.13 0 2.6939411688978803e-06
0.05 0.14 0 3.9688515935229745e-06
0.05 0.15 0 2.141044338889873e-06
0.05 0.16 0 1.3050294454050422e-06
0.05 0.17 0 5.14647182596367e-07
0.05 0.18 0 1.1218083143537257e-06
0.05 0.19 0 5.986240686973161e-07
0.05 0.2 0 5.836401618959684e-07
0.05 0.21 0 2.0970521886752026e-06
0.05 0.22 0 2.4800000886536836e-06
0.05 0.23 0 1.5195291119699676e-06
0.05 0.24 0 7.847606289825429e-07
0.05 0.25 0 1.96119155535693e-06
0.05 0.26 0 3.296021036101096e-06
0.05 0.27 0 5.69633375722235e-06
0.05 0.28 0 3.3864080975378625e-06
0.05 0.29 0 4.612480391223542e-06
0.05 0.3 0 8.021144771037042e-06
0.05 0.31 0 1.746282625029466e-05
0.05 0.32 0 6.7691138075846305e-06
0.05 0.33 0 7.487824006075622e-06
0.05 0.34 0 4.75942017081745e-06
0.05 0.35000000000000003 0 2.584959114112389e-06
0.05 0.36 0 5.105670820004073e-06
0.05 0.37 0 1.053421392602621e-06
0.05 0.38 0 1.7799886442049686e-06
0.05 0.39 0 2.870722709722879e-06
0.05 0.4 0 1.7963721269166722e-06
0.05 0.41000000000000003 0 1.0012083978747457e-06
0.05 0.42 0 9.907846209256709e-07
0.05 0.43 0 1.0841127189033607e-06
0.05 0.44 0 3.8035170889520835e-06
0.05 0.45 0 4.302797374487735e-06
0.05 0.46 0 6.819967084322025e-06
0.05 0.47000000000000003 0 7.776393523384594e-06
0.05 0.48 0 1.8384416956675935e-05
0.05 0.49 0 3.717009853302826e-05
0.05 0.5 0 1.9201457855998708e-05
0.06 0.0 0 1.508797371645976e-05
0.06 0.01 0 6.640716493905986e-05
0.06 0.02 0 0.00011588595528544498
0.06 0.03 0 0.00013986375616177154
0.06 0.04 0 0.00011324376249917766
0.06 0.05 0 7.734487601305128e-05
0.06 0.06 0 8.888108487872029e-06
0.06 0.07 0 2.6129462392299898e-05
0.06 0.08 0 2.5309144920428764e-05
0.06 0.09 0 3.2775336199784094e-05
0.06 0.1 0 3.3942648304588264e-05
0.06 0.11 0 1.0746837365141265e-05
0.06 0.12 0 1.3299666523920215e-05
0.06 0.13 0 3.509596795048641e-06
0.06 0.14 0 9.88198666637473e-07
0.06 0.15 0 1.5871850118571266e-06
0.06 0.16 0 5.075674237748391e-06
0.06 0.17 0 2.645166343210115e-06
0.06 0.18 0 2.0314810102628863e-06
0.06 0.19 0 1.0893988894378974e-06
0.06 0.2 0 2.5307710081064643e-06
0.06 0.21 0 1.8542519835081767e-06
0.06 0.22 0 2.1461483858470107e-06
0.06 0.23 0 9.555137710707828e-07
0.06 0.24 0 1.3596075118555667e-06
0.06 0.25 0 6.051432088308217e-06
0.06 0.26 0 9.759879575337413e-06
0.06 0.27 0 2.1830150992588715e-05
0.06 0.28 0 3.622246550064771e-05
0.06 0.29 0 2.3297926920032307e-05
0.06 0.3 0 7.975725426410295e-06
0.06 0.31 0 4.304238452027561e-06
0.06 0.32 0 2.1164878489365694e-06
0.06 0.33 0 3.9269282029591565e-06
0.06 0.34 0 4.4798983075821005e-06
0.06 0.35000000000000003 0 3.4034515500239023e-06
0.06 0.36 0 4.811740987690637e-06
0.06 0.37 0 9.819408969358169e-06
0.06 0.38 0 5.420716128825476e-06
0.06 0.39 0 6.120260946357024e-06
0.06 0.4 0 3.0260104164962618e-06
0.06 0.41000000000000003 0 1.1048699374594462e-06
0.06 0.42 0 1.6067185792567024e-06
0.06 0.43 0 1.4438447326912366e-06
0.06 0.44 0 4.02211602343471e-06
0.06 0.45 0 1.51142454326418e-05
0.06 0.46 0 3.994243333093663e-05
0.06 0.47000000000000003 0 3.840758655039751e-05
0.06 0.48 0 5.177276286190082e-05
0.06 0.49 0 0.00011631431393585397
0.06 0.5 0 0.00016328050803170437
0.07 0.0 0 1.1254988879383606e-05
0.07 0.01 0 0.00011850231288314559
0.07 0.02 0 0.0005325174963949653
0.07 0.03 0 0.0003020290012089932
0.07 0.04 0 8.862925213117028e-05
0.07 0.05 0 0.00014556820423061332
0.07 0.06 0 6.176176999995165e-05
0.07 0.07 0 4.267037919154752e-05
0.07 0.08 0 3.809184875524753e-05
0.07 0.09 0 4.1800180057638355e-05
0.07 0.1 0 5.040416157344156e-05
0.07 0.11 0 2.7467991073725593e-05
0.07 0.12 0 4.596127120551905e-06
0.07 0.13 0 7.769264289289182e-06
0.07 0.14 0 5.006274505537547e-06
0.07 0.15 0 6.1774567331428235e-06
0.07 0.16 0 1.113085302431495e-05
0.07 0.17 0 5.078557314767986e-06
0.07 0.18 0 6.413292504165464e-06
0.07 0.19 0 7.882259625433204e-06
0.07 0.2 0 9.79881961640053e-06
0.07 0.21 0 4.72847078830809e-06
0.07 0.22 0 2.5548274570059128e-06
0.07 0.23 0 2.536857836572323e-06
0.07 0.24 0 2.398403687175974e-06
0.07 0.25 0 2.005469001704545e-06
0.07 0.26 0 4.764423902866323e-06
0.07 0.27 0 2.70775026235386e-06
0.07 0.28 0 1.0470330875629065e-05
0.07 0.29 0 4.19880325512403e-06
0.07 0.3 0 8.41538199106123e-07
0.07 0.31 0 5.833348176294489e-07
0.07 0.32 0 5.05885630280304e-07
0.07 0.33 0 7.910896492985848e-07
0.07 0.34 0 1.6062640502515885e-06
0.07 0.35000000000000003 0 2.1659305113899847e-06
0.07 0.36 0 5.544416308575297e-06
0.07 0.37 0 1.5081306365350908e-05
0.07 0.38 0 9.527318194583555e-06
0.07 0.39 0 1.4268717457724346e-05
0.07 0.4 0 1.3356694834683848e-05
0.07 0.41000000000000003 0 1.3872272199546523e-05
0.07 0.42 0 7.218376230566132e-06
0.07 0.43 0 2.238013595932696e-05
0.07 0.44 0 2.6200910363633927e-05
0.07 0.45 0 4.0119174928952996e-05
0.07 0.46 0 0.0001392534313322151
0.07 0.47000000000000003 0 0.0005318954109829936
0.07 0.48 0 0.0018197691146300224
0.07 0.49 0 0.0023999686727687406
0.07 0.5 0 0.00350718961658866
0.08 0.0 0 9.828245882476894e-05
0.08 0.01 0 0.00010714138232318893
0.08 0.02 0 0.0003147231544526024
0.08 0.03 0 9.336085445715248e-05
0.08 0.04 0 3.341598399729933e-05
0.08 0.05 0 3.110608646452386e-05
0.08 0.06 0 2.8528429735765184e-05
0.08 0.07 0 2.181732908908826e-05
0.08 0.08 0 3.094921114537259e-05
0.08 0.09 0 2.2501930278245327e-05
0.08 0.1 0 9.478779490269086e-06
0.08 0.11 0 4.747095333991233e-06
0.08 0.12 0 1.992396014833865e-06
0.08 0.13 0 3.579587815943896e-06
0.08 0.14 0 6.546647090690011e-06
0.08 0.15 0 7.39117160019522e-06
0.08 0.16 0 5.490420377581998e-06
0.08 0.17 0 4.257313988799849e-06
0.08 0.18 0 6.211304966535475e-07
0.08 0.19 0 7.78604046971204e-07
0.08 0.2 0 9.061666139335733e-07
0.08 0.21 0 1.1192909469265935e-06
0.08 0.22 0 6.114300881915607e-07
0.08 0.23 0 5.679792963694048e-07
0.08 0.24 0 8.874614078797964e-07
0.08 0.25 0 4.937824101080513e-07
0.08 0.26 0 8.491661381313712e-07
0.08 0.27 0 6.664401810695128e-07
0.08 0.28 0 1.8361512501114986e-06
0.08 0.29 0 6.4179113505167145e-06
0.08 0.3 0 7.2058668134565725e-06
0.08 0.31 0 3.6141286228750474e-06
0.08 0.32 0 8.832496699931003e-06
0.08 0.33 0 2.5084675314190232e-06
0.08 0.34 0 5.282817649758296e-06
0.08 0.35000000000000003 0 3.709818092199267e-06
0.08 0.36 0 5.149933437914015e-06
0.08 0.37 0 2.1134523159818592e-05
0.08 0.38 0 1.5581590141629075e-05
0.08 0.39 0 8.998182235562894e-06
0.08 0.4 0 2.9247228514080472e-06
0.08 0.41000000000000003 0 2.2062666250831557e-06
0.08 0.42 0 1.7889685673413743e-06
0.08 0.43 0 4.3126299189082865e-06
0.08 0.44 0 1.1107276794154197e-05
0.08 0.45 0 3.417495878570565e-05
0.08 0.46 0 9.26351578074916e-05
0.08 0.47000000000000003 0 0.0011195892628807693
0.08 0.48 0 0.0015496377092510478
0.08 0.49 0 0.003492989130092657
0.08 0.5 0 0.006425677614444197
0.09 0.0 0 0.00012496179098715992
0.09 0.01 0 9.632687090718945e-05
0.09 0.02 0 0.0002242621104550612
0.09 0.03 0 0.00047174006252062426
0.09 0.04 0 7.447371729281861e-05
0.09 0.05 0 4.0732512510855616e-05
0.09 0.06 0 0.0001737057461004451
0.09 0.07 0 7.556693693098275e-05
0.09 0.08 0 5.1383877623271825e-05
0.09 0.09 0 8.455622830208536e-06
0.09 0.1 0 1.0142293541608064e-05
0.09 0.11 0 1.0287106146502503e-05
0.09 0.12 0 5.0341961556806415e-06
0.09 0.13 0 4.525599767890786e-06
0.09 0.14 0 9.463332071316939e-06
0.09 0.15 0 9.754116825698807e-06
0.09 0.16 0 1.6146276886028054e-06
0.09 0.17 0 5.363563119787307e-07
0.09 0.18 0 2.852992038788488e-07
0.09 0.19 0 4.3938197943735354e-07
0.09 0.2 0 7.262398111763465e-07
0.09 0.21 0 2.3222209343239527e-06
0.09 0.22 0 1.1393715379114543e-06
0.09 0.23 0 1.2828229097984997e-06
0.09 0.24 0 4.516337091562658e-07
0.09 0.25 0 2.2925966337289813e-07
0.09 0.26 0 3.240554106906736e-07
0.09 0.27 0 8.949321810250429e-07
0.09 0.28 0 1.663224557255254e-06
0.09 0.29 0 2.651443574430169e-06
0.09 0.3 0 4.9915671496346995e-06
0.09 0.31 0 1.9854135219325023e-06
0.09 0.32 0 3.931381668343874e-06
0.09 0.33 0 1.586338570985104e-06
0.09 0.34 0 1.0467031497571553e-06
0.09 0.35000000000000003 0 1.3685134209086985e-06
0.09 0.36 0 2.3539827687419195e-06
0.09 0.37 0 3.0323194461927036e-06
0.09 0.38 0 5.995558573664011e-06
0.09 0.39 0 2.254093288808286e-06
0.09 0.4 0 2.6838603265970148e-06
0.09 0.41000000000000003 0 1.6176773155463493e-06
0.09 0.42 0 9.195745999933216e-07
0.09 0.43 0 1.3167817240714098e-06
0.09 0.44 0 2.910457540157651e-06
0.09 0.45 0 9.140727251320489e-06
0.09 0.46 0 5.8146420240705885e-06
0.09 0.47000000000000003 0 2.9180561759378386e-05
0.09 0.48 0 0.00020239895777904727
0.09 0.49 0 0.00042230513966396143
0.09 0.5 0 0.001120858398810278
0.1 0.0 0 3.7781579116790746e-05
0.1 0.01 0 0.00016732574467593278
0.1 0.02 0 6.503773559298786e-05
0.1 0.03 0 0.00010649378534450794
0.1 0.04 0 8.444583924429749e-05
0.1 0.05 0 1.9850039423969644e-05
0.1 0.06 0 2.185252537896252e-05
0.1 0.07 0 7.4434701448458506e-06
0.1 0.08 0 4.723929306233269e-06
0.1 0.09 0 3.6343317304359587e-06
0.1 0.1 0 1.664038407538069e-06
0.1 0.11 0 1.2393028848429429e-06
0.1 0.12 0 1.8199710489560865e-06
0.1 0.13 0 9.427098054109331e-07
0.1 0.14 0 1.8970120173338602e-06
0.1 0.15 0 1.1507551080077705e-06
0.1 0.16 0 1.420315010830777e-06
0.1 0.17 0 1.4957523696184326e-06
0.1 0.18 0 1.1466280721891767e-06
0.1 0.19 0 5.58738891903194e-07
0.1 0.2 0 1.2225311959584174e-07
0.1 0.21 0 2.896126343286505e-07
0.1 0.22 0 3.2211488551083165e-07
0.1 0.23 0 1.6963010647349452e-07
0.1 0.24 0 1.3219694553844666e-07
0.1 0.25 0 1.1759058202545119e-07
0.1 0.26 0 2.578250107116275e-07
0.1 0.27 0 1.4125497314320403e-06
0.1 0.28 0 8.750477733455646e-07
0.1 0.29 0 1.3196726095724468e-06
0.1 0.3 0 1.3393038923790788e-06
0.1 0.31 0 4.402479540767132e-07
0.1 0.32 0 1.477051704558569e-07
0.1 0.33 0 2.072429181341127e-07
0.1 0.34 0 8.380419963237555e-07
0.1 0.35000000000000003 0 2.239647540010716e-06
0.1 0.36 0 3.5072691613886104e-06
0.1 0.37 0 3.396595444681504e-06
0.1 0.38 0 1.1811236408888982e-05
0.1 0.39 0 1.0952900233755894e-05
0.1 0.4 0 4.144326255512816e-06
0.1 0.41000000000000003 0 2.132612135866493e-06
0.1 0.42 0 3.535548958181734e-06
0.1 0.43 0 1.710092350503531e-06
0.1 0.44 0 1.947101801997543e-06
0.1 0.45 0 2.135413901585816e-06
0.1 0.46 0 4.865043137141293e-06
0.1 0.47000000000000003 0 6.546301941133233e-06
0.1 0.48 0 3.561918982271442e-05
0.1 0.49 0 7.443496590387092e-05
0.1 0.5 0 0.00011130497439007183
0.11 0.0 0 9.978304796946402e-06
0.11 0.01 0 2.4911314538096394e-05
0.11 0.02 0 7.300688379865924e-06
0.11 0.03 0 5.697955372803419e-06
0.11 0.04 0 4.037300678498441e-06
0.11 0.05 0 2.0244881568519636e-06
0.11 0.06 0 7.920459202250603e-07
0.11 0.07 0 1.126941827959068e-06
0.11 0.08 0 5.377753277452975e-07
0.11 0.09 0 6.30452577582736e-07
0.11 0.1 0 1.0086980029069467e-06
0.11 0.11 0 1.8267900554724797e-06
0.11 0.12 0 5.349054050226459e-06
0.11 0.13 0 1.9609394254980553e-06
0.11 0.14 0 4.37748996452032e-07
0.11 0.15 0 3.1463302928308273e-07
0.11 0.16 0 5.092244665469115e-07
0.11 0.17 0 8.020061033065185e-07
0.11 0.18 0 8.875021474838835e-07
0.11 0.19 0 6.019281691593962e-07
0.11 0.2 0 5.011060744840348e-07
0.11 0.21 0 1.197601324707538e-07
0.11 0.22 0 9.147207635025957e-08
0.11 0.23 0 3.570722413760241e-08
0.11 0.24 0 1.1152179832213973e-07
0.11 0.25 0 2.950700834831742e-07
0.11 0.26 0 8.347873971052802e-08
0.11 0.27 0 1.9533330273969164e-07
0.11 0.28 0 8.672531911206577e-07
0.11 0.29 0 1.4464369643465543e-06
0.11 0.3 0 1.0960580474084602e-06
0.11 0.31 0 2.451202229694925e-07
0.11 0.32 0 8.537876964819664e-08
0.11 0.33 0 2.018916974644541e-07
0.11 0.34 0 1.6778535338743536e-07
0.11 0.35000000000000003 0 7.01037188987207e-07
0.11 0.36 0 1.4917334919315176e-06
0.11 0.37 0 4.852022036816994e-06
0.11 0.38 0 5.320232023217759e-06
0.11 0.39 0 4.392967596022481e-06
0.11 0.4 0 5.174442399288937e-06
0.11 0.41000000000000003 0 3.8827701846042315e-06
0.11 0.42 0 1.0499094323186911e-05
0.11 0.43 0 7.971560146828026e-06
0.11 0.44 0 4.987943251648513e-06
0.11 0.45 0 4.522488994748606e-06
0.11 0.46 0 8.292832091427336e-06
0.11 0.47000000000000003 0 4.349306269080832e-06
0.11 0.48 0 2.2919086146092814e-05
0.11 0.49 0 4.2153940175375176e-05
0.11 0.5 0 0.0001000878950982343
0.12 0.0 0 1.6951808138826607e-06
0.12 0.01 0 6.821496915147302e-06
0.12 0.02 0 3.0583579620989597e-06
0.12 0.03 0 4.793630372449577e-07
0.12 0.04 0 5.65921461613591e-07
0.12 0.05 0 1.063974186486497e-06
0.12 0.06 0 1.1168309650668646e-06
0.12 0.07 0 1.0591095262891758e-06
0.12 0.08 0 4.444148576396687e-07
0.12 0.09 0 9.386809077621382e-07
0.12 0.1 0 1.4327106469232229e-06
0.12 0.11 0 4.880200369429029e-06
0.12 0.12 0 3.8725902046932546e-06
0.12 0.13 0 5.694595165431118e-06
0.12 0.14 0 1.590474923499176e-06
0.12 0.15 0 6.195438070116226e-07
0.12 0.16 0 3.8846834321348143e-07
0.12 0.17 0 4.122818908808321e-07
0.12 0.18 0 7.342924280674333e-07
0.12 0.19 0 1.1366110086569718e-06
0.12 0.2 0 7.365281627365381e-07
0.12 0.21 0 1.1252511546569725e-07
0.12 0.22 0 6.63657389051084e-08
0.12 0.23 0 3.3643124621292465e-08
0.12 0.24 0 6.095452914404935e-08
0.12 0.25 0 1.300847376336367e-07
0.12 0.26 0 2.4448613610149223e-07
0.12 0.27 0 1.2099780950907517e-07
0.12 0.28 0 3.6426111889377613e-07
0.12 0.29 0 1.4336088149792527e-07
0.12 0.3 0 7.057918655095682e-08
0.12 0.31 0 9.903586837473775e-08
0.12 0.32 0 5.2337317318094666e-08
0.12 0.33 0 1.065582067017934e-07
0.12 0.34 0 9.398543052245224e-08
0.12 0.35000000000000003 0 2.1489074803826344e-07
0.12 0.36 0 4.927646818027672e-07
0.12 0.37 0 7.897386774220953e-07
0.12 0.38 0 7.199666854628966e-07
0.12 0.39 0 1.541696203870212e-06
0.12 0.4 0 2.1035087074377244e-06
0.12 0.41000000000000003 0 4.827166057430386e-06
0.12 0.42 0 7.453477110520592e-06
0.12 0.43 0 5.7349642801827326e-05
0.12 0.44 0 9.190428817718084e-05
0.12 0.45 0 2.8665772953147425e-05
0.12 0.46 0 4.0839144919004165e-05
0.12 0.47000000000000003 0 1.1410477940233044e-05
0.12 0.48 0 1.8042714889297524e-05
0.12 0.49 0 1.6768507708748665e-05
0.12 0.5 0 1.0685671840372264e-05
0.13 0.0 0 8.590227387838433e-06
0.13 0.01 0 6.605433138040415e-06
0.13 0.02 0 4.1517151917662765e-05
0.13 0.03 0 1.1255798357092046e-05
0.13 0.04 0 8.178382179077261e-06
0.13 0.05 0 4.097733937544007e-06
0.13 0.06 0 1.972807700303367e-06
0.13 0.07 0 4.573767980994133e-06
0.13 0.08 0 6.0495356771278266e-06
0.13 0.09 0 9.920550026188935e-06
0.13 0.1 0 7.660312542424461e-06
0.13 0.11 0 6.434596829871554e-06
0.13 0.12 0 3.683210194774928e-06
0.13 0.13 0 4.396892487774496e-06
0.13 0.14 0 2.645385549690982e-06
0.13 0.15 0 4.066152049175848e-06
0.13 0.16 0 2.248821889952478e-06
0.13 0.17 0 5.552012863565709e-06
0.13 0.18 0 1.1838797595625446e-06
0.13 0.19 0 5.153577026720419e-07
0.13 0.2 0 5.235872694855493e-07
0.13 0.21 0 3.04910229098809e-07
0.13 0.22 0 2.8299615797058066e-07
0.13 0.23 0 9.722880746406845e-08
0.13 0.24 0 5.2406742786912876e-08
0.13 0.25 0 8.91282856853295e-08
0.13 0.26 0 1.7829299319182328e-07
0.13 0.27 0 5.645129651568529e-08
0.13 0.28 0 9.636086401318774e-08
0.13 0.29 0 1.642120120918502e-07
0.13 0.3 0 1.5833126570464972e-07
0.13 0.31 0 1.046148560599977e-07
0.13 0.32 0 2.2787221374110936e-07
0.13 0.33 0 4.149995278266759e-07
0.13 0.34 0 7.219090670995288e-07
0.13 0.35000000000000003 0 3.727404585267871e-07
0.13 0.36 0 2.5724642865831704e-07
0.13 0.37 0 6.56515682076959e-07
0.13 0.38 0 1.2352296337177938e-06
0.13 0.39 0 4.8395909405966855e-06
0.13 0.4 0 1.317129742637918e-05
0.13 0.41000000000000003 0 3.569099638945706e-05
0.13 0.42 0 4.8080304935156234e-05
0.13 0.43 0 0.00015068217717679748
0.13 0.44 0 0.00040752069246656903
0.13 0.45 0 0.00015441462610407585
0.13 0.46 0 6.577567100885198e-05
0.13 0.47000000000000003 0 6.885788291573898e-05
0.13 0.48 0 2.010558802553635e-05
0.13 0.49 0 2.7636988729000248e-05
0.13 0.5 0 2.04554316772797e-05
0.14 0.0 0 8.87738774743854e-06
0.14 0.01 0 3.181956756430074e-06
0.14 0.02 0 1.958551224101911e-05
0.14 0.03 0 4.388588186945189e-05
0.14 0.04 0 1.8134564898934707e-05
0.14 0.05 0 6.226399489037962e-06
0.14 0.06 0 3.274704919476745e-06
0.14 0.07 0 1.0948491426174902e-06
0.14 0.08 0 1.4130419937989916e-06
0.14 0.09 0 1.2290305530434403e-06
0.14 0.1 0 3.933904751675726e-06
0.14 0.11 0 5.37600511917651e-06
0.14 0.12 0 1.1254941640231967e-06
0.14 0.13 0 5.984298284419231e-07
0.14 0.14 0 8.403943193509293e-07
0.14 0.15 0 6.501045266489304e-06
0.14 0.16 0 5.082108530641476e-06
0.14 0.17 0 2.657764547068634e-06
0.14 0.18 0 1.2367523491968039e-06
0.14 0.19 0 3.3264121729830734e-07
0.14 0.2 0 1.6946703895320712e-07
0.14 0.21 0 2.1194138195919468e-07
0.14 0.22 0 2.532577602165324e-07
0.14 0.23 0 1.710483714365244e-06
0.14 0.24 0 5.586517029397235e-07
0.14 0.25 0 3.3496121526953757e-07
0.14 0.26 0 1.0036345535509355e-06
0.14 0.27 0 1.1594340901304345e-06
0.14 0.28 0 1.1854681473199655e-06
0.14 0.29 0 1.2754017248580526e-06
0.14 0.3 0 9.825143620793483e-07
0.14 0.31 0 3.883727473584353e-07
0.14 0.32 0 1.4613070560755983e-07
0.14 0.33 0 1.1554685823858504e-07
0.14 0.34 0 1.410546649832001e-07
0.14 0.35000000000000003 0 6.426089529168307e-08
0.14 0.36 0 4.607160784311602e-08
0.14 0.37 0 3.4605590822787106e-08
0.14 0.38 0 2.2536583116225065e-07
0.14 0.39 0 5.00899050606465e-07
0.14 0.4 0 2.4186650417960923e-06
0.14 0.41000000000000003 0 1.2385607503176288e-05
0.14 0.42 0 2.954237207633162e-05
0.14 0.43 0 5.549922997724789e-05
0.14 0.44 0 0.0001825992591448843
0.14 0.45 0 0.00023356396149254365
0.14 0.46 0 8.748353533477273e-05
0.14 0.47000000000000003 0 9.717642860651166e-05
0.14 0.48 0 4.461018226339885e-05
0.14 0.49 0 3.821170325593589e-05
0.14 0.5 0 1.985973297086477e-05
0.15 0.0 0 1.0637750031515794e-05
0.15 0.01 0 7.376377807307587e-06
0.15 0.02 0 5.824087967201423e-06
0.15 0.03 0 1.017644566073183e-05
0.15 0.04 0 1.4008529565443174e-05
0.15 0.05 0 1.2332510894863705e-05
0.15 0.06 0 4.46871873819233e-06
0.15 0.07 0 6.405072942401616e-07
0.15 0.08 0 3.928700065595867e-07
0.15 0.09 0 1.601308675485381e-06
0.15 0.1 0 5.6505117486887235e-06
0.15 0.11 0 6.122158386027207e-06
0.15 0.12 0 6.146410886671191e-06
0.15 0.13 0 4.248850165360347e-06
0.15 0.14 0 8.797420591564854e-06
0.15 0.15 0 1.0914164217295828e-05
0.15 0.16 0 1.712239043949314e-05
0.15 0.17 0 9.569652637345773e-06
0.15 0.18 0 4.94115714019911e-06
0.15 0.19 0 8.081912682960262e-07
0.15 0.2 0 1.9258984144782329e-07
0.15 0.21 0 4.959887284785579e-07
0.15 0.22 0 5.456944785956087e-07
0.15 0.23 0 8.598478491262096e-07
0.15 0.24 0 6.456927470144531e-07
0.15 0.25 0 3.2782600309522916e-07
0.15 0.26 0 6.1840990498012e-07
0.15 0.27 0 2.9840835778173563e-06
0.15 0.28 0 1.2355114445266149e-06
0.15 0.29 0 3.621780318248676e-06
0.15 0.3 0 1.547908191022602e-06
0.15 0.31 0 4.675199080908413e-07
0.15 0.32 0 5.295608275622816e-08
0.15 0.33 0 1.946320556975069e-08
0.15 0.34 0 4.586314521335326e-08
0.15 0.35000000000000003 0 3.860153023126838e-08
0.15 0.36 0 5.911856566192938e-08
0.15 0.37 0 8.757774131111482e-08
0.15 0.38 0 4.833424377062382e-07
0.15 0.39 0 1.1588325851853873e-06
0.15 0.4 0 1.2782834697489164e-06
0.15 0.41000000000000003 0 2.3025199680461247e-06
0.15 0.42 0 3.224125480535473e-05
0.15 0.43 0 3.756584188687778e-05
0.15 0.44 0 0.00019087135198535672
0.15 0.45 0 0.0003481660179619138
0.15 0.46 0 0.0003396370282219001
0.15 0.47000000000000003 0 0.0003960803424227405
0.15 0.48 0 0.00014176636585844303
0.15 0.49 0 0.00011679923228298285
0.15 0.5 0 0.00014169005240566873
0.16 0.0 0 7.058275691820889e-06
0.16 0.01 0 6.825318212575964e-06
0.16 0.02 0 1.629410578446591e-06
0.16 0.03 0 3.524696368798011e-06
0.16 0.04 0 1.9661834548258807e-06
0.16 0.05 0 2.688361179907808e-06
0.16 0.06 0 1.1936509311430805e-06
0.16 0.07 0 1.5316437588356378e-06
0.16 0.08 0 1.4529674795467633e-06
0.16 0.09 0 2.582314697390989e-06
0.16 0.1 0 8.856599375849962e-06
0.16 0.11 0 1.6353660741388307e-05
0.16 0.12 0 1.9594975290767454e-05
0.16 0.13 0 1.0817805036823167e-05
0.16 0.14 0 5.561362659882845e-06
0.16 0.15 0 6.040887329195572e-06
0.16 0.16 0 1.1176218602812226e-05
0.16 0.17 0 1.6933329509746967e-06
0.16 0.18 0 8.455169941713016e-07
0.16 0.19 0 2.0812599688443872e-07
0.16 0.2 0 1.700798650994476e-07
0.16 0.21 0 1.5407285231804404e-07
0.16 0.22 0 1.545982138500137e-07
0.16 0.23 0 1.6252496897848478e-07
0.16 0.24 0 3.294471965707603e-07
0.16 0.25 0 4.264737455906282e-07
0.16 0.26 0 2.850792527070375e-07
0.16 0.27 0 3.4151700861550325e-06
0.16 0.28 0 7.732269498470576e-06
0.16 0.29 0 1.0128483922290117e-05
0.16 0.3 0 3.295861651366536e-06
0.16 0.31 0 1.3011179191474481e-06
0.16 0.32 0 3.3736895599886115e-07
0.16 0.33 0 2.4031494315731826e-07
0.16 0.34 0 1.4136304674770425e-07
0.16 0.35000000000000003 0 2.962795605063787e-07
0.16 0.36 0 4.963643505986225e-07
0.16 0.37 0 1.2977525894835465e-06
0.16 0.38 0 1.6890389295815854e-06
0.16 0.39 0 1.379507774830379e-06
0.16 0.4 0 2.314562087847176e-06
0.16 0.41000000000000003 0 1.7498867082193055e-06
0.16 0.42 0 1.3346143643918714e-05
0.16 0.43 0 1.9079947431176347e-05
0.16 0.44 0 3.165302505819254e-05
0.16 0.45 0 0.00013564607915084021
0.16 0.46 0 0.00011522738799987394
0.16 0.47000000000000003 0 5.88138722669342e-05
0.16 0.48 0 0.00011016748326589704
0.16 0.49 0 7.472572612744614e-05
0.16 0.5 0 0.00014566574798888154
0.17 0.0 0 4.081605627901197e-06
0.17 0.01 0 2.3624549311222454e-05
0.17 0.02 0 1.0613150101530572e-05
0.17 0.03 0 6.724831813955226e-06
0.17 0.04 0 3.5610218313335747e-06
0.17 0.05 0 2.6704840908793487e-06
0.17 0.06 0 1.9224942433814077e-06
0.17 0.07 0 2.3041499923945045e-06
0.17 0.08 0 1.3724098642155063e-06
0.17 0.09 0 2.729731527101424e-06
0.17 0.1 0 2.753279678213548e-06
0.17 0.11 0 8.061871157609073e-06
0.17 0.12 0 5.8659924025379815e-06
0.17 0.13 0 1.2753124526373076e-05
0.17 0.14 0 1.876880719200319e-05
0.17 0.15 0 6.654631147195825e-06
0.17 0.16 0 1.05407151858493e-05
0.17 0.17 0 3.7329976185810156e-06
0.17 0.18 0 1.9358491699531638e-06
0.17 0.19 0 7.941233973632003e-07
0.17 0.2 0 1.56143499729871e-07
0.17 0.21 0 9.99279472293713e-08
0.17 0.22 0 1.7931520629528113e-07
0.17 0.23 0 1.153881458178103e-07
0.17 0.24 0 2.531382617752235e-07
0.17 0.25 0 3.188790074357198e-07
0.17 0.26 0 3.40795184660526e-07
0.17 0.27 0 5.275337221381274e-07
0.17 0.28 0 6.389208017805274e-07
0.17 0.29 0 3.4980929303816896e-07
0.17 0.3 0 1.4884471421362986e-07
0.17 0.31 0 3.3649360908836653e-07
0.17 0.32 0 3.8170103113619905e-07
0.17 0.33 0 3.867447122959945e-07
0.17 0.34 0 5.119133465004391e-07
0.17 0.35000000000000003 0 1.24090850160846e-06
0.17 0.36 0 1.7164956738356108e-06
0.17 0.37 0 1.770156599201508e-06
0.17 0.38 0 1.2114523570880038e-06
0.17 0.39 0 3.3723503846779983e-06
0.17 0.4 0 3.902049432905673e-06
0.17 0.41000000000000003 0 1.7430288975218695e-06
0.17 0.42 0 1.3928105564607175e-06
0.17 0.43 0 1.0524919091628096e-05
0.17 0.44 0 1.4616941548391137e-05
0.17 0.45 0 1.4865245387044257e-05
0.17 0.46 0 2.7644176059993097e-05
0.17 0.47000000000000003 0 6.268775432827357e-05
0.17 0.48 0 0.0007359516762790147
0.17 0.49 0 0.0007607722870675754
0.17 0.5 0 0.0002143067131167958
0.18 0.0 0 3.212539273601488e-05
0.18 0.01 0 2.8206930567277804e-05
0.18 0.02 0 2.4706314547533667e-05
0.18 0.03 0 7.264339272349757e-06
0.18 0.04 0 3.59391517861088e-06
0.18 0.05 0 1.4012686191414636e-06
0.18 0.06 0 1.0124505977778184e-06
0.18 0.07 0 6.191809044064788e-06
0.18 0.08 0 1.4757117484159794e-05
0.18 0.09 0 7.826634777998895e-06
0.18 0.1 0 2.6799205103043114e-06
0.18 0.11 0 4.830911072185337e-06
0.18 0.12 0 1.040571426683147e-05
0.18 0.13 0 1.667155979654492e-05
0.18 0.14 0 3.3280721887810664e-05
0.18 0.15 0 4.01778962280679e-05
0.18 0.16 0 1.6691568123672164e-05
0.18 0.17 0 9.66725876230902e-06
0.18 0.18 0 1.0641722472972528e-06
0.18 0.19 0 8.581983998608581e-07
0.18 0.2 0 3.48920194804601e-07
0.18 0.21 0 6.141469245603732e-08
0.18 0.22 0 4.158320330464954e-08
0.18 0.23 0 1.950112192805913e-08
0.18 0.24 0 2.6988818394023616e-08
0.18 0.25 0 1.7163872700299326e-07
0.18 0.26 0 2.4545360397225333e-07
0.18 0.27 0 1.4107260522498816e-07
0.18 0.28 0 1.0347162081840976e-07
0.18 0.29 0 6.72163738539334e-08
0.18 0.3 0 7.824134372608648e-08
0.18 0.31 0 2.9797530165989674e-08
0.18 0.32 0 8.843574978130553e-08
0.18 0.33 0 1.3218698178690872e-07
0.18 0.34 0 3.8147970663597546e-07
0.18 0.35000000000000003 0 5.792087554191883e-07
0.18 0.36 0 3.1477304101678483e-07
0.18 0.37 0 8.304543637988587e-07
0.18 0.38 0 1.354578807931635e-06
0.18 0.39 0 1.6021029018493063e-06
0.18 0.4 0 1.6280201118277652e-06
0.18 0.41000000000000003 0 1.771511464986751e-06
0.18 0.42 0 1.7347311024239451e-06
0.18 0.43 0 1.803406349863585e-05
0.18 0.44 0 2.6187545079635994e-05
0.18 0.45 0 5.860712778115239e-05
0.18 0.46 0 6.836332356904082e-05
0.18 0.47000000000000003 0 0.00019498003083960708
0.18 0.48 0 0.0005216383202941641
0.18 0.49 0 0.0017098876507089448
0.18 0.5 0 0.0007954943643439764
0.19 0.0 0 3.4240384162680467e-06
0.19 0.01 0 9.082153552264346e-06
0.19 0.02 0 2.1881248779096305e-05
0.19 0.03 0 8.317320618529425e-06
0.19 0.04 0 2.896620852298896e-06
0.19 0.05 0 1.840446876044186e-06
0.19 0.06 0 5.134423535069842e-06
0.19 0.07 0 2.8195926792651064e-06
0.19 0.08 0 6.461357275513511e-06
0.19 0.09 0 6.92801096698017e-06
0.19 0.1 0 1.273491610118236e-05
0.19 0.11 0 1.9466557119540964e-05
0.19 0.12 0 1.8369590427522713e-05
0.19 0.13 0 1.3192672612107893e-05
0.19 0.14 0 3.319532580288821e-05
0.19 0.15 0 4.8578282236051893e-05
0.19 0.16 0 8.216006768107129e-06
0.19 0.17 0 2.2642256717709612e-06
0.19 0.18 0 7.315145468001895e-07
0.19 0.19 0 1.8180008467913893e-06
0.19 0.2 0 1.7636130855104408e-06
0.19 0.21 0 6.570443156846355e-07
0.19 0.22 0 1.0841342497458133e-07
0.19 0.23 0 1.8979641925101655e-07
0.19 0.24 0 5.086309514523432e-08
0.19 0.25 0 6.676265211507108e-08
0.19 0.26 0 1.3092857902226432e-07
0.19 0.27 0 1.2878540110710676e-07
0.19 0.28 0 1.4041874748434171e-07
0.19 0.29 0 4.944766453575603e-08
0.19 0.3 0 6.106355835717163e-08
0.19 0.31 0 7.518068947279013e-08
0.19 0.32 0 3.366789004135654e-07
0.19 0.33 0 5.717811866025129e-07
0.19 0.34 0 4.996981359499402e-07
0.19 0.35000000000000003 0 2.7390736113151256e-07
0.19 0.36 0 2.1517619760755725e-07
0.19 0.37 0 9.465081964130827e-08
0.19 0.38 0 4.0544888577224084e-07
0.19 0.39 0 6.653398289566157e-07
0.19 0.4 0 1.652340168688518e-06
0.19 0.41000000000000003 0 9.932879790930549e-06
0.19 0.42 0 7.316234757395775e-06
0.19 0.43 0 4.2122367807124995e-05
0.19 0.44 0 6.121661057595539e-05
0.19 0.45 0 8.606157581179149e-05
0.19 0.46 0 0.00011485674517012221
0.19 0.47000000000000003 0 0.00016897795330588487
0.19 0.48 0 0.0001558245205752309
0.19 0.49 0 0.0004220839153433855
0.19 0.5 0 0.0004931849294976553
0.2 0.0 0 5.3760287723283e-06
0.2 0.01 0 6.931104220119512e-06
0.2 0.02 0 6.094026328406449e-06
0.2 0.03 0 2.6621512886566835e-06
0.2 0.04 0 4.897415578694899e-06
0.2 0.05 0 9.058098399173274e-06
0.2 0.06 0 1.5736318862400852e-05
0.2 0.07 0 4.654803954335905e-06
0.2 0.08 0 3.4351600281868737e-06
0.2 0.09 0 5.48938104847989e-06
0.2 0.1 0 7.693498450073531e-06
0.2 0.11 0 2.453934819237053e-06
0.2 0.12 0 1.0100002101687122e-05
0.2 0.13 0 6.001686929093301e-06
0.2 0.14 0 1.1020337233953583e-05
0.2 0.15 0 1.0085896816662105e-05
0.2 0.16 0 5.5293923450741014e-06
0.2 0.17 0 1.0702123051861784e-05
0.2 0.18 0 8.595691182112075e-06
0.2 0.19 0 8.469459106133491e-06
0.2 0.2 0 6.936143158215179e-06
0.2 0.21 0 7.299486897432312e-06
0.2 0.22 0 2.014990012637847e-06
0.2 0.23 0 1.223352990638924e-06
0.2 0.24 0 2.2723068458221656e-07
0.2 0.25 0 1.0163811169689976e-07
0.2 0.26 0 9.395216152904366e-08
0.2 0.27 0 2.1415694654931314e-07
0.2 0.28 0 1.652624050218511e-07
0.2 0.29 0 3.1037682467918985e-07
0.2 0.3 0 4.851265986848886e-07
0.2 0.31 0 3.298389635060527e-07
0.2 0.32 0 3.3803979043375833e-07
0.2 0.33 0 4.6073854708860405e-07
0.2 0.34 0 5.964773991011162e-07
0.2 0.35000000000000003 0 2.698074689022938e-07
0.2 0.36 0 2.5896468198068397e-07
0.2 0.37 0 2.5542820208650694e-07
0.2 0.38 0 9.544721413476896e-07
0.2 0.39 0 2.3009136659115715e-06
0.2 0.4 0 1.7402015685368195e-06
0.2 0.41000000000000003 0 5.038007124091832e-06
0.2 0.42 0 1.1242594870943202e-05
0.2 0.43 0 7.459315216363089e-06
0.2 0.44 0 2.0291286350636632e-05
0.2 0.45 0 3.078820715980647e-05
0.2 0.46 0 8.984548233994316e-05
0.2 0.47000000000000003 0 0.00022834967794378255
0.2 0.48 0 8.66462481534525e-05
0.2 0.49 0 8.722149985553829e-05
0.2 0.5 0 9.250618593590969e-05
0.21 0.0 0 3.278935112357214e-05
0.21 0.01 0 3.225292928033731e-05
0.21 0.02 0 2.2344450105906273e-05
0.21 0.03 0 3.743684489484294e-05
0.21 0.04 0 2.3287902240367425e-05
0.21 0.05 0 3.129705551249671e-05
0.21 0.06 0 4.062664416159684e-05
0.21 0.07 0 2.9566717873569245e-05
0.21 0.08 0 1.0679251484605082e-05
0.21 0.09 0 3.215745019880671e-06
0.21 0.1 0 5.447049688385276e-06
0.21 0.11 0 2.9401943903485634e-06
0.21 0.12 0 1.0501915454089646e-05
0.21 0.13 0 1.431011247792859e-05
0.21 0.14 0 5.025931283659738e-06
0.21 0.15 0 4.935113233239326e-06
0.21 0.16 0 4.71255187450685e-06
0.21 0.17 0 2.718058658454579e-06
0.21 0.18 0 4.522100581466797e-06
0.21 0.19 0 2.2078957644409467e-06
0.21 0.2 0 3.8594100322975074e-06
0.21 0.21 0 2.4655460380266674e-06
0.21 0.22 0 4.3279633679832305e-07
0.21 0.23 0 2.984633136500478e-07
0.21 0.24 0 2.311132211653841e-07
0.21 0.25 0 9.470615566107199e-08
0.21 0.26 0 2.5693312767829852e-08
0.21 0.27 0 5.657695720320051e-08
0.21 0.28 0 5.16302560758211e-07
0.21 0.29 0 1.8265157333307537e-06
0.21 0.3 0 3.0382582088504327e-06
0.21 0.31 0 3.663515709206117e-06
0.21 0.32 0 1.583042195745301e-06
0.21 0.33 0 3.438643649483583e-06
0.21 0.34 0 1.6312528874820562e-06
0.21 0.35000000000000003 0 2.6467857056815366e-06
0.21 0.36 0 5.38333107754694e-06
0.21 0.37 0 6.610867422482129e-06
0.21 0.38 0 4.3688092292286895e-06
0.21 0.39 0 6.388184050766569e-06
0.21 0.4 0 7.031310286649161e-06
0.21 0.41000000000000003 0 1.0190357133887307e-05
0.21 0.42 0 2.9006197397700907e-05
0.21 0.43 0 3.653362610257798e-05
0.21 0.44 0 0.00011290707374391916
0.21 0.45 0 0.00014955413477823557
0.21 0.46 0 0.00013156142153446975
0.21 0.47000000000000003 0 0.00012486794354608428
0.21 0.48 0 0.00042936318204210994
0.21 0.49 0 0.00029027865920195457
0.21 0.5 0 0.0004377868775129401
0.22 0.0 0 5.638370483131234e-05
0.22 0.01 0 7.728166980419745e-05
0.22 0.02 0 7.250382064759475e-05
0.22 0.03 0 8.146133897536604e-05
0.22 0.04 0 0.00010844804711370186
0.22 0.05 0 5.326469101746788e-05
0.22 0.06 0 3.717098844389634e-05
0.22 0.07 0 6.15176763188424e-05
0.22 0.08 0 3.129487416888204e-05
0.22 0.09 0 2.1826653077986205e-05
0.22 0.1 0 1.9258504948999684e-05
0.22 0.11 0 1.2404241293083923e-05
0.22 0.12 0 2.423088679781772e-06
0.22 0.13 0 1.903373115021257e-06
0.22 0.14 0 9.350769793597548e-07
0.22 0.15 0 8.222205709891063e-07
0.22 0.16 0 1.417295486809224e-06
0.22 0.17 0 1.0197951489981378e-06
0.22 0.18 0 1.9642532513107746e-06
0.22 0.19 0 1.5742077417831014e-06
0.22 0.2 0 5.249589721136169e-07
0.22 0.21 0 3.131975481956981e-07
0.22 0.22 0 3.524195373754038e-07
0.22 0.23 0 2.3335429387553213e-07
0.22 0.24 0 1.0723275709555245e-06
0.22 0.25 0 9.113721055565304e-07
0.22 0.26 0 1.7743760546223226e-06
0.22 0.27 0 1.225971659253411e-06
0.22 0.28 0 2.897151243126037e-06
0.22 0.29 0 7.230578131821017e-06
0.22 0.3 0 9.887417048294587e-06
0.22 0.31 0 2.1839459161166563e-05
0.22 0.32 0 3.6130296670563803e-06
0.22 0.33 0 2.630999031622276e-06
0.22 0.34 0 6.059459571946357e-06
0.22 0.35000000000000003 0 1.5807683730484464e-05
0.22 0.36 0 1.9470529748638932e-05
0.22 0.37 0 3.222661743466813e-05
0.22 0.38 0 9.654128278362057e-06
0.22 0.39 0 4.4780926024817064e-05
0.22 0.4 0 3.146201360170299e-05
0.22 0.41000000000000003 0 3.064580185523956e-05
0.22 0.42 0 6.327692405155127e-05
0.22 0.43 0 0.00017562913767566683
0.22 0.44 0 0.0005924704276635358
0.22 0.45 0 0.00030962555500938215
0.22 0.46 0 0.00017343267783354936
0.22 0.47000000000000003 0 0.00011550851406078136
0.22 0.48 0 0.0006312233925931572
0.22 0.49 0 0.0008149924506131587
0.22 0.5 0 0.0005380965886781861
0.23 0.0 0 0.00018984694347531578
0.23 0.01 0 5.1521068209860086e-05
0.23 0.02 0 5.9893360343055325e-05
0.23 0.03 0 4.4139855088233854e-05
0.23 0.04 0 9.896539391082179e-05
0.23 0.05 0 9.632471026627863e-05
0.23 0.06 0 3.074106833020696e-05
0.23 0.07 0 3.9885331703134525e-05
0.23 0.08 0 6.600763729390528e-05
0.23 0.09 0 3.3449746692541556e-05
0.23 0.1 0 3.1537645123675244e-05
0.23 0.11 0 4.0127165568953354e-05
0.23 0.12 0 5.108180617961564e-06
0.23 0.13 0 1.6906336171806842e-06
0.23 0.14 0 3.141139299540853e-07
0.23 0.15 0 8.723592943547723e-07
0.23 0.16 0 2.447153035378458e-06
0.23 0.17 0 3.036684336473084e-06
0.23 0.18 0 8.704941533749216e-07
0.23 0.19 0 6.235967776263938e-07
0.23 0.2 0 6.095057573881831e-07
0.23 0.21 0 2.4444944472207805e-07
0.23 0.22 0 2.4385101377409925e-07
0.23 0.23 0 1.1379210902395529e-07
0.23 0.24 0 3.4366448328927594e-07
0.23 0.25 0 4.697592178991994e-07
0.23 0.26 0 5.345603560911752e-07
0.23 0.27 0 3.0420502333548375e-07
0.23 0.28 0 1.3182634647603463e-06
0.23 0.29 0 4.480893889120526e-06
0.23 0.3 0 1.0671792908606264e-05
0.23 0.31 0 1.0719093200228219e-05
0.23 0.32 0 8.113558341763506e-06
0.23 0.33 0 3.2700664885273824e-06
0.23 0.34 0 5.833234195360498e-06
0.23 0.35000000000000003 0 2.1031545168745978e-05
0.23 0.36 0 1.4477191741132754e-05
0.23 0.37 0 6.328060099653154e-05
0.23 0.38 0 3.464668058797008e-05
0.23 0.39 0 3.910307334299516e-05
0.23 0.4 0 4.413249419873348e-05
0.23 0.41000000000000003 0 4.741180333523315e-05
0.23 0.42 0 0.0001519135012503386
0.23 0.43 0 0.0004305463339179129
0.23 0.44 0 0.00021971113786403915
0.23 0.45 0 0.00025550951287685916
0.23 0.46 0 0.0001720945717867689
0.23 0.47000000000000003 0 0.00018408624239859696
0.23 0.48 0 0.0002510868698821791
0.23 0.49 0 0.0009143104717005037
0.23 0.5 0 0.004949238487242116
0.24 0.0 0 0.0002948668002612556
0.24 0.01 0 0.0003022428577079413
0.24 0.02 0 0.00031788397759137946
0.24 0.03 0 9.997644050437818e-05
0.24 0.04 0 0.00012568922984700204
0.24 0.05 0 0.00020286094536639348
0.24 0.06 0 0.00036132224923053895
0.24 0.07 0 3.949316087748349e-05
0.24 0.08 0 2.717994364836447e-05
0.24 0.09 0 1.2926426644459231e-05
0.24 0.1 0 8.82969649864511e-06
0.24 0.11 0 1.80182927196003e-05
0.24 0.12 0 1.8280674539362155e-06
0.24 0.13 0 5.073778678243096e-07
0.24 0.14 0 3.7346175084364884e-07
0.24 0.15 0 6.189333025265022e-07
0.24 0.16 0 1.753126977570328e-06
0.24 0.17 0 3.372042672939832e-06
0.24 0.18 0 2.419262523465461e-06
0.24 0.19 0 2.2871848858538245e-06
0.24 0.2 0 7.589536709898293e-07
0.24 0.21 0 4.834760439817639e-07
0.24 0.22 0 5.258256508929149e-07
0.24 0.23 0 1.0784267716570517e-06
0.24 0.24 0 1.266992657583946e-06
0.24 0.25 0 7.923968530779156e-07
0.24 0.26 0 1.9026929892090963e-06
0.24 0.27 0 2.6682927491813347e-06
0.24 0.28 0 8.052467103183508e-06
0.24 0.29 0 2.3370084855522587e-05
0.24 0.3 0 3.181628322812269e-05
0.24 0.31 0 5.884340246480061e-05
0.24 0.32 0 0.0001483151181650734
0.24 0.33 0 8.103297713995805e-05
0.24 0.34 0 8.11901331714996e-05
0.24 0.35000000000000003 0 0.00015240888843397505
0.24 0.36 0 0.00023927022054600212
0.24 0.37 0 0.00023492669826002084
0.24 0.38 0 0.00030849168553893913
0.24 0.39 0 0.00012443657422504142
0.24 0.4 0 0.00011979326891431902
0.24 0.41000000000000003 0 0.00010705584018268223
0.24 0.42 0 7.888520401931148e-05
0.24 0.43 0 0.00019317088550228925
0.24 0.44 0 0.00013430079233959678
0.24 0.45 0 0.00010352285415921566
0.24 0.46 0 8.614681877533782e-05
0.24 0.47000000000000003 0 9.569982916795814e-05
0.24 0.48 0 7.871596238157002e-05
0.24 0.49 0 0.0001982214771089527
0.24 0.5 0 0.00030807637671700385
0.25 0.0 0 0.00020162366747133437
0.25 0.01 0 0.000566719582262572
0.25 0.02 0 0.000669940177276473
0.25 0.03 0 0.00013996904494460355
0.25 0.04 0 5.024435430323428e-05
0.25 0.05 0 2.8045839855612105e-05
0.25 0.06 0 1.348374634665278e-05
0.25 0.07 0 1.5063357721769901e-06
0.25 0.08 0 1.1842767428666847e-06
0.25 0.09 0 3.010445569360892e-06
0.25 0.1 0 1.5425205779695199e-06
0.25 0.11 0 9.051776974338793e-07
0.25 0.12 0 3.3411652186471176e-06
0.25 0.13 0 3.458426159135138e-06
0.25 0.14 0 7.130793780111636e-06
0.25 0.15 0 3.6617183599783063e-06
0.25 0.16 0 5.873456439440541e-06
0.25 0.17 0 2.0493866858289884e-05
0.25 0.18 0 8.62015327997426e-06
0.25 0.19 0 2.4105628400235663e-06
0.25 0.2 0 1.8462212021695131e-06
0.25 0.21 0 2.200299589714906e-06
0.25 0.22 0 2.274713411913956e-06
0.25 0.23 0 1.4580604948876496e-06
0.25 0.24 0 1.8521714014996833e-06
0.25 0.25 0 3.3763499110023036e-06
0.25 0.26 0 1.918654880839243e-06
0.25 0.27 0 3.4638746789019586e-06
0.25 0.28 0 2.6965604358031146e-06
0.25 0.29 0 3.2683532214128974e-05
0.25 0.3 0 0.00010146235421247193
0.25 0.31 0 7.429784743438927e-05
0.25 0.32 0 0.000208853382244033
0.25 0.33 0 0.00028749259862803937
0.25 0.34 0 0.0002247019610306177
0.25 0.35000000000000003 0 0.00012625512487249977
0.25 0.36 0 4.780599104418909e-05
0.25 0.37 0 2.029074594069803e-05
0.25 0.38 0 5.666123398840514e-05
0.25 0.39 0 4.602565522697507e-05
0.25 0.4 0 5.820036128145548e-05
0.25 0.41000000000000003 0 2.006940369936796e-05
0.25 0.42 0 2.5577502383647503e-05
0.25 0.43 0 2.2857159440758774e-05
0.25 0.44 0 3.319388952080172e-05
0.25 0.45 0 2.80206858506274e-05
0.25 0.46 0 4.4757373177821664e-05
0.25 0.47000000000000003 0 0.00028915274408527645
0.25 0.48 0 0.00025942848122006154
0.25 0.49 0 0.00027311504701038397
0.25 0.5 0 0.00013843739842932275
0.26 0.0 0 2.539674130462073e-05
0.26 0.01 0 3.639123874436072e-05
0.26 0.02 0 2.6558788667960032e-05
0.26 0.03 0 6.411396130692734e-05
0.26 0.04 0 1.2800002931038551e-05
0.26 0.05 0 4.7552118310176285e-06
0.26 0.06 0 5.665144194912219e-06
0.26 0.07 0 5.471922796600513e-06
0.26 0.08 0 3.0607558239308082e-06
0.26 0.09 0 5.278946417839501e-06
0.26 0.1 0 6.394792282052893e-06
0.26 0.11 0 4.182700846502023e-06
0.26 0.12 0 7.0810170378726975e-06
0.26 0.13 0 5.844356965179857e-06
0.26 0.14 0 1.516273491094101e-05
0.26 0.15 0 1.9504926430653266e-05
0.26 0.16 0 1.846219518694513e-05
0.26 0.17 0 3.6792317250214008e-06
0.26 0.18 0 3.665906964486028e-06
0.26 0.19 0 1.486525900132777e-06
0.26 0.2 0 4.266821475727317e-06
0.26 0.21 0 3.459588219464987e-06
0.26 0.22 0 1.3013969614434184e-06
0.26 0.23 0 6.637093723349132e-07
0.26 0.24 0 8.394988446763334e-07
0.26 0.25 0 3.6843416065200087e-06
0.26 0.26 0 2.8787720910226416e-06
0.26 0.27 0 6.036853153754789e-06
0.26 0.28 0 6.9691294433630105e-06
0.26 0.29 0 1.608010498679356e-05
0.26 0.3 0 1.9185688263918128e-05
0.26 0.31 0 9.330837099912373e-06
0.26 0.32 0 5.837770577185691e-06
0.26 0.33 0 3.7366303181653605e-05
0.26 0.34 0 1.520574859237164e-05
0.26 0.35000000000000003 0 1.1634837207087172e-05
0.26 0.36 0 2.0011712392177837e-05
0.26 0.37 0 1.1417362951350596e-05
0.26 0.38 0 2.219453183048995e-05
0.26 0.39 0 1.4511924867478303e-05
0.26 0.4 0 4.5649185743926604e-05
0.26 0.41000000000000003 0 4.14566878363888e-05
0.26 0.42 0 2.0335493438623113e-05
0.26 0.43 0 1.2265904034901003e-05
0.26 0.44 0 2.551733908368475e-05
0.26 0.45 0 3.169402458674619e-05
0.26 0.46 0 2.419449901966432e-05
0.26 0.47000000000000003 0 3.3423200791060165e-05
0.26 0.48 0 0.00027170304652489216
0.26 0.49 0 0.00028624019820621793
0.26 0.5 0 6.134689483185147e-05
0.27 0.0 0 2.2313130069078695e-05
0.27 0.01 0 3.6893188023505207e-05
0.27 0.02 0 2.244529021936959e-05
0.27 0.03 0 2.0668924829182304e-05
0.27 0.04 0 1.5498032118971606e-05
0.27 0.05 0 5.966667535658249e-06
0.27 0.06 0 2.1677647380410693e-06
0.27 0.07 0 4.600701199458568e-06
0.27 0.08 0 1.4941534760833322e-06
0.27 0.09 0 8.453755026602481e-06
0.27 0.1 0 1.4276305883173474e-05
0.27 0.11 0 5.813763269232697e-06
0.27 0.12 0 2.7653738233325013e-06
0.27 0.13 0 1.5184430975581857e-06
0.27 0.14 0 3.489056185553061e-06
0.27 0.15 0 3.5204683452931355e-06
0.27 0.16 0 3.2857250046195523e-06
0.27 0.17 0 9.076557086135142e-07
0.27 0.18 0 1.0699304554219507e-06
0.27 0.19 0 1.1986817327559389e-06
0.27 0.2 0 2.5944649937178133e-06
0.27 0.21 0 2.8387029580790557e-06
0.27 0.22 0 4.527525835880799e-06
0.27 0.23 0 9.830283342855156e-07
0.27 0.24 0 5.070969128065071e-07
0.27 0.25 0 5.887910163024855e-07
0.27 0.26 0 1.3243782802286377e-06
0.27 0.27 0 2.9986621288446414e-06
0.27 0.28 0 1.4774662729316205e-06
0.27 0.29 0 7.068455029915766e-07
0.27 0.3 0 1.3545151470936563e-06
0.27 0.31 0 5.684575773468969e-06
0.27 0.32 0 3.4408881589685394e-06
0.27 0.33 0 7.050808440596025e-06
0.27 0.34 0 1.2137406830189009e-05
0.27 0.35000000000000003 0 7.93520567725944e-06
0.27 0.36 0 7.3557290506867666e-06
0.27 0.37 0 5.809602640209463e-06
0.27 0.38 0 7.3996408591518225e-06
0.27 0.39 0 3.1715074657611565e-05
0.27 0.4 0 2.8808189080490667e-05
0.27 0.41000000000000003 0 2.1961014652417292e-05
0.27 0.42 0 1.0473387034725718e-05
0.27 0.43 0 6.924767531810246e-06
0.27 0.44 0 1.162684374174568e-05
0.27 0.45 0 9.827148846475544e-06
0.27 0.46 0 1.00467672660388e-05
0.27 0.47000000000000003 0 7.251066646175198e-06
0.27 0.48 0 1.5227310493683702e-05
0.27 0.49 0 2.8775350742816005e-05
0.27 0.5 0 1.4573156161614182e-05
0.28 0.0 0 0.00011472996585015251
0.28 0.01 0 1.4288606618412074e-05
0.28 0.02 0 4.261930724195017e-06
0.28 0.03 0 2.337796370943236e-06
0.28 0.04 0 2.3708686428170154e-06
0.28 0.05 0 2.3160803192065316e-06
0.28 0.06 0 6.083791598435061e-07
0.28 0.07 0 1.8479558749464913e-06
0.28 0.08 0 1.126507031700411e-06
0.28 0.09 0 4.6251531712930333e-07
0.28 0.1 0 6.332244466991886e-07
0.28 0.11 0 4.149870046127372e-07
0.28 0.12 0 2.452477050832331e-07
0.28 0.13 0 4.338240544999964e-07
0.28 0.14 0 6.377370290644684e-07
0.28 0.15 0 3.4053588118307303e-06
0.28 0.16 0 5.331099947462453e-06
0.28 0.17 0 3.8019255224807268e-06
0.28 0.18 0 2.252011301628434e-06
0.28 0.19 0 1.672320071783694e-06
0.28 0.2 0 4.648990488966973e-06
0.28 0.21 0 5.70396318037081e-06
0.28 0.22 0 1.0975672817897583e-05
0.28 0.23 0 8.132745025552029e-06
0.28 0.24 0 2.5955912245728006e-06
0.28 0.25 0 2.3391297083582115e-06
0.28 0.26 0 2.0519429483980823e-06
0.28 0.27 0 9.958755047400795e-07
0.28 0.28 0 1.4136887178509176e-06
0.28 0.29 0 2.733045114058286e-07
0.28 0.3 0 3.849400008310769e-07
0.28 0.31 0 8.806722933224647e-07
0.28 0.32 0 2.248073694969165e-06
0.28 0.33 0 5.923596778583866e-06
0.28 0.34 0 2.2111312765891195e-05
0.28 0.35000000000000003 0 1.593710415918282e-05
0.28 0.36 0 6.709150006841598e-06
0.28 0.37 0 6.603350702159875e-06
0.28 0.38 0 5.278689171392025e-06
0.28 0.39 0 5.928895393282883e-06
0.28 0.4 0 4.146371341123009e-06
0.28 0.41000000000000003 0 4.850625474762902e-06
0.28 0.42 0 2.9542820660483467e-06
0.28 0.43 0 3.59747344100964e-06
0.28 0.44 0 2.0612249134622635e-06
0.28 0.45 0 8.132796444447593e-06
0.28 0.46 0 1.5698045003678397e-05
0.28 0.47000000000000003 0 2.0150165049750094e-05
0.28 0.48 0 1.0970533603292086e-05
0.28 0.49 0 1.0639952833752441e-05
0.28 0.5 0 8.548429713744826e-06
0.29 0.0 0 6.3591638568978e-05
0.29 0.01 0 1.678400748631666e-05
0.29 0.02 0 5.667561106731767e-06
0.29 0.03 0 7.909800216378693e-07
0.29 0.04 0 7.056827118986407e-07
0.29 0.05 0 1.839553178197098e-06
0.29 0.06 0 3.4855197994979515e-06
0.29 0.07 0 2.0337341906640804e-06
0.29 0.08 0 1.9047665714527767e-06
0.29 0.09 0 5.038295158194963e-07
0.29 0.1 0 4.0656281982464414e-07
0.29 0.11 0 4.1736463930493924e-07
0.29 0.12 0 2.49384593695735e-07
0.29 0.13 0 6.793597373539735e-07
0.29 0.14 0 1.9597417504593346e-06
0.29 0.15 0 2.7425937073382282e-06
0.29 0.16 0 2.151912802989933e-06
0.29 0.17 0 1.7853679433803027e-06
0.29 0.18 0 1.0517031002510615e-06
0.29 0.19 0 1.145435913188238e-06
0.29 0.2 0 4.5280498069122753e-07
0.29 0.21 0 5.437512569756004e-07
0.29 0.22 0 3.3037307424787174e-07
0.29 0.23 0 1.1951985292019507e-06
0.29 0.24 0 9.662108378248225e-07
0.29 0.25 0 4.3373923337140917e-07
0.29 0.26 0 4.6637516786883416e-07
0.29 0.27 0 1.1374952448307725e-07
0.29 0.28 0 1.816972760226291e-07
0.29 0.29 0 1.4800181581391268e-07
0.29 0.3 0 1.8398722571170942e-07
0.29 0.31 0 6.444855073191776e-07
0.29 0.32 0 1.9776570178889835e-06
0.29 0.33 0 8.824652410331632e-07
0.29 0.34 0 5.757450626825023e-06
0.29 0.35000000000000003 0 8.273388547536354e-06
0.29 0.36 0 1.0008323786301285e-05
0.29 0.37 0 2.420623564797103e-06
0.29 0.38 0 1.5439338964531483e-06
0.29 0.39 0 2.2695840977134254e-06
0.29 0.4 0 1.3085986879927057e-06
0.29 0.41000000000000003 0 1.7327753041054763e-06
0.29 0.42 0 1.3405996898093673e-06
0.29 0.43 0 5.353570236351722e-06
0.29 0.44 0 6.421469982185177e-06
0.29 0.45 0 4.998726477471812e-06
0.29 0.46 0 5.276235364097226e-06
0.29 0.47000000000000003 0 2.0206751504480342e-05
0.29 0.48 0 2.53145793677657e-05
0.29 0.49 0 4.9731549547286965e-05
0.29 0.5 0 1.1855877315666474e-05
0.3 0.0 0 9.12602847829001e-06
0.3 0.01 0 5.869590822007072e-06
0.3 0.02 0 5.497993602513123e-06
0.3 0.03 0 2.2806508439465793e-06
0.3 0.04 0 9.712351304386062e-07
0.3 0.05 0 1.9381679542410088e-06
0.3 0.06 0 2.671731654465218e-06
0.3 0.07 0 1.2288675766430269e-06
0.3 0.08 0 1.8617584316146922e-06
0.3 0.09 0 4.329498522532822e-07
0.3 0.1 0 2.1146902276385743e-07
0.3 0.11 0 6.41016029286159e-08
0.3 0.12 0 1.196737968163022e-07
0.3 0.13 0 2.1835930363100626e-07
0.3 0.14 0 9.055934324378251e-07
0.3 0.15 0 1.5778874633817128e-06
0.3 0.16 0 1.3017900589401855e-06
0.3 0.17 0 2.5821909321180973e-06
0.3 0.18 0 1.600626543631035e-06
0.3 0.19 0 1.1276888664242425e-06
0.3 0.2 0 7.505365807636006e-07
0.3 0.21 0 1.10603111736608e-06
0.3 0.22 0 2.4955412759240235e-07
0.3 0.23 0 2.2974462256167046e-07
0.3 0.24 0 6.590781477151614e-07
0.3 0.25 0 4.20392179222412e-06
0.3 0.26 0 3.220566923568232e-06
0.3 0.27 0 3.5182250502829605e-07
0.3 0.28 0 7.772339382486596e-08
0.3 0.29 0 4.84180413753375e-07
0.3 0.3 0 1.7771451438111946e-06
0.3 0.31 0 9.695009876541763e-07
0.3 0.32 0 2.3825745736355905e-06
0.3 0.33 0 9.688005584729733e-07
0.3 0.34 0 2.0226580795648873e-06
0.3 0.35000000000000003 0 3.24383350633697e-06
0.3 0.36 0 6.043369084049949e-06
0.3 0.37 0 7.312494798429471e-06
0.3 0.38 0 4.661073851838747e-06
0.3 0.39 0 1.307808406318164e-06
0.3 0.4 0 4.2500420524550055e-07
0.3 0.41000000000000003 0 1.3129031260911643e-07
0.3 0.42 0 2.568770683135064e-07
0.3 0.43 0 5.874155613602505e-07
0.3 0.44 0 2.2867212615712797e-06
0.3 0.45 0 2.501705967741572e-06
0.3 0.46 0 7.209672328205414e-07
0.3 0.47000000000000003 0 1.9683171308913027e-06
0.3 0.48 0 2.6235775657538983e-06
0.3 0.49 0 5.6978126702947026e-06
0.3 0.5 0 1.0333995167728398e-05
#STOP
