#MEDIUM_PROPERTIES_DISTRIBUTED
$MSH_TYPE
	 GROUNDWATER_FLOW	
$MMP_TYPE
	 PERMEABILITY	
$DIS_TYPE
	 NEAREST_VALUE	
;hj
$CONVERSION_FACTOR
	 1.0	
$DATA
0.0 0.0 0 4.094557239827485e-05
0.0 0.01 0 6.986971863105154e-05
0.0 0.02 0 5.0601368359273096e-05
0.0 0.03 0 4.667707429436348e-05
0.0 0.04 0 7.695179503321854e-05
0.0 0.05 0 0.0003084134041162921
0.0 0.06 0 0.00012273764285751973
0.0 0.07 0 3.307727612550666e-05
0.0 0.08 0 5.651845894357016e-05
0.0 0.09 0 6.405822599288385e-05
0.0 0.1 0 7.137683553069281e-05
0.0 0.11 0 2.4604125813660082e-05
0.0 0.12 0 6.590663207047916e-06
0.0 0.13 0 2.292073058606338e-06
0.0 0.14 0 2.236972032707925e-06
0.0 0.15 0 8.944312386595127e-06
0.0 0.16 0 3.1944253657933983e-06
0.0 0.17 0 1.7397770043373976e-06
0.0 0.18 0 2.9985459858714313e-06
0.0 0.19 0 2.8676236875508695e-06
0.0 0.2 0 3.109878800941764e-06
0.0 0.21 0 1.747801917276313e-06
0.0 0.22 0 2.0099135060051445e-06
0.0 0.23 0 8.510603921303056e-07
0.0 0.24 0 5.705337980811035e-07
0.0 0.25 0 8.698676399259204e-07
0.0 0.26 0 2.464812969494042e-07
0.0 0.27 0 4.808080158947056e-07
0.0 0.28 0 1.5597964680353736e-06
0.0 0.29 0 2.5769612302323935e-06
0.0 0.3 0 2.78386392331276e-06
0.0 0.31 0 3.6896696966449103e-06
0.0 0.32 0 1.235384871554315e-05
0.0 0.33 0 2.2279162797832693e-06
0.0 0.34 0 5.759070229936178e-07
0.0 0.35000000000000003 0 5.559971891316473e-07
0.0 0.36 0 4.098837733024273e-07
0.0 0.37 0 4.854621108557997e-07
0.0 0.38 0 1.274072555858839e-07
0.0 0.39 0 9.150628065986778e-08
0.0 0.4 0 1.1084987494514263e-07
0.0 0.41000000000000003 0 1.8902670657505952e-07
0.0 0.42 0 2.534455246089767e-07
0.0 0.43 0 4.456905810504695e-08
0.0 0.44 0 5.071007095970925e-08
0.0 0.45 0 6.2706121397258e-08
0.0 0.46 0 7.323834590638523e-08
0.0 0.47000000000000003 0 1.229965476876769e-07
0.0 0.48 0 7.906426085394306e-08
0.0 0.49 0 1.3280102534034563e-07
0.0 0.5 0 1.477085830805848e-07
0.01 0.0 0 1.0878973210239708e-05
0.01 0.01 0 3.1741323816421804e-06
0.01 0.02 0 1.5412418309661545e-05
0.01 0.03 0 2.568772625895097e-05
0.01 0.04 0 8.41950058485284e-06
0.01 0.05 0 3.3378212253351966e-06
0.01 0.06 0 2.978644845929488e-06
0.01 0.07 0 7.323059196650814e-06
0.01 0.08 0 4.0831004157762534e-06
0.01 0.09 0 5.670140824924175e-06
0.01 0.1 0 6.3168606003799864e-06
0.01 0.11 0 3.3277282618549873e-06
0.01 0.12 0 4.916984878845134e-06
0.01 0.13 0 3.4260416707471073e-06
0.01 0.14 0 4.2544571570146605e-06
0.01 0.15 0 1.7515150327700162e-06
0.01 0.16 0 6.152119133373669e-07
0.01 0.17 0 6.107899516297962e-07
0.01 0.18 0 5.840636860176793e-07
0.01 0.19 0 3.2902477391503254e-06
0.01 0.2 0 4.900788334443077e-06
0.01 0.21 0 3.4272097848171737e-06
0.01 0.22 0 2.11792374617873e-06
0.01 0.23 0 7.95406603957125e-07
0.01 0.24 0 1.0167393464300583e-06
0.01 0.25 0 4.723305462205205e-07
0.01 0.26 0 6.148981332177861e-07
0.01 0.27 0 1.0912912648420642e-06
0.01 0.28 0 1.503413715167749e-06
0.01 0.29 0 7.154085188133727e-06
0.01 0.3 0 8.62099932014078e-06
0.01 0.31 0 7.542764791324492e-06
0.01 0.32 0 2.4953797079681257e-06
0.01 0.33 0 2.14563316043529e-06
0.01 0.34 0 6.29366137350051e-06
0.01 0.35000000000000003 0 1.93642807149506e-06
0.01 0.36 0 7.814833673821899e-07
0.01 0.37 0 3.495003477013705e-07
0.01 0.38 0 3.773624147347457e-07
0.01 0.39 0 5.647178230989258e-07
0.01 0.4 0 4.566936772096243e-07
0.01 0.41000000000000003 0 1.4456976869735768e-06
0.01 0.42 0 1.633091665136805e-06
0.01 0.43 0 1.9281101504989397e-06
0.01 0.44 0 1.6270274189574312e-06
0.01 0.45 0 9.241177403007084e-07
0.01 0.46 0 2.4508819466657667e-06
0.01 0.47000000000000003 0 2.47691740996599e-06
0.01 0.48 0 2.6771032078024685e-06
0.01 0.49 0 3.0277448648603715e-06
0.01 0.5 0 4.420027462906113e-06
0.02 0.0 0 8.39468243101881e-07
0.02 0.01 0 6.428525894453377e-07
0.02 0.02 0 6.48702790613107e-07
0.02 0.03 0 5.542303370378367e-07
0.02 0.04 0 7.096696408978842e-07
0.02 0.05 0 4.2185826657787166e-07
0.02 0.06 0 6.480300596554698e-07
0.02 0.07 0 3.1085063418906204e-06
0.02 0.08 0 1.2570084059472912e-05
0.02 0.09 0 7.341213513781386e-06
0.02 0.1 0 1.6954412487559494e-06
0.02 0.11 0 4.882263463463102e-06
0.02 0.12 0 6.369830116502128e-06
0.02 0.13 0 1.2870043833617926e-06
0.02 0.14 0 5.436981742031895e-07
0.02 0.15 0 5.254530816880454e-07
0.02 0.16 0 7.268505722679401e-07
0.02 0.17 0 5.303331233695073e-07
0.02 0.18 0 1.0513152693346632e-06
0.02 0.19 0 1.4112367413334505e-06
0.02 0.2 0 5.006216326776992e-07
0.02 0.21 0 5.520956136753857e-07
0.02 0.22 0 4.022077428760886e-07
0.02 0.23 0 3.532464904687426e-07
0.02 0.24 0 4.4681872801377076e-07
0.02 0.25 0 5.285509711304234e-07
0.02 0.26 0 1.0273096275972344e-06
0.02 0.27 0 1.2937766821420094e-06
0.02 0.28 0 3.425010895971257e-06
0.02 0.29 0 3.384468971581453e-06
0.02 0.3 0 2.544011138579728e-06
0.02 0.31 0 4.615069118018368e-06
0.02 0.32 0 1.6940433089928833e-06
0.02 0.33 0 1.3309067702403454e-06
0.02 0.34 0 2.5323076745088643e-06
0.02 0.35000000000000003 0 3.0145840390996934e-06
0.02 0.36 0 7.955226291820987e-07
0.02 0.37 0 1.7072287944947949e-07
0.02 0.38 0 9.140419242981398e-07
0.02 0.39 0 3.5043858188326604e-06
0.02 0.4 0 5.0990754211867205e-06
0.02 0.41000000000000003 0 4.775749832117734e-06
0.02 0.42 0 2.6423683045133305e-06
0.02 0.43 0 6.47259913954136e-06
0.02 0.44 0 6.549732126554528e-06
0.02 0.45 0 3.802013277698154e-06
0.02 0.46 0 2.1184827443689225e-06
0.02 0.47000000000000003 0 3.5423051285234023e-06
0.02 0.48 0 1.2701270516399726e-05
0.02 0.49 0 2.688790193708546e-06
0.02 0.5 0 1.0860836865160268e-06
0.03 0.0 0 1.1191921867244952e-05
0.03 0.01 0 7.054521260325984e-06
0.03 0.02 0 1.3692360951393273e-06
0.03 0.03 0 4.894277756385652e-07
0.03 0.04 0 3.3408846558875893e-07
0.03 0.05 0 6.655007610894586e-07
0.03 0.06 0 3.0294498924243985e-06
0.03 0.07 0 3.9530361150859975e-06
0.03 0.08 0 9.587895806300291e-06
0.03 0.09 0 1.5604639006868302e-05
0.03 0.1 0 8.863098415565173e-06
0.03 0.11 0 4.78114405011621e-06
0.03 0.12 0 2.7306030503602867e-06
0.03 0.13 0 3.7236160996950073e-06
0.03 0.14 0 1.103829388528404e-06
0.03 0.15 0 3.756918474586227e-07
0.03 0.16 0 3.214425354603007e-07
0.03 0.17 0 2.1144608817327234e-07
0.03 0.18 0 3.237222294063694e-07
0.03 0.19 0 1.9204062096438022e-07
0.03 0.2 0 2.316787183215562e-07
0.03 0.21 0 4.095492300119949e-07
0.03 0.22 0 6.086717763258985e-07
0.03 0.23 0 1.2675533904293551e-06
0.03 0.24 0 4.3965060698091897e-07
0.03 0.25 0 4.2727745576390024e-07
0.03 0.26 0 9.331956275785879e-07
0.03 0.27 0 4.5934435542964625e-06
0.03 0.28 0 1.9828302750156136e-05
0.03 0.29 0 4.631657029525098e-06
0.03 0.3 0 1.9585074805980184e-06
0.03 0.31 0 1.50458788122718e-06
0.03 0.32 0 3.269078958513845e-06
0.03 0.33 0 3.7866686396184534e-06
0.03 0.34 0 7.005947232025003e-07
0.03 0.35000000000000003 0 6.60351906807437e-07
0.03 0.36 0 3.512895435144277e-07
0.03 0.37 0 1.9083584952792862e-07
0.03 0.38 0 7.901386672599178e-08
0.03 0.39 0 5.380700135208634e-08
0.03 0.4 0 2.8139528937169037e-07
0.03 0.41000000000000003 0 3.5023297336037527e-07
0.03 0.42 0 8.981199080383121e-07
0.03 0.43 0 2.2012677728732376e-06
0.03 0.44 0 3.554096955831536e-06
0.03 0.45 0 6.541967926036072e-06
0.03 0.46 0 3.2088034258112277e-06
0.03 0.47000000000000003 0 5.08262685714083e-06
0.03 0.48 0 2.9998134648594913e-06
0.03 0.49 0 2.1978352362270094e-06
0.03 0.5 0 2.2971328048052285e-06
0.04 0.0 0 3.168070985493338e-05
0.04 0.01 0 1.59242142959299e-05
0.04 0.02 0 6.152949698379941e-06
0.04 0.03 0 1.5549692141868017e-06
0.04 0.04 0 8.90783740960199e-07
0.04 0.05 0 4.493052218633007e-06
0.04 0.06 0 8.99384108644631e-06
0.04 0.07 0 1.1455336362317212e-05
0.04 0.08 0 9.387659080113504e-06
0.04 0.09 0 5.341480399829575e-06
0.04 0.1 0 9.31145939405365e-06
0.04 0.11 0 1.0025306786329257e-05
0.04 0.12 0 7.940349536372577e-06
0.04 0.13 0 3.4430181627941314e-06
0.04 0.14 0 3.72880977435759e-06
0.04 0.15 0 6.224230484640663e-06
0.04 0.16 0 1.1082981358245884e-06
0.04 0.17 0 4.231959227803264e-07
0.04 0.18 0 3.3987110782098603e-07
0.04 0.19 0 3.42173508096458e-07
0.04 0.2 0 4.371994567678812e-07
0.04 0.21 0 3.4452602257134876e-07
0.04 0.22 0 3.971208760438435e-07
0.04 0.23 0 2.064773971685816e-07
0.04 0.24 0 4.513000937515417e-07
0.04 0.25 0 2.9179069995608164e-06
0.04 0.26 0 9.30316681457547e-06
0.04 0.27 0 3.851642744417879e-05
0.04 0.28 0 1.7267872996776068e-05
0.04 0.29 0 2.8229018389804425e-06
0.04 0.3 0 8.852854211461184e-07
0.04 0.31 0 8.7155697398508e-07
0.04 0.32 0 1.699455871855457e-06
0.04 0.33 0 9.302531402731723e-07
0.04 0.34 0 9.73076225954467e-07
0.04 0.35000000000000003 0 3.3317122388096546e-07
0.04 0.36 0 6.942498073777365e-08
0.04 0.37 0 1.0334512541801153e-07
0.04 0.38 0 7.923824311066955e-08
0.04 0.39 0 3.8426401763950366e-08
0.04 0.4 0 2.575239709692371e-08
0.04 0.41000000000000003 0 9.212362455299235e-08
0.04 0.42 0 2.0585854659304846e-07
0.04 0.43 0 5.8932610819160796e-08
0.04 0.44 0 8.14250320360284e-08
0.04 0.45 0 1.1120993916259814e-07
0.04 0.46 0 1.4725607540469578e-07
0.04 0.47000000000000003 0 2.512812818783343e-07
0.04 0.48 0 1.4239662472948848e-07
0.04 0.49 0 6.506944828742816e-08
0.04 0.5 0 1.9972941407544318e-08
0.05 0.0 0 2.1446928485950566e-06
0.05 0.01 0 2.8971610271582185e-07
0.05 0.02 0 2.821174564351507e-07
0.05 0.03 0 6.33102287673548e-07
0.05 0.04 0 1.070883108503689e-06
0.05 0.05 0 1.3488292467934946e-06
0.05 0.06 0 2.447321020754637e-06
0.05 0.07 0 3.909913139833681e-06
0.05 0.08 0 2.138080835957741e-06
0.05 0.09 0 1.125913220793538e-06
0.05 0.1 0 1.1386611477997306e-06
0.05 0.11 0 3.7956044385967927e-06
0.05 0.12 0 1.0703256275262078e-05
0.05 0.13 0 4.381382322644704e-06
0.05 0.14 0 3.194773622400415e-06
0.05 0.15 0 7.1470946274122796e-06
0.05 0.16 0 8.139922569007743e-06
0.05 0.17 0 3.640138271738904e-06
0.05 0.18 0 3.0104285095502068e-06
0.05 0.19 0 1.4637492634551102e-05
0.05 0.2 0 1.9236483043025057e-05
0.05 0.21 0 5.6957020219674675e-06
0.05 0.22 0 1.8557966072594993e-06
0.05 0.23 0 8.746879845786147e-07
0.05 0.24 0 2.529832683017589e-06
0.05 0.25 0 8.225674405613044e-06
0.05 0.26 0 1.286795884713706e-05
0.05 0.27 0 5.995412562086416e-06
0.05 0.28 0 1.971010661822541e-06
0.05 0.29 0 3.831019898176026e-06
0.05 0.3 0 5.934006860221104e-06
0.05 0.31 0 9.755757485437262e-06
0.05 0.32 0 7.207418277918184e-06
0.05 0.33 0 2.494347118414034e-06
0.05 0.34 0 2.618602517075314e-06
0.05 0.35000000000000003 0 1.5634175826862805e-06
0.05 0.36 0 9.154392990448686e-07
0.05 0.37 0 2.4775999832551093e-07
0.05 0.38 0 1.6088914943181408e-07
0.05 0.39 0 4.2583409562309435e-07
0.05 0.4 0 1.8293237861080383e-07
0.05 0.41000000000000003 0 9.399489792466215e-08
0.05 0.42 0 6.419640424042955e-08
0.05 0.43 0 8.53338717392887e-08
0.05 0.44 0 5.8318571610642516e-08
0.05 0.45 0 1.5617491862689704e-08
0.05 0.46 0 6.034406930329007e-08
0.05 0.47000000000000003 0 1.143408302407241e-07
0.05 0.48 0 5.3699763974298124e-08
0.05 0.49 0 1.4396265598905477e-08
0.05 0.5 0 7.945441389818832e-09
0.06 0.0 0 3.2184497646602428e-06
0.06 0.01 0 1.5662070642012408e-06
0.06 0.02 0 6.082192744473338e-07
0.06 0.03 0 4.7097501750350066e-07
0.06 0.04 0 9.936034268894037e-07
0.06 0.05 0 6.23801010697776e-07
0.06 0.06 0 2.5157956643435044e-07
0.06 0.07 0 2.158271094928666e-07
0.06 0.08 0 6.224349288560827e-07
0.06 0.09 0 1.2978681050222343e-06
0.06 0.1 0 6.853640152824326e-07
0.06 0.11 0 1.1280388977952227e-06
0.06 0.12 0 2.695462926789886e-06
0.06 0.13 0 6.206878952475237e-06
0.06 0.14 0 8.049558989694436e-06
0.06 0.15 0 3.066815129215379e-06
0.06 0.16 0 3.230977689609677e-06
0.06 0.17 0 5.66172748796141e-06
0.06 0.18 0 1.509417333824048e-05
0.06 0.19 0 2.1459662443248445e-05
0.06 0.2 0 2.4458358967577565e-05
0.06 0.21 0 7.831727643055113e-05
0.06 0.22 0 7.343919397140986e-05
0.06 0.23 0 0.00014905050384688752
0.06 0.24 0 0.00037287642398511754
0.06 0.25 0 0.00019173858835928542
0.06 0.26 0 6.733564196204848e-05
0.06 0.27 0 2.7362423968628942e-05
0.06 0.28 0 3.288091613002779e-05
0.06 0.29 0 8.991246776609122e-06
0.06 0.3 0 3.8694423065186126e-06
0.06 0.31 0 7.3864554303174695e-06
0.06 0.32 0 2.4750825343013605e-06
0.06 0.33 0 1.2677508481311929e-06
0.06 0.34 0 1.1513048068122391e-06
0.06 0.35000000000000003 0 1.6900472720508788e-06
0.06 0.36 0 1.0046333969809746e-06
0.06 0.37 0 2.5499290937736414e-07
0.06 0.38 0 2.74420527284558e-07
0.06 0.39 0 1.4651203868498042e-07
0.06 0.4 0 1.9940984600122993e-07
0.06 0.41000000000000003 0 1.4654431265863825e-07
0.06 0.42 0 1.7094402600256403e-08
0.06 0.43 0 9.013423617746168e-09
0.06 0.44 0 1.0793629179629741e-08
0.06 0.45 0 2.3810398116353522e-08
0.06 0.46 0 1.7587878625073865e-08
0.06 0.47000000000000003 0 3.287682102807628e-08
0.06 0.48 0 1.8939123886525005e-07
0.06 0.49 0 1.1053375414809037e-07
0.06 0.5 0 1.3225678571179914e-07
0.07 0.0 0 7.346226982936816e-07
0.07 0.01 0 4.995721255807088e-07
0.07 0.02 0 5.108154203321616e-07
0.07 0.03 0 5.639137363794865e-07
0.07 0.04 0 4.1221977427096726e-07
0.07 0.05 0 1.1304027728961654e-06
0.07 0.06 0 1.2150119273217293e-06
0.07 0.07 0 3.8497872773958596e-07
0.07 0.08 0 2.7713516527841617e-07
0.07 0.09 0 2.3487109973377236e-07
0.07 0.1 0 3.072365347501357e-07
0.07 0.11 0 6.612327014738616e-07
0.07 0.12 0 4.229832718104011e-06
0.07 0.13 0 2.4587184865046214e-05
0.07 0.14 0 4.362833025941457e-05
0.07 0.15 0 6.966490716131275e-05
0.07 0.16 0 3.415074622440117e-05
0.07 0.17 0 2.6415422721116754e-05
0.07 0.18 0 0.00011232780343812026
0.07 0.19 0 0.000259155873094831
0.07 0.2 0 0.0002044146509763191
0.07 0.21 0 0.00017227733725142395
0.07 0.22 0 0.0005756740815573297
0.07 0.23 0 0.0009635342920380382
0.07 0.24 0 0.00035744280801245433
0.07 0.25 0 0.0003338918809260796
0.07 0.26 0 0.00035107871529524713
0.07 0.27 0 0.0003263272750130954
0.07 0.28 0 0.0002496609071857737
0.07 0.29 0 8.868164560155705e-05
0.07 0.3 0 2.469000169661922e-05
0.07 0.31 0 5.275461843424697e-06
0.07 0.32 0 3.496329014535116e-06
0.07 0.33 0 2.672735442945507e-06
0.07 0.34 0 9.896913404115625e-07
0.07 0.35000000000000003 0 5.688061094267478e-07
0.07 0.36 0 2.306641781985666e-07
0.07 0.37 0 1.6098621057297785e-07
0.07 0.38 0 1.6776754027935909e-07
0.07 0.39 0 2.406713770356748e-07
0.07 0.4 0 5.38448315115052e-07
0.07 0.41000000000000003 0 3.087369077333062e-07
0.07 0.42 0 1.5706632264668519e-07
0.07 0.43 0 8.721825340747809e-08
0.07 0.44 0 9.47733039237782e-08
0.07 0.45 0 2.0394069300943747e-07
0.07 0.46 0 1.1910500453120656e-07
0.07 0.47000000000000003 0 9.249889341346988e-08
0.07 0.48 0 1.049399700345931e-07
0.07 0.49 0 2.840479364662983e-07
0.07 0.5 0 6.235922860188796e-07
0.08 0.0 0 7.441358002974217e-07
0.08 0.01 0 2.439041198897023e-07
0.08 0.02 0 2.592805336606508e-07
0.08 0.03 0 4.454102049852723e-07
0.08 0.04 0 8.789723869451827e-07
0.08 0.05 0 1.5082388530307268e-06
0.08 0.06 0 3.2424207476346683e-06
0.08 0.07 0 6.048040875843309e-06
0.08 0.08 0 1.7174243603923496e-06
0.08 0.09 0 4.3103821085764833e-07
0.08 0.1 0 1.23210721461765e-06
0.08 0.11 0 1.1784686008197804e-05
0.08 0.12 0 2.4176372662720375e-05
0.08 0.13 0 8.848372736984833e-06
0.08 0.14 0 6.876459542936791e-06
0.08 0.15 0 1.3477455612578472e-05
0.08 0.16 0 1.7199955308007134e-05
0.08 0.17 0 2.9993322825435335e-05
0.08 0.18 0 6.007473336659457e-05
0.08 0.19 0 0.0001097404380310901
0.08 0.2 0 0.00016968088109764226
0.08 0.21 0 8.575169551220879e-05
0.08 0.22 0 3.71717099872007e-05
0.08 0.23 0 3.648931303495904e-05
0.08 0.24 0 0.00012060513230193694
0.08 0.25 0 0.0002565005805254953
0.08 0.26 0 0.00022374746176383967
0.08 0.27 0 0.000675091476238534
0.08 0.28 0 0.0006915104867382557
0.08 0.29 0 0.00016354684963730586
0.08 0.3 0 7.295633811008245e-05
0.08 0.31 0 8.45047463381195e-05
0.08 0.32 0 0.0001142011335295027
0.08 0.33 0 4.092045588319651e-05
0.08 0.34 0 2.422160760480079e-05
0.08 0.35000000000000003 0 7.265005842269732e-06
0.08 0.36 0 1.2080203941901796e-06
0.08 0.37 0 1.775268119504023e-06
0.08 0.38 0 2.470852866910002e-06
0.08 0.39 0 1.5871218735370374e-06
0.08 0.4 0 3.030962834056695e-07
0.08 0.41000000000000003 0 9.980496680667244e-08
0.08 0.42 0 1.2092187765709418e-07
0.08 0.43 0 6.984309093623112e-08
0.08 0.44 0 5.809168047709281e-08
0.08 0.45 0 2.268866994427546e-08
0.08 0.46 0 5.1192934230386185e-08
0.08 0.47000000000000003 0 6.825476979821424e-07
0.08 0.48 0 9.7945311479673e-07
0.08 0.49 0 6.308003683917685e-07
0.08 0.5 0 3.237459164892371e-07
0.09 0.0 0 9.916297459451253e-08
0.09 0.01 0 5.5247099353406544e-08
0.09 0.02 0 1.2919378595835303e-07
0.09 0.03 0 2.53290965635967e-07
0.09 0.04 0 9.115803096050279e-07
0.09 0.05 0 1.4385156827501648e-06
0.09 0.06 0 6.241604077050256e-07
0.09 0.07 0 2.1907374367071228e-07
0.09 0.08 0 2.510059794903971e-07
0.09 0.09 0 4.800642440221233e-07
0.09 0.1 0 1.8312120587332574e-07
0.09 0.11 0 2.5594385258154137e-07
0.09 0.12 0 9.173259012294634e-07
0.09 0.13 0 6.118353626238217e-07
0.09 0.14 0 4.0248786274286296e-07
0.09 0.15 0 8.45919226191826e-07
0.09 0.16 0 4.101646945713985e-06
0.09 0.17 0 5.032542503332973e-06
0.09 0.18 0 4.092287986374867e-06
0.09 0.19 0 8.426410500025028e-06
0.09 0.2 0 9.405608719855508e-06
0.09 0.21 0 1.810190931686076e-05
0.09 0.22 0 3.052162920084863e-05
0.09 0.23 0 4.1118494655308456e-05
0.09 0.24 0 9.809458525903401e-05
0.09 0.25 0 0.00013442875838179404
0.09 0.26 0 0.00014255325435907085
0.09 0.27 0 7.586970781538679e-05
0.09 0.28 0 7.501276096905644e-05
0.09 0.29 0 9.628481675901223e-05
0.09 0.3 0 5.0270180956457e-05
0.09 0.31 0 6.834673425027993e-05
0.09 0.32 0 5.6385967491675055e-05
0.09 0.33 0 2.650927978570366e-05
0.09 0.34 0 1.6323616156500732e-05
0.09 0.35000000000000003 0 1.2872304530711081e-05
0.09 0.36 0 1.485194037148782e-05
0.09 0.37 0 4.563210547421642e-06
0.09 0.38 0 1.7669202101393964e-06
0.09 0.39 0 8.667093377943997e-07
0.09 0.4 0 3.4686571501762655e-07
0.09 0.41000000000000003 0 3.9053745705994615e-07
0.09 0.42 0 3.698599510324482e-07
0.09 0.43 0 6.635326864862531e-07
0.09 0.44 0 8.531653150053808e-07
0.09 0.45 0 6.088815607242666e-07
0.09 0.46 0 1.0759930520573824e-06
0.09 0.47000000000000003 0 2.24367455037805e-06
0.09 0.48 0 4.908270848239981e-06
0.09 0.49 0 1.1490563418778286e-06
0.09 0.5 0 1.7616928919815273e-07
0.1 0.0 0 5.8379926044196757e-08
0.1 0.01 0 5.955014275917669e-08
0.1 0.02 0 3.699302883652282e-08
0.1 0.03 0 1.1092902829805151e-07
0.1 0.04 0 2.2012751159966653e-07
0.1 0.05 0 2.1138431148199555e-07
0.1 0.06 0 1.806400494427132e-07
0.1 0.07 0 1.0921992183819278e-07
0.1 0.08 0 1.5010873344623164e-07
0.1 0.09 0 1.2756013506938224e-07
0.1 0.1 0 1.844256066151348e-07
0.1 0.11 0 2.807608749179828e-07
0.1 0.12 0 2.533157573407143e-07
0.1 0.13 0 6.307056990466551e-07
0.1 0.14 0 1.1706121215121952e-06
0.1 0.15 0 1.5584535090683115e-06
0.1 0.16 0 1.888187886256519e-06
0.1 0.17 0 4.333309663514199e-06
0.1 0.18 0 9.717520553347832e-06
0.1 0.19 0 3.4260681834308242e-06
0.1 0.2 0 1.755261410874174e-06
0.1 0.21 0 2.0909906984776384e-06
0.1 0.22 0 1.824897714401563e-06
0.1 0.23 0 1.3274757693102752e-06
0.1 0.24 0 1.38311479693413e-06
0.1 0.25 0 4.481342234464727e-06
0.1 0.26 0 1.605545539049935e-05
0.1 0.27 0 3.028813758951322e-05
0.1 0.28 0 2.1971640614806187e-05
0.1 0.29 0 8.010721560453729e-06
0.1 0.3 0 8.739754539084134e-06
0.1 0.31 0 1.3304241693635375e-05
0.1 0.32 0 7.951863998179281e-06
0.1 0.33 0 6.120022131277285e-06
0.1 0.34 0 9.43283747275239e-06
0.1 0.35000000000000003 0 1.7557281667741114e-05
0.1 0.36 0 1.780375144965488e-05
0.1 0.37 0 9.550696736656608e-06
0.1 0.38 0 5.5514479743176e-06
0.1 0.39 0 5.239300535668661e-06
0.1 0.4 0 1.9189649131907608e-05
0.1 0.41000000000000003 0 2.667387337061913e-05
0.1 0.42 0 3.576185244143935e-06
0.1 0.43 0 9.145962312189598e-07
0.1 0.44 0 7.084033061863941e-07
0.1 0.45 0 8.074265093139801e-07
0.1 0.46 0 6.272474857417852e-07
0.1 0.47000000000000003 0 5.065779644567329e-07
0.1 0.48 0 5.363100607383794e-07
0.1 0.49 0 3.288319546066841e-07
0.1 0.5 0 7.357754680990996e-07
0.11 0.0 0 1.4752312500025516e-07
0.11 0.01 0 1.835051739300255e-07
0.11 0.02 0 4.136673861044851e-07
0.11 0.03 0 4.6716727183114787e-07
0.11 0.04 0 3.0522240881338613e-07
0.11 0.05 0 7.438185155331513e-07
0.11 0.06 0 8.930928035508783e-07
0.11 0.07 0 6.936616269399709e-07
0.11 0.08 0 7.195926140995482e-07
0.11 0.09 0 5.858878338101683e-07
0.11 0.1 0 6.433727118141428e-07
0.11 0.11 0 8.624483319708057e-07
0.11 0.12 0 1.3048436336496643e-06
0.11 0.13 0 1.0629942681644383e-06
0.11 0.14 0 1.8791084434690296e-06
0.11 0.15 0 1.1641934002567437e-05
0.11 0.16 0 1.1149650139191023e-05
0.11 0.17 0 4.537480113844788e-06
0.11 0.18 0 7.014747730309691e-06
0.11 0.19 0 1.5935265811614408e-05
0.11 0.2 0 1.4085317029812028e-05
0.11 0.21 0 5.485592730076914e-06
0.11 0.22 0 5.920931178035972e-06
0.11 0.23 0 1.042820780861809e-05
0.11 0.24 0 1.2159300161235793e-05
0.11 0.25 0 1.0016834425945454e-05
0.11 0.26 0 3.5392709496172733e-06
0.11 0.27 0 3.104678046756387e-06
0.11 0.28 0 3.802759369905281e-06
0.11 0.29 0 1.5318737011197913e-06
0.11 0.3 0 9.668956061385502e-07
0.11 0.31 0 1.68506092443261e-06
0.11 0.32 0 5.114869354280274e-06
0.11 0.33 0 5.941827520886707e-06
0.11 0.34 0 7.439617061523836e-06
0.11 0.35000000000000003 0 1.501144292619241e-05
0.11 0.36 0 5.331930359143455e-06
0.11 0.37 0 2.775882069314921e-06
0.11 0.38 0 3.7321779757276706e-06
0.11 0.39 0 4.5237401409403335e-06
0.11 0.4 0 4.174005505647269e-06
0.11 0.41000000000000003 0 3.249831249300824e-06
0.11 0.42 0 6.216229425814489e-06
0.11 0.43 0 4.603035525143739e-06
0.11 0.44 0 4.297921953191475e-06
0.11 0.45 0 1.0413373341613362e-05
0.11 0.46 0 9.055661097762583e-06
0.11 0.47000000000000003 0 5.529901711335336e-06
0.11 0.48 0 1.4013777484536982e-06
0.11 0.49 0 9.847401614414435e-07
0.11 0.5 0 2.850316222243841e-06
0.12 0.0 0 5.639578769625932e-06
0.12 0.01 0 2.7868133193387233e-06
0.12 0.02 0 2.7009324230291822e-06
0.12 0.03 0 2.4378627833785655e-06
0.12 0.04 0 5.03854733704527e-06
0.12 0.05 0 6.431069191177097e-06
0.12 0.06 0 3.2451712876420815e-06
0.12 0.07 0 5.535315347977762e-06
0.12 0.08 0 6.033627811310112e-06
0.12 0.09 0 9.892366308452356e-06
0.12 0.1 0 1.2333841601269478e-05
0.12 0.11 0 1.5107704751712368e-05
0.12 0.12 0 2.6938846947285134e-05
0.12 0.13 0 1.078917591222162e-05
0.12 0.14 0 9.265171310216872e-06
0.12 0.15 0 1.0449122413269204e-05
0.12 0.16 0 1.1290527401894111e-05
0.12 0.17 0 9.119497540830601e-06
0.12 0.18 0 3.604195888266003e-06
0.12 0.19 0 8.13631927422473e-06
0.12 0.2 0 1.5902083819350055e-05
0.12 0.21 0 1.2853966687518936e-05
0.12 0.22 0 6.537412342494758e-06
0.12 0.23 0 4.724128829932546e-06
0.12 0.24 0 1.1254565945626832e-05
0.12 0.25 0 4.837552608096726e-06
0.12 0.26 0 1.3521155005123398e-06
0.12 0.27 0 8.724617111777403e-07
0.12 0.28 0 7.320068655412091e-07
0.12 0.29 0 7.599400465861538e-07
0.12 0.3 0 3.693769624508572e-07
0.12 0.31 0 4.1459871230107543e-07
0.12 0.32 0 8.549212268098103e-07
0.12 0.33 0 2.1258629385311187e-06
0.12 0.34 0 4.196083616789866e-06
0.12 0.35000000000000003 0 1.8414720402809861e-06
0.12 0.36 0 1.4931640037080163e-06
0.12 0.37 0 1.7689260402376452e-06
0.12 0.38 0 1.3744829990933847e-06
0.12 0.39 0 1.5628926350632356e-06
0.12 0.4 0 2.2445250585527863e-06
0.12 0.41000000000000003 0 3.631000803820345e-06
0.12 0.42 0 4.098044655558411e-06
0.12 0.43 0 1.2558420412855925e-05
0.12 0.44 0 3.3907295444566624e-05
0.12 0.45 0 8.34857345342907e-06
0.12 0.46 0 3.4900189531870673e-06
0.12 0.47000000000000003 0 7.2133480496797695e-06
0.12 0.48 0 1.0577720735425194e-05
0.12 0.49 0 8.39686813855445e-06
0.12 0.5 0 1.7221771566563424e-05
0.13 0.0 0 2.262126590296909e-05
0.13 0.01 0 2.379070597325206e-05
0.13 0.02 0 5.7422311534305264e-05
0.13 0.03 0 9.593814758770935e-05
0.13 0.04 0 0.0001411327745376102
0.13 0.05 0 6.267880130895308e-05
0.13 0.06 0 4.840579748605522e-05
0.13 0.07 0 3.074221396615903e-05
0.13 0.08 0 3.9259931733259067e-05
0.13 0.09 0 2.1934319730367464e-05
0.13 0.1 0 2.623843789998696e-06
0.13 0.11 0 2.75112127290667e-06
0.13 0.12 0 6.597113786017448e-06
0.13 0.13 0 2.1356020584555026e-05
0.13 0.14 0 4.677152493658429e-05
0.13 0.15 0 4.9023675448991716e-05
0.13 0.16 0 6.565807891298829e-05
0.13 0.17 0 6.914826577656876e-05
0.13 0.18 0 0.00012030884908251189
0.13 0.19 0 5.195065839891832e-05
0.13 0.2 0 1.6545301859329126e-05
0.13 0.21 0 2.536655190807404e-05
0.13 0.22 0 1.1355760386931086e-05
0.13 0.23 0 1.8474803441196434e-06
0.13 0.24 0 7.398611353536405e-07
0.13 0.25 0 1.4864204311665912e-06
0.13 0.26 0 2.224439456362264e-06
0.13 0.27 0 1.1245907288617997e-06
0.13 0.28 0 1.0343297408651818e-06
0.13 0.29 0 6.272116040885332e-07
0.13 0.3 0 4.3845630412015656e-07
0.13 0.31 0 8.69598995989711e-07
0.13 0.32 0 1.015446461222424e-06
0.13 0.33 0 7.473512062200028e-07
0.13 0.34 0 9.025992822350497e-07
0.13 0.35000000000000003 0 1.278828938221547e-06
0.13 0.36 0 5.255861049433075e-07
0.13 0.37 0 1.4145970023567879e-07
0.13 0.38 0 1.931567149587046e-07
0.13 0.39 0 4.025580581887149e-07
0.13 0.4 0 5.636050566892851e-07
0.13 0.41000000000000003 0 9.336744031666549e-07
0.13 0.42 0 8.174100512968207e-07
0.13 0.43 0 6.390343654657442e-07
0.13 0.44 0 8.311301019308474e-07
0.13 0.45 0 1.0376544239353596e-06
0.13 0.46 0 7.560714693981728e-07
0.13 0.47000000000000003 0 5.12461463608676e-07
0.13 0.48 0 1.3938205859601503e-06
0.13 0.49 0 2.3707120122862463e-06
0.13 0.5 0 1.320421740133452e-06
0.14 0.0 0 8.959099259842851e-05
0.14 0.01 0 0.00018328998169840887
0.14 0.02 0 0.00015794828130288494
0.14 0.03 0 0.0002201541989561202
0.14 0.04 0 0.00011624233467538615
0.14 0.05 0 7.241466377496623e-05
0.14 0.06 0 0.00011146737488008219
0.14 0.07 0 9.267873864105916e-05
0.14 0.08 0 0.00012236416873181885
0.14 0.09 0 7.6033779323583e-05
0.14 0.1 0 6.000317813092597e-05
0.14 0.11 0 8.040204591908889e-05
0.14 0.12 0 7.152458446995102e-05
0.14 0.13 0 7.074061078246352e-05
0.14 0.14 0 1.9528091235747713e-05
0.14 0.15 0 7.90995579678362e-06
0.14 0.16 0 4.06917718204176e-06
0.14 0.17 0 1.9794604833303083e-06
0.14 0.18 0 4.039182708228221e-06
0.14 0.19 0 5.517722156882204e-06
0.14 0.2 0 4.336900198997728e-06
0.14 0.21 0 1.390974220240852e-06
0.14 0.22 0 8.268863451091661e-07
0.14 0.23 0 1.6649248918205607e-06
0.14 0.24 0 5.835557881591796e-07
0.14 0.25 0 1.6263781527872974e-07
0.14 0.26 0 1.0977419300824764e-07
0.14 0.27 0 1.704545299418233e-07
0.14 0.28 0 1.7593814797820423e-07
0.14 0.29 0 7.352831390290254e-08
0.14 0.3 0 2.2298900883366707e-07
0.14 0.31 0 9.367079531015523e-07
0.14 0.32 0 2.070547291688781e-06
0.14 0.33 0 3.4248622030422663e-06
0.14 0.34 0 2.1754501761120996e-06
0.14 0.35000000000000003 0 1.2555516423830533e-06
0.14 0.36 0 3.9809915996775067e-07
0.14 0.37 0 2.395946607439661e-07
0.14 0.38 0 1.804237204328193e-07
0.14 0.39 0 1.0290896312315352e-07
0.14 0.4 0 1.6411981357739465e-07
0.14 0.41000000000000003 0 1.1006520109060721e-07
0.14 0.42 0 6.930223480460918e-08
0.14 0.43 0 8.046371509985127e-08
0.14 0.44 0 7.659155992713663e-08
0.14 0.45 0 7.460682800155376e-08
0.14 0.46 0 7.774315383120211e-08
0.14 0.47000000000000003 0 3.179720668354524e-07
0.14 0.48 0 7.453525323873372e-07
0.14 0.49 0 1.0084966852723439e-06
0.14 0.5 0 4.942382478630645e-06
0.15 0.0 0 0.0003253789182411647
0.15 0.01 0 0.0008318341271330994
0.15 0.02 0 0.0004546059451896639
0.15 0.03 0 0.00015331996158737894
0.15 0.04 0 9.861228548798076e-05
0.15 0.05 0 0.0004835286461941021
0.15 0.06 0 0.0002644523456928094
0.15 0.07 0 0.0001329854627376311
0.15 0.08 0 7.203758332315787e-05
0.15 0.09 0 1.459989503951663e-05
0.15 0.1 0 1.3586608039373264e-05
0.15 0.11 0 1.9313866888925356e-05
0.15 0.12 0 4.6274595806858864e-05
0.15 0.13 0 2.140018885624445e-05
0.15 0.14 0 1.650819040899232e-05
0.15 0.15 0 5.652883227967746e-05
0.15 0.16 0 2.1207634988001225e-05
0.15 0.17 0 1.0545670073605558e-05
0.15 0.18 0 5.468879283178996e-06
0.15 0.19 0 3.7815419322682293e-06
0.15 0.2 0 3.141688379412095e-06
0.15 0.21 0 1.2616055616586213e-06
0.15 0.22 0 8.689498623072933e-07
0.15 0.23 0 2.8773961322052914e-07
0.15 0.24 0 3.800966226366461e-07
0.15 0.25 0 3.143574194452288e-07
0.15 0.26 0 4.5885241474009124e-08
0.15 0.27 0 5.685677895480425e-08
0.15 0.28 0 1.5858633084035168e-07
0.15 0.29 0 2.2476154457552495e-07
0.15 0.3 0 1.1058528038753509e-07
0.15 0.31 0 2.5119704990602177e-07
0.15 0.32 0 1.720518342536575e-06
0.15 0.33 0 9.202262545962031e-07
0.15 0.34 0 4.4845530345918645e-07
0.15 0.35000000000000003 0 3.281891284312289e-07
0.15 0.36 0 3.372585251340717e-07
0.15 0.37 0 5.143448735578573e-07
0.15 0.38 0 4.5929873004528666e-07
0.15 0.39 0 5.092358767340768e-07
0.15 0.4 0 3.698547097879422e-07
0.15 0.41000000000000003 0 3.968268213370442e-07
0.15 0.42 0 3.197335742020781e-07
0.15 0.43 0 1.3868418098957556e-07
0.15 0.44 0 1.6522705253953744e-07
0.15 0.45 0 1.6692091084644506e-07
0.15 0.46 0 1.997157543976308e-07
0.15 0.47000000000000003 0 3.851286674565028e-07
0.15 0.48 0 5.115776045785186e-07
0.15 0.49 0 5.854468336190106e-07
0.15 0.5 0 1.3958983052241388e-06
0.16 0.0 0 0.000774952687994586
0.16 0.01 0 0.00023218783875344787
0.16 0.02 0 0.000523323520555222
0.16 0.03 0 0.0006044279253345872
0.16 0.04 0 0.0007851258566132256
0.16 0.05 0 0.0008137415204976849
0.16 0.06 0 0.0005655423495679274
0.16 0.07 0 0.00023624636937422198
0.16 0.08 0 3.588222908274606e-05
0.16 0.09 0 3.658452077571645e-05
0.16 0.1 0 4.541944496554085e-05
0.16 0.11 0 0.00010992308791948834
0.16 0.12 0 0.0006707264237828361
0.16 0.13 0 0.0008426670572681268
0.16 0.14 0 0.0004982121958905246
0.16 0.15 0 0.00013550064547740342
0.16 0.16 0 8.90862532782864e-05
0.16 0.17 0 4.0143746471694765e-05
0.16 0.18 0 5.601385981505497e-06
0.16 0.19 0 3.863480930031264e-06
0.16 0.2 0 4.964873563339939e-06
0.16 0.21 0 7.890067861210994e-06
0.16 0.22 0 3.1156353151815236e-06
0.16 0.23 0 4.365733804423449e-07
0.16 0.24 0 1.995918549513423e-07
0.16 0.25 0 1.2766242833013404e-07
0.16 0.26 0 1.6958986808517167e-07
0.16 0.27 0 1.1738462788754399e-07
0.16 0.28 0 5.87060278599024e-08
0.16 0.29 0 8.982611192693118e-08
0.16 0.3 0 1.2981350718250726e-07
0.16 0.31 0 1.974379118074385e-07
0.16 0.32 0 1.4215346005245637e-07
0.16 0.33 0 1.117607018286938e-07
0.16 0.34 0 1.0595421928876306e-07
0.16 0.35000000000000003 0 3.3207281453326e-08
0.16 0.36 0 1.7209006646047372e-08
0.16 0.37 0 1.1099287712138344e-08
0.16 0.38 0 8.1424053203208e-09
0.16 0.39 0 9.749115820241593e-09
0.16 0.4 0 1.5673987765621664e-08
0.16 0.41000000000000003 0 4.752844215032219e-08
0.16 0.42 0 6.894441668949632e-08
0.16 0.43 0 8.50529782863171e-08
0.16 0.44 0 8.785432518824732e-08
0.16 0.45 0 3.843679735363437e-08
0.16 0.46 0 4.303046803977322e-08
0.16 0.47000000000000003 0 1.0477379337934791e-07
0.16 0.48 0 4.4303822139151576e-07
0.16 0.49 0 1.6381895507691943e-06
0.16 0.5 0 2.4745476973459222e-06
0.17 0.0 0 0.00019450533915010474
0.17 0.01 0 7.750589822574085e-05
0.17 0.02 0 4.199754694127491e-05
0.17 0.03 0 4.817125731134121e-05
0.17 0.04 0 0.00024272274118417007
0.17 0.05 0 0.00012220546473508
0.17 0.06 0 3.5201776647335186e-05
0.17 0.07 0 2.141958559136106e-05
0.17 0.08 0 5.2374528362438664e-05
0.17 0.09 0 0.00015399684769124163
0.17 0.1 0 0.00016116476153756043
0.17 0.11 0 0.0012229427776500252
0.17 0.12 0 0.0028142640665275204
0.17 0.13 0 0.0025548691428087748
0.17 0.14 0 0.004967408169430801
0.17 0.15 0 0.003547653226907141
0.17 0.16 0 0.0015096102995562821
0.17 0.17 0 0.0003044945516561996
0.17 0.18 0 0.00042910181072329317
0.17 0.19 0 0.000499821658073274
0.17 0.2 0 0.00012790904844020554
0.17 0.21 0 9.052290551812961e-05
0.17 0.22 0 2.0141071181611108e-05
0.17 0.23 0 6.773734568448423e-06
0.17 0.24 0 3.0303737727450984e-06
0.17 0.25 0 1.1792575541883772e-06
0.17 0.26 0 4.76388484910502e-07
0.17 0.27 0 7.408756261118195e-08
0.17 0.28 0 5.313937767556038e-08
0.17 0.29 0 3.8226062686644116e-08
0.17 0.3 0 8.849419891144069e-08
0.17 0.31 0 5.011164439911687e-07
0.17 0.32 0 2.356078457160545e-07
0.17 0.33 0 1.210765109726272e-07
0.17 0.34 0 1.0813785513987957e-07
0.17 0.35000000000000003 0 1.6686942528551338e-07
0.17 0.36 0 7.416057134730133e-08
0.17 0.37 0 1.670621382576341e-08
0.17 0.38 0 3.0569877129701165e-08
0.17 0.39 0 3.7820223391096564e-08
0.17 0.4 0 7.892306382254034e-08
0.17 0.41000000000000003 0 1.1920358152915416e-07
0.17 0.42 0 6.730224980422137e-08
0.17 0.43 0 9.150505983120945e-08
0.17 0.44 0 9.833772813259526e-08
0.17 0.45 0 1.183085630542133e-07
0.17 0.46 0 8.018359524676207e-08
0.17 0.47000000000000003 0 1.7089165944281726e-07
0.17 0.48 0 7.662002743842947e-07
0.17 0.49 0 4.6766721812913184e-07
0.17 0.5 0 5.065442069056829e-07
0.18 0.0 0 2.2544354109568548e-05
0.18 0.01 0 2.9553549744479953e-05
0.18 0.02 0 1.3936828886526995e-05
0.18 0.03 0 2.4069495707714083e-05
0.18 0.04 0 1.7739127794082995e-05
0.18 0.05 0 1.995343273428091e-05
0.18 0.06 0 2.087168520965752e-05
0.18 0.07 0 6.1531152128373905e-06
0.18 0.08 0 1.3298081942981203e-05
0.18 0.09 0 1.698106273705948e-05
0.18 0.1 0 2.1649329412696687e-05
0.18 0.11 0 2.912551581567903e-05
0.18 0.12 0 6.801957580789395e-05
0.18 0.13 0 0.0003947934242789249
0.18 0.14 0 0.00020518766225396666
0.18 0.15 0 0.00013276862612465477
0.18 0.16 0 4.7191721768383534e-05
0.18 0.17 0 1.4736997088947446e-05
0.18 0.18 0 2.1787780414248433e-05
0.18 0.19 0 2.2054783714982026e-05
0.18 0.2 0 3.18029464167961e-05
0.18 0.21 0 9.076686930928863e-06
0.18 0.22 0 4.595407209366385e-06
0.18 0.23 0 8.215544705262554e-06
0.18 0.24 0 4.4555916026336145e-06
0.18 0.25 0 2.0474493172397143e-06
0.18 0.26 0 4.2411565699821004e-07
0.18 0.27 0 6.963687511079881e-07
0.18 0.28 0 2.3217749653439124e-06
0.18 0.29 0 1.0466759840021813e-06
0.18 0.3 0 3.8228549368469683e-07
0.18 0.31 0 1.6055636893977526e-07
0.18 0.32 0 3.7014388579785015e-07
0.18 0.33 0 4.0497099933487106e-07
0.18 0.34 0 2.3174169679018305e-07
0.18 0.35000000000000003 0 5.282588193100417e-07
0.18 0.36 0 6.190316958817283e-07
0.18 0.37 0 4.6030328646194956e-07
0.18 0.38 0 1.6754430993627003e-07
0.18 0.39 0 2.5984394387888455e-07
0.18 0.4 0 1.5562062884409708e-06
0.18 0.41000000000000003 0 2.1892966544254162e-06
0.18 0.42 0 2.1775313507333975e-06
0.18 0.43 0 1.2773141259514828e-06
0.18 0.44 0 1.1208687831444889e-06
0.18 0.45 0 1.4428166232948408e-06
0.18 0.46 0 1.7214062233748673e-06
0.18 0.47000000000000003 0 3.211171233019748e-06
0.18 0.48 0 2.356733045952342e-06
0.18 0.49 0 2.582824534967728e-06
0.18 0.5 0 3.6236694078306994e-06
0.19 0.0 0 1.663984174512318e-05
0.19 0.01 0 2.4471989025398522e-05
0.19 0.02 0 4.063918524229918e-05
0.19 0.03 0 2.4600591810126002e-05
0.19 0.04 0 1.005104496192453e-05
0.19 0.05 0 1.626922927028041e-05
0.19 0.06 0 9.658457158424356e-06
0.19 0.07 0 9.177048344546865e-06
0.19 0.08 0 7.935209352763614e-06
0.19 0.09 0 2.9008950902468553e-06
0.19 0.1 0 3.5543538400508547e-06
0.19 0.11 0 7.510737581874918e-06
0.19 0.12 0 2.9724637540323413e-05
0.19 0.13 0 2.5368720831061854e-05
0.19 0.14 0 1.2065828268398595e-05
0.19 0.15 0 1.3468117468031e-05
0.19 0.16 0 1.0672327740807059e-05
0.19 0.17 0 4.2467937744908016e-05
0.19 0.18 0 0.0001009370919073092
0.19 0.19 0 8.510548293742482e-05
0.19 0.2 0 7.072458680766042e-05
0.19 0.21 0 2.7304923744590258e-05
0.19 0.22 0 1.0676970004355063e-05
0.19 0.23 0 2.0454047066788857e-06
0.19 0.24 0 1.8877955829734564e-06
0.19 0.25 0 3.0263370697340708e-06
0.19 0.26 0 1.934169657569626e-06
0.19 0.27 0 6.69491375625774e-06
0.19 0.28 0 1.6473904789836928e-05
0.19 0.29 0 1.7368765066586344e-05
0.19 0.3 0 7.196164740960031e-06
0.19 0.31 0 3.037796338749578e-06
0.19 0.32 0 4.741733351712486e-06
0.19 0.33 0 5.176674777683137e-06
0.19 0.34 0 8.420617917695756e-06
0.19 0.35000000000000003 0 2.5807286510737833e-06
0.19 0.36 0 6.066337565809632e-07
0.19 0.37 0 2.0304092138098892e-06
0.19 0.38 0 5.87834643475212e-06
0.19 0.39 0 1.302683866457282e-05
0.19 0.4 0 2.371298452448211e-05
0.19 0.41000000000000003 0 6.162649121426394e-05
0.19 0.42 0 5.720128394503919e-05
0.19 0.43 0 1.4959187595379928e-05
0.19 0.44 0 2.6836621012518897e-05
0.19 0.45 0 2.1832820639485203e-05
0.19 0.46 0 1.0620101531345626e-05
0.19 0.47000000000000003 0 1.4697060111991063e-05
0.19 0.48 0 1.3503876352813098e-05
0.19 0.49 0 6.2748135691948566e-06
0.19 0.5 0 1.1941295595519844e-06
0.2 0.0 0 8.204994191230129e-05
0.2 0.01 0 4.3227090503082504e-05
0.2 0.02 0 0.00020390954691489554
0.2 0.03 0 0.00047664323027331014
0.2 0.04 0 0.0007958659991569735
0.2 0.05 0 0.0009378922094438335
0.2 0.06 0 0.0005885765316509808
0.2 0.07 0 0.0005687204120570372
0.2 0.08 0 0.00013149640374142892
0.2 0.09 0 8.458279137109937e-05
0.2 0.1 0 7.53854863582734e-05
0.2 0.11 0 0.0001354571712948487
0.2 0.12 0 0.00024338231627030367
0.2 0.13 0 1.798376516019463e-05
0.2 0.14 0 3.7437590977611733e-06
0.2 0.15 0 2.6385779920474176e-06
0.2 0.16 0 4.848879728073649e-06
0.2 0.17 0 7.695354185361065e-06
0.2 0.18 0 4.459155732419455e-06
0.2 0.19 0 9.877540080346007e-06
0.2 0.2 0 6.7634256083977345e-06
0.2 0.21 0 1.1028834515199233e-05
0.2 0.22 0 1.9022664102933346e-05
0.2 0.23 0 7.987290437620634e-06
0.2 0.24 0 1.288241391912757e-05
0.2 0.25 0 2.2188542405001185e-05
0.2 0.26 0 9.337358611479637e-05
0.2 0.27 0 7.85567333206983e-05
0.2 0.28 0 2.5819101535495684e-05
0.2 0.29 0 2.162113672279422e-05
0.2 0.3 0 6.301006145597778e-06
0.2 0.31 0 7.24341250967692e-06
0.2 0.32 0 5.028717124517208e-06
0.2 0.33 0 3.432331879287752e-06
0.2 0.34 0 4.288113787541172e-06
0.2 0.35000000000000003 0 2.5454064385379456e-06
0.2 0.36 0 4.296439641228544e-06
0.2 0.37 0 3.98953085244514e-06
0.2 0.38 0 1.833454885756081e-05
0.2 0.39 0 0.0001043992179267113
0.2 0.4 0 6.017630658271204e-05
0.2 0.41000000000000003 0 4.124242897632911e-05
0.2 0.42 0 3.1358551653585185e-05
0.2 0.43 0 0.00010199998120019446
0.2 0.44 0 8.269486105566551e-05
0.2 0.45 0 2.2540887373124506e-05
0.2 0.46 0 3.574439654795746e-05
0.2 0.47000000000000003 0 4.337764058889553e-05
0.2 0.48 0 5.844267898188833e-05
0.2 0.49 0 1.8633245149923767e-05
0.2 0.5 0 5.0694434527129305e-06
0.21 0.0 0 0.0013148580647253938
0.21 0.01 0 0.0032189159432053265
0.21 0.02 0 0.0017374068580229892
0.21 0.03 0 0.0016407775479648772
0.21 0.04 0 0.008428563143025466
0.21 0.05 0 0.0065608576091984675
0.21 0.06 0 0.002468170889653682
0.21 0.07 0 0.0007576786031738036
0.21 0.08 0 0.0014127891404261289
0.21 0.09 0 0.0030008572651093516
0.21 0.1 0 0.0008620051651231798
0.21 0.11 0 0.00040208973277859595
0.21 0.12 0 8.826094470062857e-05
0.21 0.13 0 5.231071903420685e-05
0.21 0.14 0 5.912872693779598e-05
0.21 0.15 0 5.207338073327764e-05
0.21 0.16 0 0.00010586535527168389
0.21 0.17 0 6.928498886729191e-05
0.21 0.18 0 5.803458948322032e-05
0.21 0.19 0 3.065185770096959e-05
0.21 0.2 0 2.471105550549253e-05
0.21 0.21 0 3.981561831104723e-05
0.21 0.22 0 1.127530041805807e-05
0.21 0.23 0 1.2112574418289798e-05
0.21 0.24 0 2.0106293772310613e-05
0.21 0.25 0 2.5191715574188913e-05
0.21 0.26 0 5.2909268304477497e-05
0.21 0.27 0 0.00013710510277636204
0.21 0.28 0 0.0003190800829055126
0.21 0.29 0 4.1521941061552385e-05
0.21 0.3 0 1.425960400945233e-05
0.21 0.31 0 2.9586038660730742e-05
0.21 0.32 0 1.032915139086424e-05
0.21 0.33 0 2.0792714738631476e-06
0.21 0.34 0 5.949710829312795e-07
0.21 0.35000000000000003 0 1.320086547473392e-06
0.21 0.36 0 3.567813430073856e-06
0.21 0.37 0 4.2828637180732565e-06
0.21 0.38 0 4.849741108540446e-06
0.21 0.39 0 2.507961038326824e-06
0.21 0.4 0 9.601134229671696e-06
0.21 0.41000000000000003 0 2.5959382145226738e-05
0.21 0.42 0 7.448100322262191e-06
0.21 0.43 0 2.6676164627787997e-06
0.21 0.44 0 1.9617582270353833e-06
0.21 0.45 0 3.3489252852944765e-06
0.21 0.46 0 3.068228559657843e-06
0.21 0.47000000000000003 0 7.159672751036957e-06
0.21 0.48 0 1.724609183253572e-05
0.21 0.49 0 4.267206119097029e-06
0.21 0.5 0 2.541569809560444e-06
0.22 0.0 0 0.000547936365580979
0.22 0.01 0 0.0008541640486542123
0.22 0.02 0 0.0006847939737825404
0.22 0.03 0 0.00045599485324445294
0.22 0.04 0 0.00038180520317106014
0.22 0.05 0 0.001293424799006421
0.22 0.06 0 0.0031131058925624824
0.22 0.07 0 0.0015523864825140587
0.22 0.08 0 0.0032383177065072417
0.22 0.09 0 0.0035073451765904513
0.22 0.1 0 0.001263646425457497
0.22 0.11 0 0.0005863523472006844
0.22 0.12 0 0.0005340082703190665
0.22 0.13 0 0.0013527957177100441
0.22 0.14 0 0.0013375172378922743
0.22 0.15 0 0.0017772693169668342
0.22 0.16 0 0.0008461189361630466
0.22 0.17 0 0.00026293080431733266
0.22 0.18 0 0.0008773570353362907
0.22 0.19 0 0.0018703834462748233
0.22 0.2 0 0.0021565022615643663
0.22 0.21 0 0.0006956594102496251
0.22 0.22 0 0.0001486807667874897
0.22 0.23 0 5.609485770970545e-05
0.22 0.24 0 2.4028520159538978e-05
0.22 0.25 0 8.881922358363844e-05
0.22 0.26 0 0.00010405310063750025
0.22 0.27 0 7.121007432306125e-05
0.22 0.28 0 0.00012714629070932499
0.22 0.29 0 7.631528374872655e-05
0.22 0.3 0 3.5014935073666494e-05
0.22 0.31 0 8.03282148077368e-06
0.22 0.32 0 1.2060630987277773e-05
0.22 0.33 0 2.1920338544038733e-05
0.22 0.34 0 9.381041242644718e-06
0.22 0.35000000000000003 0 1.2820778981069468e-05
0.22 0.36 0 1.0468433079959471e-05
0.22 0.37 0 1.484210281014605e-05
0.22 0.38 0 1.2874602782349772e-05
0.22 0.39 0 1.582678863589333e-05
0.22 0.4 0 9.877456104136109e-05
0.22 0.41000000000000003 0 0.00011135798238088035
0.22 0.42 0 6.918541758193321e-05
0.22 0.43 0 1.4360349236241725e-05
0.22 0.44 0 9.650068219075934e-06
0.22 0.45 0 3.2855715326988774e-05
0.22 0.46 0 2.888352733511493e-05
0.22 0.47000000000000003 0 3.125997636916183e-05
0.22 0.48 0 1.1860531952418868e-05
0.22 0.49 0 9.750875405510217e-06
0.22 0.5 0 1.3807348741284698e-05
0.23 0.0 0 0.000733410946613335
0.23 0.01 0 0.00035913035503415804
0.23 0.02 0 0.0004907090900709616
0.23 0.03 0 0.0011102770483793194
0.23 0.04 0 0.000577932532781811
0.23 0.05 0 0.0005429646143517385
0.23 0.06 0 0.0005047641325676699
0.23 0.07 0 0.001144053634571712
0.23 0.08 0 0.0007584789349025794
0.23 0.09 0 0.00019572343163700378
0.23 0.1 0 0.00051240812485762
0.23 0.11 0 0.0011323414428682675
0.23 0.12 0 0.0019350631746349685
0.23 0.13 0 0.0008310013566597878
0.23 0.14 0 0.0004257065419259038
0.23 0.15 0 0.0007410080771663359
0.23 0.16 0 0.0007643509581412696
0.23 0.17 0 0.0047851339143065
0.23 0.18 0 0.014317223025865336
0.23 0.19 0 0.025212932666864665
0.23 0.2 0 0.03145605558767615
0.23 0.21 0 0.004718632938462366
0.23 0.22 0 0.0009046451156273348
0.23 0.23 0 0.0002658922052678397
0.23 0.24 0 0.0011071539956789417
0.23 0.25 0 0.0033379195407368676
0.23 0.26 0 0.0014304019981608445
0.23 0.27 0 0.0019348491016071554
0.23 0.28 0 0.001144242804025606
0.23 0.29 0 0.001346988974635133
0.23 0.3 0 0.0014063988880892557
0.23 0.31 0 0.0008621854511606412
0.23 0.32 0 0.0004875366734205808
0.23 0.33 0 0.0001413284046379773
0.23 0.34 0 0.00025751006601177625
0.23 0.35000000000000003 0 6.91751859632536e-05
0.23 0.36 0 9.463993805420482e-06
0.23 0.37 0 1.6382906418199595e-05
0.23 0.38 0 6.798951058870378e-05
0.23 0.39 0 0.0004341510631746017
0.23 0.4 0 0.0002747646114621961
0.23 0.41000000000000003 0 0.00010721435119960929
0.23 0.42 0 3.068581751843799e-05
0.23 0.43 0 8.07524776091789e-06
0.23 0.44 0 1.2179398251012073e-05
0.23 0.45 0 6.241235494299198e-06
0.23 0.46 0 9.438258364204337e-06
0.23 0.47000000000000003 0 2.096837544131243e-05
0.23 0.48 0 1.5852343918330497e-05
0.23 0.49 0 1.4918655560267162e-05
0.23 0.5 0 1.2775490113376701e-05
0.24 0.0 0 0.00196988755151427
0.24 0.01 0 0.0007312467628647656
0.24 0.02 0 0.0005146854243312232
0.24 0.03 0 0.00023603312586009846
0.24 0.04 0 0.00042815986926948626
0.24 0.05 0 0.0005684788778251439
0.24 0.06 0 0.0002101292464899845
0.24 0.07 0 0.00015415896024868094
0.24 0.08 0 0.0003233284879728186
0.24 0.09 0 0.0005360689344686666
0.24 0.1 0 9.001232448033665e-05
0.24 0.11 0 6.343056918752595e-05
0.24 0.12 0 0.00027432954370468487
0.24 0.13 0 0.00017805361507788891
0.24 0.14 0 9.897652345933527e-05
0.24 0.15 0 0.0001574232265931696
0.24 0.16 0 0.0009816137912340235
0.24 0.17 0 0.004370259407748799
0.24 0.18 0 0.008186830833685535
0.24 0.19 0 0.014372274274376484
0.24 0.2 0 0.005248160314973451
0.24 0.21 0 0.0044031449622952395
0.24 0.22 0 0.006175555045723781
0.24 0.23 0 0.003934237623874182
0.24 0.24 0 0.002860818085907061
0.24 0.25 0 0.0009666491945859125
0.24 0.26 0 0.0007044295697904756
0.24 0.27 0 0.0007694255930087592
0.24 0.28 0 0.0011479877734617003
0.24 0.29 0 0.0012277718935739112
0.24 0.3 0 0.00031034005604569937
0.24 0.31 0 0.00033406727178068526
0.24 0.32 0 0.00022726792089095048
0.24 0.33 0 4.699412840803241e-05
0.24 0.34 0 1.2971660904090344e-05
0.24 0.35000000000000003 0 5.566477030466592e-06
0.24 0.36 0 1.0070625808132376e-05
0.24 0.37 0 1.1636182978126822e-05
0.24 0.38 0 2.8591495757794186e-05
0.24 0.39 0 7.700629926858893e-05
0.24 0.4 0 3.872245779129227e-05
0.24 0.41000000000000003 0 1.9660442160382152e-05
0.24 0.42 0 6.198814525492489e-06
0.24 0.43 0 1.0346957720176489e-05
0.24 0.44 0 2.7807795214328756e-05
0.24 0.45 0 1.700085728042858e-05
0.24 0.46 0 1.1104644658726155e-05
0.24 0.47000000000000003 0 9.560222746556263e-06
0.24 0.48 0 4.463550731722541e-05
0.24 0.49 0 5.338768495224946e-05
0.24 0.5 0 1.5820128795913284e-05
0.25 0.0 0 0.0005407400427509667
0.25 0.01 0 0.0007015724387164859
0.25 0.02 0 0.0003872408364137906
0.25 0.03 0 0.0002639038758410933
0.25 0.04 0 0.0006345558852087395
0.25 0.05 0 0.0009714888859349359
0.25 0.06 0 0.0013499771003489688
0.25 0.07 0 0.001128787714368925
0.25 0.08 0 0.0012321048946488185
0.25 0.09 0 0.002423587529729469
0.25 0.1 0 0.0016522361761861092
0.25 0.11 0 0.0010518313518714435
0.25 0.12 0 0.0004709023802290965
0.25 0.13 0 0.0006132296676593748
0.25 0.14 0 0.0011169178617340984
0.25 0.15 0 0.0005091177110909654
0.25 0.16 0 0.0006353731866104966
0.25 0.17 0 0.000984718771263478
0.25 0.18 0 0.001603930940039841
0.25 0.19 0 0.0010520183582633587
0.25 0.2 0 0.0006227781900203523
0.25 0.21 0 0.0012493466739897292
0.25 0.22 0 0.00038700626903718225
0.25 0.23 0 0.00013388653984534657
0.25 0.24 0 6.40998835082284e-05
0.25 0.25 0 3.881554527469252e-05
0.25 0.26 0 6.555961938036961e-05
0.25 0.27 0 7.409319178603448e-05
0.25 0.28 0 0.00018402004402751158
0.25 0.29 0 0.00010643389625003055
0.25 0.3 0 7.167499069905962e-05
0.25 0.31 0 0.00013674015112599968
0.25 0.32 0 7.156618786927173e-05
0.25 0.33 0 3.970821627657303e-05
0.25 0.34 0 4.0591689858712315e-06
0.25 0.35000000000000003 0 9.238429398168563e-07
0.25 0.36 0 1.028366651019012e-06
0.25 0.37 0 1.0969136253828888e-06
0.25 0.38 0 1.5388003319702447e-06
0.25 0.39 0 9.001526198934087e-07
0.25 0.4 0 6.53890055844633e-06
0.25 0.41000000000000003 0 3.0040628295975936e-05
0.25 0.42 0 1.5152205440233722e-05
0.25 0.43 0 1.7314759864042074e-05
0.25 0.44 0 1.21148197337107e-05
0.25 0.45 0 1.1575360300275233e-05
0.25 0.46 0 3.441728982553219e-06
0.25 0.47000000000000003 0 2.4844081746463676e-06
0.25 0.48 0 4.98525687736753e-06
0.25 0.49 0 2.443411110432201e-06
0.25 0.5 0 3.0467587886301775e-06
0.26 0.0 0 7.985202845061508e-05
0.26 0.01 0 8.210230391759822e-05
0.26 0.02 0 0.00010829660731208584
0.26 0.03 0 0.00010046623593752155
0.26 0.04 0 7.169679322740123e-05
0.26 0.05 0 0.00047818198308905075
0.26 0.06 0 0.003245217023001556
0.26 0.07 0 0.003074319661994239
0.26 0.08 0 0.0022570295091356813
0.26 0.09 0 0.0005802305347463901
0.26 0.1 0 0.00039142014777130714
0.26 0.11 0 0.0006559572433561642
0.26 0.12 0 0.0006774423343670761
0.26 0.13 0 0.0003780879403241401
0.26 0.14 0 0.00016571737227744884
0.26 0.15 0 0.0004119945575277554
0.26 0.16 0 0.0002665902733958846
0.26 0.17 0 7.833734402662982e-05
0.26 0.18 0 9.172629734128245e-05
0.26 0.19 0 7.337165154186174e-05
0.26 0.2 0 6.549769033072912e-05
0.26 0.21 0 2.502339743642828e-05
0.26 0.22 0 1.4674110807683344e-05
0.26 0.23 0 1.7508918306930944e-05
0.26 0.24 0 3.1836517765278065e-05
0.26 0.25 0 0.0001598962883443283
0.26 0.26 0 0.00010238669062339096
0.26 0.27 0 6.123268686262796e-05
0.26 0.28 0 4.8973033327450046e-05
0.26 0.29 0 1.5633635946738572e-05
0.26 0.3 0 8.05988475584208e-06
0.26 0.31 0 2.8554499410856304e-06
0.26 0.32 0 1.7589578647910003e-06
0.26 0.33 0 5.24337648491963e-07
0.26 0.34 0 2.1510736875286714e-07
0.26 0.35000000000000003 0 2.718045132647678e-07
0.26 0.36 0 1.3301790100807012e-07
0.26 0.37 0 3.118552461715554e-07
0.26 0.38 0 6.480256664476036e-07
0.26 0.39 0 3.984718522113404e-07
0.26 0.4 0 2.79612109966991e-07
0.26 0.41000000000000003 0 4.485360824129734e-07
0.26 0.42 0 2.7546002108355916e-06
0.26 0.43 0 2.318739011469693e-06
0.26 0.44 0 2.2957594276695906e-06
0.26 0.45 0 8.388451683552863e-06
0.26 0.46 0 1.8711001134938722e-05
0.26 0.47000000000000003 0 4.660127515399446e-05
0.26 0.48 0 2.3085204126697828e-05
0.26 0.49 0 1.1213464080542046e-05
0.26 0.5 0 7.971442153185103e-06
0.27 0.0 0 4.069066498745579e-05
0.27 0.01 0 2.7764295735803505e-05
0.27 0.02 0 2.3407304437719766e-05
0.27 0.03 0 5.4332739516809213e-05
0.27 0.04 0 0.0002539353175158491
0.27 0.05 0 0.0005836321152194795
0.27 0.06 0 0.000511096684612931
0.27 0.07 0 0.0009643663483581575
0.27 0.08 0 0.0019934822713187127
0.27 0.09 0 0.002519756011348324
0.27 0.1 0 0.002512362995975029
0.27 0.11 0 0.0028181058673217635
0.27 0.12 0 0.004245100700176225
0.27 0.13 0 0.0017987410998807842
0.27 0.14 0 0.0005544757007362217
0.27 0.15 0 0.0005181309214878844
0.27 0.16 0 0.0007126042287675619
0.27 0.17 0 0.0008560092901048355
0.27 0.18 0 0.00040156695235598277
0.27 0.19 0 0.0003043203220501104
0.27 0.2 0 0.00038817566633687407
0.27 0.21 0 0.00018509960607985163
0.27 0.22 0 9.418812155255318e-05
0.27 0.23 0 6.742971523571791e-05
0.27 0.24 0 0.0001117427500147674
0.27 0.25 0 0.00010941653650582579
0.27 0.26 0 4.1709651108535594e-05
0.27 0.27 0 4.101710824880451e-05
0.27 0.28 0 3.2160656137955766e-05
0.27 0.29 0 3.175844568351427e-05
0.27 0.3 0 2.1239558990340606e-05
0.27 0.31 0 6.203909460349375e-06
0.27 0.32 0 2.712450316177142e-06
0.27 0.33 0 1.0218852000201304e-06
0.27 0.34 0 1.1902608335130336e-06
0.27 0.35000000000000003 0 1.1207039159046054e-06
0.27 0.36 0 9.139018663577926e-07
0.27 0.37 0 9.955772628752251e-07
0.27 0.38 0 3.426514145368235e-07
0.27 0.39 0 6.188923232100025e-07
0.27 0.4 0 2.0763335816757727e-06
0.27 0.41000000000000003 0 4.509041684550216e-06
0.27 0.42 0 9.252313614291531e-06
0.27 0.43 0 2.3115993832466394e-05
0.27 0.44 0 0.00011635274749417562
0.27 0.45 0 4.864395377003636e-05
0.27 0.46 0 3.409509122765738e-05
0.27 0.47000000000000003 0 7.894265446193232e-05
0.27 0.48 0 2.775266185689701e-05
0.27 0.49 0 7.433469982903335e-06
0.27 0.5 0 2.9308811963880022e-06
0.28 0.0 0 2.5741166951966126e-06
0.28 0.01 0 4.293702817645727e-06
0.28 0.02 0 9.873530028128572e-06
0.28 0.03 0 1.844178315038882e-05
0.28 0.04 0 0.00013388792530425963
0.28 0.05 0 0.0008953313373848256
0.28 0.06 0 0.0010289878784387307
0.28 0.07 0 0.0009873346791574261
0.28 0.08 0 0.0023765479659544507
0.28 0.09 0 0.0062218925521185875
0.28 0.1 0 0.002150757730991285
0.28 0.11 0 0.0006578100346115568
0.28 0.12 0 0.0005093575528801142
0.28 0.13 0 0.00022976163986427326
0.28 0.14 0 0.00014163160674937676
0.28 0.15 0 5.6951079977248224e-05
0.28 0.16 0 4.6555004079551405e-05
0.28 0.17 0 0.00011509825944658904
0.28 0.18 0 0.00015898026169786043
0.28 0.19 0 0.00011360705434926558
0.28 0.2 0 5.7877751546990814e-05
0.28 0.21 0 0.00017468050202054452
0.28 0.22 0 0.00018199871105035548
0.28 0.23 0 2.669849080038441e-05
0.28 0.24 0 1.9356300122110854e-05
0.28 0.25 0 1.887862515489194e-05
0.28 0.26 0 1.892551335489354e-05
0.28 0.27 0 1.466903632191127e-05
0.28 0.28 0 1.894102302318725e-05
0.28 0.29 0 1.709039173898755e-05
0.28 0.3 0 3.190139479832216e-06
0.28 0.31 0 3.2881661555541144e-06
0.28 0.32 0 2.176519090854391e-06
0.28 0.33 0 1.078703387904555e-06
0.28 0.34 0 2.0028144747550336e-06
0.28 0.35000000000000003 0 3.6834036769221757e-06
0.28 0.36 0 6.357785628951554e-06
0.28 0.37 0 2.120450995977605e-06
0.28 0.38 0 1.8241989705980238e-06
0.28 0.39 0 3.0054272405323494e-06
0.28 0.4 0 4.106650810343453e-06
0.28 0.41000000000000003 0 1.151452602307558e-05
0.28 0.42 0 3.7996448146387473e-06
0.28 0.43 0 3.0650515042221475e-06
0.28 0.44 0 1.1128919548173043e-05
0.28 0.45 0 2.7192684121166804e-05
0.28 0.46 0 1.578471576201426e-05
0.28 0.47000000000000003 0 2.399895520125896e-06
0.28 0.48 0 5.338614585844523e-06
0.28 0.49 0 6.165980341865671e-06
0.28 0.5 0 1.4887591742731526e-06
0.29 0.0 0 7.932609436225555e-06
0.29 0.01 0 1.6012117075333483e-05
0.29 0.02 0 3.0132563698962178e-05
0.29 0.03 0 6.956563263146924e-05
0.29 0.04 0 8.099857504518652e-05
0.29 0.05 0 0.00010853990306671983
0.29 0.06 0 0.00019300953869163208
0.29 0.07 0 8.827833883311651e-05
0.29 0.08 0 6.820482373201363e-05
0.29 0.09 0 7.245092603146902e-05
0.29 0.1 0 6.425002830093495e-05
0.29 0.11 0 4.0711166433451294e-05
0.29 0.12 0 1.532151714846047e-05
0.29 0.13 0 1.4177857949377732e-05
0.29 0.14 0 1.1207096238466684e-05
0.29 0.15 0 8.932566849562295e-06
0.29 0.16 0 5.795618085394624e-06
0.29 0.17 0 2.568026010707406e-06
0.29 0.18 0 5.48383995018208e-06
0.29 0.19 0 1.4924822145482938e-05
0.29 0.2 0 2.002176362839037e-05
0.29 0.21 0 1.0205768598647426e-05
0.29 0.22 0 4.52454480466012e-06
0.29 0.23 0 5.882822557761127e-06
0.29 0.24 0 3.6574448035582425e-06
0.29 0.25 0 2.4798814843736524e-06
0.29 0.26 0 3.0196096569356717e-06
0.29 0.27 0 2.769404391621285e-06
0.29 0.28 0 1.7347589170426168e-06
0.29 0.29 0 4.224192276357498e-07
0.29 0.3 0 2.009812427009826e-07
0.29 0.31 0 1.376043850957594e-07
0.29 0.32 0 1.6158371535214765e-07
0.29 0.33 0 7.751889488040149e-07
0.29 0.34 0 1.3944493811907156e-06
0.29 0.35000000000000003 0 1.2399259716374688e-06
0.29 0.36 0 1.2453665638163324e-06
0.29 0.37 0 2.104689139617074e-06
0.29 0.38 0 3.013109774943861e-06
0.29 0.39 0 1.533650612932755e-06
0.29 0.4 0 2.895876722602406e-06
0.29 0.41000000000000003 0 5.127572235886771e-06
0.29 0.42 0 3.7885057180516055e-06
0.29 0.43 0 3.335016523299641e-06
0.29 0.44 0 1.945841179743313e-06
0.29 0.45 0 2.2160830637263997e-06
0.29 0.46 0 2.422540789076799e-06
0.29 0.47000000000000003 0 2.7090862967922344e-06
0.29 0.48 0 1.6536944112514994e-06
0.29 0.49 0 4.3600847070961435e-07
0.29 0.5 0 4.2585492851671075e-07
0.3 0.0 0 7.79117444843049e-05
0.3 0.01 0 5.9211377093784265e-05
0.3 0.02 0 3.872997681822156e-05
0.3 0.03 0 1.7290059701960734e-05
0.3 0.04 0 1.1508537163735302e-05
0.3 0.05 0 1.2515214538224472e-05
0.3 0.06 0 7.861818825259856e-06
0.3 0.07 0 1.4960751668699127e-05
0.3 0.08 0 3.4022736877025036e-05
0.3 0.09 0 1.299848359909733e-05
0.3 0.1 0 3.1888715837783665e-06
0.3 0.11 0 1.922438681404878e-06
0.3 0.12 0 1.2402398010583947e-06
0.3 0.13 0 3.2469378399857846e-07
0.3 0.14 0 1.8114968034522237e-07
0.3 0.15 0 3.3045005988122306e-07
0.3 0.16 0 3.1016135860936876e-07
0.3 0.17 0 3.3449016934981063e-07
0.3 0.18 0 8.315031498631528e-07
0.3 0.19 0 1.4545548002454282e-06
0.3 0.2 0 2.177373405166357e-06
0.3 0.21 0 2.2288626071679352e-06
0.3 0.22 0 1.2753822037481927e-06
0.3 0.23 0 1.0725755865568508e-06
0.3 0.24 0 2.5531074376285107e-06
0.3 0.25 0 4.736119428856048e-06
0.3 0.26 0 1.2956541201485274e-06
0.3 0.27 0 1.181712350435995e-06
0.3 0.28 0 5.652625428119682e-06
0.3 0.29 0 4.845264782359477e-06
0.3 0.3 0 1.8537432721544224e-06
0.3 0.31 0 1.5187566731900384e-06
0.3 0.32 0 3.908081812815464e-06
0.3 0.33 0 6.216437443596127e-06
0.3 0.34 0 7.63124871224632e-06
0.3 0.35000000000000003 0 1.7311671818450294e-05
0.3 0.36 0 1.1774588349801391e-05
0.3 0.37 0 1.581654645169607e-05
0.3 0.38 0 2.5301768275213894e-05
0.3 0.39 0 1.6121672696602032e-05
0.3 0.4 0 1.06535044174814e-05
0.3 0.41000000000000003 0 5.247127805424795e-06
0.3 0.42 0 6.745571431198881e-06
0.3 0.43 0 5.277984161998418e-06
0.3 0.44 0 4.707597853084627e-06
0.3 0.45 0 5.444116807894984e-06
0.3 0.46 0 3.831366133629781e-06
0.3 0.47000000000000003 0 1.4850391231287086e-05
0.3 0.48 0 1.575109655292e-05
0.3 0.49 0 6.068085149899768e-06
0.3 0.5 0 5.465153321670054e-06
#STOP
